1.558432936668395996e+00 1.289804816246032715e+00 1.062163829803466797e+00 1.005403995513916016e+00 0.000000000000000000e+00
1.987558484077453613e+00 1.182806253433227539e+00 1.153663277626037598e+00 1.043494701385498047e+00 0.000000000000000000e+00
1.294014215469360352e+00 1.142811775207519531e+00 1.080267190933227539e+00 1.013943672180175781e+00 0.000000000000000000e+00
1.266166210174560547e+00 1.183967590332031250e+00 1.029942631721496582e+00 1.002131223678588867e+00 0.000000000000000000e+00
1.879415392875671387e+00 1.720821619033813477e+00 1.350859284400939941e+00 1.051684260368347168e+00 0.000000000000000000e+00
1.426169991493225098e+00 1.321566939353942871e+00 1.051715254783630371e+00 1.005379796028137207e+00 0.000000000000000000e+00
1.742551803588867188e+00 1.462347984313964844e+00 1.074572563171386719e+00 1.005955815315246582e+00 0.000000000000000000e+00
1.313914299011230469e+00 1.511520504951477051e+00 1.342045426368713379e+00 1.214774370193481445e+00 0.000000000000000000e+00
1.517311573028564453e+00 1.396548032760620117e+00 1.351989150047302246e+00 1.159863233566284180e+00 0.000000000000000000e+00
1.839828252792358398e+00 1.508741617202758789e+00 1.286065936088562012e+00 1.254675149917602539e+00 0.000000000000000000e+00
1.371141672134399414e+00 1.629399895668029785e+00 1.362785816192626953e+00 1.120157599449157715e+00 0.000000000000000000e+00
1.408736944198608398e+00 1.400158882141113281e+00 1.199703454971313477e+00 1.166661500930786133e+00 0.000000000000000000e+00
1.573587417602539062e+00 1.280355215072631836e+00 1.289235353469848633e+00 1.172084689140319824e+00 0.000000000000000000e+00
1.802118539810180664e+00 1.164018511772155762e+00 1.228377580642700195e+00 1.115297079086303711e+00 0.000000000000000000e+00
1.382585763931274414e+00 1.105182051658630371e+00 1.039110183715820312e+00 1.006648063659667969e+00 0.000000000000000000e+00
1.730055928230285645e+00 1.134179472923278809e+00 1.081233263015747070e+00 1.029532670974731445e+00 0.000000000000000000e+00
1.456115841865539551e+00 1.048808217048645020e+00 1.016691565513610840e+00 1.001819014549255371e+00 0.000000000000000000e+00
1.624562263488769531e+00 1.138539791107177734e+00 1.074226498603820801e+00 1.018058538436889648e+00 0.000000000000000000e+00
1.927182912826538086e+00 1.154789805412292480e+00 1.042409777641296387e+00 1.006287097930908203e+00 0.000000000000000000e+00
1.546278476715087891e+00 1.229398727416992188e+00 1.043447971343994141e+00 1.007584095001220703e+00 0.000000000000000000e+00
3.140458583831787109e+00 1.531927108764648438e+00 1.150386571884155273e+00 1.064579725265502930e+00 0.000000000000000000e+00
1.780414819717407227e+00 1.332613110542297363e+00 1.081138014793395996e+00 1.021042585372924805e+00 0.000000000000000000e+00
1.694755077362060547e+00 1.303818225860595703e+00 1.142383813858032227e+00 1.026598215103149414e+00 0.000000000000000000e+00
1.925555706024169922e+00 1.527760863304138184e+00 1.318647503852844238e+00 1.104930281639099121e+00 0.000000000000000000e+00
1.720704674720764160e+00 1.429375410079956055e+00 1.044228315353393555e+00 9.892293810844421387e-01 0.000000000000000000e+00
1.244210958480834961e+00 1.125002861022949219e+00 1.029692769050598145e+00 1.031704425811767578e+00 0.000000000000000000e+00
1.380937695503234863e+00 1.362718701362609863e+00 1.292132139205932617e+00 1.017998218536376953e+00 0.000000000000000000e+00
1.412249088287353516e+00 1.640592098236083984e+00 1.222941160202026367e+00 1.092733740806579590e+00 0.000000000000000000e+00
1.205826520919799805e+00 1.054618835449218750e+00 1.004532575607299805e+00 1.000241041183471680e+00 0.000000000000000000e+00
1.246548652648925781e+00 1.116407990455627441e+00 1.016982436180114746e+00 1.001353740692138672e+00 0.000000000000000000e+00
1.144138574600219727e+00 1.112892627716064453e+00 1.013538360595703125e+00 1.000641107559204102e+00 0.000000000000000000e+00
1.721182107925415039e+00 1.210506439208984375e+00 1.042087554931640625e+00 1.007049798965454102e+00 0.000000000000000000e+00
3.626863956451416016e+00 1.259220838546752930e+00 1.107739448547363281e+00 1.070390582084655762e+00 0.000000000000000000e+00
1.790771961212158203e+00 1.183802127838134766e+00 1.075203180313110352e+00 1.028013348579406738e+00 0.000000000000000000e+00
1.799152135848999023e+00 1.055174112319946289e+00 1.086070418357849121e+00 1.019565582275390625e+00 0.000000000000000000e+00
1.942091107368469238e+00 1.182176351547241211e+00 1.120067119598388672e+00 1.017580270767211914e+00 0.000000000000000000e+00
2.009262800216674805e+00 1.352470874786376953e+00 1.077328443527221680e+00 1.022648334503173828e+00 0.000000000000000000e+00
1.738154172897338867e+00 1.299977779388427734e+00 1.046321272850036621e+00 1.008053064346313477e+00 0.000000000000000000e+00
1.722076296806335449e+00 1.250194549560546875e+00 1.122571468353271484e+00 1.026200056076049805e+00 0.000000000000000000e+00
1.885493159294128418e+00 1.315918207168579102e+00 1.213194847106933594e+00 1.063592791557312012e+00 0.000000000000000000e+00
1.696402788162231445e+00 1.190153837203979492e+00 1.050130724906921387e+00 1.004325270652770996e+00 0.000000000000000000e+00
1.898612380027770996e+00 1.204791188240051270e+00 1.065019369125366211e+00 1.006904602050781250e+00 0.000000000000000000e+00
1.984231233596801758e+00 1.316692709922790527e+00 1.224143266677856445e+00 1.074089884757995605e+00 1.000000000000000000e+00
1.583529710769653320e+00 1.402436137199401855e+00 1.142172813415527344e+00 1.025588631629943848e+00 2.000000000000000000e+00
1.984231233596801758e+00 1.316692709922790527e+00 1.224143266677856445e+00 1.074089884757995605e+00 1.000000000000000000e+00
1.583529710769653320e+00 1.402436137199401855e+00 1.142172813415527344e+00 1.025588631629943848e+00 2.000000000000000000e+00
1.984231233596801758e+00 1.316692709922790527e+00 1.224143266677856445e+00 1.074089884757995605e+00 1.000000000000000000e+00
1.583529710769653320e+00 1.402436137199401855e+00 1.142172813415527344e+00 1.025588631629943848e+00 2.000000000000000000e+00
1.984231233596801758e+00 1.316692709922790527e+00 1.224143266677856445e+00 1.074089884757995605e+00 1.000000000000000000e+00
1.583529710769653320e+00 1.402436137199401855e+00 1.142172813415527344e+00 1.025588631629943848e+00 2.000000000000000000e+00
1.984231233596801758e+00 1.316692709922790527e+00 1.224143266677856445e+00 1.074089884757995605e+00 1.000000000000000000e+00
1.583529710769653320e+00 1.402436137199401855e+00 1.142172813415527344e+00 1.025588631629943848e+00 2.000000000000000000e+00
1.984231233596801758e+00 1.316692709922790527e+00 1.224143266677856445e+00 1.074089884757995605e+00 1.000000000000000000e+00
1.583529710769653320e+00 1.402436137199401855e+00 1.142172813415527344e+00 1.025588631629943848e+00 2.000000000000000000e+00
1.984231233596801758e+00 1.316692709922790527e+00 1.224143266677856445e+00 1.074089884757995605e+00 1.000000000000000000e+00
1.583529710769653320e+00 1.402436137199401855e+00 1.142172813415527344e+00 1.025588631629943848e+00 2.000000000000000000e+00
1.984231233596801758e+00 1.316692709922790527e+00 1.224143266677856445e+00 1.074089884757995605e+00 1.000000000000000000e+00
1.583529710769653320e+00 1.402436137199401855e+00 1.142172813415527344e+00 1.025588631629943848e+00 2.000000000000000000e+00
1.984231233596801758e+00 1.316692709922790527e+00 1.224143266677856445e+00 1.074089884757995605e+00 1.000000000000000000e+00
1.583529710769653320e+00 1.402436137199401855e+00 1.142172813415527344e+00 1.025588631629943848e+00 2.000000000000000000e+00
1.984231233596801758e+00 1.316692709922790527e+00 1.224143266677856445e+00 1.074089884757995605e+00 1.000000000000000000e+00
1.583529710769653320e+00 1.402436137199401855e+00 1.142172813415527344e+00 1.025588631629943848e+00 2.000000000000000000e+00
1.825666427612304688e+00 1.420223832130432129e+00 1.124603748321533203e+00 1.015264511108398438e+00 0.000000000000000000e+00
1.952877759933471680e+00 1.376955389976501465e+00 1.170607209205627441e+00 1.081912517547607422e+00 0.000000000000000000e+00
1.884313106536865234e+00 1.397229552268981934e+00 1.119649648666381836e+00 1.028214454650878906e+00 0.000000000000000000e+00
1.496765613555908203e+00 1.381447076797485352e+00 1.133546948432922363e+00 1.083240747451782227e+00 0.000000000000000000e+00
2.038805484771728516e+00 1.364597678184509277e+00 1.139304637908935547e+00 1.094177007675170898e+00 0.000000000000000000e+00
1.288846373558044434e+00 1.244140386581420898e+00 1.111963033676147461e+00 1.011397361755371094e+00 0.000000000000000000e+00
1.701697826385498047e+00 1.334462404251098633e+00 1.143431663513183594e+00 1.027949810028076172e+00 0.000000000000000000e+00
1.313186407089233398e+00 1.114291191101074219e+00 1.003569841384887695e+00 1.000092744827270508e+00 0.000000000000000000e+00
1.614471673965454102e+00 1.173880457878112793e+00 1.047684073448181152e+00 1.004102706909179688e+00 0.000000000000000000e+00
1.447552442550659180e+00 1.293076038360595703e+00 1.072843432426452637e+00 1.008142113685607910e+00 0.000000000000000000e+00
1.358940482139587402e+00 1.520821213722229004e+00 1.285090327262878418e+00 1.064419984817504883e+00 0.000000000000000000e+00
1.478574514389038086e+00 1.615734934806823730e+00 1.239652633666992188e+00 1.051441192626953125e+00 0.000000000000000000e+00
1.472435116767883301e+00 1.533834457397460938e+00 1.205164074897766113e+00 1.042306661605834961e+00 0.000000000000000000e+00
1.474933505058288574e+00 1.505338668823242188e+00 1.191823959350585938e+00 1.035925388336181641e+00 0.000000000000000000e+00
1.308231115341186523e+00 1.087973356246948242e+00 1.009430170059204102e+00 1.000653266906738281e+00 0.000000000000000000e+00
1.482921123504638672e+00 1.131374359130859375e+00 1.019750356674194336e+00 1.000685334205627441e+00 0.000000000000000000e+00
1.539104461669921875e+00 1.169924616813659668e+00 1.008300542831420898e+00 1.000199317932128906e+00 0.000000000000000000e+00
1.391771554946899414e+00 1.304908156394958496e+00 1.041391015052795410e+00 1.001744389533996582e+00 0.000000000000000000e+00
1.195524334907531738e+00 1.266581416130065918e+00 1.037246704101562500e+00 1.002112627029418945e+00 0.000000000000000000e+00
1.652538299560546875e+00 1.131273031234741211e+00 1.074466228485107422e+00 1.017523050308227539e+00 1.000000000000000000e+00
1.444790124893188477e+00 1.105253696441650391e+00 1.027239561080932617e+00 1.002622127532958984e+00 2.000000000000000000e+00
1.652538299560546875e+00 1.131273031234741211e+00 1.074466228485107422e+00 1.017523050308227539e+00 1.000000000000000000e+00
1.444790124893188477e+00 1.105253696441650391e+00 1.027239561080932617e+00 1.002622127532958984e+00 2.000000000000000000e+00
1.652538299560546875e+00 1.131273031234741211e+00 1.074466228485107422e+00 1.017523050308227539e+00 1.000000000000000000e+00
1.444790124893188477e+00 1.105253696441650391e+00 1.027239561080932617e+00 1.002622127532958984e+00 2.000000000000000000e+00
1.652538299560546875e+00 1.131273031234741211e+00 1.074466228485107422e+00 1.017523050308227539e+00 1.000000000000000000e+00
1.444790124893188477e+00 1.105253696441650391e+00 1.027239561080932617e+00 1.002622127532958984e+00 2.000000000000000000e+00
1.652538299560546875e+00 1.131273031234741211e+00 1.074466228485107422e+00 1.017523050308227539e+00 1.000000000000000000e+00
1.444790124893188477e+00 1.105253696441650391e+00 1.027239561080932617e+00 1.002622127532958984e+00 2.000000000000000000e+00
1.652538299560546875e+00 1.131273031234741211e+00 1.074466228485107422e+00 1.017523050308227539e+00 1.000000000000000000e+00
1.444790124893188477e+00 1.105253696441650391e+00 1.027239561080932617e+00 1.002622127532958984e+00 2.000000000000000000e+00
1.652538299560546875e+00 1.131273031234741211e+00 1.074466228485107422e+00 1.017523050308227539e+00 1.000000000000000000e+00
1.444790124893188477e+00 1.105253696441650391e+00 1.027239561080932617e+00 1.002622127532958984e+00 2.000000000000000000e+00
1.652538299560546875e+00 1.131273031234741211e+00 1.074466228485107422e+00 1.017523050308227539e+00 1.000000000000000000e+00
1.444790124893188477e+00 1.105253696441650391e+00 1.027239561080932617e+00 1.002622127532958984e+00 2.000000000000000000e+00
1.652538299560546875e+00 1.131273031234741211e+00 1.074466228485107422e+00 1.017523050308227539e+00 1.000000000000000000e+00
1.444790124893188477e+00 1.105253696441650391e+00 1.027239561080932617e+00 1.002622127532958984e+00 2.000000000000000000e+00
1.652538299560546875e+00 1.131273031234741211e+00 1.074466228485107422e+00 1.017523050308227539e+00 1.000000000000000000e+00
1.444790124893188477e+00 1.105253696441650391e+00 1.027239561080932617e+00 1.002622127532958984e+00 2.000000000000000000e+00
9.884993553161621094e+00 2.245215654373168945e+00 1.256534576416015625e+00 1.774587631225585938e+00 0.000000000000000000e+00
1.909983992576599121e+00 1.328735351562500000e+00 1.196141958236694336e+00 1.035403013229370117e+00 0.000000000000000000e+00
1.844479799270629883e+00 1.404358863830566406e+00 1.129007220268249512e+00 1.017239332199096680e+00 0.000000000000000000e+00
1.470263123512268066e+00 1.278729557991027832e+00 1.051382064819335938e+00 1.001790523529052734e+00 0.000000000000000000e+00
1.354684114456176758e+00 1.416185140609741211e+00 1.030114650726318359e+00 1.002397418022155762e+00 0.000000000000000000e+00
1.256184101104736328e+00 1.147072553634643555e+00 1.183114886283874512e+00 1.097524523735046387e+00 1.000000000000000000e+00
-2.287667274475097656e+00 5.703476667404174805e-01 1.160277748107910156e+01 3.621651411056518555e+00 2.000000000000000000e+00
1.256184101104736328e+00 1.147072553634643555e+00 1.183114886283874512e+00 1.097524523735046387e+00 1.000000000000000000e+00
-2.287667274475097656e+00 5.703476667404174805e-01 1.160277748107910156e+01 3.621651411056518555e+00 2.000000000000000000e+00
1.256184101104736328e+00 1.147072553634643555e+00 1.183114886283874512e+00 1.097524523735046387e+00 1.000000000000000000e+00
-2.287667274475097656e+00 5.703476667404174805e-01 1.160277748107910156e+01 3.621651411056518555e+00 2.000000000000000000e+00
1.256184101104736328e+00 1.147072553634643555e+00 1.183114886283874512e+00 1.097524523735046387e+00 1.000000000000000000e+00
-2.287667274475097656e+00 5.703476667404174805e-01 1.160277748107910156e+01 3.621651411056518555e+00 2.000000000000000000e+00
1.256184101104736328e+00 1.147072553634643555e+00 1.183114886283874512e+00 1.097524523735046387e+00 1.000000000000000000e+00
-2.287667274475097656e+00 5.703476667404174805e-01 1.160277748107910156e+01 3.621651411056518555e+00 2.000000000000000000e+00
1.256184101104736328e+00 1.147072553634643555e+00 1.183114886283874512e+00 1.097524523735046387e+00 1.000000000000000000e+00
-2.287667274475097656e+00 5.703476667404174805e-01 1.160277748107910156e+01 3.621651411056518555e+00 2.000000000000000000e+00
1.256184101104736328e+00 1.147072553634643555e+00 1.183114886283874512e+00 1.097524523735046387e+00 1.000000000000000000e+00
-2.287667274475097656e+00 5.703476667404174805e-01 1.160277748107910156e+01 3.621651411056518555e+00 2.000000000000000000e+00
1.256184101104736328e+00 1.147072553634643555e+00 1.183114886283874512e+00 1.097524523735046387e+00 1.000000000000000000e+00
-2.287667274475097656e+00 5.703476667404174805e-01 1.160277748107910156e+01 3.621651411056518555e+00 2.000000000000000000e+00
1.256184101104736328e+00 1.147072553634643555e+00 1.183114886283874512e+00 1.097524523735046387e+00 1.000000000000000000e+00
-2.287667274475097656e+00 5.703476667404174805e-01 1.160277748107910156e+01 3.621651411056518555e+00 2.000000000000000000e+00
1.256184101104736328e+00 1.147072553634643555e+00 1.183114886283874512e+00 1.097524523735046387e+00 1.000000000000000000e+00
-2.287667274475097656e+00 5.703476667404174805e-01 1.160277748107910156e+01 3.621651411056518555e+00 2.000000000000000000e+00
1.481931686401367188e+00 1.181630134582519531e+00 1.179867267608642578e+00 1.070497989654541016e+00 0.000000000000000000e+00
1.451237916946411133e+00 1.336154937744140625e+00 1.275505065917968750e+00 1.068670511245727539e+00 0.000000000000000000e+00
3.163662910461425781e+00 1.576609492301940918e+00 1.192802548408508301e+00 1.193960428237915039e+00 0.000000000000000000e+00
3.511432170867919922e+00 1.584985971450805664e+00 1.311289787292480469e+00 1.117568850517272949e+00 0.000000000000000000e+00
2.693121910095214844e+00 1.046399474143981934e+00 1.276366949081420898e+00 1.376510381698608398e+00 0.000000000000000000e+00
1.721041321754455566e+00 1.407114386558532715e+00 1.291068196296691895e+00 1.103311181068420410e+00 0.000000000000000000e+00
1.518165349960327148e+00 1.291210412979125977e+00 1.120673179626464844e+00 1.019928455352783203e+00 0.000000000000000000e+00
1.350037813186645508e+00 1.119238972663879395e+00 1.042124629020690918e+00 1.005259156227111816e+00 0.000000000000000000e+00
1.198966383934020996e+00 1.084729671478271484e+00 1.009211778640747070e+00 1.000182867050170898e+00 0.000000000000000000e+00
1.358381938934326172e+01 2.928838253021240234e+00 1.211502313613891602e+00 1.055625796318054199e+00 0.000000000000000000e+00
1.132889509201049805e+00 1.152668952941894531e+00 1.043740749359130859e+00 1.008836507797241211e+00 0.000000000000000000e+00
1.609402656555175781e+00 1.080929160118103027e+00 1.026570320129394531e+00 1.001432657241821289e+00 0.000000000000000000e+00
1.303829669952392578e+00 1.081508278846740723e+00 1.005138874053955078e+00 1.000121116638183594e+00 0.000000000000000000e+00
1.492187023162841797e+00 1.095999240875244141e+00 1.015450000762939453e+00 1.000733375549316406e+00 0.000000000000000000e+00
1.804900765419006348e+00 1.353357076644897461e+00 1.156977415084838867e+00 1.013244628906250000e+00 0.000000000000000000e+00
1.940118074417114258e+00 1.461241722106933594e+00 1.187499165534973145e+00 1.035391330718994141e+00 0.000000000000000000e+00
1.457766056060791016e+00 1.127354860305786133e+00 1.026386022567749023e+00 1.001266002655029297e+00 0.000000000000000000e+00
1.439554691314697266e+00 1.164734363555908203e+00 1.025644540786743164e+00 1.001402854919433594e+00 0.000000000000000000e+00
1.670823216438293457e+00 1.243234395980834961e+00 1.048346042633056641e+00 1.006921887397766113e+00 0.000000000000000000e+00
1.910339236259460449e+00 1.471310734748840332e+00 1.182387232780456543e+00 1.054351806640625000e+00 0.000000000000000000e+00
1.609950661659240723e+00 1.814229726791381836e+00 1.307366132736206055e+00 1.078257083892822266e+00 0.000000000000000000e+00
1.253754615783691406e+00 1.240356802940368652e+00 1.029785394668579102e+00 1.002309322357177734e+00 0.000000000000000000e+00
1.460870027542114258e+00 1.372125148773193359e+00 1.093270897865295410e+00 1.011235952377319336e+00 0.000000000000000000e+00
1.430678129196166992e+00 1.294617414474487305e+00 1.105580568313598633e+00 1.016613721847534180e+00 0.000000000000000000e+00
1.398224830627441406e+00 1.124377489089965820e+00 1.024678349494934082e+00 1.002261400222778320e+00 0.000000000000000000e+00
1.326364159584045410e+00 1.066408157348632812e+00 1.006875514984130859e+00 1.000262498855590820e+00 0.000000000000000000e+00
1.523770093917846680e+00 1.131449460983276367e+00 1.032793521881103516e+00 1.001380920410156250e+00 0.000000000000000000e+00
-4.606068611145019531e+00 -7.340454101562500000e+00 -1.386086344718933105e-01 -1.958982467651367188e+00 1.000000000000000000e+00
1.484530448913574219e+00 1.250898599624633789e+00 1.037911415100097656e+00 1.003510475158691406e+00 2.000000000000000000e+00
-4.606068611145019531e+00 -7.340454101562500000e+00 -1.386086344718933105e-01 -1.958982467651367188e+00 1.000000000000000000e+00
1.484530448913574219e+00 1.250898599624633789e+00 1.037911415100097656e+00 1.003510475158691406e+00 2.000000000000000000e+00
-4.606068611145019531e+00 -7.340454101562500000e+00 -1.386086344718933105e-01 -1.958982467651367188e+00 1.000000000000000000e+00
1.484530448913574219e+00 1.250898599624633789e+00 1.037911415100097656e+00 1.003510475158691406e+00 2.000000000000000000e+00
-4.606068611145019531e+00 -7.340454101562500000e+00 -1.386086344718933105e-01 -1.958982467651367188e+00 1.000000000000000000e+00
1.484530448913574219e+00 1.250898599624633789e+00 1.037911415100097656e+00 1.003510475158691406e+00 2.000000000000000000e+00
-4.606068611145019531e+00 -7.340454101562500000e+00 -1.386086344718933105e-01 -1.958982467651367188e+00 1.000000000000000000e+00
1.484530448913574219e+00 1.250898599624633789e+00 1.037911415100097656e+00 1.003510475158691406e+00 2.000000000000000000e+00
-4.606068611145019531e+00 -7.340454101562500000e+00 -1.386086344718933105e-01 -1.958982467651367188e+00 1.000000000000000000e+00
1.484530448913574219e+00 1.250898599624633789e+00 1.037911415100097656e+00 1.003510475158691406e+00 2.000000000000000000e+00
-4.606068611145019531e+00 -7.340454101562500000e+00 -1.386086344718933105e-01 -1.958982467651367188e+00 1.000000000000000000e+00
1.484530448913574219e+00 1.250898599624633789e+00 1.037911415100097656e+00 1.003510475158691406e+00 2.000000000000000000e+00
-4.606068611145019531e+00 -7.340454101562500000e+00 -1.386086344718933105e-01 -1.958982467651367188e+00 1.000000000000000000e+00
1.484530448913574219e+00 1.250898599624633789e+00 1.037911415100097656e+00 1.003510475158691406e+00 2.000000000000000000e+00
-4.606068611145019531e+00 -7.340454101562500000e+00 -1.386086344718933105e-01 -1.958982467651367188e+00 1.000000000000000000e+00
1.484530448913574219e+00 1.250898599624633789e+00 1.037911415100097656e+00 1.003510475158691406e+00 2.000000000000000000e+00
-4.606068611145019531e+00 -7.340454101562500000e+00 -1.386086344718933105e-01 -1.958982467651367188e+00 1.000000000000000000e+00
1.484530448913574219e+00 1.250898599624633789e+00 1.037911415100097656e+00 1.003510475158691406e+00 2.000000000000000000e+00
1.035846471786499023e+00 1.000299215316772461e+00 1.000001668930053711e+00 1.000000000000000000e+00 0.000000000000000000e+00
1.028638124465942383e+00 1.000428795814514160e+00 1.000003218650817871e+00 1.000000000000000000e+00 0.000000000000000000e+00
1.068510890007019043e+00 1.001251578330993652e+00 1.000013947486877441e+00 1.000000000000000000e+00 0.000000000000000000e+00
1.035208344459533691e+00 1.000474452972412109e+00 1.000006914138793945e+00 1.000000000000000000e+00 0.000000000000000000e+00
1.027066230773925781e+00 1.000449895858764648e+00 1.000006914138793945e+00 1.000000000000000000e+00 0.000000000000000000e+00
1.059523344039916992e+00 1.000702857971191406e+00 1.000003814697265625e+00 1.000000000000000000e+00 0.000000000000000000e+00
1.044939994812011719e+00 1.000836133956909180e+00 1.000006914138793945e+00 1.000000000000000000e+00 0.000000000000000000e+00
-2.170401573181152344e+00 -1.379979610443115234e+00 -1.731438040733337402e+00 -1.377378940582275391e+00 0.000000000000000000e+00
4.350053966045379639e-01 1.786444067955017090e+00 -3.786166429519653320e+00 -1.674650549888610840e+00 0.000000000000000000e+00
-1.044408679008483887e+00 -3.184751272201538086e-01 1.853828549385070801e+00 -1.043427467346191406e+00 0.000000000000000000e+00
-2.276072025299072266e+00 -5.106030464172363281e+00 -2.235429525375366211e+00 -1.793973803520202637e+00 0.000000000000000000e+00
-3.213544130325317383e+00 -1.770671248435974121e+00 -1.029624462127685547e+00 -1.359173655509948730e+00 0.000000000000000000e+00
-3.651569366455078125e+00 2.079513311386108398e+00 3.461095571517944336e+00 2.206696510314941406e+00 0.000000000000000000e+00
-5.039544582366943359e+00 7.896709442138671875e-02 1.284971952438354492e+00 1.037125873565673828e+01 0.000000000000000000e+00
1.741788387298583984e+00 1.418429732322692871e+00 1.199354290962219238e+00 1.037991881370544434e+00 0.000000000000000000e+00
1.545102596282958984e+00 1.324594736099243164e+00 1.335769057273864746e+00 1.088600516319274902e+00 0.000000000000000000e+00
1.828649759292602539e+00 1.440866708755493164e+00 1.226452112197875977e+00 1.058825850486755371e+00 0.000000000000000000e+00
1.690971612930297852e+00 1.424239873886108398e+00 1.172660827636718750e+00 1.049323797225952148e+00 0.000000000000000000e+00
1.813462257385253906e+00 1.176192045211791992e+00 1.255935668945312500e+00 1.103129148483276367e+00 0.000000000000000000e+00
1.763599514961242676e+00 1.213470697402954102e+00 1.068305730819702148e+00 1.007137775421142578e+00 0.000000000000000000e+00
1.426279783248901367e+00 1.414297819137573242e+00 1.127120733261108398e+00 1.017561793327331543e+00 0.000000000000000000e+00
1.952296614646911621e+00 1.530600547790527344e+00 1.461211919784545898e+00 1.281056642532348633e+00 0.000000000000000000e+00
8.157033324241638184e-01 1.264842033386230469e+00 1.662154197692871094e+00 1.183430433273315430e+00 0.000000000000000000e+00
2.787025928497314453e+00 5.264488697052001953e+00 2.818447589874267578e+00 2.064453125000000000e+00 0.000000000000000000e+00
2.209692239761352539e+00 1.316684961318969727e+00 1.322434902191162109e+00 1.071631789207458496e+00 0.000000000000000000e+00
1.522817969322204590e+00 1.260311484336853027e+00 1.243364810943603516e+00 1.316921114921569824e+00 0.000000000000000000e+00
2.479805707931518555e+00 6.195342540740966797e-01 1.816602945327758789e+00 1.537054777145385742e+00 0.000000000000000000e+00
1.663721799850463867e+00 1.626926660537719727e+00 1.242423415184020996e+00 1.249811410903930664e+00 0.000000000000000000e+00
1.202753305435180664e+00 1.034511327743530273e+00 1.001276493072509766e+00 1.000017166137695312e+00 0.000000000000000000e+00
1.120783686637878418e+00 1.028372764587402344e+00 1.002227544784545898e+00 1.000021457672119141e+00 0.000000000000000000e+00
1.134213924407958984e+00 1.026697397232055664e+00 1.000854253768920898e+00 1.000006914138793945e+00 0.000000000000000000e+00
1.276331424713134766e+00 1.078281879425048828e+00 1.005902051925659180e+00 1.000157594680786133e+00 0.000000000000000000e+00
1.161994218826293945e+00 1.045701026916503906e+00 1.001451492309570312e+00 1.000015020370483398e+00 0.000000000000000000e+00
1.246992349624633789e+00 1.069901943206787109e+00 1.005440711975097656e+00 1.000113606452941895e+00 0.000000000000000000e+00
1.288293838500976562e+00 1.157147169113159180e+00 1.013006448745727539e+00 1.000442266464233398e+00 0.000000000000000000e+00
1.153327941894531250e+00 1.011495113372802734e+00 1.000204324722290039e+00 1.000000476837158203e+00 0.000000000000000000e+00
1.193310737609863281e+00 1.014198660850524902e+00 1.000258445739746094e+00 1.000001072883605957e+00 0.000000000000000000e+00
1.143931388854980469e+00 1.007632851600646973e+00 1.000141024589538574e+00 1.000000476837158203e+00 0.000000000000000000e+00
1.165690064430236816e+00 1.009964466094970703e+00 1.000192523002624512e+00 1.000000476837158203e+00 0.000000000000000000e+00
1.095966815948486328e+00 1.006719350814819336e+00 1.000117540359497070e+00 1.000000000000000000e+00 0.000000000000000000e+00
1.129535675048828125e+00 1.006486773490905762e+00 1.000071287155151367e+00 1.000000000000000000e+00 0.000000000000000000e+00
1.298942923545837402e+00 1.085038304328918457e+00 1.002076864242553711e+00 1.000017166137695312e+00 0.000000000000000000e+00
1.348564863204956055e+00 1.231437206268310547e+00 1.090371966361999512e+00 1.009095430374145508e+00 0.000000000000000000e+00
1.777814149856567383e+00 1.423783540725708008e+00 1.138718366622924805e+00 1.049747705459594727e+00 0.000000000000000000e+00
1.659184217453002930e+00 1.023822784423828125e+00 1.231315374374389648e+00 1.150812983512878418e+00 0.000000000000000000e+00
1.137036800384521484e+00 1.261307120323181152e+00 1.114140033721923828e+00 1.024969339370727539e+00 0.000000000000000000e+00
1.462563037872314453e+00 1.580207109451293945e+00 1.171117305755615234e+00 1.098678350448608398e+00 0.000000000000000000e+00
1.726873874664306641e+00 1.510217666625976562e+00 1.316967248916625977e+00 1.070927381515502930e+00 0.000000000000000000e+00
1.370172977447509766e+00 1.079090833663940430e+00 1.024324417114257812e+00 1.001829624176025391e+00 0.000000000000000000e+00
1.156445026397705078e+00 1.030238032341003418e+00 1.001493811607360840e+00 1.000020980834960938e+00 0.000000000000000000e+00
1.182226061820983887e+00 1.018644928932189941e+00 1.007304668426513672e+00 1.000182867050170898e+00 0.000000000000000000e+00
1.341063737869262695e+00 1.187204837799072266e+00 1.039141178131103516e+00 1.003113508224487305e+00 0.000000000000000000e+00
1.190990209579467773e+00 1.046700000762939453e+00 1.003494381904602051e+00 1.000133991241455078e+00 0.000000000000000000e+00
1.266075491905212402e+00 1.122307062149047852e+00 1.009316086769104004e+00 1.000260353088378906e+00 0.000000000000000000e+00
1.631651401519775391e+00 1.398893952369689941e+00 1.041067600250244141e+00 1.002618074417114258e+00 0.000000000000000000e+00
7.987515330314636230e-01 1.883621931076049805e+00 1.168472170829772949e+00 1.040908098220825195e+00 0.000000000000000000e+00
1.066769957542419434e+00 1.002757787704467773e+00 1.000015497207641602e+00 1.000000000000000000e+00 0.000000000000000000e+00
1.036318063735961914e+00 1.000269055366516113e+00 1.000002145767211914e+00 1.000000000000000000e+00 0.000000000000000000e+00
1.039013624191284180e+00 1.001474380493164062e+00 1.000008106231689453e+00 1.000000000000000000e+00 0.000000000000000000e+00
1.046878695487976074e+00 1.000837802886962891e+00 1.000005364418029785e+00 1.000000000000000000e+00 0.000000000000000000e+00
1.047798514366149902e+00 1.000883579254150391e+00 1.000009059906005859e+00 1.000000000000000000e+00 0.000000000000000000e+00
1.040780186653137207e+00 1.001409769058227539e+00 1.000009655952453613e+00 1.000000000000000000e+00 0.000000000000000000e+00
1.052241921424865723e+00 1.000876426696777344e+00 1.000006437301635742e+00 1.000000000000000000e+00 0.000000000000000000e+00
1.488443851470947266e+00 1.633758783340454102e+00 1.239027261734008789e+00 1.035508394241333008e+00 0.000000000000000000e+00
1.464876413345336914e+00 1.720967650413513184e+00 1.447774410247802734e+00 1.128992319107055664e+00 0.000000000000000000e+00
1.354752779006958008e+00 1.686606645584106445e+00 1.240100145339965820e+00 1.044642448425292969e+00 0.000000000000000000e+00
1.646682739257812500e+00 1.647739410400390625e+00 1.157458066940307617e+00 1.017479658126831055e+00 0.000000000000000000e+00
1.616694688796997070e+00 1.627273559570312500e+00 1.253422260284423828e+00 1.023362159729003906e+00 0.000000000000000000e+00
1.134355545043945312e+00 1.944705724716186523e+00 1.563328862190246582e+00 1.310281276702880859e+00 0.000000000000000000e+00
8.506042957305908203e-01 1.558754801750183105e+00 1.456662654876708984e+00 1.386249542236328125e+00 0.000000000000000000e+00
1.359550952911376953e+00 1.054008364677429199e+00 1.003284931182861328e+00 1.000051021575927734e+00 0.000000000000000000e+00
1.157573223114013672e+00 1.017039299011230469e+00 1.000536918640136719e+00 1.000005364418029785e+00 0.000000000000000000e+00
1.514570951461791992e+00 1.033186674118041992e+00 1.001889467239379883e+00 1.000017642974853516e+00 0.000000000000000000e+00
1.615710258483886719e+00 1.147285580635070801e+00 1.023344278335571289e+00 1.000701189041137695e+00 0.000000000000000000e+00
2.112368583679199219e+00 1.201108813285827637e+00 1.034827232360839844e+00 1.001328945159912109e+00 0.000000000000000000e+00
2.812921524047851562e+00 1.786659955978393555e+00 1.197200536727905273e+00 1.152856111526489258e+00 0.000000000000000000e+00
1.370786905288696289e+00 1.197194337844848633e+00 1.070529937744140625e+00 1.015834331512451172e+00 0.000000000000000000e+00
1.549900650978088379e+00 1.323143720626831055e+00 1.134766578674316406e+00 1.042081117630004883e+00 0.000000000000000000e+00
1.639429092407226562e+00 1.198558807373046875e+00 1.091935515403747559e+00 1.019703865051269531e+00 0.000000000000000000e+00
1.587124347686767578e+00 1.092245340347290039e+00 1.026767969131469727e+00 1.005383014678955078e+00 0.000000000000000000e+00
1.684175729751586914e+00 1.098108530044555664e+00 1.040937662124633789e+00 1.007653713226318359e+00 0.000000000000000000e+00
1.611092567443847656e+00 1.032882213592529297e+00 1.027570843696594238e+00 1.005090236663818359e+00 0.000000000000000000e+00
1.626918554306030273e+00 1.119198560714721680e+00 1.036502838134765625e+00 1.002954006195068359e+00 0.000000000000000000e+00
1.673902392387390137e+00 1.114039421081542969e+00 1.036503553390502930e+00 1.004064083099365234e+00 0.000000000000000000e+00
1.462608814239501953e+00 8.998906612396240234e-01 1.230415463447570801e+00 1.238685250282287598e+00 0.000000000000000000e+00
1.434039592742919922e+00 1.300915002822875977e+00 8.657623529434204102e-01 1.006929874420166016e+00 0.000000000000000000e+00
1.532370209693908691e+00 1.406846642494201660e+00 1.058154821395874023e+00 1.416250228881835938e+00 0.000000000000000000e+00
2.382011890411376953e+00 1.762669324874877930e+00 1.381928443908691406e+00 1.198919057846069336e+00 0.000000000000000000e+00
3.287668228149414062e+00 1.303789019584655762e+00 1.152690768241882324e+00 1.040696144104003906e+00 0.000000000000000000e+00
5.582284450531005859e+00 1.866271495819091797e+00 1.578064680099487305e+00 1.355753898620605469e+00 0.000000000000000000e+00
-5.445164442062377930e-01 -1.966323256492614746e+00 -5.044811218976974487e-02 -3.980658769607543945e+00 0.000000000000000000e+00
1.088693857192993164e+00 1.006635189056396484e+00 1.000187635421752930e+00 1.000001072883605957e+00 0.000000000000000000e+00
1.298210620880126953e+00 1.023483514785766602e+00 1.000705718994140625e+00 1.000006437301635742e+00 0.000000000000000000e+00
1.453276395797729492e+00 1.059901595115661621e+00 1.003548502922058105e+00 1.000096559524536133e+00 0.000000000000000000e+00
1.238162040710449219e+00 1.036906719207763672e+00 1.002939462661743164e+00 1.000073909759521484e+00 0.000000000000000000e+00
1.619590640068054199e+00 1.241838574409484863e+00 1.028531789779663086e+00 1.002172350883483887e+00 0.000000000000000000e+00
1.387243866920471191e+00 1.108103752136230469e+00 1.021328091621398926e+00 1.001532316207885742e+00 0.000000000000000000e+00
1.775192499160766602e+00 1.418950676918029785e+00 1.099228382110595703e+00 1.025502443313598633e+00 0.000000000000000000e+00
1.457815885543823242e+00 1.132599234580993652e+00 1.013335704803466797e+00 1.000366687774658203e+00 0.000000000000000000e+00
1.279968738555908203e+00 1.127841949462890625e+00 1.015594482421875000e+00 1.000571012496948242e+00 0.000000000000000000e+00
1.459302902221679688e+00 1.178345203399658203e+00 1.022026538848876953e+00 1.000845432281494141e+00 0.000000000000000000e+00
1.360238075256347656e+00 1.198387145996093750e+00 1.030120849609375000e+00 1.002128124237060547e+00 0.000000000000000000e+00
1.406908035278320312e+00 1.185929894447326660e+00 1.026518106460571289e+00 1.001247882843017578e+00 0.000000000000000000e+00
1.308283448219299316e+00 1.149797201156616211e+00 1.020736932754516602e+00 1.000849604606628418e+00 0.000000000000000000e+00
1.346808195114135742e+00 1.163173913955688477e+00 1.019788503646850586e+00 1.000839352607727051e+00 0.000000000000000000e+00
7.622363567352294922e+00 1.855966091156005859e+00 1.273194789886474609e+00 1.055675864219665527e+00 0.000000000000000000e+00
3.201906204223632812e+00 1.241831302642822266e+00 1.497671365737915039e+00 1.147438287734985352e+00 0.000000000000000000e+00
3.581336498260498047e+00 1.636291265487670898e+00 1.599674463272094727e+00 1.123349428176879883e+00 0.000000000000000000e+00
9.223695755004882812e+00 1.452351212501525879e+00 1.471847295761108398e+00 1.118572831153869629e+00 0.000000000000000000e+00
-3.983969092369079590e-01 -6.101974010467529297e+00 9.565532684326171875e+00 2.912456274032592773e+00 0.000000000000000000e+00
1.331724405288696289e+00 1.234953403472900391e+00 1.080360412597656250e+00 1.018609166145324707e+00 0.000000000000000000e+00
1.327032566070556641e+00 1.202689051628112793e+00 1.016446709632873535e+00 1.000576496124267578e+00 0.000000000000000000e+00
3.308936834335327148e+00 2.452815532684326172e+00 1.232705235481262207e+00 9.748893976211547852e-01 1.000000000000000000e+00
1.601346492767333984e+00 1.316256880760192871e+00 1.102276802062988281e+00 1.013252615928649902e+00 2.000000000000000000e+00
3.308936834335327148e+00 2.452815532684326172e+00 1.232705235481262207e+00 9.748893976211547852e-01 1.000000000000000000e+00
1.601346492767333984e+00 1.316256880760192871e+00 1.102276802062988281e+00 1.013252615928649902e+00 2.000000000000000000e+00
3.308936834335327148e+00 2.452815532684326172e+00 1.232705235481262207e+00 9.748893976211547852e-01 1.000000000000000000e+00
1.601346492767333984e+00 1.316256880760192871e+00 1.102276802062988281e+00 1.013252615928649902e+00 2.000000000000000000e+00
3.308936834335327148e+00 2.452815532684326172e+00 1.232705235481262207e+00 9.748893976211547852e-01 1.000000000000000000e+00
1.601346492767333984e+00 1.316256880760192871e+00 1.102276802062988281e+00 1.013252615928649902e+00 2.000000000000000000e+00
3.308936834335327148e+00 2.452815532684326172e+00 1.232705235481262207e+00 9.748893976211547852e-01 1.000000000000000000e+00
1.601346492767333984e+00 1.316256880760192871e+00 1.102276802062988281e+00 1.013252615928649902e+00 2.000000000000000000e+00
3.308936834335327148e+00 2.452815532684326172e+00 1.232705235481262207e+00 9.748893976211547852e-01 1.000000000000000000e+00
1.601346492767333984e+00 1.316256880760192871e+00 1.102276802062988281e+00 1.013252615928649902e+00 2.000000000000000000e+00
3.308936834335327148e+00 2.452815532684326172e+00 1.232705235481262207e+00 9.748893976211547852e-01 1.000000000000000000e+00
1.601346492767333984e+00 1.316256880760192871e+00 1.102276802062988281e+00 1.013252615928649902e+00 2.000000000000000000e+00
3.308936834335327148e+00 2.452815532684326172e+00 1.232705235481262207e+00 9.748893976211547852e-01 1.000000000000000000e+00
1.601346492767333984e+00 1.316256880760192871e+00 1.102276802062988281e+00 1.013252615928649902e+00 2.000000000000000000e+00
3.308936834335327148e+00 2.452815532684326172e+00 1.232705235481262207e+00 9.748893976211547852e-01 1.000000000000000000e+00
1.601346492767333984e+00 1.316256880760192871e+00 1.102276802062988281e+00 1.013252615928649902e+00 2.000000000000000000e+00
3.308936834335327148e+00 2.452815532684326172e+00 1.232705235481262207e+00 9.748893976211547852e-01 1.000000000000000000e+00
1.601346492767333984e+00 1.316256880760192871e+00 1.102276802062988281e+00 1.013252615928649902e+00 2.000000000000000000e+00
1.082726240158081055e+00 1.314025878906250000e+00 1.237367153167724609e+00 1.053471565246582031e+00 0.000000000000000000e+00
1.452626943588256836e+00 1.326739311218261719e+00 1.160494685173034668e+00 1.031809568405151367e+00 0.000000000000000000e+00
1.023054122924804688e+00 1.386267781257629395e+00 1.271216154098510742e+00 1.108478188514709473e+00 0.000000000000000000e+00
1.256734848022460938e+00 1.417183399200439453e+00 1.168478488922119141e+00 1.038372516632080078e+00 0.000000000000000000e+00
1.349155068397521973e+00 1.278610706329345703e+00 1.361326694488525391e+00 1.112425565719604492e+00 0.000000000000000000e+00
1.510546803474426270e+00 1.345172762870788574e+00 1.188493967056274414e+00 1.031683921813964844e+00 0.000000000000000000e+00
2.126005172729492188e+00 1.391891956329345703e+00 1.220911145210266113e+00 1.081088781356811523e+00 0.000000000000000000e+00
1.131458401679992676e+00 1.010501861572265625e+00 1.000145316123962402e+00 1.000000476837158203e+00 0.000000000000000000e+00
1.665431022644042969e+00 1.117501974105834961e+00 1.011852025985717773e+00 1.000265359878540039e+00 0.000000000000000000e+00
1.322277784347534180e+00 1.077674150466918945e+00 1.009930372238159180e+00 1.000198364257812500e+00 0.000000000000000000e+00
1.547103643417358398e+00 1.119606494903564453e+00 1.010631799697875977e+00 1.000282049179077148e+00 0.000000000000000000e+00
1.437388420104980469e+00 1.169697403907775879e+00 1.019783258438110352e+00 1.000600934028625488e+00 0.000000000000000000e+00
1.504900813102722168e+00 1.109885931015014648e+00 1.013768196105957031e+00 1.000298023223876953e+00 0.000000000000000000e+00
1.449098110198974609e+00 1.205804944038391113e+00 1.034377336502075195e+00 1.001848816871643066e+00 0.000000000000000000e+00
1.692352652549743652e+00 1.493879795074462891e+00 1.202180862426757812e+00 1.038736343383789062e+00 0.000000000000000000e+00
1.638373374938964844e+00 1.175756335258483887e+00 1.062345027923583984e+00 1.008054494857788086e+00 0.000000000000000000e+00
1.693081378936767578e+00 1.294344186782836914e+00 1.046411395072937012e+00 1.004827022552490234e+00 0.000000000000000000e+00
1.425541400909423828e+00 1.447345733642578125e+00 1.132592678070068359e+00 1.017751932144165039e+00 0.000000000000000000e+00
1.544685482978820801e+00 1.483492851257324219e+00 1.139835119247436523e+00 1.027441501617431641e+00 0.000000000000000000e+00
1.534813642501831055e+00 1.241320729255676270e+00 1.074583292007446289e+00 1.011241197586059570e+00 0.000000000000000000e+00
1.284135580062866211e+00 1.335828542709350586e+00 1.085967779159545898e+00 1.018167734146118164e+00 0.000000000000000000e+00
1.163861989974975586e+00 1.088266968727111816e+00 1.010395050048828125e+00 1.000267982482910156e+00 0.000000000000000000e+00
1.176692962646484375e+00 1.075142502784729004e+00 1.004433155059814453e+00 1.000129222869873047e+00 0.000000000000000000e+00
1.194354057312011719e+00 1.028748989105224609e+00 1.001228570938110352e+00 1.000028371810913086e+00 0.000000000000000000e+00
1.200831770896911621e+00 1.057863712310791016e+00 1.002021312713623047e+00 1.000024080276489258e+00 0.000000000000000000e+00
1.160557031631469727e+00 1.024153709411621094e+00 1.000384330749511719e+00 1.000002622604370117e+00 0.000000000000000000e+00
1.107515096664428711e+00 1.015303015708923340e+00 1.000197291374206543e+00 1.000001072883605957e+00 0.000000000000000000e+00
1.134680390357971191e+00 1.023299813270568848e+00 1.000673532485961914e+00 1.000002145767211914e+00 0.000000000000000000e+00
1.734235405921936035e+00 1.388099431991577148e+00 1.119365215301513672e+00 1.029441833496093750e+00 0.000000000000000000e+00
1.419981479644775391e+00 1.480452537536621094e+00 1.182606935501098633e+00 1.026950120925903320e+00 0.000000000000000000e+00
1.376566886901855469e+00 1.285772323608398438e+00 1.090368270874023438e+00 1.010989904403686523e+00 0.000000000000000000e+00
1.857407927513122559e+00 1.330060720443725586e+00 1.081010818481445312e+00 1.008789062500000000e+00 0.000000000000000000e+00
1.771380901336669922e+00 1.409804344177246094e+00 1.111798167228698730e+00 1.013442158699035645e+00 0.000000000000000000e+00
1.486649990081787109e+00 1.179475784301757812e+00 1.029072880744934082e+00 1.001521706581115723e+00 0.000000000000000000e+00
1.822650074958801270e+00 1.149155378341674805e+00 1.022193908691406250e+00 1.000889301300048828e+00 0.000000000000000000e+00
1.799152731895446777e+00 1.210600614547729492e+00 1.032727241516113281e+00 1.001966714859008789e+00 1.000000000000000000e+00
5.301906108856201172e+00 1.580306768417358398e+00 1.355890512466430664e+00 1.078139543533325195e+00 2.000000000000000000e+00
1.799152731895446777e+00 1.210600614547729492e+00 1.032727241516113281e+00 1.001966714859008789e+00 1.000000000000000000e+00
5.301906108856201172e+00 1.580306768417358398e+00 1.355890512466430664e+00 1.078139543533325195e+00 2.000000000000000000e+00
1.799152731895446777e+00 1.210600614547729492e+00 1.032727241516113281e+00 1.001966714859008789e+00 1.000000000000000000e+00
5.301906108856201172e+00 1.580306768417358398e+00 1.355890512466430664e+00 1.078139543533325195e+00 2.000000000000000000e+00
1.799152731895446777e+00 1.210600614547729492e+00 1.032727241516113281e+00 1.001966714859008789e+00 1.000000000000000000e+00
5.301906108856201172e+00 1.580306768417358398e+00 1.355890512466430664e+00 1.078139543533325195e+00 2.000000000000000000e+00
1.799152731895446777e+00 1.210600614547729492e+00 1.032727241516113281e+00 1.001966714859008789e+00 1.000000000000000000e+00
5.301906108856201172e+00 1.580306768417358398e+00 1.355890512466430664e+00 1.078139543533325195e+00 2.000000000000000000e+00
1.799152731895446777e+00 1.210600614547729492e+00 1.032727241516113281e+00 1.001966714859008789e+00 1.000000000000000000e+00
5.301906108856201172e+00 1.580306768417358398e+00 1.355890512466430664e+00 1.078139543533325195e+00 2.000000000000000000e+00
1.799152731895446777e+00 1.210600614547729492e+00 1.032727241516113281e+00 1.001966714859008789e+00 1.000000000000000000e+00
5.301906108856201172e+00 1.580306768417358398e+00 1.355890512466430664e+00 1.078139543533325195e+00 2.000000000000000000e+00
1.799152731895446777e+00 1.210600614547729492e+00 1.032727241516113281e+00 1.001966714859008789e+00 1.000000000000000000e+00
5.301906108856201172e+00 1.580306768417358398e+00 1.355890512466430664e+00 1.078139543533325195e+00 2.000000000000000000e+00
1.799152731895446777e+00 1.210600614547729492e+00 1.032727241516113281e+00 1.001966714859008789e+00 1.000000000000000000e+00
5.301906108856201172e+00 1.580306768417358398e+00 1.355890512466430664e+00 1.078139543533325195e+00 2.000000000000000000e+00
1.799152731895446777e+00 1.210600614547729492e+00 1.032727241516113281e+00 1.001966714859008789e+00 1.000000000000000000e+00
5.301906108856201172e+00 1.580306768417358398e+00 1.355890512466430664e+00 1.078139543533325195e+00 2.000000000000000000e+00
1.623351573944091797e+00 1.559732913970947266e+00 1.190577864646911621e+00 1.033320307731628418e+00 0.000000000000000000e+00
1.621043443679809570e+00 1.672328829765319824e+00 1.219270467758178711e+00 1.059560298919677734e+00 0.000000000000000000e+00
1.627650260925292969e+00 1.409221172332763672e+00 1.211496829986572266e+00 1.060280919075012207e+00 0.000000000000000000e+00
1.543798446655273438e+00 1.657757878303527832e+00 1.174271345138549805e+00 1.028730034828186035e+00 0.000000000000000000e+00
1.662275195121765137e+00 1.681987524032592773e+00 1.168527007102966309e+00 1.024410247802734375e+00 0.000000000000000000e+00
2.827726364135742188e+00 1.697010517120361328e+00 1.185328960418701172e+00 1.037573814392089844e+00 0.000000000000000000e+00
6.659462451934814453e+00 2.016484260559082031e+00 2.677381515502929688e+00 1.337052106857299805e+00 0.000000000000000000e+00
1.208085536956787109e+00 1.108219027519226074e+00 1.039363622665405273e+00 1.006954431533813477e+00 0.000000000000000000e+00
1.448292851448059082e+00 1.215786933898925781e+00 1.026269316673278809e+00 1.001946449279785156e+00 0.000000000000000000e+00
1.476011753082275391e+00 1.461373686790466309e+00 1.158942222595214844e+00 1.104105234146118164e+00 0.000000000000000000e+00
1.247714757919311523e+00 1.451655030250549316e+00 1.472187876701354980e+00 1.125785589218139648e+00 0.000000000000000000e+00
1.661694645881652832e+00 1.308871984481811523e+00 1.082832098007202148e+00 1.018767714500427246e+00 0.000000000000000000e+00
1.654275536537170410e+00 1.478882789611816406e+00 1.067413210868835449e+00 1.008137822151184082e+00 1.000000000000000000e+00
1.663460493087768555e+00 1.485828638076782227e+00 1.064962983131408691e+00 1.003163576126098633e+00 2.000000000000000000e+00
1.654275536537170410e+00 1.478882789611816406e+00 1.067413210868835449e+00 1.008137822151184082e+00 1.000000000000000000e+00
1.663460493087768555e+00 1.485828638076782227e+00 1.064962983131408691e+00 1.003163576126098633e+00 2.000000000000000000e+00
1.654275536537170410e+00 1.478882789611816406e+00 1.067413210868835449e+00 1.008137822151184082e+00 1.000000000000000000e+00
1.663460493087768555e+00 1.485828638076782227e+00 1.064962983131408691e+00 1.003163576126098633e+00 2.000000000000000000e+00
1.654275536537170410e+00 1.478882789611816406e+00 1.067413210868835449e+00 1.008137822151184082e+00 1.000000000000000000e+00
1.663460493087768555e+00 1.485828638076782227e+00 1.064962983131408691e+00 1.003163576126098633e+00 2.000000000000000000e+00
1.654275536537170410e+00 1.478882789611816406e+00 1.067413210868835449e+00 1.008137822151184082e+00 1.000000000000000000e+00
1.663460493087768555e+00 1.485828638076782227e+00 1.064962983131408691e+00 1.003163576126098633e+00 2.000000000000000000e+00
1.654275536537170410e+00 1.478882789611816406e+00 1.067413210868835449e+00 1.008137822151184082e+00 1.000000000000000000e+00
1.663460493087768555e+00 1.485828638076782227e+00 1.064962983131408691e+00 1.003163576126098633e+00 2.000000000000000000e+00
1.654275536537170410e+00 1.478882789611816406e+00 1.067413210868835449e+00 1.008137822151184082e+00 1.000000000000000000e+00
1.663460493087768555e+00 1.485828638076782227e+00 1.064962983131408691e+00 1.003163576126098633e+00 2.000000000000000000e+00
1.654275536537170410e+00 1.478882789611816406e+00 1.067413210868835449e+00 1.008137822151184082e+00 1.000000000000000000e+00
1.663460493087768555e+00 1.485828638076782227e+00 1.064962983131408691e+00 1.003163576126098633e+00 2.000000000000000000e+00
1.654275536537170410e+00 1.478882789611816406e+00 1.067413210868835449e+00 1.008137822151184082e+00 1.000000000000000000e+00
1.663460493087768555e+00 1.485828638076782227e+00 1.064962983131408691e+00 1.003163576126098633e+00 2.000000000000000000e+00
1.654275536537170410e+00 1.478882789611816406e+00 1.067413210868835449e+00 1.008137822151184082e+00 1.000000000000000000e+00
1.663460493087768555e+00 1.485828638076782227e+00 1.064962983131408691e+00 1.003163576126098633e+00 2.000000000000000000e+00
1.710513114929199219e+00 1.162499427795410156e+00 1.029877185821533203e+00 1.001491785049438477e+00 0.000000000000000000e+00
1.527568101882934570e+00 1.465981125831604004e+00 1.150864481925964355e+00 1.019758105278015137e+00 0.000000000000000000e+00
2.155994653701782227e+00 1.278842926025390625e+00 1.345976114273071289e+00 1.093757987022399902e+00 0.000000000000000000e+00
1.522771477699279785e+00 1.409473657608032227e+00 1.189305186271667480e+00 1.044775247573852539e+00 0.000000000000000000e+00
1.421597003936767578e+00 1.482369542121887207e+00 1.093906760215759277e+00 1.010989785194396973e+00 0.000000000000000000e+00
1.151947259902954102e+00 1.315522432327270508e+00 1.107134222984313965e+00 1.202986240386962891e+00 1.000000000000000000e+00
1.491783618927001953e+00 1.353642582893371582e+00 1.092313051223754883e+00 1.021102190017700195e+00 2.000000000000000000e+00
1.151947259902954102e+00 1.315522432327270508e+00 1.107134222984313965e+00 1.202986240386962891e+00 1.000000000000000000e+00
1.491783618927001953e+00 1.353642582893371582e+00 1.092313051223754883e+00 1.021102190017700195e+00 2.000000000000000000e+00
1.151947259902954102e+00 1.315522432327270508e+00 1.107134222984313965e+00 1.202986240386962891e+00 1.000000000000000000e+00
1.491783618927001953e+00 1.353642582893371582e+00 1.092313051223754883e+00 1.021102190017700195e+00 2.000000000000000000e+00
1.151947259902954102e+00 1.315522432327270508e+00 1.107134222984313965e+00 1.202986240386962891e+00 1.000000000000000000e+00
1.491783618927001953e+00 1.353642582893371582e+00 1.092313051223754883e+00 1.021102190017700195e+00 2.000000000000000000e+00
1.151947259902954102e+00 1.315522432327270508e+00 1.107134222984313965e+00 1.202986240386962891e+00 1.000000000000000000e+00
1.491783618927001953e+00 1.353642582893371582e+00 1.092313051223754883e+00 1.021102190017700195e+00 2.000000000000000000e+00
1.151947259902954102e+00 1.315522432327270508e+00 1.107134222984313965e+00 1.202986240386962891e+00 1.000000000000000000e+00
1.491783618927001953e+00 1.353642582893371582e+00 1.092313051223754883e+00 1.021102190017700195e+00 2.000000000000000000e+00
1.151947259902954102e+00 1.315522432327270508e+00 1.107134222984313965e+00 1.202986240386962891e+00 1.000000000000000000e+00
1.491783618927001953e+00 1.353642582893371582e+00 1.092313051223754883e+00 1.021102190017700195e+00 2.000000000000000000e+00
1.151947259902954102e+00 1.315522432327270508e+00 1.107134222984313965e+00 1.202986240386962891e+00 1.000000000000000000e+00
1.491783618927001953e+00 1.353642582893371582e+00 1.092313051223754883e+00 1.021102190017700195e+00 2.000000000000000000e+00
1.151947259902954102e+00 1.315522432327270508e+00 1.107134222984313965e+00 1.202986240386962891e+00 1.000000000000000000e+00
1.491783618927001953e+00 1.353642582893371582e+00 1.092313051223754883e+00 1.021102190017700195e+00 2.000000000000000000e+00
1.151947259902954102e+00 1.315522432327270508e+00 1.107134222984313965e+00 1.202986240386962891e+00 1.000000000000000000e+00
1.491783618927001953e+00 1.353642582893371582e+00 1.092313051223754883e+00 1.021102190017700195e+00 2.000000000000000000e+00
1.753564834594726562e+00 1.580744981765747070e+00 1.417649388313293457e+00 1.112537145614624023e+00 0.000000000000000000e+00
1.265172004699707031e+00 1.566880822181701660e+00 1.817180752754211426e+00 1.449007630348205566e+00 0.000000000000000000e+00
1.401971817016601562e+00 1.602590322494506836e+00 1.242223143577575684e+00 1.114511251449584961e+00 0.000000000000000000e+00
2.369664669036865234e+00 1.271918535232543945e+00 1.274569272994995117e+00 1.183887720108032227e+00 0.000000000000000000e+00
1.918335318565368652e+00 9.686313867568969727e-01 1.223783731460571289e+00 1.171653985977172852e+00 0.000000000000000000e+00
1.386833786964416504e+00 1.064469814300537109e+00 1.104347467422485352e+00 1.039028167724609375e+00 0.000000000000000000e+00
1.702568769454956055e+00 9.267600774765014648e-01 1.543549776077270508e+00 1.146117329597473145e+00 0.000000000000000000e+00
9.526262879371643066e-01 1.256533622741699219e+00 1.045550227165222168e+00 1.318863630294799805e+00 0.000000000000000000e+00
2.274127006530761719e+00 1.384284257888793945e+00 1.418455839157104492e+00 1.203438997268676758e+00 0.000000000000000000e+00
1.986746191978454590e-01 2.193001508712768555e+00 1.335124731063842773e+00 -3.450773954391479492e-01 0.000000000000000000e+00
-1.685864686965942383e+00 -1.257662534713745117e+00 -1.037584424018859863e+00 -1.001469254493713379e+00 0.000000000000000000e+00
4.769691228866577148e-01 -2.565200328826904297e+00 -1.302716970443725586e+00 -1.276445269584655762e+00 0.000000000000000000e+00
-1.737934231758117676e+00 -3.434516429901123047e+00 -1.187387943267822266e+00 -1.005491018295288086e+00 0.000000000000000000e+00
1.094725370407104492e+00 7.952865958213806152e-01 -1.169480705261230469e+01 -9.968000650405883789e-01 0.000000000000000000e+00
1.196088075637817383e+00 1.091717720031738281e+00 1.007626295089721680e+00 1.000238060951232910e+00 0.000000000000000000e+00
1.186397552490234375e+00 1.045188426971435547e+00 1.002736091613769531e+00 1.000021457672119141e+00 0.000000000000000000e+00
1.314504265785217285e+00 1.107252836227416992e+00 1.011054754257202148e+00 1.000429987907409668e+00 0.000000000000000000e+00
1.228214263916015625e+00 1.034655451774597168e+00 1.003056764602661133e+00 1.000032186508178711e+00 0.000000000000000000e+00
1.338744163513183594e+00 1.084013462066650391e+00 1.009787797927856445e+00 1.000182867050170898e+00 0.000000000000000000e+00
1.338991999626159668e+00 1.057862877845764160e+00 1.003414392471313477e+00 1.000110387802124023e+00 0.000000000000000000e+00
1.261204481124877930e+00 1.066809415817260742e+00 1.002193927764892578e+00 1.000069141387939453e+00 0.000000000000000000e+00
1.329668164253234863e+00 1.100179672241210938e+00 1.025864362716674805e+00 1.002362251281738281e+00 0.000000000000000000e+00
1.422936320304870605e+00 1.123313188552856445e+00 1.078764438629150391e+00 1.038086175918579102e+00 0.000000000000000000e+00
1.307450771331787109e+00 1.172794580459594727e+00 1.111171722412109375e+00 1.059601545333862305e+00 0.000000000000000000e+00
1.293085694313049316e+00 1.151273250579833984e+00 1.022935509681701660e+00 1.004696726799011230e+00 0.000000000000000000e+00
1.299054622650146484e+00 1.202169418334960938e+00 1.051948308944702148e+00 1.010160923004150391e+00 0.000000000000000000e+00
1.291323542594909668e+00 1.092401504516601562e+00 1.066133022308349609e+00 1.005197882652282715e+00 0.000000000000000000e+00
1.334465026855468750e+00 1.154032588005065918e+00 1.071380972862243652e+00 1.010719299316406250e+00 0.000000000000000000e+00
1.231799125671386719e+00 1.048468947410583496e+00 1.010230779647827148e+00 1.000589370727539062e+00 0.000000000000000000e+00
1.538997650146484375e+00 1.113002300262451172e+00 1.055425167083740234e+00 1.007469892501831055e+00 0.000000000000000000e+00
1.565385103225708008e+00 1.263440847396850586e+00 1.093158125877380371e+00 1.027018070220947266e+00 0.000000000000000000e+00
1.355043888092041016e+00 1.137185335159301758e+00 1.065846204757690430e+00 1.009842395782470703e+00 0.000000000000000000e+00
1.156596541404724121e+00 1.363709092140197754e+00 1.138917684555053711e+00 1.106864213943481445e+00 0.000000000000000000e+00
8.242063522338867188e-01 1.661964893341064453e+00 1.167879819869995117e+00 1.131846189498901367e+00 0.000000000000000000e+00
1.564089775085449219e+00 1.509455919265747070e+00 1.108204841613769531e+00 1.012094855308532715e+00 0.000000000000000000e+00
9.753783345222473145e-01 2.121682167053222656e+00 1.768695235252380371e+00 -4.097296237945556641e+00 0.000000000000000000e+00
3.031529903411865234e+00 1.214236974716186523e+00 1.043897747993469238e+00 1.015753984451293945e+00 0.000000000000000000e+00
1.276694536209106445e+00 1.083426356315612793e+00 1.021071434020996094e+00 1.029793143272399902e+00 0.000000000000000000e+00
1.189956188201904297e+00 1.067597866058349609e+00 1.007563114166259766e+00 1.000845909118652344e+00 0.000000000000000000e+00
1.145182371139526367e+00 1.044638872146606445e+00 1.020056724548339844e+00 1.002085566520690918e+00 0.000000000000000000e+00
1.492783546447753906e+00 1.204346656799316406e+00 1.053611278533935547e+00 1.005980730056762695e+00 0.000000000000000000e+00
-2.153439283370971680e+00 -1.279849529266357422e+00 -1.064285755157470703e+00 -1.012111902236938477e+00 1.000000000000000000e+00
7.209968566894531250e-02 -4.368957042694091797e+00 -1.703509092330932617e+00 -1.131647586822509766e+00 2.000000000000000000e+00
-2.153439283370971680e+00 -1.279849529266357422e+00 -1.064285755157470703e+00 -1.012111902236938477e+00 1.000000000000000000e+00
7.209968566894531250e-02 -4.368957042694091797e+00 -1.703509092330932617e+00 -1.131647586822509766e+00 2.000000000000000000e+00
-2.153439283370971680e+00 -1.279849529266357422e+00 -1.064285755157470703e+00 -1.012111902236938477e+00 1.000000000000000000e+00
7.209968566894531250e-02 -4.368957042694091797e+00 -1.703509092330932617e+00 -1.131647586822509766e+00 2.000000000000000000e+00
-2.153439283370971680e+00 -1.279849529266357422e+00 -1.064285755157470703e+00 -1.012111902236938477e+00 1.000000000000000000e+00
7.209968566894531250e-02 -4.368957042694091797e+00 -1.703509092330932617e+00 -1.131647586822509766e+00 2.000000000000000000e+00
-2.153439283370971680e+00 -1.279849529266357422e+00 -1.064285755157470703e+00 -1.012111902236938477e+00 1.000000000000000000e+00
7.209968566894531250e-02 -4.368957042694091797e+00 -1.703509092330932617e+00 -1.131647586822509766e+00 2.000000000000000000e+00
-2.153439283370971680e+00 -1.279849529266357422e+00 -1.064285755157470703e+00 -1.012111902236938477e+00 1.000000000000000000e+00
7.209968566894531250e-02 -4.368957042694091797e+00 -1.703509092330932617e+00 -1.131647586822509766e+00 2.000000000000000000e+00
-2.153439283370971680e+00 -1.279849529266357422e+00 -1.064285755157470703e+00 -1.012111902236938477e+00 1.000000000000000000e+00
7.209968566894531250e-02 -4.368957042694091797e+00 -1.703509092330932617e+00 -1.131647586822509766e+00 2.000000000000000000e+00
-2.153439283370971680e+00 -1.279849529266357422e+00 -1.064285755157470703e+00 -1.012111902236938477e+00 1.000000000000000000e+00
7.209968566894531250e-02 -4.368957042694091797e+00 -1.703509092330932617e+00 -1.131647586822509766e+00 2.000000000000000000e+00
-2.153439283370971680e+00 -1.279849529266357422e+00 -1.064285755157470703e+00 -1.012111902236938477e+00 1.000000000000000000e+00
7.209968566894531250e-02 -4.368957042694091797e+00 -1.703509092330932617e+00 -1.131647586822509766e+00 2.000000000000000000e+00
-2.153439283370971680e+00 -1.279849529266357422e+00 -1.064285755157470703e+00 -1.012111902236938477e+00 1.000000000000000000e+00
7.209968566894531250e-02 -4.368957042694091797e+00 -1.703509092330932617e+00 -1.131647586822509766e+00 2.000000000000000000e+00
1.453105449676513672e+00 1.465188860893249512e+00 1.295657396316528320e+00 1.183405637741088867e+00 0.000000000000000000e+00
1.561771750450134277e+00 1.431396484375000000e+00 1.181795001029968262e+00 1.033838510513305664e+00 0.000000000000000000e+00
1.324406623840332031e+00 1.583616495132446289e+00 1.228524684906005859e+00 1.047419309616088867e+00 0.000000000000000000e+00
1.493489742279052734e+00 1.587565660476684570e+00 1.322767257690429688e+00 1.108924388885498047e+00 0.000000000000000000e+00
1.669553756713867188e+00 1.315576553344726562e+00 1.199693679809570312e+00 1.040503382682800293e+00 0.000000000000000000e+00
1.766386032104492188e+00 1.462432384490966797e+00 1.482444882392883301e+00 1.138894200325012207e+00 0.000000000000000000e+00
1.841974020004272461e+00 1.016786575317382812e+00 1.250166177749633789e+00 1.154013156890869141e+00 0.000000000000000000e+00
1.343456268310546875e+00 1.116481304168701172e+00 1.006334066390991211e+00 1.000117421150207520e+00 0.000000000000000000e+00
1.329204082489013672e+00 1.033072590827941895e+00 1.002641916275024414e+00 1.000034809112548828e+00 0.000000000000000000e+00
1.414396286010742188e+00 1.087714314460754395e+00 1.003799080848693848e+00 1.000163555145263672e+00 0.000000000000000000e+00
1.462795972824096680e+00 1.131434202194213867e+00 1.018852591514587402e+00 1.001725316047668457e+00 0.000000000000000000e+00
2.026721954345703125e+00 1.334064722061157227e+00 1.177013993263244629e+00 1.032456636428833008e+00 0.000000000000000000e+00
1.580281853675842285e+00 1.393369913101196289e+00 1.242631912231445312e+00 1.052132725715637207e+00 0.000000000000000000e+00
1.481846570968627930e+00 1.359774351119995117e+00 1.237874746322631836e+00 1.042210698127746582e+00 0.000000000000000000e+00
1.225930929183959961e+00 1.087378025054931641e+00 1.006932139396667480e+00 1.000265836715698242e+00 0.000000000000000000e+00
1.204964637756347656e+00 1.029583692550659180e+00 1.002694368362426758e+00 1.000026226043701172e+00 0.000000000000000000e+00
1.228549718856811523e+00 1.047399759292602539e+00 1.003951430320739746e+00 1.000048279762268066e+00 0.000000000000000000e+00
1.446478366851806641e+00 1.142702579498291016e+00 1.024563550949096680e+00 1.001271128654479980e+00 0.000000000000000000e+00
1.214819431304931641e+00 1.080117583274841309e+00 1.011531352996826172e+00 1.000495553016662598e+00 0.000000000000000000e+00
1.296643733978271484e+00 1.136991739273071289e+00 1.027014970779418945e+00 1.000599145889282227e+00 0.000000000000000000e+00
1.396652936935424805e+00 1.095669507980346680e+00 1.020651221275329590e+00 1.001257658004760742e+00 0.000000000000000000e+00
1.440212607383728027e+00 1.460839390754699707e+00 1.103294253349304199e+00 1.014030098915100098e+00 0.000000000000000000e+00
1.647838592529296875e+00 1.260750532150268555e+00 1.072866797447204590e+00 1.008261442184448242e+00 0.000000000000000000e+00
1.454597711563110352e+00 1.132588982582092285e+00 1.024560689926147461e+00 1.002191066741943359e+00 0.000000000000000000e+00
1.581442236900329590e+00 1.104380369186401367e+00 1.009687900543212891e+00 1.000468850135803223e+00 0.000000000000000000e+00
1.888386607170104980e+00 1.424423694610595703e+00 1.089648365974426270e+00 1.007526278495788574e+00 0.000000000000000000e+00
1.787565588951110840e+00 1.150344252586364746e+00 1.106546163558959961e+00 1.006366014480590820e+00 0.000000000000000000e+00
1.881782412528991699e+00 1.392046928405761719e+00 1.144366264343261719e+00 1.031361341476440430e+00 0.000000000000000000e+00
1.608935594558715820e+00 1.607688069343566895e+00 1.226873278617858887e+00 1.030813694000244141e+00 0.000000000000000000e+00
1.487704157829284668e+00 1.612391233444213867e+00 1.264826774597167969e+00 1.060095787048339844e+00 0.000000000000000000e+00
1.224664926528930664e+00 1.545208930969238281e+00 1.184373140335083008e+00 1.040876626968383789e+00 0.000000000000000000e+00
1.435584068298339844e+00 1.385536551475524902e+00 1.078467249870300293e+00 1.006059646606445312e+00 0.000000000000000000e+00
1.526949286460876465e+00 1.319370508193969727e+00 1.183692455291748047e+00 1.044511556625366211e+00 0.000000000000000000e+00
1.557751536369323730e+00 1.197644710540771484e+00 1.129621982574462891e+00 1.060235500335693359e+00 0.000000000000000000e+00
1.492583394050598145e+00 1.353934764862060547e+00 1.038996934890747070e+00 1.001285552978515625e+00 0.000000000000000000e+00
1.291415452957153320e+00 1.132371664047241211e+00 1.014500141143798828e+00 1.000824689865112305e+00 0.000000000000000000e+00
1.254087924957275391e+00 1.084934949874877930e+00 1.011837005615234375e+00 1.000586509704589844e+00 0.000000000000000000e+00
1.114775180816650391e+00 1.026364803314208984e+00 1.001328945159912109e+00 1.000026822090148926e+00 0.000000000000000000e+00
1.215855717658996582e+00 1.070848464965820312e+00 1.002506613731384277e+00 1.000020980834960938e+00 0.000000000000000000e+00
1.351202249526977539e+00 1.047499418258666992e+00 1.002003431320190430e+00 1.000016093254089355e+00 0.000000000000000000e+00
1.096019029617309570e+00 1.015545845031738281e+00 1.000227212905883789e+00 1.000001668930053711e+00 0.000000000000000000e+00
1.064293146133422852e+00 1.016156315803527832e+00 1.000213384628295898e+00 1.000001072883605957e+00 0.000000000000000000e+00
1.298117876052856445e+00 1.120862007141113281e+00 1.029817819595336914e+00 1.008355617523193359e+00 1.000000000000000000e+00
1.155892252922058105e+00 1.032098770141601562e+00 1.006479978561401367e+00 1.000252008438110352e+00 2.000000000000000000e+00
1.298117876052856445e+00 1.120862007141113281e+00 1.029817819595336914e+00 1.008355617523193359e+00 1.000000000000000000e+00
1.155892252922058105e+00 1.032098770141601562e+00 1.006479978561401367e+00 1.000252008438110352e+00 2.000000000000000000e+00
1.298117876052856445e+00 1.120862007141113281e+00 1.029817819595336914e+00 1.008355617523193359e+00 1.000000000000000000e+00
1.155892252922058105e+00 1.032098770141601562e+00 1.006479978561401367e+00 1.000252008438110352e+00 2.000000000000000000e+00
1.298117876052856445e+00 1.120862007141113281e+00 1.029817819595336914e+00 1.008355617523193359e+00 1.000000000000000000e+00
1.155892252922058105e+00 1.032098770141601562e+00 1.006479978561401367e+00 1.000252008438110352e+00 2.000000000000000000e+00
1.298117876052856445e+00 1.120862007141113281e+00 1.029817819595336914e+00 1.008355617523193359e+00 1.000000000000000000e+00
1.155892252922058105e+00 1.032098770141601562e+00 1.006479978561401367e+00 1.000252008438110352e+00 2.000000000000000000e+00
1.298117876052856445e+00 1.120862007141113281e+00 1.029817819595336914e+00 1.008355617523193359e+00 1.000000000000000000e+00
1.155892252922058105e+00 1.032098770141601562e+00 1.006479978561401367e+00 1.000252008438110352e+00 2.000000000000000000e+00
1.298117876052856445e+00 1.120862007141113281e+00 1.029817819595336914e+00 1.008355617523193359e+00 1.000000000000000000e+00
1.155892252922058105e+00 1.032098770141601562e+00 1.006479978561401367e+00 1.000252008438110352e+00 2.000000000000000000e+00
1.298117876052856445e+00 1.120862007141113281e+00 1.029817819595336914e+00 1.008355617523193359e+00 1.000000000000000000e+00
1.155892252922058105e+00 1.032098770141601562e+00 1.006479978561401367e+00 1.000252008438110352e+00 2.000000000000000000e+00
1.298117876052856445e+00 1.120862007141113281e+00 1.029817819595336914e+00 1.008355617523193359e+00 1.000000000000000000e+00
1.155892252922058105e+00 1.032098770141601562e+00 1.006479978561401367e+00 1.000252008438110352e+00 2.000000000000000000e+00
1.298117876052856445e+00 1.120862007141113281e+00 1.029817819595336914e+00 1.008355617523193359e+00 1.000000000000000000e+00
1.155892252922058105e+00 1.032098770141601562e+00 1.006479978561401367e+00 1.000252008438110352e+00 2.000000000000000000e+00
1.734222650527954102e+00 1.215579748153686523e+00 1.072246313095092773e+00 1.013740301132202148e+00 0.000000000000000000e+00
1.552801370620727539e+00 1.119435429573059082e+00 1.036817312240600586e+00 1.005628347396850586e+00 0.000000000000000000e+00
1.452736854553222656e+00 1.055577039718627930e+00 1.005947589874267578e+00 1.000348448753356934e+00 0.000000000000000000e+00
1.543302893638610840e+00 1.057044982910156250e+00 1.003935813903808594e+00 1.000173091888427734e+00 0.000000000000000000e+00
1.357894778251647949e+00 1.037016391754150391e+00 1.003457784652709961e+00 1.000175476074218750e+00 0.000000000000000000e+00
1.250605344772338867e+00 1.021604537963867188e+00 1.001669883728027344e+00 1.000048756599426270e+00 0.000000000000000000e+00
1.113123178482055664e+00 1.008219361305236816e+00 1.000203371047973633e+00 1.000003814697265625e+00 0.000000000000000000e+00
1.280055522918701172e+00 1.118498086929321289e+00 9.402992129325866699e-01 1.133608460426330566e+00 1.000000000000000000e+00
1.675169706344604492e+00 1.425861716270446777e+00 1.181988239288330078e+00 1.068484306335449219e+00 2.000000000000000000e+00
1.280055522918701172e+00 1.118498086929321289e+00 9.402992129325866699e-01 1.133608460426330566e+00 1.000000000000000000e+00
1.675169706344604492e+00 1.425861716270446777e+00 1.181988239288330078e+00 1.068484306335449219e+00 2.000000000000000000e+00
1.280055522918701172e+00 1.118498086929321289e+00 9.402992129325866699e-01 1.133608460426330566e+00 1.000000000000000000e+00
1.675169706344604492e+00 1.425861716270446777e+00 1.181988239288330078e+00 1.068484306335449219e+00 2.000000000000000000e+00
1.280055522918701172e+00 1.118498086929321289e+00 9.402992129325866699e-01 1.133608460426330566e+00 1.000000000000000000e+00
1.675169706344604492e+00 1.425861716270446777e+00 1.181988239288330078e+00 1.068484306335449219e+00 2.000000000000000000e+00
1.280055522918701172e+00 1.118498086929321289e+00 9.402992129325866699e-01 1.133608460426330566e+00 1.000000000000000000e+00
1.675169706344604492e+00 1.425861716270446777e+00 1.181988239288330078e+00 1.068484306335449219e+00 2.000000000000000000e+00
1.280055522918701172e+00 1.118498086929321289e+00 9.402992129325866699e-01 1.133608460426330566e+00 1.000000000000000000e+00
1.675169706344604492e+00 1.425861716270446777e+00 1.181988239288330078e+00 1.068484306335449219e+00 2.000000000000000000e+00
1.280055522918701172e+00 1.118498086929321289e+00 9.402992129325866699e-01 1.133608460426330566e+00 1.000000000000000000e+00
1.675169706344604492e+00 1.425861716270446777e+00 1.181988239288330078e+00 1.068484306335449219e+00 2.000000000000000000e+00
1.280055522918701172e+00 1.118498086929321289e+00 9.402992129325866699e-01 1.133608460426330566e+00 1.000000000000000000e+00
1.675169706344604492e+00 1.425861716270446777e+00 1.181988239288330078e+00 1.068484306335449219e+00 2.000000000000000000e+00
1.280055522918701172e+00 1.118498086929321289e+00 9.402992129325866699e-01 1.133608460426330566e+00 1.000000000000000000e+00
1.675169706344604492e+00 1.425861716270446777e+00 1.181988239288330078e+00 1.068484306335449219e+00 2.000000000000000000e+00
1.280055522918701172e+00 1.118498086929321289e+00 9.402992129325866699e-01 1.133608460426330566e+00 1.000000000000000000e+00
1.675169706344604492e+00 1.425861716270446777e+00 1.181988239288330078e+00 1.068484306335449219e+00 2.000000000000000000e+00
1.492424964904785156e+00 1.181741476058959961e+00 1.035905480384826660e+00 1.002679347991943359e+00 0.000000000000000000e+00
1.581685066223144531e+00 1.084379076957702637e+00 1.013685703277587891e+00 1.000480413436889648e+00 0.000000000000000000e+00
1.761554956436157227e+00 1.172918558120727539e+00 1.056435108184814453e+00 1.010924220085144043e+00 0.000000000000000000e+00
1.657505512237548828e+00 1.200021028518676758e+00 1.071224689483642578e+00 1.014372229576110840e+00 0.000000000000000000e+00
1.637651205062866211e+00 1.109890103340148926e+00 1.103728771209716797e+00 1.033559203147888184e+00 0.000000000000000000e+00
1.140728831291198730e+00 1.644493818283081055e+00 1.652048826217651367e+00 1.169046998023986816e+00 0.000000000000000000e+00
1.968879222869873047e+00 1.523386955261230469e+00 1.389820575714111328e+00 1.211033344268798828e+00 0.000000000000000000e+00
1.502007246017456055e+00 1.135051965713500977e+00 1.016083240509033203e+00 1.000610470771789551e+00 0.000000000000000000e+00
1.665344953536987305e+00 1.201011180877685547e+00 1.022769093513488770e+00 1.001529216766357422e+00 0.000000000000000000e+00
1.807043671607971191e+00 1.149254083633422852e+00 1.041721701622009277e+00 1.004249930381774902e+00 0.000000000000000000e+00
1.495459198951721191e+00 1.273473262786865234e+00 1.125475883483886719e+00 1.023781180381774902e+00 0.000000000000000000e+00
1.378465771675109863e+00 1.083193302154541016e+00 1.008261919021606445e+00 1.000372052192687988e+00 0.000000000000000000e+00
1.280183911323547363e+00 1.062355995178222656e+00 1.006434082984924316e+00 1.000144243240356445e+00 0.000000000000000000e+00
1.337011814117431641e+00 1.102705717086791992e+00 1.011196374893188477e+00 1.000471591949462891e+00 0.000000000000000000e+00
3.293989419937133789e+00 2.790781021118164062e+00 1.470146298408508301e+00 1.312514066696166992e+00 0.000000000000000000e+00
1.469356894493103027e+00 1.416194915771484375e+00 1.177903652191162109e+00 1.041767239570617676e+00 0.000000000000000000e+00
1.215118646621704102e+00 1.129265069961547852e+00 1.018694877624511719e+00 1.002975702285766602e+00 0.000000000000000000e+00
1.395631551742553711e+00 1.158760905265808105e+00 1.013233304023742676e+00 1.000385522842407227e+00 0.000000000000000000e+00
1.111656904220581055e+00 1.036495208740234375e+00 1.001476526260375977e+00 1.000017642974853516e+00 0.000000000000000000e+00
1.100224971771240234e+00 1.019364953041076660e+00 1.000697016716003418e+00 1.000003218650817871e+00 0.000000000000000000e+00
1.265185117721557617e+00 1.054621219635009766e+00 1.003649950027465820e+00 1.000076055526733398e+00 0.000000000000000000e+00
1.608279228210449219e+00 1.136350870132446289e+00 1.050685882568359375e+00 1.004476070404052734e+00 0.000000000000000000e+00
1.664018630981445312e+00 1.295717477798461914e+00 1.099840164184570312e+00 1.020804762840270996e+00 0.000000000000000000e+00
1.458901166915893555e+00 1.513726234436035156e+00 1.263946294784545898e+00 1.058904170989990234e+00 0.000000000000000000e+00
1.770301699638366699e+00 1.393977403640747070e+00 1.282767653465270996e+00 1.125698566436767578e+00 0.000000000000000000e+00
1.288170099258422852e+00 1.692581176757812500e+00 1.151008963584899902e+00 1.015990495681762695e+00 0.000000000000000000e+00
2.421059131622314453e+00 1.330673933029174805e+00 1.069138526916503906e+00 1.005863904953002930e+00 0.000000000000000000e+00
1.831284523010253906e+00 1.498808860778808594e+00 1.132424592971801758e+00 1.017440795898437500e+00 0.000000000000000000e+00
1.704130649566650391e+00 1.518480539321899414e+00 1.147417068481445312e+00 1.022136211395263672e+00 0.000000000000000000e+00
1.500582575798034668e+00 1.351712942123413086e+00 1.403846502304077148e+00 1.062141895294189453e+00 0.000000000000000000e+00
1.623005628585815430e+00 1.563782095909118652e+00 1.287196636199951172e+00 1.138394117355346680e+00 0.000000000000000000e+00
1.318792223930358887e+00 1.868759393692016602e+00 1.513538122177124023e+00 1.145085334777832031e+00 0.000000000000000000e+00
8.002643585205078125e-01 1.834127664566040039e+00 1.636585593223571777e+00 1.347814559936523438e+00 0.000000000000000000e+00
7.742035388946533203e-01 2.079640388488769531e+00 1.785660028457641602e+00 1.389410138130187988e+00 0.000000000000000000e+00
1.270774841308593750e+00 1.667409658432006836e+00 1.268693566322326660e+00 1.067786693572998047e+00 0.000000000000000000e+00
2.208930969238281250e+00 1.496958374977111816e+00 1.167652606964111328e+00 1.139797329902648926e+00 0.000000000000000000e+00
1.641335487365722656e+00 1.449760317802429199e+00 1.140731453895568848e+00 1.246609687805175781e+00 0.000000000000000000e+00
1.273463010787963867e+00 1.655348777770996094e+00 1.346563100814819336e+00 1.233370780944824219e+00 0.000000000000000000e+00
1.612678170204162598e+00 1.613846540451049805e+00 1.413644671440124512e+00 1.157151699066162109e+00 0.000000000000000000e+00
-4.451345443725585938e+00 -1.274413824081420898e+00 -1.278604030609130859e+00 -1.028379201889038086e+00 0.000000000000000000e+00
1.637071609497070312e+00 1.190515041351318359e+00 1.120126962661743164e+00 1.018372774124145508e+00 0.000000000000000000e+00
