9.503587484359741211e-01 9.969222545623779297e-01 9.998717308044433594e-01 9.999967813491821289e-01 9.999999403953552246e-01 0.000000000000000000e+00
4.897065758705139160e-01 9.509136676788330078e-01 9.862689375877380371e-01 9.993265867233276367e-01 9.999715089797973633e-01 0.000000000000000000e+00
8.827672600746154785e-01 9.698428511619567871e-01 9.908720850944519043e-01 9.991843700408935547e-01 9.999640583992004395e-01 0.000000000000000000e+00
9.906290173530578613e-01 9.994797110557556152e-01 9.999876618385314941e-01 9.999998807907104492e-01 1.000000000000000000e+00 0.000000000000000000e+00
9.385663270950317383e-01 9.909741878509521484e-01 9.985069036483764648e-01 9.999859929084777832e-01 9.999999403953552246e-01 0.000000000000000000e+00
3.459491431713104248e-01 3.653958439826965332e-01 7.724282145500183105e-01 9.793466329574584961e-01 9.994845986366271973e-01 0.000000000000000000e+00
8.198788762092590332e-01 9.036487340927124023e-01 9.933022856712341309e-01 9.996277689933776855e-01 9.999817013740539551e-01 0.000000000000000000e+00
7.993405461311340332e-01 8.169457912445068359e-01 9.239184260368347168e-01 9.679715633392333984e-01 9.924054145812988281e-01 0.000000000000000000e+00
8.348100781440734863e-01 9.545209407806396484e-01 9.874160289764404297e-01 9.971919059753417969e-01 9.994665980339050293e-01 0.000000000000000000e+00
8.338247537612915039e-01 9.436101913452148438e-01 9.854702949523925781e-01 9.966165423393249512e-01 9.994497299194335938e-01 0.000000000000000000e+00
8.464643359184265137e-01 9.630491733551025391e-01 9.957508444786071777e-01 9.994409084320068359e-01 9.999536871910095215e-01 0.000000000000000000e+00
8.709744811058044434e-01 9.656036496162414551e-01 9.931474924087524414e-01 9.989997148513793945e-01 9.999146461486816406e-01 0.000000000000000000e+00
9.009631276130676270e-01 9.750258326530456543e-01 9.951384067535400391e-01 9.995021224021911621e-01 9.999563694000244141e-01 0.000000000000000000e+00
9.194699525833129883e-01 9.804773926734924316e-01 9.964464902877807617e-01 9.996960759162902832e-01 9.999822974205017090e-01 0.000000000000000000e+00
9.880150556564331055e-01 9.996128082275390625e-01 9.999899864196777344e-01 9.999999403953552246e-01 1.000000000000000000e+00 0.000000000000000000e+00
8.506978750228881836e-01 9.160465598106384277e-01 9.920614957809448242e-01 9.998721480369567871e-01 9.999959468841552734e-01 0.000000000000000000e+00
9.673874974250793457e-01 9.998552203178405762e-01 9.999987483024597168e-01 1.000000000000000000e+00 1.000000000000000000e+00 0.000000000000000000e+00
8.034296631813049316e-01 9.945377707481384277e-01 9.999208450317382812e-01 9.999995827674865723e-01 1.000000000000000000e+00 0.000000000000000000e+00
7.708798646926879883e-01 9.899559020996093750e-01 9.999457001686096191e-01 9.999999403953552246e-01 1.000000000000000000e+00 0.000000000000000000e+00
9.335692524909973145e-01 9.938744902610778809e-01 9.999608397483825684e-01 9.999995827674865723e-01 1.000000000000000000e+00 0.000000000000000000e+00
1.837266981601715088e-01 8.826366662979125977e-01 9.984797835350036621e-01 9.999471902847290039e-01 9.999991059303283691e-01 0.000000000000000000e+00
8.323312997817993164e-01 9.923436641693115234e-01 9.995834827423095703e-01 9.999901056289672852e-01 9.999999403953552246e-01 0.000000000000000000e+00
9.724847674369812012e-01 9.984220862388610840e-01 9.999443292617797852e-01 9.999977946281433105e-01 1.000000000000000000e+00 0.000000000000000000e+00
5.300342454575002193e-04 7.343506813049316406e-01 9.443693757057189941e-01 9.970595240592956543e-01 9.997244477272033691e-01 0.000000000000000000e+00
-5.429524779319763184e-01 -7.782689332962036133e-01 -8.101295232772827148e-01 -7.967038154602050781e-01 -7.799259424209594727e-01 0.000000000000000000e+00
7.613283395767211914e-01 9.488415122032165527e-01 9.948241710662841797e-01 9.992672801017761230e-01 9.999315738677978516e-01 0.000000000000000000e+00
9.243896007537841797e-01 9.884985089302062988e-01 9.987732172012329102e-01 9.999700784683227539e-01 9.999995231628417969e-01 0.000000000000000000e+00
8.421411514282226562e-01 9.673027992248535156e-01 9.942345023155212402e-01 9.993762373924255371e-01 9.999727010726928711e-01 0.000000000000000000e+00
9.779474139213562012e-01 9.996829032897949219e-01 9.999973177909851074e-01 1.000000000000000000e+00 1.000000000000000000e+00 0.000000000000000000e+00
9.867780208587646484e-01 9.996584653854370117e-01 9.999943375587463379e-01 9.999999403953552246e-01 1.000000000000000000e+00 0.000000000000000000e+00
9.343354105949401855e-01 9.945102334022521973e-01 9.997861981391906738e-01 9.999960064888000488e-01 9.999999403953552246e-01 0.000000000000000000e+00
8.833714723587036133e-01 9.749854803085327148e-01 9.981283545494079590e-01 9.999327063560485840e-01 9.999983906745910645e-01 0.000000000000000000e+00
-9.768547490239143372e-03 7.494094222784042358e-02 5.329790711402893066e-01 9.259103536605834961e-01 9.963222146034240723e-01 0.000000000000000000e+00
5.156983733177185059e-01 6.406657695770263672e-01 4.188488125801086426e-01 8.261756300926208496e-01 8.946769237518310547e-01 0.000000000000000000e+00
4.372042417526245117e-01 6.493288278579711914e-01 9.419048428535461426e-01 9.832324385643005371e-01 9.966631531715393066e-01 0.000000000000000000e+00
9.843563437461853027e-01 9.997127652168273926e-01 9.999995231628417969e-01 1.000000000000000000e+00 1.000000000000000000e+00 0.000000000000000000e+00
9.870397448539733887e-01 9.998403787612915039e-01 9.999993443489074707e-01 1.000000000000000000e+00 1.000000000000000000e+00 0.000000000000000000e+00
9.883444309234619141e-01 9.996748566627502441e-01 9.999997615814208984e-01 1.000000000000000000e+00 1.000000000000000000e+00 0.000000000000000000e+00
9.810204505920410156e-01 9.997923970222473145e-01 9.999967813491821289e-01 1.000000000000000000e+00 1.000000000000000000e+00 0.000000000000000000e+00
9.673365354537963867e-01 9.990031719207763672e-01 9.999937415122985840e-01 9.999999403953552246e-01 1.000000000000000000e+00 0.000000000000000000e+00
9.955337047576904297e-01 9.999834895133972168e-01 1.000000000000000000e+00 1.000000000000000000e+00 1.000000000000000000e+00 0.000000000000000000e+00
9.131002426147460938e-01 9.924740195274353027e-01 9.998810887336730957e-01 9.999999403953552246e-01 1.000000000000000000e+00 0.000000000000000000e+00
1.464760750532150269e-01 5.847526192665100098e-01 5.977198481559753418e-01 4.592770040035247803e-01 7.384157776832580566e-01 1.000000000000000000e+00
9.648658037185668945e-01 9.983311891555786133e-01 9.996896982192993164e-01 9.999963045120239258e-01 9.999999403953552246e-01 2.000000000000000000e+00
1.464760750532150269e-01 5.847526192665100098e-01 5.977198481559753418e-01 4.592770040035247803e-01 7.384157776832580566e-01 1.000000000000000000e+00
9.648658037185668945e-01 9.983311891555786133e-01 9.996896982192993164e-01 9.999963045120239258e-01 9.999999403953552246e-01 2.000000000000000000e+00
1.464760750532150269e-01 5.847526192665100098e-01 5.977198481559753418e-01 4.592770040035247803e-01 7.384157776832580566e-01 1.000000000000000000e+00
9.648658037185668945e-01 9.983311891555786133e-01 9.996896982192993164e-01 9.999963045120239258e-01 9.999999403953552246e-01 2.000000000000000000e+00
1.464760750532150269e-01 5.847526192665100098e-01 5.977198481559753418e-01 4.592770040035247803e-01 7.384157776832580566e-01 1.000000000000000000e+00
9.648658037185668945e-01 9.983311891555786133e-01 9.996896982192993164e-01 9.999963045120239258e-01 9.999999403953552246e-01 2.000000000000000000e+00
1.464760750532150269e-01 5.847526192665100098e-01 5.977198481559753418e-01 4.592770040035247803e-01 7.384157776832580566e-01 1.000000000000000000e+00
9.648658037185668945e-01 9.983311891555786133e-01 9.996896982192993164e-01 9.999963045120239258e-01 9.999999403953552246e-01 2.000000000000000000e+00
1.464760750532150269e-01 5.847526192665100098e-01 5.977198481559753418e-01 4.592770040035247803e-01 7.384157776832580566e-01 1.000000000000000000e+00
9.648658037185668945e-01 9.983311891555786133e-01 9.996896982192993164e-01 9.999963045120239258e-01 9.999999403953552246e-01 2.000000000000000000e+00
1.464760750532150269e-01 5.847526192665100098e-01 5.977198481559753418e-01 4.592770040035247803e-01 7.384157776832580566e-01 1.000000000000000000e+00
9.648658037185668945e-01 9.983311891555786133e-01 9.996896982192993164e-01 9.999963045120239258e-01 9.999999403953552246e-01 2.000000000000000000e+00
1.464760750532150269e-01 5.847526192665100098e-01 5.977198481559753418e-01 4.592770040035247803e-01 7.384157776832580566e-01 1.000000000000000000e+00
9.648658037185668945e-01 9.983311891555786133e-01 9.996896982192993164e-01 9.999963045120239258e-01 9.999999403953552246e-01 2.000000000000000000e+00
1.464760750532150269e-01 5.847526192665100098e-01 5.977198481559753418e-01 4.592770040035247803e-01 7.384157776832580566e-01 1.000000000000000000e+00
9.648658037185668945e-01 9.983311891555786133e-01 9.996896982192993164e-01 9.999963045120239258e-01 9.999999403953552246e-01 2.000000000000000000e+00
1.464760750532150269e-01 5.847526192665100098e-01 5.977198481559753418e-01 4.592770040035247803e-01 7.384157776832580566e-01 1.000000000000000000e+00
9.648658037185668945e-01 9.983311891555786133e-01 9.996896982192993164e-01 9.999963045120239258e-01 9.999999403953552246e-01 2.000000000000000000e+00
8.821977972984313965e-01 9.969895482063293457e-01 9.999489188194274902e-01 9.999995827674865723e-01 1.000000000000000000e+00 0.000000000000000000e+00
8.692526817321777344e-01 9.916644096374511719e-01 9.998531937599182129e-01 9.999951124191284180e-01 1.000000000000000000e+00 0.000000000000000000e+00
9.612305760383605957e-01 9.991844892501831055e-01 9.999948143959045410e-01 9.999999403953552246e-01 1.000000000000000000e+00 0.000000000000000000e+00
9.472240209579467773e-01 9.937708973884582520e-01 9.997626543045043945e-01 9.999976158142089844e-01 1.000000000000000000e+00 0.000000000000000000e+00
9.548098444938659668e-01 9.981505870819091797e-01 9.998715519905090332e-01 9.999812245368957520e-01 9.999989867210388184e-01 0.000000000000000000e+00
9.977788925170898438e-01 9.999822974205017090e-01 9.999998807907104492e-01 1.000000000000000000e+00 1.000000000000000000e+00 0.000000000000000000e+00
9.750020503997802734e-01 9.990251064300537109e-01 9.999519586563110352e-01 9.999998211860656738e-01 1.000000000000000000e+00 0.000000000000000000e+00
9.978760480880737305e-01 9.999986886978149414e-01 1.000000000000000000e+00 1.000000000000000000e+00 1.000000000000000000e+00 0.000000000000000000e+00
9.903805255889892578e-01 9.998816847801208496e-01 9.999986886978149414e-01 1.000000000000000000e+00 1.000000000000000000e+00 0.000000000000000000e+00
9.371525049209594727e-01 9.891497492790222168e-01 9.976911544799804688e-01 9.999489188194274902e-01 9.999996423721313477e-01 0.000000000000000000e+00
8.582323789596557617e-01 9.657956361770629883e-01 9.922428727149963379e-01 9.989876151084899902e-01 9.999786615371704102e-01 0.000000000000000000e+00
9.141680002212524414e-01 9.800541400909423828e-01 9.970907568931579590e-01 9.997385740280151367e-01 9.999895691871643066e-01 0.000000000000000000e+00
9.445369839668273926e-01 9.945375323295593262e-01 9.996712803840637207e-01 9.999908208847045898e-01 9.999998807907104492e-01 0.000000000000000000e+00
9.497385025024414062e-01 9.951378107070922852e-01 9.997259378433227539e-01 9.999952912330627441e-01 9.999999403953552246e-01 0.000000000000000000e+00
9.542630910873413086e-01 9.938446283340454102e-01 9.989730715751647949e-01 9.999509453773498535e-01 9.999974370002746582e-01 0.000000000000000000e+00
9.530346393585205078e-01 9.994308948516845703e-01 9.999884963035583496e-01 9.999998807907104492e-01 1.000000000000000000e+00 0.000000000000000000e+00
9.554905295372009277e-01 9.966687560081481934e-01 9.999762773513793945e-01 9.999999403953552246e-01 1.000000000000000000e+00 0.000000000000000000e+00
8.389639854431152344e-01 9.832914471626281738e-01 9.994484186172485352e-01 9.999931454658508301e-01 9.999998807907104492e-01 0.000000000000000000e+00
8.969740271568298340e-01 9.538761377334594727e-01 9.888655543327331543e-01 9.991180300712585449e-01 9.999717473983764648e-01 0.000000000000000000e+00
4.451627135276794434e-01 2.114675380289554596e-02 -1.433403640985488892e-01 2.125420235097408295e-02 3.706485629081726074e-01 1.000000000000000000e+00
7.736322283744812012e-01 5.858019590377807617e-01 9.098328351974487305e-01 9.932960271835327148e-01 9.995806813240051270e-01 2.000000000000000000e+00
4.451627135276794434e-01 2.114675380289554596e-02 -1.433403640985488892e-01 2.125420235097408295e-02 3.706485629081726074e-01 1.000000000000000000e+00
7.736322283744812012e-01 5.858019590377807617e-01 9.098328351974487305e-01 9.932960271835327148e-01 9.995806813240051270e-01 2.000000000000000000e+00
4.451627135276794434e-01 2.114675380289554596e-02 -1.433403640985488892e-01 2.125420235097408295e-02 3.706485629081726074e-01 1.000000000000000000e+00
7.736322283744812012e-01 5.858019590377807617e-01 9.098328351974487305e-01 9.932960271835327148e-01 9.995806813240051270e-01 2.000000000000000000e+00
4.451627135276794434e-01 2.114675380289554596e-02 -1.433403640985488892e-01 2.125420235097408295e-02 3.706485629081726074e-01 1.000000000000000000e+00
7.736322283744812012e-01 5.858019590377807617e-01 9.098328351974487305e-01 9.932960271835327148e-01 9.995806813240051270e-01 2.000000000000000000e+00
4.451627135276794434e-01 2.114675380289554596e-02 -1.433403640985488892e-01 2.125420235097408295e-02 3.706485629081726074e-01 1.000000000000000000e+00
7.736322283744812012e-01 5.858019590377807617e-01 9.098328351974487305e-01 9.932960271835327148e-01 9.995806813240051270e-01 2.000000000000000000e+00
4.451627135276794434e-01 2.114675380289554596e-02 -1.433403640985488892e-01 2.125420235097408295e-02 3.706485629081726074e-01 1.000000000000000000e+00
7.736322283744812012e-01 5.858019590377807617e-01 9.098328351974487305e-01 9.932960271835327148e-01 9.995806813240051270e-01 2.000000000000000000e+00
4.451627135276794434e-01 2.114675380289554596e-02 -1.433403640985488892e-01 2.125420235097408295e-02 3.706485629081726074e-01 1.000000000000000000e+00
7.736322283744812012e-01 5.858019590377807617e-01 9.098328351974487305e-01 9.932960271835327148e-01 9.995806813240051270e-01 2.000000000000000000e+00
4.451627135276794434e-01 2.114675380289554596e-02 -1.433403640985488892e-01 2.125420235097408295e-02 3.706485629081726074e-01 1.000000000000000000e+00
7.736322283744812012e-01 5.858019590377807617e-01 9.098328351974487305e-01 9.932960271835327148e-01 9.995806813240051270e-01 2.000000000000000000e+00
4.451627135276794434e-01 2.114675380289554596e-02 -1.433403640985488892e-01 2.125420235097408295e-02 3.706485629081726074e-01 1.000000000000000000e+00
7.736322283744812012e-01 5.858019590377807617e-01 9.098328351974487305e-01 9.932960271835327148e-01 9.995806813240051270e-01 2.000000000000000000e+00
4.451627135276794434e-01 2.114675380289554596e-02 -1.433403640985488892e-01 2.125420235097408295e-02 3.706485629081726074e-01 1.000000000000000000e+00
7.736322283744812012e-01 5.858019590377807617e-01 9.098328351974487305e-01 9.932960271835327148e-01 9.995806813240051270e-01 2.000000000000000000e+00
8.892052769660949707e-01 9.722305536270141602e-01 9.978298544883728027e-01 9.998762011528015137e-01 9.999922513961791992e-01 0.000000000000000000e+00
7.641757130622863770e-01 9.869354963302612305e-01 9.981944561004638672e-01 9.999701380729675293e-01 9.999992847442626953e-01 0.000000000000000000e+00
6.661471128463745117e-01 9.748381972312927246e-01 9.989792108535766602e-01 9.999775290489196777e-01 9.999994039535522461e-01 0.000000000000000000e+00
9.659177660942077637e-01 9.959939718246459961e-01 9.998645186424255371e-01 9.999993443489074707e-01 1.000000000000000000e+00 0.000000000000000000e+00
9.571518301963806152e-01 9.921501874923706055e-01 9.997981786727905273e-01 9.999755024909973145e-01 9.999998807907104492e-01 0.000000000000000000e+00
7.380415201187133789e-01 8.367509841918945312e-01 9.053669571876525879e-01 9.786481261253356934e-01 9.963141083717346191e-01 1.000000000000000000e+00
3.764453530311584473e-01 8.784350752830505371e-01 9.855725169181823730e-01 9.954569935798645020e-01 9.993352293968200684e-01 2.000000000000000000e+00
7.380415201187133789e-01 8.367509841918945312e-01 9.053669571876525879e-01 9.786481261253356934e-01 9.963141083717346191e-01 1.000000000000000000e+00
3.764453530311584473e-01 8.784350752830505371e-01 9.855725169181823730e-01 9.954569935798645020e-01 9.993352293968200684e-01 2.000000000000000000e+00
7.380415201187133789e-01 8.367509841918945312e-01 9.053669571876525879e-01 9.786481261253356934e-01 9.963141083717346191e-01 1.000000000000000000e+00
3.764453530311584473e-01 8.784350752830505371e-01 9.855725169181823730e-01 9.954569935798645020e-01 9.993352293968200684e-01 2.000000000000000000e+00
7.380415201187133789e-01 8.367509841918945312e-01 9.053669571876525879e-01 9.786481261253356934e-01 9.963141083717346191e-01 1.000000000000000000e+00
3.764453530311584473e-01 8.784350752830505371e-01 9.855725169181823730e-01 9.954569935798645020e-01 9.993352293968200684e-01 2.000000000000000000e+00
7.380415201187133789e-01 8.367509841918945312e-01 9.053669571876525879e-01 9.786481261253356934e-01 9.963141083717346191e-01 1.000000000000000000e+00
3.764453530311584473e-01 8.784350752830505371e-01 9.855725169181823730e-01 9.954569935798645020e-01 9.993352293968200684e-01 2.000000000000000000e+00
7.380415201187133789e-01 8.367509841918945312e-01 9.053669571876525879e-01 9.786481261253356934e-01 9.963141083717346191e-01 1.000000000000000000e+00
3.764453530311584473e-01 8.784350752830505371e-01 9.855725169181823730e-01 9.954569935798645020e-01 9.993352293968200684e-01 2.000000000000000000e+00
7.380415201187133789e-01 8.367509841918945312e-01 9.053669571876525879e-01 9.786481261253356934e-01 9.963141083717346191e-01 1.000000000000000000e+00
3.764453530311584473e-01 8.784350752830505371e-01 9.855725169181823730e-01 9.954569935798645020e-01 9.993352293968200684e-01 2.000000000000000000e+00
7.380415201187133789e-01 8.367509841918945312e-01 9.053669571876525879e-01 9.786481261253356934e-01 9.963141083717346191e-01 1.000000000000000000e+00
3.764453530311584473e-01 8.784350752830505371e-01 9.855725169181823730e-01 9.954569935798645020e-01 9.993352293968200684e-01 2.000000000000000000e+00
7.380415201187133789e-01 8.367509841918945312e-01 9.053669571876525879e-01 9.786481261253356934e-01 9.963141083717346191e-01 1.000000000000000000e+00
3.764453530311584473e-01 8.784350752830505371e-01 9.855725169181823730e-01 9.954569935798645020e-01 9.993352293968200684e-01 2.000000000000000000e+00
7.380415201187133789e-01 8.367509841918945312e-01 9.053669571876525879e-01 9.786481261253356934e-01 9.963141083717346191e-01 1.000000000000000000e+00
3.764453530311584473e-01 8.784350752830505371e-01 9.855725169181823730e-01 9.954569935798645020e-01 9.993352293968200684e-01 2.000000000000000000e+00
9.713184237480163574e-01 9.970012903213500977e-01 9.999515414237976074e-01 9.999998211860656738e-01 1.000000000000000000e+00 0.000000000000000000e+00
9.615903496742248535e-01 9.971374869346618652e-01 9.998766779899597168e-01 9.999980926513671875e-01 1.000000000000000000e+00 0.000000000000000000e+00
9.228098392486572266e-01 9.990563392639160156e-01 9.999918341636657715e-01 9.999999403953552246e-01 1.000000000000000000e+00 0.000000000000000000e+00
7.025290727615356445e-01 9.751602411270141602e-01 9.966293573379516602e-01 9.994941949844360352e-01 9.999663829803466797e-01 0.000000000000000000e+00
7.339582443237304688e-01 9.263537526130676270e-01 9.708790183067321777e-01 9.976316094398498535e-01 9.998397231101989746e-01 0.000000000000000000e+00
8.911846280097961426e-01 9.797693490982055664e-01 9.982603192329406738e-01 9.998841285705566406e-01 9.999952912330627441e-01 0.000000000000000000e+00
9.864773154258728027e-01 9.997968077659606934e-01 9.999951124191284180e-01 9.999999403953552246e-01 1.000000000000000000e+00 0.000000000000000000e+00
9.762277603149414062e-01 9.977581501007080078e-01 9.999645948410034180e-01 9.999998807907104492e-01 1.000000000000000000e+00 0.000000000000000000e+00
9.984202384948730469e-01 9.999885559082031250e-01 9.999999403953552246e-01 1.000000000000000000e+00 1.000000000000000000e+00 0.000000000000000000e+00
-6.524063348770141602e-01 -3.045885264873504639e-01 9.930164217948913574e-01 9.998801350593566895e-01 9.999997615814208984e-01 0.000000000000000000e+00
9.920442700386047363e-01 9.997625946998596191e-01 9.999970197677612305e-01 9.999999403953552246e-01 1.000000000000000000e+00 0.000000000000000000e+00
9.781494140625000000e-01 9.999526739120483398e-01 9.999997019767761230e-01 1.000000000000000000e+00 1.000000000000000000e+00 0.000000000000000000e+00
9.927210807800292969e-01 9.999923706054687500e-01 1.000000000000000000e+00 1.000000000000000000e+00 1.000000000000000000e+00 0.000000000000000000e+00
9.530456662178039551e-01 9.999263286590576172e-01 9.999985694885253906e-01 1.000000000000000000e+00 1.000000000000000000e+00 0.000000000000000000e+00
9.301268458366394043e-01 9.957748055458068848e-01 9.997542500495910645e-01 9.999945759773254395e-01 9.999999403953552246e-01 0.000000000000000000e+00
9.275961518287658691e-01 9.944793581962585449e-01 9.996591806411743164e-01 9.999907016754150391e-01 9.999998807907104492e-01 0.000000000000000000e+00
9.660395979881286621e-01 9.983903169631958008e-01 9.999768137931823730e-01 9.999997019767761230e-01 1.000000000000000000e+00 0.000000000000000000e+00
9.523276686668395996e-01 9.964673519134521484e-01 9.998411536216735840e-01 9.999991059303283691e-01 1.000000000000000000e+00 0.000000000000000000e+00
9.270306825637817383e-01 9.983607530593872070e-01 9.999840855598449707e-01 9.999998211860656738e-01 1.000000000000000000e+00 0.000000000000000000e+00
8.901986479759216309e-01 9.895516633987426758e-01 9.994699954986572266e-01 9.999907612800598145e-01 9.999999403953552246e-01 0.000000000000000000e+00
9.254116415977478027e-01 9.923153519630432129e-01 9.989344477653503418e-01 9.999773502349853516e-01 9.999994635581970215e-01 0.000000000000000000e+00
9.923769831657409668e-01 9.998358488082885742e-01 9.999972581863403320e-01 1.000000000000000000e+00 1.000000000000000000e+00 0.000000000000000000e+00
9.713465571403503418e-01 9.964160323143005371e-01 9.999167919158935547e-01 9.999990463256835938e-01 1.000000000000000000e+00 0.000000000000000000e+00
9.633510708808898926e-01 9.998915791511535645e-01 9.999990463256835938e-01 1.000000000000000000e+00 1.000000000000000000e+00 0.000000000000000000e+00
9.971837997436523438e-01 9.999927878379821777e-01 1.000000000000000000e+00 1.000000000000000000e+00 1.000000000000000000e+00 0.000000000000000000e+00
9.945093393325805664e-01 9.999942779541015625e-01 1.000000000000000000e+00 1.000000000000000000e+00 1.000000000000000000e+00 0.000000000000000000e+00
9.901740550994873047e-01 9.999530911445617676e-01 9.999999403953552246e-01 1.000000000000000000e+00 1.000000000000000000e+00 0.000000000000000000e+00
-5.094408392906188965e-01 -7.256176471710205078e-01 -8.720336556434631348e-01 -7.343184947967529297e-01 -8.916305303573608398e-01 1.000000000000000000e+00
9.811087846755981445e-01 9.995303153991699219e-01 9.999964237213134766e-01 1.000000000000000000e+00 1.000000000000000000e+00 2.000000000000000000e+00
-5.094408392906188965e-01 -7.256176471710205078e-01 -8.720336556434631348e-01 -7.343184947967529297e-01 -8.916305303573608398e-01 1.000000000000000000e+00
9.811087846755981445e-01 9.995303153991699219e-01 9.999964237213134766e-01 1.000000000000000000e+00 1.000000000000000000e+00 2.000000000000000000e+00
-5.094408392906188965e-01 -7.256176471710205078e-01 -8.720336556434631348e-01 -7.343184947967529297e-01 -8.916305303573608398e-01 1.000000000000000000e+00
9.811087846755981445e-01 9.995303153991699219e-01 9.999964237213134766e-01 1.000000000000000000e+00 1.000000000000000000e+00 2.000000000000000000e+00
-5.094408392906188965e-01 -7.256176471710205078e-01 -8.720336556434631348e-01 -7.343184947967529297e-01 -8.916305303573608398e-01 1.000000000000000000e+00
9.811087846755981445e-01 9.995303153991699219e-01 9.999964237213134766e-01 1.000000000000000000e+00 1.000000000000000000e+00 2.000000000000000000e+00
-5.094408392906188965e-01 -7.256176471710205078e-01 -8.720336556434631348e-01 -7.343184947967529297e-01 -8.916305303573608398e-01 1.000000000000000000e+00
9.811087846755981445e-01 9.995303153991699219e-01 9.999964237213134766e-01 1.000000000000000000e+00 1.000000000000000000e+00 2.000000000000000000e+00
-5.094408392906188965e-01 -7.256176471710205078e-01 -8.720336556434631348e-01 -7.343184947967529297e-01 -8.916305303573608398e-01 1.000000000000000000e+00
9.811087846755981445e-01 9.995303153991699219e-01 9.999964237213134766e-01 1.000000000000000000e+00 1.000000000000000000e+00 2.000000000000000000e+00
-5.094408392906188965e-01 -7.256176471710205078e-01 -8.720336556434631348e-01 -7.343184947967529297e-01 -8.916305303573608398e-01 1.000000000000000000e+00
9.811087846755981445e-01 9.995303153991699219e-01 9.999964237213134766e-01 1.000000000000000000e+00 1.000000000000000000e+00 2.000000000000000000e+00
-5.094408392906188965e-01 -7.256176471710205078e-01 -8.720336556434631348e-01 -7.343184947967529297e-01 -8.916305303573608398e-01 1.000000000000000000e+00
9.811087846755981445e-01 9.995303153991699219e-01 9.999964237213134766e-01 1.000000000000000000e+00 1.000000000000000000e+00 2.000000000000000000e+00
-5.094408392906188965e-01 -7.256176471710205078e-01 -8.720336556434631348e-01 -7.343184947967529297e-01 -8.916305303573608398e-01 1.000000000000000000e+00
9.811087846755981445e-01 9.995303153991699219e-01 9.999964237213134766e-01 1.000000000000000000e+00 1.000000000000000000e+00 2.000000000000000000e+00
-5.094408392906188965e-01 -7.256176471710205078e-01 -8.720336556434631348e-01 -7.343184947967529297e-01 -8.916305303573608398e-01 1.000000000000000000e+00
9.811087846755981445e-01 9.995303153991699219e-01 9.999964237213134766e-01 1.000000000000000000e+00 1.000000000000000000e+00 2.000000000000000000e+00
9.998491406440734863e-01 1.000000000000000000e+00 1.000000000000000000e+00 1.000000000000000000e+00 1.000000000000000000e+00 0.000000000000000000e+00
9.999768137931823730e-01 1.000000000000000000e+00 1.000000000000000000e+00 1.000000000000000000e+00 1.000000000000000000e+00 0.000000000000000000e+00
9.999089241027832031e-01 1.000000000000000000e+00 1.000000000000000000e+00 1.000000000000000000e+00 1.000000000000000000e+00 0.000000000000000000e+00
9.997981786727905273e-01 1.000000000000000000e+00 1.000000000000000000e+00 1.000000000000000000e+00 1.000000000000000000e+00 0.000000000000000000e+00
9.999819993972778320e-01 1.000000000000000000e+00 1.000000000000000000e+00 1.000000000000000000e+00 1.000000000000000000e+00 0.000000000000000000e+00
9.991513490676879883e-01 9.999998807907104492e-01 1.000000000000000000e+00 1.000000000000000000e+00 1.000000000000000000e+00 0.000000000000000000e+00
9.998829960823059082e-01 1.000000000000000000e+00 1.000000000000000000e+00 1.000000000000000000e+00 1.000000000000000000e+00 0.000000000000000000e+00
6.735451221466064453e-01 7.816853523254394531e-01 7.750478386878967285e-01 4.571511745452880859e-01 2.305428683757781982e-01 0.000000000000000000e+00
7.932567596435546875e-01 9.298826456069946289e-01 9.050565958023071289e-01 8.299965262413024902e-01 9.123831391334533691e-01 0.000000000000000000e+00
4.000460207462310791e-01 9.332706928253173828e-01 9.931939840316772461e-01 9.990803003311157227e-01 9.998855590820312500e-01 0.000000000000000000e+00
5.062729716300964355e-01 5.757968425750732422e-01 -4.856384918093681335e-02 -1.869543343782424927e-01 -4.337933063507080078e-01 0.000000000000000000e+00
5.806667804718017578e-01 2.886384427547454834e-01 1.844012588262557983e-01 -3.909480199217796326e-02 -2.074345648288726807e-01 0.000000000000000000e+00
4.390331208705902100e-01 -1.317662000656127930e-01 -2.733468115329742432e-01 -2.511625885963439941e-01 -3.953157067298889160e-01 0.000000000000000000e+00
2.071284204721450806e-01 -5.243975669145584106e-02 5.315732955932617188e-01 6.333012580871582031e-01 4.461876749992370605e-01 0.000000000000000000e+00
9.958267807960510254e-01 9.999889135360717773e-01 1.000000000000000000e+00 1.000000000000000000e+00 1.000000000000000000e+00 0.000000000000000000e+00
9.969500303268432617e-01 9.999933242797851562e-01 1.000000000000000000e+00 1.000000000000000000e+00 1.000000000000000000e+00 0.000000000000000000e+00
9.933095574378967285e-01 9.999795556068420410e-01 1.000000000000000000e+00 1.000000000000000000e+00 1.000000000000000000e+00 0.000000000000000000e+00
9.988263249397277832e-01 9.999931454658508301e-01 1.000000000000000000e+00 1.000000000000000000e+00 1.000000000000000000e+00 0.000000000000000000e+00
9.914590120315551758e-01 9.999650120735168457e-01 9.999998807907104492e-01 1.000000000000000000e+00 1.000000000000000000e+00 0.000000000000000000e+00
9.997537732124328613e-01 9.999998807907104492e-01 1.000000000000000000e+00 1.000000000000000000e+00 1.000000000000000000e+00 0.000000000000000000e+00
9.992880821228027344e-01 9.999990463256835938e-01 1.000000000000000000e+00 1.000000000000000000e+00 1.000000000000000000e+00 0.000000000000000000e+00
9.888381361961364746e-01 9.999246597290039062e-01 9.999997019767761230e-01 1.000000000000000000e+00 1.000000000000000000e+00 0.000000000000000000e+00
9.524628520011901855e-01 9.966224431991577148e-01 9.998237490653991699e-01 9.999994039535522461e-01 1.000000000000000000e+00 0.000000000000000000e+00
8.491845130920410156e-01 9.829281568527221680e-01 9.992412924766540527e-01 9.999901652336120605e-01 1.000000000000000000e+00 0.000000000000000000e+00
9.371857643127441406e-01 9.969321489334106445e-01 9.999111890792846680e-01 9.999994635581970215e-01 1.000000000000000000e+00 0.000000000000000000e+00
9.465277194976806641e-01 9.969650506973266602e-01 9.998626112937927246e-01 9.999725818634033203e-01 9.999992847442626953e-01 0.000000000000000000e+00
9.635908603668212891e-01 9.952114224433898926e-01 9.994607567787170410e-01 9.999798536300659180e-01 9.999996423721313477e-01 0.000000000000000000e+00
7.540940046310424805e-01 9.552016854286193848e-01 9.995294213294982910e-01 9.999806284904479980e-01 9.999998211860656738e-01 0.000000000000000000e+00
9.997868537902832031e-01 1.000000000000000000e+00 1.000000000000000000e+00 1.000000000000000000e+00 1.000000000000000000e+00 0.000000000000000000e+00
9.998751878738403320e-01 9.999999403953552246e-01 1.000000000000000000e+00 1.000000000000000000e+00 1.000000000000000000e+00 0.000000000000000000e+00
9.998073577880859375e-01 9.999998211860656738e-01 1.000000000000000000e+00 1.000000000000000000e+00 1.000000000000000000e+00 0.000000000000000000e+00
9.986358284950256348e-01 9.999994635581970215e-01 1.000000000000000000e+00 1.000000000000000000e+00 1.000000000000000000e+00 0.000000000000000000e+00
9.960837960243225098e-01 9.999604225158691406e-01 1.000000000000000000e+00 1.000000000000000000e+00 1.000000000000000000e+00 0.000000000000000000e+00
9.991365075111389160e-01 9.999981522560119629e-01 1.000000000000000000e+00 1.000000000000000000e+00 1.000000000000000000e+00 0.000000000000000000e+00
9.971792697906494141e-01 9.999897480010986328e-01 1.000000000000000000e+00 1.000000000000000000e+00 1.000000000000000000e+00 0.000000000000000000e+00
9.999987483024597168e-01 1.000000000000000000e+00 1.000000000000000000e+00 1.000000000000000000e+00 1.000000000000000000e+00 0.000000000000000000e+00
9.999948740005493164e-01 1.000000000000000000e+00 1.000000000000000000e+00 1.000000000000000000e+00 1.000000000000000000e+00 0.000000000000000000e+00
9.999980926513671875e-01 1.000000000000000000e+00 1.000000000000000000e+00 1.000000000000000000e+00 1.000000000000000000e+00 0.000000000000000000e+00
9.999976754188537598e-01 1.000000000000000000e+00 1.000000000000000000e+00 1.000000000000000000e+00 1.000000000000000000e+00 0.000000000000000000e+00
9.999974370002746582e-01 1.000000000000000000e+00 1.000000000000000000e+00 1.000000000000000000e+00 1.000000000000000000e+00 0.000000000000000000e+00
9.999980926513671875e-01 1.000000000000000000e+00 1.000000000000000000e+00 1.000000000000000000e+00 1.000000000000000000e+00 0.000000000000000000e+00
9.999837279319763184e-01 1.000000000000000000e+00 1.000000000000000000e+00 1.000000000000000000e+00 1.000000000000000000e+00 0.000000000000000000e+00
9.982522130012512207e-01 9.999979138374328613e-01 1.000000000000000000e+00 1.000000000000000000e+00 1.000000000000000000e+00 0.000000000000000000e+00
9.834125638008117676e-01 9.998113512992858887e-01 9.999996423721313477e-01 1.000000000000000000e+00 1.000000000000000000e+00 0.000000000000000000e+00
9.033549427986145020e-01 9.993593096733093262e-01 9.999886751174926758e-01 9.999999403953552246e-01 1.000000000000000000e+00 0.000000000000000000e+00
9.868448376655578613e-01 9.998583197593688965e-01 9.999992251396179199e-01 1.000000000000000000e+00 1.000000000000000000e+00 0.000000000000000000e+00
9.978782534599304199e-01 9.999873638153076172e-01 9.999999403953552246e-01 1.000000000000000000e+00 1.000000000000000000e+00 0.000000000000000000e+00
9.966555237770080566e-01 9.999817609786987305e-01 1.000000000000000000e+00 1.000000000000000000e+00 1.000000000000000000e+00 0.000000000000000000e+00
9.830722212791442871e-01 9.997795224189758301e-01 9.999993443489074707e-01 1.000000000000000000e+00 1.000000000000000000e+00 0.000000000000000000e+00
9.976040124893188477e-01 9.999868273735046387e-01 1.000000000000000000e+00 1.000000000000000000e+00 1.000000000000000000e+00 0.000000000000000000e+00
9.979169964790344238e-01 9.999994635581970215e-01 1.000000000000000000e+00 1.000000000000000000e+00 1.000000000000000000e+00 0.000000000000000000e+00
9.983814954757690430e-01 9.999897480010986328e-01 1.000000000000000000e+00 1.000000000000000000e+00 1.000000000000000000e+00 0.000000000000000000e+00
9.992523193359375000e-01 9.999998807907104492e-01 1.000000000000000000e+00 1.000000000000000000e+00 1.000000000000000000e+00 0.000000000000000000e+00
9.467294216156005859e-01 9.991770982742309570e-01 9.999997615814208984e-01 1.000000000000000000e+00 1.000000000000000000e+00 0.000000000000000000e+00
9.886798262596130371e-01 9.999664425849914551e-01 9.999999403953552246e-01 1.000000000000000000e+00 1.000000000000000000e+00 0.000000000000000000e+00
9.224878549575805664e-01 9.797905087471008301e-01 9.998477101325988770e-01 9.999986290931701660e-01 1.000000000000000000e+00 0.000000000000000000e+00
9.997610449790954590e-01 9.999998211860656738e-01 1.000000000000000000e+00 1.000000000000000000e+00 1.000000000000000000e+00 0.000000000000000000e+00
9.999074935913085938e-01 1.000000000000000000e+00 1.000000000000000000e+00 1.000000000000000000e+00 1.000000000000000000e+00 0.000000000000000000e+00
9.999281167984008789e-01 1.000000000000000000e+00 1.000000000000000000e+00 1.000000000000000000e+00 1.000000000000000000e+00 0.000000000000000000e+00
9.997576475143432617e-01 9.999999403953552246e-01 1.000000000000000000e+00 1.000000000000000000e+00 1.000000000000000000e+00 0.000000000000000000e+00
9.999534487724304199e-01 1.000000000000000000e+00 1.000000000000000000e+00 1.000000000000000000e+00 1.000000000000000000e+00 0.000000000000000000e+00
9.998336434364318848e-01 9.999999403953552246e-01 1.000000000000000000e+00 1.000000000000000000e+00 1.000000000000000000e+00 0.000000000000000000e+00
9.999137520790100098e-01 1.000000000000000000e+00 1.000000000000000000e+00 1.000000000000000000e+00 1.000000000000000000e+00 0.000000000000000000e+00
9.083585739135742188e-01 9.902758002281188965e-01 9.986041784286499023e-01 9.999544620513916016e-01 9.999991655349731445e-01 0.000000000000000000e+00
8.976344466209411621e-01 9.655632376670837402e-01 9.800026416778564453e-01 9.954746961593627930e-01 9.993825554847717285e-01 0.000000000000000000e+00
9.731482267379760742e-01 9.967201948165893555e-01 9.997700452804565430e-01 9.999869465827941895e-01 9.999996423721313477e-01 0.000000000000000000e+00
9.770263433456420898e-01 9.989420175552368164e-01 9.999724626541137695e-01 9.999998211860656738e-01 1.000000000000000000e+00 0.000000000000000000e+00
9.587405920028686523e-01 9.971438050270080566e-01 9.999123811721801758e-01 9.999995827674865723e-01 1.000000000000000000e+00 0.000000000000000000e+00
8.554131984710693359e-01 9.788377881050109863e-01 9.990275502204895020e-01 9.999784231185913086e-01 9.999997615814208984e-01 0.000000000000000000e+00
9.579367041587829590e-01 9.931240677833557129e-01 9.996746778488159180e-01 9.998623132705688477e-01 9.999977946281433105e-01 0.000000000000000000e+00
9.983609914779663086e-01 9.999992847442626953e-01 1.000000000000000000e+00 1.000000000000000000e+00 1.000000000000000000e+00 0.000000000000000000e+00
9.996520876884460449e-01 9.999999403953552246e-01 1.000000000000000000e+00 1.000000000000000000e+00 1.000000000000000000e+00 0.000000000000000000e+00
9.994163513183593750e-01 1.000000000000000000e+00 1.000000000000000000e+00 1.000000000000000000e+00 1.000000000000000000e+00 0.000000000000000000e+00
9.995623230934143066e-01 9.999998807907104492e-01 1.000000000000000000e+00 1.000000000000000000e+00 1.000000000000000000e+00 0.000000000000000000e+00
9.388411045074462891e-01 9.999764561653137207e-01 1.000000000000000000e+00 1.000000000000000000e+00 1.000000000000000000e+00 0.000000000000000000e+00
8.463184833526611328e-01 9.853354692459106445e-01 9.997751116752624512e-01 9.999922513961791992e-01 1.000000000000000000e+00 0.000000000000000000e+00
9.982133507728576660e-01 9.999946951866149902e-01 1.000000000000000000e+00 1.000000000000000000e+00 1.000000000000000000e+00 0.000000000000000000e+00
9.731892347335815430e-01 9.923909902572631836e-01 9.994356632232666016e-01 9.999890327453613281e-01 9.999998211860656738e-01 0.000000000000000000e+00
8.242135047912597656e-01 9.876820445060729980e-01 9.999002814292907715e-01 9.999995231628417969e-01 1.000000000000000000e+00 0.000000000000000000e+00
9.075243473052978516e-01 9.967763423919677734e-01 9.999423623085021973e-01 9.999996423721313477e-01 1.000000000000000000e+00 0.000000000000000000e+00
8.866325020790100098e-01 9.943287968635559082e-01 9.999487400054931641e-01 9.999998211860656738e-01 1.000000000000000000e+00 0.000000000000000000e+00
9.363682866096496582e-01 9.997979402542114258e-01 9.999982714653015137e-01 1.000000000000000000e+00 1.000000000000000000e+00 0.000000000000000000e+00
9.681493043899536133e-01 9.994283318519592285e-01 9.999984502792358398e-01 1.000000000000000000e+00 1.000000000000000000e+00 0.000000000000000000e+00
8.453540802001953125e-01 9.910861253738403320e-01 9.998459815979003906e-01 9.999995827674865723e-01 1.000000000000000000e+00 0.000000000000000000e+00
9.323987960815429688e-01 9.899023175239562988e-01 9.988079071044921875e-01 9.999045729637145996e-01 9.999963641166687012e-01 0.000000000000000000e+00
8.844969868659973145e-01 9.801962375640869141e-01 9.931125044822692871e-01 9.986492395401000977e-01 9.998919963836669922e-01 0.000000000000000000e+00
9.338876008987426758e-01 9.969582557678222656e-01 9.999016523361206055e-01 9.999954700469970703e-01 9.999999403953552246e-01 0.000000000000000000e+00
3.895139396190643311e-01 -2.084053158760070801e-01 8.206642866134643555e-01 9.535058736801147461e-01 9.954621791839599609e-01 0.000000000000000000e+00
-8.442651629447937012e-01 -6.367555260658264160e-01 5.988790988922119141e-01 9.232908487319946289e-01 9.973655939102172852e-01 0.000000000000000000e+00
-3.412882983684539795e-01 -2.007869631052017212e-01 4.155511856079101562e-01 9.415513277053833008e-01 9.890761375427246094e-01 0.000000000000000000e+00
5.038555860519409180e-01 7.381222844123840332e-01 5.588861703872680664e-01 -2.382800728082656860e-02 -5.776095390319824219e-01 0.000000000000000000e+00
9.996430277824401855e-01 9.999995827674865723e-01 1.000000000000000000e+00 1.000000000000000000e+00 1.000000000000000000e+00 0.000000000000000000e+00
9.958637356758117676e-01 9.999992847442626953e-01 1.000000000000000000e+00 1.000000000000000000e+00 1.000000000000000000e+00 0.000000000000000000e+00
9.876468777656555176e-01 9.999827742576599121e-01 1.000000000000000000e+00 1.000000000000000000e+00 1.000000000000000000e+00 0.000000000000000000e+00
9.972784519195556641e-01 9.999893903732299805e-01 1.000000000000000000e+00 1.000000000000000000e+00 1.000000000000000000e+00 0.000000000000000000e+00
9.958565235137939453e-01 9.999873042106628418e-01 1.000000000000000000e+00 1.000000000000000000e+00 1.000000000000000000e+00 0.000000000000000000e+00
9.967210888862609863e-01 9.999355077743530273e-01 9.999998807907104492e-01 1.000000000000000000e+00 1.000000000000000000e+00 0.000000000000000000e+00
9.876742959022521973e-01 9.997091293334960938e-01 9.999978542327880859e-01 1.000000000000000000e+00 1.000000000000000000e+00 0.000000000000000000e+00
9.837612509727478027e-01 9.994572401046752930e-01 9.999924898147583008e-01 1.000000000000000000e+00 1.000000000000000000e+00 0.000000000000000000e+00
9.897473454475402832e-01 9.997242093086242676e-01 9.999960660934448242e-01 1.000000000000000000e+00 1.000000000000000000e+00 0.000000000000000000e+00
9.836874008178710938e-01 9.995514750480651855e-01 9.999954104423522949e-01 1.000000000000000000e+00 1.000000000000000000e+00 0.000000000000000000e+00
9.830990433692932129e-01 9.993886947631835938e-01 9.999907016754150391e-01 9.999999403953552246e-01 1.000000000000000000e+00 0.000000000000000000e+00
9.767168760299682617e-01 9.991104006767272949e-01 9.999868273735046387e-01 9.999999403953552246e-01 1.000000000000000000e+00 0.000000000000000000e+00
9.795266389846801758e-01 9.992426633834838867e-01 9.999877214431762695e-01 9.999999403953552246e-01 1.000000000000000000e+00 0.000000000000000000e+00
9.759090542793273926e-01 9.990271329879760742e-01 9.999844431877136230e-01 9.999999403953552246e-01 1.000000000000000000e+00 0.000000000000000000e+00
8.766957521438598633e-01 9.958188533782958984e-01 9.999920725822448730e-01 1.000000000000000000e+00 1.000000000000000000e+00 0.000000000000000000e+00
9.858204722404479980e-01 9.997794628143310547e-01 9.999822974205017090e-01 9.999997615814208984e-01 1.000000000000000000e+00 0.000000000000000000e+00
9.289250373840332031e-01 9.987021684646606445e-01 9.999905824661254883e-01 1.000000000000000000e+00 1.000000000000000000e+00 0.000000000000000000e+00
9.581083655357360840e-01 9.997780323028564453e-01 9.999983906745910645e-01 1.000000000000000000e+00 1.000000000000000000e+00 0.000000000000000000e+00
9.024326801300048828e-01 9.978454113006591797e-01 9.997271895408630371e-01 9.999966025352478027e-01 9.999999403953552246e-01 0.000000000000000000e+00
9.967493414878845215e-01 9.999701976776123047e-01 9.999997019767761230e-01 1.000000000000000000e+00 1.000000000000000000e+00 0.000000000000000000e+00
9.995974898338317871e-01 9.999995231628417969e-01 1.000000000000000000e+00 1.000000000000000000e+00 1.000000000000000000e+00 0.000000000000000000e+00
-7.503366470336914062e-01 -7.748562693595886230e-01 -6.601128578186035156e-01 6.473785638809204102e-01 3.000995516777038574e-01 1.000000000000000000e+00
9.939001202583312988e-01 9.998623728752136230e-01 9.999946355819702148e-01 9.999998807907104492e-01 1.000000000000000000e+00 2.000000000000000000e+00
-7.503366470336914062e-01 -7.748562693595886230e-01 -6.601128578186035156e-01 6.473785638809204102e-01 3.000995516777038574e-01 1.000000000000000000e+00
9.939001202583312988e-01 9.998623728752136230e-01 9.999946355819702148e-01 9.999998807907104492e-01 1.000000000000000000e+00 2.000000000000000000e+00
-7.503366470336914062e-01 -7.748562693595886230e-01 -6.601128578186035156e-01 6.473785638809204102e-01 3.000995516777038574e-01 1.000000000000000000e+00
9.939001202583312988e-01 9.998623728752136230e-01 9.999946355819702148e-01 9.999998807907104492e-01 1.000000000000000000e+00 2.000000000000000000e+00
-7.503366470336914062e-01 -7.748562693595886230e-01 -6.601128578186035156e-01 6.473785638809204102e-01 3.000995516777038574e-01 1.000000000000000000e+00
9.939001202583312988e-01 9.998623728752136230e-01 9.999946355819702148e-01 9.999998807907104492e-01 1.000000000000000000e+00 2.000000000000000000e+00
-7.503366470336914062e-01 -7.748562693595886230e-01 -6.601128578186035156e-01 6.473785638809204102e-01 3.000995516777038574e-01 1.000000000000000000e+00
9.939001202583312988e-01 9.998623728752136230e-01 9.999946355819702148e-01 9.999998807907104492e-01 1.000000000000000000e+00 2.000000000000000000e+00
-7.503366470336914062e-01 -7.748562693595886230e-01 -6.601128578186035156e-01 6.473785638809204102e-01 3.000995516777038574e-01 1.000000000000000000e+00
9.939001202583312988e-01 9.998623728752136230e-01 9.999946355819702148e-01 9.999998807907104492e-01 1.000000000000000000e+00 2.000000000000000000e+00
-7.503366470336914062e-01 -7.748562693595886230e-01 -6.601128578186035156e-01 6.473785638809204102e-01 3.000995516777038574e-01 1.000000000000000000e+00
9.939001202583312988e-01 9.998623728752136230e-01 9.999946355819702148e-01 9.999998807907104492e-01 1.000000000000000000e+00 2.000000000000000000e+00
-7.503366470336914062e-01 -7.748562693595886230e-01 -6.601128578186035156e-01 6.473785638809204102e-01 3.000995516777038574e-01 1.000000000000000000e+00
9.939001202583312988e-01 9.998623728752136230e-01 9.999946355819702148e-01 9.999998807907104492e-01 1.000000000000000000e+00 2.000000000000000000e+00
-7.503366470336914062e-01 -7.748562693595886230e-01 -6.601128578186035156e-01 6.473785638809204102e-01 3.000995516777038574e-01 1.000000000000000000e+00
9.939001202583312988e-01 9.998623728752136230e-01 9.999946355819702148e-01 9.999998807907104492e-01 1.000000000000000000e+00 2.000000000000000000e+00
-7.503366470336914062e-01 -7.748562693595886230e-01 -6.601128578186035156e-01 6.473785638809204102e-01 3.000995516777038574e-01 1.000000000000000000e+00
9.939001202583312988e-01 9.998623728752136230e-01 9.999946355819702148e-01 9.999998807907104492e-01 1.000000000000000000e+00 2.000000000000000000e+00
9.347625374794006348e-01 9.966673851013183594e-01 9.998567700386047363e-01 9.999992847442626953e-01 1.000000000000000000e+00 0.000000000000000000e+00
9.484813213348388672e-01 9.989410042762756348e-01 9.999893903732299805e-01 9.999999403953552246e-01 1.000000000000000000e+00 0.000000000000000000e+00
9.479817152023315430e-01 9.972193241119384766e-01 9.998384714126586914e-01 9.999979734420776367e-01 1.000000000000000000e+00 0.000000000000000000e+00
9.458994269371032715e-01 9.956333041191101074e-01 9.996340870857238770e-01 9.999926090240478516e-01 9.999999403953552246e-01 0.000000000000000000e+00
7.303556203842163086e-01 8.676305413246154785e-01 9.693818688392639160e-01 9.944593310356140137e-01 9.997556209564208984e-01 0.000000000000000000e+00
9.564464092254638672e-01 9.973896741867065430e-01 9.998396039009094238e-01 9.999959468841552734e-01 9.999999403953552246e-01 0.000000000000000000e+00
8.959463834762573242e-01 9.954605698585510254e-01 9.998543858528137207e-01 9.999985694885253906e-01 1.000000000000000000e+00 0.000000000000000000e+00
9.949374198913574219e-01 9.999883770942687988e-01 1.000000000000000000e+00 1.000000000000000000e+00 1.000000000000000000e+00 0.000000000000000000e+00
9.822593331336975098e-01 9.996883273124694824e-01 9.999986290931701660e-01 1.000000000000000000e+00 1.000000000000000000e+00 0.000000000000000000e+00
9.979677796363830566e-01 9.999905824661254883e-01 9.999999403953552246e-01 1.000000000000000000e+00 1.000000000000000000e+00 0.000000000000000000e+00
9.774270653724670410e-01 9.995239377021789551e-01 9.999962449073791504e-01 1.000000000000000000e+00 1.000000000000000000e+00 0.000000000000000000e+00
9.268048405647277832e-01 9.905970692634582520e-01 9.985384345054626465e-01 9.999738335609436035e-01 9.999997615814208984e-01 0.000000000000000000e+00
9.956251382827758789e-01 9.999876022338867188e-01 9.999999403953552246e-01 1.000000000000000000e+00 1.000000000000000000e+00 0.000000000000000000e+00
9.079871177673339844e-01 9.930795431137084961e-01 9.996497035026550293e-01 9.999923706054687500e-01 1.000000000000000000e+00 0.000000000000000000e+00
9.189415574073791504e-01 9.898335933685302734e-01 9.993430376052856445e-01 9.999734759330749512e-01 9.999993443489074707e-01 0.000000000000000000e+00
9.537320733070373535e-01 9.966313838958740234e-01 9.997383356094360352e-01 9.999964833259582520e-01 9.999999403953552246e-01 0.000000000000000000e+00
9.622692465782165527e-01 9.984232187271118164e-01 9.999647736549377441e-01 9.999991655349731445e-01 1.000000000000000000e+00 0.000000000000000000e+00
9.528841972351074219e-01 9.969955682754516602e-01 9.998954534530639648e-01 9.999986290931701660e-01 1.000000000000000000e+00 0.000000000000000000e+00
9.481333494186401367e-01 9.964534044265747070e-01 9.998893737792968750e-01 9.999987483024597168e-01 1.000000000000000000e+00 0.000000000000000000e+00
9.573960304260253906e-01 9.988446831703186035e-01 9.999882578849792480e-01 9.999999403953552246e-01 1.000000000000000000e+00 0.000000000000000000e+00
9.646849632263183594e-01 9.974419474601745605e-01 9.999244213104248047e-01 9.999992847442626953e-01 1.000000000000000000e+00 0.000000000000000000e+00
9.996054172515869141e-01 9.999999403953552246e-01 1.000000000000000000e+00 1.000000000000000000e+00 1.000000000000000000e+00 0.000000000000000000e+00
9.998158812522888184e-01 9.999999403953552246e-01 1.000000000000000000e+00 1.000000000000000000e+00 1.000000000000000000e+00 0.000000000000000000e+00
9.997051954269409180e-01 1.000000000000000000e+00 1.000000000000000000e+00 1.000000000000000000e+00 1.000000000000000000e+00 0.000000000000000000e+00
9.994491338729858398e-01 9.999999403953552246e-01 1.000000000000000000e+00 1.000000000000000000e+00 1.000000000000000000e+00 0.000000000000000000e+00
9.997703433036804199e-01 1.000000000000000000e+00 1.000000000000000000e+00 1.000000000000000000e+00 1.000000000000000000e+00 0.000000000000000000e+00
9.999375343322753906e-01 1.000000000000000000e+00 1.000000000000000000e+00 1.000000000000000000e+00 1.000000000000000000e+00 0.000000000000000000e+00
9.999345541000366211e-01 1.000000000000000000e+00 1.000000000000000000e+00 1.000000000000000000e+00 1.000000000000000000e+00 0.000000000000000000e+00
9.140225648880004883e-01 9.905571341514587402e-01 9.989656805992126465e-01 9.999387264251708984e-01 9.999985694885253906e-01 0.000000000000000000e+00
9.550346732139587402e-01 9.929983615875244141e-01 9.993745684623718262e-01 9.999887347221374512e-01 9.999998807907104492e-01 0.000000000000000000e+00
9.962990283966064453e-01 9.998303651809692383e-01 9.999987483024597168e-01 1.000000000000000000e+00 1.000000000000000000e+00 0.000000000000000000e+00
9.523877501487731934e-01 9.998349547386169434e-01 9.999951720237731934e-01 1.000000000000000000e+00 1.000000000000000000e+00 0.000000000000000000e+00
9.681991934776306152e-01 9.967752099037170410e-01 9.998166561126708984e-01 9.999985098838806152e-01 1.000000000000000000e+00 0.000000000000000000e+00
9.621069431304931641e-01 9.983145594596862793e-01 9.999042153358459473e-01 9.999986290931701660e-01 1.000000000000000000e+00 0.000000000000000000e+00
8.984851837158203125e-01 9.968033432960510254e-01 9.999284744262695312e-01 9.999994039535522461e-01 1.000000000000000000e+00 0.000000000000000000e+00
9.429379105567932129e-01 9.998266100883483887e-01 9.999995827674865723e-01 1.000000000000000000e+00 1.000000000000000000e+00 1.000000000000000000e+00
9.832292199134826660e-01 9.997233152389526367e-01 9.999971389770507812e-01 1.000000000000000000e+00 1.000000000000000000e+00 2.000000000000000000e+00
9.429379105567932129e-01 9.998266100883483887e-01 9.999995827674865723e-01 1.000000000000000000e+00 1.000000000000000000e+00 1.000000000000000000e+00
9.832292199134826660e-01 9.997233152389526367e-01 9.999971389770507812e-01 1.000000000000000000e+00 1.000000000000000000e+00 2.000000000000000000e+00
9.429379105567932129e-01 9.998266100883483887e-01 9.999995827674865723e-01 1.000000000000000000e+00 1.000000000000000000e+00 1.000000000000000000e+00
9.832292199134826660e-01 9.997233152389526367e-01 9.999971389770507812e-01 1.000000000000000000e+00 1.000000000000000000e+00 2.000000000000000000e+00
9.429379105567932129e-01 9.998266100883483887e-01 9.999995827674865723e-01 1.000000000000000000e+00 1.000000000000000000e+00 1.000000000000000000e+00
9.832292199134826660e-01 9.997233152389526367e-01 9.999971389770507812e-01 1.000000000000000000e+00 1.000000000000000000e+00 2.000000000000000000e+00
9.429379105567932129e-01 9.998266100883483887e-01 9.999995827674865723e-01 1.000000000000000000e+00 1.000000000000000000e+00 1.000000000000000000e+00
9.832292199134826660e-01 9.997233152389526367e-01 9.999971389770507812e-01 1.000000000000000000e+00 1.000000000000000000e+00 2.000000000000000000e+00
9.429379105567932129e-01 9.998266100883483887e-01 9.999995827674865723e-01 1.000000000000000000e+00 1.000000000000000000e+00 1.000000000000000000e+00
9.832292199134826660e-01 9.997233152389526367e-01 9.999971389770507812e-01 1.000000000000000000e+00 1.000000000000000000e+00 2.000000000000000000e+00
9.429379105567932129e-01 9.998266100883483887e-01 9.999995827674865723e-01 1.000000000000000000e+00 1.000000000000000000e+00 1.000000000000000000e+00
9.832292199134826660e-01 9.997233152389526367e-01 9.999971389770507812e-01 1.000000000000000000e+00 1.000000000000000000e+00 2.000000000000000000e+00
9.429379105567932129e-01 9.998266100883483887e-01 9.999995827674865723e-01 1.000000000000000000e+00 1.000000000000000000e+00 1.000000000000000000e+00
9.832292199134826660e-01 9.997233152389526367e-01 9.999971389770507812e-01 1.000000000000000000e+00 1.000000000000000000e+00 2.000000000000000000e+00
9.429379105567932129e-01 9.998266100883483887e-01 9.999995827674865723e-01 1.000000000000000000e+00 1.000000000000000000e+00 1.000000000000000000e+00
9.832292199134826660e-01 9.997233152389526367e-01 9.999971389770507812e-01 1.000000000000000000e+00 1.000000000000000000e+00 2.000000000000000000e+00
9.429379105567932129e-01 9.998266100883483887e-01 9.999995827674865723e-01 1.000000000000000000e+00 1.000000000000000000e+00 1.000000000000000000e+00
9.832292199134826660e-01 9.997233152389526367e-01 9.999971389770507812e-01 1.000000000000000000e+00 1.000000000000000000e+00 2.000000000000000000e+00
7.645249366760253906e-01 8.994655609130859375e-01 9.771541953086853027e-01 9.974378943443298340e-01 9.998574852943420410e-01 0.000000000000000000e+00
6.801359653472900391e-01 7.773017883300781250e-01 9.675267934799194336e-01 9.913053512573242188e-01 9.962406158447265625e-01 0.000000000000000000e+00
9.072978496551513672e-01 9.752535820007324219e-01 9.934422373771667480e-01 9.926693439483642578e-01 9.986529350280761719e-01 0.000000000000000000e+00
6.506566405296325684e-01 8.930103778839111328e-01 9.947578310966491699e-01 9.999036788940429688e-01 9.999994635581970215e-01 0.000000000000000000e+00
7.822225689888000488e-01 9.400671124458312988e-01 9.932070374488830566e-01 9.997417330741882324e-01 9.999909400939941406e-01 0.000000000000000000e+00
4.256388172507286072e-02 6.680624485015869141e-01 9.448247551918029785e-01 9.958016276359558105e-01 9.999024868011474609e-01 0.000000000000000000e+00
-1.382161676883697510e-01 4.456439912319183350e-01 6.382002234458923340e-01 9.884946942329406738e-01 9.993191361427307129e-01 0.000000000000000000e+00
8.603684306144714355e-01 9.989621639251708984e-01 9.999635219573974609e-01 9.999991655349731445e-01 1.000000000000000000e+00 0.000000000000000000e+00
8.812022805213928223e-01 9.967491030693054199e-01 9.994564652442932129e-01 9.999994039535522461e-01 1.000000000000000000e+00 0.000000000000000000e+00
6.732132434844970703e-01 9.912614822387695312e-01 9.991884231567382812e-01 9.999598264694213867e-01 9.999994039535522461e-01 0.000000000000000000e+00
9.686576128005981445e-01 9.991753101348876953e-01 9.999923706054687500e-01 1.000000000000000000e+00 1.000000000000000000e+00 0.000000000000000000e+00
9.994874000549316406e-01 9.999956488609313965e-01 1.000000000000000000e+00 1.000000000000000000e+00 1.000000000000000000e+00 0.000000000000000000e+00
9.729750156402587891e-01 9.978235363960266113e-01 9.999457001686096191e-01 9.999997615814208984e-01 1.000000000000000000e+00 1.000000000000000000e+00
9.885112047195434570e-01 9.996537566184997559e-01 9.999952912330627441e-01 9.999999403953552246e-01 1.000000000000000000e+00 2.000000000000000000e+00
9.729750156402587891e-01 9.978235363960266113e-01 9.999457001686096191e-01 9.999997615814208984e-01 1.000000000000000000e+00 1.000000000000000000e+00
9.885112047195434570e-01 9.996537566184997559e-01 9.999952912330627441e-01 9.999999403953552246e-01 1.000000000000000000e+00 2.000000000000000000e+00
9.729750156402587891e-01 9.978235363960266113e-01 9.999457001686096191e-01 9.999997615814208984e-01 1.000000000000000000e+00 1.000000000000000000e+00
9.885112047195434570e-01 9.996537566184997559e-01 9.999952912330627441e-01 9.999999403953552246e-01 1.000000000000000000e+00 2.000000000000000000e+00
9.729750156402587891e-01 9.978235363960266113e-01 9.999457001686096191e-01 9.999997615814208984e-01 1.000000000000000000e+00 1.000000000000000000e+00
9.885112047195434570e-01 9.996537566184997559e-01 9.999952912330627441e-01 9.999999403953552246e-01 1.000000000000000000e+00 2.000000000000000000e+00
9.729750156402587891e-01 9.978235363960266113e-01 9.999457001686096191e-01 9.999997615814208984e-01 1.000000000000000000e+00 1.000000000000000000e+00
9.885112047195434570e-01 9.996537566184997559e-01 9.999952912330627441e-01 9.999999403953552246e-01 1.000000000000000000e+00 2.000000000000000000e+00
9.729750156402587891e-01 9.978235363960266113e-01 9.999457001686096191e-01 9.999997615814208984e-01 1.000000000000000000e+00 1.000000000000000000e+00
9.885112047195434570e-01 9.996537566184997559e-01 9.999952912330627441e-01 9.999999403953552246e-01 1.000000000000000000e+00 2.000000000000000000e+00
9.729750156402587891e-01 9.978235363960266113e-01 9.999457001686096191e-01 9.999997615814208984e-01 1.000000000000000000e+00 1.000000000000000000e+00
9.885112047195434570e-01 9.996537566184997559e-01 9.999952912330627441e-01 9.999999403953552246e-01 1.000000000000000000e+00 2.000000000000000000e+00
9.729750156402587891e-01 9.978235363960266113e-01 9.999457001686096191e-01 9.999997615814208984e-01 1.000000000000000000e+00 1.000000000000000000e+00
9.885112047195434570e-01 9.996537566184997559e-01 9.999952912330627441e-01 9.999999403953552246e-01 1.000000000000000000e+00 2.000000000000000000e+00
9.729750156402587891e-01 9.978235363960266113e-01 9.999457001686096191e-01 9.999997615814208984e-01 1.000000000000000000e+00 1.000000000000000000e+00
9.885112047195434570e-01 9.996537566184997559e-01 9.999952912330627441e-01 9.999999403953552246e-01 1.000000000000000000e+00 2.000000000000000000e+00
9.729750156402587891e-01 9.978235363960266113e-01 9.999457001686096191e-01 9.999997615814208984e-01 1.000000000000000000e+00 1.000000000000000000e+00
9.885112047195434570e-01 9.996537566184997559e-01 9.999952912330627441e-01 9.999999403953552246e-01 1.000000000000000000e+00 2.000000000000000000e+00
9.048156738281250000e-01 9.958266019821166992e-01 9.998226165771484375e-01 9.999980330467224121e-01 1.000000000000000000e+00 0.000000000000000000e+00
9.586280584335327148e-01 9.974898695945739746e-01 9.999209642410278320e-01 9.999992251396179199e-01 1.000000000000000000e+00 0.000000000000000000e+00
9.896031618118286133e-01 9.995941519737243652e-01 9.999803900718688965e-01 9.999999403953552246e-01 1.000000000000000000e+00 0.000000000000000000e+00
9.631256461143493652e-01 9.955688118934631348e-01 9.996328353881835938e-01 9.999811649322509766e-01 9.999998211860656738e-01 0.000000000000000000e+00
9.223884344100952148e-01 9.895243644714355469e-01 9.995713829994201660e-01 9.999916553497314453e-01 9.999998807907104492e-01 0.000000000000000000e+00
8.349007964134216309e-01 -6.935993432998657227e-01 -6.995264887809753418e-01 -8.192481994628906250e-01 -8.158252835273742676e-01 1.000000000000000000e+00
8.951631188392639160e-01 9.920811653137207031e-01 9.997357130050659180e-01 9.999888539314270020e-01 9.999999403953552246e-01 2.000000000000000000e+00
8.349007964134216309e-01 -6.935993432998657227e-01 -6.995264887809753418e-01 -8.192481994628906250e-01 -8.158252835273742676e-01 1.000000000000000000e+00
8.951631188392639160e-01 9.920811653137207031e-01 9.997357130050659180e-01 9.999888539314270020e-01 9.999999403953552246e-01 2.000000000000000000e+00
8.349007964134216309e-01 -6.935993432998657227e-01 -6.995264887809753418e-01 -8.192481994628906250e-01 -8.158252835273742676e-01 1.000000000000000000e+00
8.951631188392639160e-01 9.920811653137207031e-01 9.997357130050659180e-01 9.999888539314270020e-01 9.999999403953552246e-01 2.000000000000000000e+00
8.349007964134216309e-01 -6.935993432998657227e-01 -6.995264887809753418e-01 -8.192481994628906250e-01 -8.158252835273742676e-01 1.000000000000000000e+00
8.951631188392639160e-01 9.920811653137207031e-01 9.997357130050659180e-01 9.999888539314270020e-01 9.999999403953552246e-01 2.000000000000000000e+00
8.349007964134216309e-01 -6.935993432998657227e-01 -6.995264887809753418e-01 -8.192481994628906250e-01 -8.158252835273742676e-01 1.000000000000000000e+00
8.951631188392639160e-01 9.920811653137207031e-01 9.997357130050659180e-01 9.999888539314270020e-01 9.999999403953552246e-01 2.000000000000000000e+00
8.349007964134216309e-01 -6.935993432998657227e-01 -6.995264887809753418e-01 -8.192481994628906250e-01 -8.158252835273742676e-01 1.000000000000000000e+00
8.951631188392639160e-01 9.920811653137207031e-01 9.997357130050659180e-01 9.999888539314270020e-01 9.999999403953552246e-01 2.000000000000000000e+00
8.349007964134216309e-01 -6.935993432998657227e-01 -6.995264887809753418e-01 -8.192481994628906250e-01 -8.158252835273742676e-01 1.000000000000000000e+00
8.951631188392639160e-01 9.920811653137207031e-01 9.997357130050659180e-01 9.999888539314270020e-01 9.999999403953552246e-01 2.000000000000000000e+00
8.349007964134216309e-01 -6.935993432998657227e-01 -6.995264887809753418e-01 -8.192481994628906250e-01 -8.158252835273742676e-01 1.000000000000000000e+00
8.951631188392639160e-01 9.920811653137207031e-01 9.997357130050659180e-01 9.999888539314270020e-01 9.999999403953552246e-01 2.000000000000000000e+00
8.349007964134216309e-01 -6.935993432998657227e-01 -6.995264887809753418e-01 -8.192481994628906250e-01 -8.158252835273742676e-01 1.000000000000000000e+00
8.951631188392639160e-01 9.920811653137207031e-01 9.997357130050659180e-01 9.999888539314270020e-01 9.999999403953552246e-01 2.000000000000000000e+00
8.349007964134216309e-01 -6.935993432998657227e-01 -6.995264887809753418e-01 -8.192481994628906250e-01 -8.158252835273742676e-01 1.000000000000000000e+00
8.951631188392639160e-01 9.920811653137207031e-01 9.997357130050659180e-01 9.999888539314270020e-01 9.999999403953552246e-01 2.000000000000000000e+00
3.817934989929199219e-01 4.253357648849487305e-01 2.114337086677551270e-01 9.628568589687347412e-02 1.731279641389846802e-01 0.000000000000000000e+00
-7.608844041824340820e-01 1.280813217163085938e-01 -2.378942221403121948e-01 3.213642239570617676e-01 6.400002241134643555e-01 0.000000000000000000e+00
8.877341747283935547e-01 9.802222251892089844e-01 9.985544085502624512e-01 9.998558163642883301e-01 9.999867677688598633e-01 0.000000000000000000e+00
5.927707999944686890e-02 7.728996276855468750e-01 9.647041559219360352e-01 9.941437244415283203e-01 9.997884631156921387e-01 0.000000000000000000e+00
-6.082190275192260742e-01 8.484230637550354004e-01 9.613086581230163574e-01 9.863539338111877441e-01 9.967322349548339844e-01 0.000000000000000000e+00
4.275928735733032227e-01 9.968233704566955566e-01 9.996315836906433105e-01 9.999668598175048828e-01 9.999994635581970215e-01 0.000000000000000000e+00
1.875091493129730225e-01 9.621322751045227051e-01 9.982294440269470215e-01 9.999673962593078613e-01 9.999983310699462891e-01 0.000000000000000000e+00
5.383169651031494141e-01 7.603432536125183105e-01 7.338039875030517578e-01 6.177554130554199219e-01 7.484502792358398438e-01 0.000000000000000000e+00
-1.349338144063949585e-01 8.858473598957061768e-02 2.767116129398345947e-01 5.759637802839279175e-02 3.068193048238754272e-02 0.000000000000000000e+00
5.514040589332580566e-01 3.289167284965515137e-01 5.132883787155151367e-01 1.076400429010391235e-01 -8.919563889503479004e-02 0.000000000000000000e+00
5.557278990745544434e-01 1.501434147357940674e-01 -2.591851055622100830e-01 -4.791937172412872314e-01 -6.855326890945434570e-01 0.000000000000000000e+00
-3.668929636478424072e-01 -2.411867678165435791e-01 -1.754766404628753662e-01 -2.198197394609451294e-01 -5.999563932418823242e-01 0.000000000000000000e+00
-6.636096537113189697e-02 -1.786450743675231934e-01 -7.232013940811157227e-01 -8.238947391510009766e-01 -9.774719476699829102e-01 0.000000000000000000e+00
6.307671070098876953e-01 -3.299168646335601807e-01 -2.798375785350799561e-01 -3.235324323177337646e-01 -4.665870666503906250e-01 0.000000000000000000e+00
9.995946288108825684e-01 9.999997615814208984e-01 1.000000000000000000e+00 1.000000000000000000e+00 1.000000000000000000e+00 0.000000000000000000e+00
9.997873306274414062e-01 1.000000000000000000e+00 1.000000000000000000e+00 1.000000000000000000e+00 1.000000000000000000e+00 0.000000000000000000e+00
9.950138926506042480e-01 9.999532699584960938e-01 9.999999403953552246e-01 1.000000000000000000e+00 1.000000000000000000e+00 0.000000000000000000e+00
9.996879100799560547e-01 9.999999403953552246e-01 1.000000000000000000e+00 1.000000000000000000e+00 1.000000000000000000e+00 0.000000000000000000e+00
9.994629025459289551e-01 9.999998807907104492e-01 1.000000000000000000e+00 1.000000000000000000e+00 1.000000000000000000e+00 0.000000000000000000e+00
9.994918704032897949e-01 9.999999403953552246e-01 1.000000000000000000e+00 1.000000000000000000e+00 1.000000000000000000e+00 0.000000000000000000e+00
9.981040358543395996e-01 9.999952316284179688e-01 1.000000000000000000e+00 1.000000000000000000e+00 1.000000000000000000e+00 0.000000000000000000e+00
9.870089292526245117e-01 9.997562170028686523e-01 9.999986886978149414e-01 1.000000000000000000e+00 1.000000000000000000e+00 0.000000000000000000e+00
-8.233569562435150146e-03 -9.605807065963745117e-02 3.788535892963409424e-01 5.220817923545837402e-01 9.934110641479492188e-01 0.000000000000000000e+00
9.725748896598815918e-01 9.975892901420593262e-01 9.997560381889343262e-01 9.999574422836303711e-01 9.999969601631164551e-01 0.000000000000000000e+00
9.938948750495910645e-01 9.999714493751525879e-01 9.999997615814208984e-01 1.000000000000000000e+00 1.000000000000000000e+00 0.000000000000000000e+00
9.897579550743103027e-01 9.991663694381713867e-01 9.999862909317016602e-01 9.999995827674865723e-01 1.000000000000000000e+00 0.000000000000000000e+00
9.855479001998901367e-01 9.995812773704528809e-01 9.999962449073791504e-01 1.000000000000000000e+00 1.000000000000000000e+00 0.000000000000000000e+00
9.494796395301818848e-01 9.967526793479919434e-01 9.999361038208007812e-01 9.999997615814208984e-01 1.000000000000000000e+00 0.000000000000000000e+00
7.244364023208618164e-01 9.944849014282226562e-01 9.997538924217224121e-01 9.999935030937194824e-01 1.000000000000000000e+00 0.000000000000000000e+00
8.531078100204467773e-01 9.819800257682800293e-01 9.995190501213073730e-01 9.999995231628417969e-01 1.000000000000000000e+00 0.000000000000000000e+00
2.285448759794235229e-01 6.552539467811584473e-01 9.340453147888183594e-01 9.943873882293701172e-01 9.996833205223083496e-01 0.000000000000000000e+00
8.062263131141662598e-01 9.533320665359497070e-01 9.763894081115722656e-01 9.937665462493896484e-01 9.992979764938354492e-01 0.000000000000000000e+00
5.285857319831848145e-01 3.646152019500732422e-01 5.207120776176452637e-01 9.112908840179443359e-01 9.973329305648803711e-01 0.000000000000000000e+00
3.215127289295196533e-01 6.682177782058715820e-01 8.524681329727172852e-01 8.548605442047119141e-01 9.556661248207092285e-01 0.000000000000000000e+00
8.782411217689514160e-01 9.866211414337158203e-01 9.971135258674621582e-01 9.996388554573059082e-01 9.999662637710571289e-01 0.000000000000000000e+00
-8.351854681968688965e-01 -9.447578787803649902e-01 -9.722484946250915527e-01 -9.764496088027954102e-01 -9.761795401573181152e-01 0.000000000000000000e+00
-6.773916482925415039e-01 -8.206320405006408691e-01 -8.359885215759277344e-01 -7.970422506332397461e-01 -7.076354026794433594e-01 0.000000000000000000e+00
-4.366637021303176880e-02 6.797246932983398438e-01 9.517756700515747070e-01 9.934275150299072266e-01 9.998039603233337402e-01 0.000000000000000000e+00
8.127175569534301758e-01 9.682073593139648438e-01 9.988370537757873535e-01 9.998717308044433594e-01 9.999912977218627930e-01 0.000000000000000000e+00
9.247366786003112793e-01 9.907488226890563965e-01 9.994279742240905762e-01 9.999901056289672852e-01 9.999998807907104492e-01 0.000000000000000000e+00
9.295136928558349609e-01 9.920187592506408691e-01 9.993741512298583984e-01 9.999814629554748535e-01 9.999997019767761230e-01 0.000000000000000000e+00
-9.671760797500610352e-01 -9.940837025642395020e-01 -9.965196847915649414e-01 -9.987108707427978516e-01 -9.996378421783447266e-01 1.000000000000000000e+00
-8.479274511337280273e-01 -9.759593009948730469e-01 -9.961137175559997559e-01 -9.991478919982910156e-01 -9.993244409561157227e-01 2.000000000000000000e+00
-9.671760797500610352e-01 -9.940837025642395020e-01 -9.965196847915649414e-01 -9.987108707427978516e-01 -9.996378421783447266e-01 1.000000000000000000e+00
-8.479274511337280273e-01 -9.759593009948730469e-01 -9.961137175559997559e-01 -9.991478919982910156e-01 -9.993244409561157227e-01 2.000000000000000000e+00
-9.671760797500610352e-01 -9.940837025642395020e-01 -9.965196847915649414e-01 -9.987108707427978516e-01 -9.996378421783447266e-01 1.000000000000000000e+00
-8.479274511337280273e-01 -9.759593009948730469e-01 -9.961137175559997559e-01 -9.991478919982910156e-01 -9.993244409561157227e-01 2.000000000000000000e+00
-9.671760797500610352e-01 -9.940837025642395020e-01 -9.965196847915649414e-01 -9.987108707427978516e-01 -9.996378421783447266e-01 1.000000000000000000e+00
-8.479274511337280273e-01 -9.759593009948730469e-01 -9.961137175559997559e-01 -9.991478919982910156e-01 -9.993244409561157227e-01 2.000000000000000000e+00
-9.671760797500610352e-01 -9.940837025642395020e-01 -9.965196847915649414e-01 -9.987108707427978516e-01 -9.996378421783447266e-01 1.000000000000000000e+00
-8.479274511337280273e-01 -9.759593009948730469e-01 -9.961137175559997559e-01 -9.991478919982910156e-01 -9.993244409561157227e-01 2.000000000000000000e+00
-9.671760797500610352e-01 -9.940837025642395020e-01 -9.965196847915649414e-01 -9.987108707427978516e-01 -9.996378421783447266e-01 1.000000000000000000e+00
-8.479274511337280273e-01 -9.759593009948730469e-01 -9.961137175559997559e-01 -9.991478919982910156e-01 -9.993244409561157227e-01 2.000000000000000000e+00
-9.671760797500610352e-01 -9.940837025642395020e-01 -9.965196847915649414e-01 -9.987108707427978516e-01 -9.996378421783447266e-01 1.000000000000000000e+00
-8.479274511337280273e-01 -9.759593009948730469e-01 -9.961137175559997559e-01 -9.991478919982910156e-01 -9.993244409561157227e-01 2.000000000000000000e+00
-9.671760797500610352e-01 -9.940837025642395020e-01 -9.965196847915649414e-01 -9.987108707427978516e-01 -9.996378421783447266e-01 1.000000000000000000e+00
-8.479274511337280273e-01 -9.759593009948730469e-01 -9.961137175559997559e-01 -9.991478919982910156e-01 -9.993244409561157227e-01 2.000000000000000000e+00
-9.671760797500610352e-01 -9.940837025642395020e-01 -9.965196847915649414e-01 -9.987108707427978516e-01 -9.996378421783447266e-01 1.000000000000000000e+00
-8.479274511337280273e-01 -9.759593009948730469e-01 -9.961137175559997559e-01 -9.991478919982910156e-01 -9.993244409561157227e-01 2.000000000000000000e+00
-9.671760797500610352e-01 -9.940837025642395020e-01 -9.965196847915649414e-01 -9.987108707427978516e-01 -9.996378421783447266e-01 1.000000000000000000e+00
-8.479274511337280273e-01 -9.759593009948730469e-01 -9.961137175559997559e-01 -9.991478919982910156e-01 -9.993244409561157227e-01 2.000000000000000000e+00
9.300410747528076172e-01 9.868361949920654297e-01 9.978197813034057617e-01 9.997631311416625977e-01 9.999784231185913086e-01 0.000000000000000000e+00
8.990088105201721191e-01 9.832189679145812988e-01 9.980880022048950195e-01 9.998846054077148438e-01 9.999958872795104980e-01 0.000000000000000000e+00
9.532812833786010742e-01 9.931542277336120605e-01 9.996419548988342285e-01 9.999836087226867676e-01 9.999994039535522461e-01 0.000000000000000000e+00
9.286680817604064941e-01 9.895724058151245117e-01 9.989553093910217285e-01 9.999359846115112305e-01 9.999986290931701660e-01 0.000000000000000000e+00
8.838731050491333008e-01 9.871005415916442871e-01 9.978958368301391602e-01 9.998037815093994141e-01 9.999945759773254395e-01 0.000000000000000000e+00
8.556280732154846191e-01 9.605805873870849609e-01 9.929819107055664062e-01 9.990942478179931641e-01 9.999460577964782715e-01 0.000000000000000000e+00
9.590758085250854492e-01 9.976477026939392090e-01 9.999181628227233887e-01 9.999979734420776367e-01 9.999999403953552246e-01 0.000000000000000000e+00
9.652516245841979980e-01 9.997600317001342773e-01 9.999996423721313477e-01 1.000000000000000000e+00 1.000000000000000000e+00 0.000000000000000000e+00
9.905430674552917480e-01 9.999906420707702637e-01 1.000000000000000000e+00 1.000000000000000000e+00 1.000000000000000000e+00 0.000000000000000000e+00
9.871038198471069336e-01 9.999807476997375488e-01 1.000000000000000000e+00 1.000000000000000000e+00 1.000000000000000000e+00 0.000000000000000000e+00
9.907739758491516113e-01 9.997235536575317383e-01 9.999970793724060059e-01 1.000000000000000000e+00 1.000000000000000000e+00 0.000000000000000000e+00
9.781069755554199219e-01 9.983247518539428711e-01 9.998914599418640137e-01 9.999989867210388184e-01 1.000000000000000000e+00 0.000000000000000000e+00
9.817671179771423340e-01 9.996672272682189941e-01 9.999928474426269531e-01 1.000000000000000000e+00 1.000000000000000000e+00 0.000000000000000000e+00
8.585891723632812500e-01 9.837436676025390625e-01 9.961848855018615723e-01 9.996247887611389160e-01 9.999867081642150879e-01 0.000000000000000000e+00
9.577344059944152832e-01 9.976924657821655273e-01 9.999672770500183105e-01 9.999998211860656738e-01 1.000000000000000000e+00 0.000000000000000000e+00
9.982089996337890625e-01 9.999960660934448242e-01 1.000000000000000000e+00 1.000000000000000000e+00 1.000000000000000000e+00 0.000000000000000000e+00
9.987549185752868652e-01 9.999972581863403320e-01 1.000000000000000000e+00 1.000000000000000000e+00 1.000000000000000000e+00 0.000000000000000000e+00
9.812591075897216797e-01 9.990651607513427734e-01 9.999877810478210449e-01 9.999999403953552246e-01 1.000000000000000000e+00 0.000000000000000000e+00
9.784132838249206543e-01 9.994151592254638672e-01 9.999924898147583008e-01 9.999998211860656738e-01 1.000000000000000000e+00 0.000000000000000000e+00
8.989901542663574219e-01 9.995335340499877930e-01 9.999927282333374023e-01 1.000000000000000000e+00 1.000000000000000000e+00 0.000000000000000000e+00
9.994744658470153809e-01 9.999981522560119629e-01 1.000000000000000000e+00 1.000000000000000000e+00 1.000000000000000000e+00 0.000000000000000000e+00
9.052730798721313477e-01 9.741486310958862305e-01 9.972568750381469727e-01 9.994104504585266113e-01 9.999243021011352539e-01 0.000000000000000000e+00
9.354470372200012207e-01 9.936857819557189941e-01 9.991105198860168457e-01 9.999504685401916504e-01 9.999987483024597168e-01 0.000000000000000000e+00
9.867597222328186035e-01 9.994887113571166992e-01 9.999772310256958008e-01 9.999996423721313477e-01 1.000000000000000000e+00 0.000000000000000000e+00
9.926716089248657227e-01 9.999108910560607910e-01 9.999991059303283691e-01 1.000000000000000000e+00 1.000000000000000000e+00 0.000000000000000000e+00
9.231921434402465820e-01 9.876899123191833496e-01 9.989806413650512695e-01 9.999603033065795898e-01 9.999995827674865723e-01 0.000000000000000000e+00
6.830587983131408691e-01 9.954187273979187012e-01 9.986695051193237305e-01 9.998604655265808105e-01 9.999948740005493164e-01 0.000000000000000000e+00
8.509172797203063965e-01 9.959652423858642578e-01 9.994841217994689941e-01 9.996948838233947754e-01 9.999020695686340332e-01 0.000000000000000000e+00
9.987863302230834961e-01 9.999997615814208984e-01 1.000000000000000000e+00 1.000000000000000000e+00 1.000000000000000000e+00 0.000000000000000000e+00
9.980750083923339844e-01 9.999889731407165527e-01 1.000000000000000000e+00 1.000000000000000000e+00 1.000000000000000000e+00 0.000000000000000000e+00
9.935557842254638672e-01 9.999305009841918945e-01 9.999999403953552246e-01 1.000000000000000000e+00 1.000000000000000000e+00 0.000000000000000000e+00
9.943462014198303223e-01 9.999639391899108887e-01 9.999999403953552246e-01 1.000000000000000000e+00 1.000000000000000000e+00 0.000000000000000000e+00
9.838859438896179199e-01 9.991068243980407715e-01 9.998223781585693359e-01 9.999869465827941895e-01 9.999998807907104492e-01 0.000000000000000000e+00
9.974494576454162598e-01 9.999498724937438965e-01 9.999967813491821289e-01 1.000000000000000000e+00 1.000000000000000000e+00 0.000000000000000000e+00
9.969084858894348145e-01 9.999945759773254395e-01 1.000000000000000000e+00 1.000000000000000000e+00 1.000000000000000000e+00 0.000000000000000000e+00
9.985313415527343750e-01 9.999934434890747070e-01 1.000000000000000000e+00 1.000000000000000000e+00 1.000000000000000000e+00 0.000000000000000000e+00
9.920722842216491699e-01 9.999625086784362793e-01 9.999999403953552246e-01 1.000000000000000000e+00 1.000000000000000000e+00 0.000000000000000000e+00
9.990798830986022949e-01 9.999995827674865723e-01 1.000000000000000000e+00 1.000000000000000000e+00 1.000000000000000000e+00 0.000000000000000000e+00
9.981968402862548828e-01 9.999959468841552734e-01 1.000000000000000000e+00 1.000000000000000000e+00 1.000000000000000000e+00 0.000000000000000000e+00
9.948644042015075684e-01 9.999915361404418945e-01 1.000000000000000000e+00 1.000000000000000000e+00 1.000000000000000000e+00 0.000000000000000000e+00
9.946163296699523926e-01 9.999350309371948242e-01 9.999998807907104492e-01 1.000000000000000000e+00 1.000000000000000000e+00 0.000000000000000000e+00
9.988081455230712891e-01 9.999939203262329102e-01 1.000000000000000000e+00 1.000000000000000000e+00 1.000000000000000000e+00 0.000000000000000000e+00
9.552246928215026855e-01 9.969300627708435059e-01 9.998489022254943848e-01 9.999945163726806641e-01 9.999998807907104492e-01 1.000000000000000000e+00
9.903865456581115723e-01 9.999070167541503906e-01 9.999995827674865723e-01 1.000000000000000000e+00 1.000000000000000000e+00 2.000000000000000000e+00
9.552246928215026855e-01 9.969300627708435059e-01 9.998489022254943848e-01 9.999945163726806641e-01 9.999998807907104492e-01 1.000000000000000000e+00
9.903865456581115723e-01 9.999070167541503906e-01 9.999995827674865723e-01 1.000000000000000000e+00 1.000000000000000000e+00 2.000000000000000000e+00
9.552246928215026855e-01 9.969300627708435059e-01 9.998489022254943848e-01 9.999945163726806641e-01 9.999998807907104492e-01 1.000000000000000000e+00
9.903865456581115723e-01 9.999070167541503906e-01 9.999995827674865723e-01 1.000000000000000000e+00 1.000000000000000000e+00 2.000000000000000000e+00
9.552246928215026855e-01 9.969300627708435059e-01 9.998489022254943848e-01 9.999945163726806641e-01 9.999998807907104492e-01 1.000000000000000000e+00
9.903865456581115723e-01 9.999070167541503906e-01 9.999995827674865723e-01 1.000000000000000000e+00 1.000000000000000000e+00 2.000000000000000000e+00
9.552246928215026855e-01 9.969300627708435059e-01 9.998489022254943848e-01 9.999945163726806641e-01 9.999998807907104492e-01 1.000000000000000000e+00
9.903865456581115723e-01 9.999070167541503906e-01 9.999995827674865723e-01 1.000000000000000000e+00 1.000000000000000000e+00 2.000000000000000000e+00
9.552246928215026855e-01 9.969300627708435059e-01 9.998489022254943848e-01 9.999945163726806641e-01 9.999998807907104492e-01 1.000000000000000000e+00
9.903865456581115723e-01 9.999070167541503906e-01 9.999995827674865723e-01 1.000000000000000000e+00 1.000000000000000000e+00 2.000000000000000000e+00
9.552246928215026855e-01 9.969300627708435059e-01 9.998489022254943848e-01 9.999945163726806641e-01 9.999998807907104492e-01 1.000000000000000000e+00
9.903865456581115723e-01 9.999070167541503906e-01 9.999995827674865723e-01 1.000000000000000000e+00 1.000000000000000000e+00 2.000000000000000000e+00
9.552246928215026855e-01 9.969300627708435059e-01 9.998489022254943848e-01 9.999945163726806641e-01 9.999998807907104492e-01 1.000000000000000000e+00
9.903865456581115723e-01 9.999070167541503906e-01 9.999995827674865723e-01 1.000000000000000000e+00 1.000000000000000000e+00 2.000000000000000000e+00
9.552246928215026855e-01 9.969300627708435059e-01 9.998489022254943848e-01 9.999945163726806641e-01 9.999998807907104492e-01 1.000000000000000000e+00
9.903865456581115723e-01 9.999070167541503906e-01 9.999995827674865723e-01 1.000000000000000000e+00 1.000000000000000000e+00 2.000000000000000000e+00
9.552246928215026855e-01 9.969300627708435059e-01 9.998489022254943848e-01 9.999945163726806641e-01 9.999998807907104492e-01 1.000000000000000000e+00
9.903865456581115723e-01 9.999070167541503906e-01 9.999995827674865723e-01 1.000000000000000000e+00 1.000000000000000000e+00 2.000000000000000000e+00
9.949367046356201172e-01 9.999846220016479492e-01 9.999999403953552246e-01 1.000000000000000000e+00 1.000000000000000000e+00 0.000000000000000000e+00
9.982087612152099609e-01 9.999861717224121094e-01 1.000000000000000000e+00 1.000000000000000000e+00 1.000000000000000000e+00 0.000000000000000000e+00
9.959768652915954590e-01 9.999978542327880859e-01 1.000000000000000000e+00 1.000000000000000000e+00 1.000000000000000000e+00 0.000000000000000000e+00
9.554429054260253906e-01 9.991137981414794922e-01 9.999998807907104492e-01 1.000000000000000000e+00 1.000000000000000000e+00 0.000000000000000000e+00
9.973745942115783691e-01 9.999883770942687988e-01 1.000000000000000000e+00 1.000000000000000000e+00 1.000000000000000000e+00 0.000000000000000000e+00
9.987686872482299805e-01 9.999969005584716797e-01 1.000000000000000000e+00 1.000000000000000000e+00 1.000000000000000000e+00 0.000000000000000000e+00
9.990293383598327637e-01 9.999993443489074707e-01 1.000000000000000000e+00 1.000000000000000000e+00 1.000000000000000000e+00 0.000000000000000000e+00
9.409146308898925781e-01 -4.822785556316375732e-01 -4.494441151618957520e-01 -5.500454902648925781e-01 -9.045221805572509766e-01 1.000000000000000000e+00
9.725019335746765137e-01 9.964800477027893066e-01 9.999313950538635254e-01 9.999961256980895996e-01 9.999999403953552246e-01 2.000000000000000000e+00
9.409146308898925781e-01 -4.822785556316375732e-01 -4.494441151618957520e-01 -5.500454902648925781e-01 -9.045221805572509766e-01 1.000000000000000000e+00
9.725019335746765137e-01 9.964800477027893066e-01 9.999313950538635254e-01 9.999961256980895996e-01 9.999999403953552246e-01 2.000000000000000000e+00
9.409146308898925781e-01 -4.822785556316375732e-01 -4.494441151618957520e-01 -5.500454902648925781e-01 -9.045221805572509766e-01 1.000000000000000000e+00
9.725019335746765137e-01 9.964800477027893066e-01 9.999313950538635254e-01 9.999961256980895996e-01 9.999999403953552246e-01 2.000000000000000000e+00
9.409146308898925781e-01 -4.822785556316375732e-01 -4.494441151618957520e-01 -5.500454902648925781e-01 -9.045221805572509766e-01 1.000000000000000000e+00
9.725019335746765137e-01 9.964800477027893066e-01 9.999313950538635254e-01 9.999961256980895996e-01 9.999999403953552246e-01 2.000000000000000000e+00
9.409146308898925781e-01 -4.822785556316375732e-01 -4.494441151618957520e-01 -5.500454902648925781e-01 -9.045221805572509766e-01 1.000000000000000000e+00
9.725019335746765137e-01 9.964800477027893066e-01 9.999313950538635254e-01 9.999961256980895996e-01 9.999999403953552246e-01 2.000000000000000000e+00
9.409146308898925781e-01 -4.822785556316375732e-01 -4.494441151618957520e-01 -5.500454902648925781e-01 -9.045221805572509766e-01 1.000000000000000000e+00
9.725019335746765137e-01 9.964800477027893066e-01 9.999313950538635254e-01 9.999961256980895996e-01 9.999999403953552246e-01 2.000000000000000000e+00
9.409146308898925781e-01 -4.822785556316375732e-01 -4.494441151618957520e-01 -5.500454902648925781e-01 -9.045221805572509766e-01 1.000000000000000000e+00
9.725019335746765137e-01 9.964800477027893066e-01 9.999313950538635254e-01 9.999961256980895996e-01 9.999999403953552246e-01 2.000000000000000000e+00
9.409146308898925781e-01 -4.822785556316375732e-01 -4.494441151618957520e-01 -5.500454902648925781e-01 -9.045221805572509766e-01 1.000000000000000000e+00
9.725019335746765137e-01 9.964800477027893066e-01 9.999313950538635254e-01 9.999961256980895996e-01 9.999999403953552246e-01 2.000000000000000000e+00
9.409146308898925781e-01 -4.822785556316375732e-01 -4.494441151618957520e-01 -5.500454902648925781e-01 -9.045221805572509766e-01 1.000000000000000000e+00
9.725019335746765137e-01 9.964800477027893066e-01 9.999313950538635254e-01 9.999961256980895996e-01 9.999999403953552246e-01 2.000000000000000000e+00
9.409146308898925781e-01 -4.822785556316375732e-01 -4.494441151618957520e-01 -5.500454902648925781e-01 -9.045221805572509766e-01 1.000000000000000000e+00
9.725019335746765137e-01 9.964800477027893066e-01 9.999313950538635254e-01 9.999961256980895996e-01 9.999999403953552246e-01 2.000000000000000000e+00
9.982212185859680176e-01 9.999740719795227051e-01 9.999999403953552246e-01 1.000000000000000000e+00 1.000000000000000000e+00 0.000000000000000000e+00
9.950930476188659668e-01 9.999755620956420898e-01 9.999999403953552246e-01 1.000000000000000000e+00 1.000000000000000000e+00 0.000000000000000000e+00
8.975411057472229004e-01 9.922425150871276855e-01 9.995392560958862305e-01 9.999910593032836914e-01 9.999999403953552246e-01 0.000000000000000000e+00
8.134840130805969238e-01 9.861462116241455078e-01 9.998132586479187012e-01 9.999992251396179199e-01 1.000000000000000000e+00 0.000000000000000000e+00
3.098710477352142334e-01 8.496105074882507324e-01 9.847499132156372070e-01 9.982120394706726074e-01 9.999797940254211426e-01 0.000000000000000000e+00
8.113507628440856934e-01 8.755731582641601562e-01 9.947589635848999023e-01 9.999820590019226074e-01 1.000000000000000000e+00 0.000000000000000000e+00
7.181429862976074219e-01 6.883342266082763672e-01 6.955304145812988281e-01 6.733864545822143555e-01 8.600618243217468262e-01 0.000000000000000000e+00
9.655262827873229980e-01 9.997043609619140625e-01 9.999990463256835938e-01 1.000000000000000000e+00 1.000000000000000000e+00 0.000000000000000000e+00
7.511682510375976562e-01 9.959669113159179688e-01 9.999958872795104980e-01 1.000000000000000000e+00 1.000000000000000000e+00 0.000000000000000000e+00
9.809131622314453125e-01 9.998784065246582031e-01 9.999991655349731445e-01 1.000000000000000000e+00 1.000000000000000000e+00 0.000000000000000000e+00
6.932271718978881836e-01 9.932832121849060059e-01 9.998483657836914062e-01 9.999985694885253906e-01 1.000000000000000000e+00 0.000000000000000000e+00
9.572408795356750488e-01 9.999102950096130371e-01 9.999998807907104492e-01 1.000000000000000000e+00 1.000000000000000000e+00 0.000000000000000000e+00
9.938161969184875488e-01 9.999834299087524414e-01 9.999999403953552246e-01 1.000000000000000000e+00 1.000000000000000000e+00 0.000000000000000000e+00
9.918452501296997070e-01 9.999264478683471680e-01 9.999997615814208984e-01 1.000000000000000000e+00 1.000000000000000000e+00 0.000000000000000000e+00
5.117092728614807129e-01 7.881709374487400055e-03 -6.312320381402969360e-02 8.742945790290832520e-01 9.983697533607482910e-01 0.000000000000000000e+00
9.287350177764892578e-01 9.911489486694335938e-01 9.993208646774291992e-01 9.999808669090270996e-01 9.999996423721313477e-01 0.000000000000000000e+00
8.832528591156005859e-01 9.627235531806945801e-01 9.962527155876159668e-01 9.998449087142944336e-01 9.999978542327880859e-01 0.000000000000000000e+00
9.571333527565002441e-01 9.986172914505004883e-01 9.999675154685974121e-01 9.999995827674865723e-01 1.000000000000000000e+00 0.000000000000000000e+00
9.960492849349975586e-01 9.999495744705200195e-01 9.999990463256835938e-01 1.000000000000000000e+00 1.000000000000000000e+00 0.000000000000000000e+00
9.923102259635925293e-01 9.998757243156433105e-01 9.999991655349731445e-01 1.000000000000000000e+00 1.000000000000000000e+00 0.000000000000000000e+00
9.887917637825012207e-01 9.997895359992980957e-01 9.999989867210388184e-01 1.000000000000000000e+00 1.000000000000000000e+00 0.000000000000000000e+00
9.714074730873107910e-01 9.996348023414611816e-01 9.999999403953552246e-01 1.000000000000000000e+00 1.000000000000000000e+00 0.000000000000000000e+00
9.583154320716857910e-01 9.983450770378112793e-01 9.997994303703308105e-01 9.999988079071044922e-01 1.000000000000000000e+00 0.000000000000000000e+00
9.755890369415283203e-01 9.974235892295837402e-01 9.998005628585815430e-01 9.999918341636657715e-01 9.999999403953552246e-01 0.000000000000000000e+00
9.533396363258361816e-01 9.958722591400146484e-01 9.998002052307128906e-01 9.999964833259582520e-01 1.000000000000000000e+00 0.000000000000000000e+00
9.899091720581054688e-01 9.989988803863525391e-01 9.999497532844543457e-01 9.999994635581970215e-01 1.000000000000000000e+00 0.000000000000000000e+00
9.437990784645080566e-01 9.993342757225036621e-01 9.999892711639404297e-01 9.999999403953552246e-01 1.000000000000000000e+00 0.000000000000000000e+00
9.284800887107849121e-01 9.952545762062072754e-01 9.997093677520751953e-01 9.999924302101135254e-01 9.999999403953552246e-01 0.000000000000000000e+00
9.996985197067260742e-01 9.999998211860656738e-01 1.000000000000000000e+00 1.000000000000000000e+00 1.000000000000000000e+00 0.000000000000000000e+00
9.928287863731384277e-01 9.999883174896240234e-01 9.999999403953552246e-01 1.000000000000000000e+00 1.000000000000000000e+00 0.000000000000000000e+00
9.729109406471252441e-01 9.997280240058898926e-01 9.999990463256835938e-01 1.000000000000000000e+00 1.000000000000000000e+00 0.000000000000000000e+00
9.644249677658081055e-01 9.988859295845031738e-01 9.999998807907104492e-01 1.000000000000000000e+00 1.000000000000000000e+00 0.000000000000000000e+00
9.702069759368896484e-01 9.996663928031921387e-01 9.999908208847045898e-01 9.999998211860656738e-01 1.000000000000000000e+00 0.000000000000000000e+00
9.573454856872558594e-01 9.992028474807739258e-01 9.999923110008239746e-01 9.999999403953552246e-01 1.000000000000000000e+00 0.000000000000000000e+00
9.997784495353698730e-01 9.999999403953552246e-01 1.000000000000000000e+00 1.000000000000000000e+00 1.000000000000000000e+00 0.000000000000000000e+00
7.825701236724853516e-01 9.762846827507019043e-01 9.977678656578063965e-01 9.997826814651489258e-01 9.999961256980895996e-01 0.000000000000000000e+00
8.903448581695556641e-01 9.615383148193359375e-01 9.827573895454406738e-01 9.935769438743591309e-01 9.996630549430847168e-01 0.000000000000000000e+00
8.970066308975219727e-01 9.595640897750854492e-01 9.893305897712707520e-01 9.987300038337707520e-01 9.998472332954406738e-01 0.000000000000000000e+00
9.102985262870788574e-01 9.845508337020874023e-01 9.975568056106567383e-01 9.998431205749511719e-01 9.999921917915344238e-01 0.000000000000000000e+00
1.557547748088836670e-01 -4.025672078132629395e-01 5.834244564175605774e-02 -3.675665557384490967e-01 -5.798674225807189941e-01 0.000000000000000000e+00
7.740958929061889648e-01 9.556138515472412109e-01 9.781096577644348145e-01 9.903521537780761719e-01 9.831522107124328613e-01 0.000000000000000000e+00
