2.071366161108016968e-01 1.972965598106384277e-01 1.979222148656845093e-01 1.994659900665283203e-01 2.029531151056289673e-01 0.000000000000000000e+00
2.306126654148101807e-01 2.324774563312530518e-01 2.199070602655410767e-01 2.224006503820419312e-01 2.092988193035125732e-01 0.000000000000000000e+00
2.283408790826797485e-01 2.398450970649719238e-01 2.191745191812515259e-01 2.070352882146835327e-01 2.039776891469955444e-01 0.000000000000000000e+00
2.293287962675094604e-01 2.309884279966354370e-01 2.311545163393020630e-01 2.289447784423828125e-01 2.216480672359466553e-01 0.000000000000000000e+00
2.393491566181182861e-01 2.500962615013122559e-01 2.476097494363784790e-01 2.425904870033264160e-01 2.407772988080978394e-01 0.000000000000000000e+00
2.181794047355651855e-01 2.176498174667358398e-01 2.263515144586563110e-01 2.340297102928161621e-01 2.442626208066940308e-01 0.000000000000000000e+00
2.348697036504745483e-01 2.195369005203247070e-01 2.216088026762008667e-01 2.306663990020751953e-01 2.234517633914947510e-01 0.000000000000000000e+00
2.146449089050292969e-01 2.027338892221450806e-01 2.043201476335525513e-01 2.031831592321395874e-01 2.055976837873458862e-01 0.000000000000000000e+00
2.120737135410308838e-01 1.980391293764114380e-01 2.000084817409515381e-01 2.018618881702423096e-01 2.044159173965454102e-01 0.000000000000000000e+00
2.033447325229644775e-01 1.969683021306991577e-01 1.980530917644500732e-01 2.003769278526306152e-01 2.019274681806564331e-01 0.000000000000000000e+00
1.981710195541381836e-01 1.955967545509338379e-01 2.013606280088424683e-01 2.027776986360549927e-01 2.039908915758132935e-01 0.000000000000000000e+00
1.977651268243789673e-01 1.959961056709289551e-01 1.980194896459579468e-01 2.013559192419052124e-01 2.017293125391006470e-01 0.000000000000000000e+00
2.064741849899291992e-01 1.977492421865463257e-01 2.000180184841156006e-01 2.005017846822738647e-01 2.004273682832717896e-01 0.000000000000000000e+00
2.120633721351623535e-01 2.164596170186996460e-01 1.956195235252380371e-01 2.019090056419372559e-01 2.027809470891952515e-01 0.000000000000000000e+00
2.059572786092758179e-01 2.218590229749679565e-01 2.233477979898452759e-01 2.042236328125000000e-01 2.150469571352005005e-01 0.000000000000000000e+00
2.073185741901397705e-01 2.379823327064514160e-01 2.496936619281768799e-01 2.679473161697387695e-01 2.460393011569976807e-01 0.000000000000000000e+00
1.133124232292175293e-01 2.362379133701324463e-01 2.317613810300827026e-01 1.882498264312744141e-01 1.861003488302230835e-01 0.000000000000000000e+00
1.249819770455360413e-01 2.497925311326980591e-01 2.716282606124877930e-01 2.564545571804046631e-01 2.305199801921844482e-01 0.000000000000000000e+00
1.731258332729339600e-01 1.897500753402709961e-01 2.013349235057830811e-01 2.209341526031494141e-01 2.277656644582748413e-01 0.000000000000000000e+00
2.229726910591125488e-01 1.564396619796752930e-01 1.787324547767639160e-01 2.329245954751968384e-01 2.049162536859512329e-01 0.000000000000000000e+00
2.051114141941070557e-01 1.975213736295700073e-01 2.442086338996887207e-01 2.279265224933624268e-01 2.120874226093292236e-01 0.000000000000000000e+00
1.637785285711288452e-01 2.198276668787002563e-01 1.913409531116485596e-01 1.745557934045791626e-01 2.033524960279464722e-01 0.000000000000000000e+00
2.347004413604736328e-01 2.192903757095336914e-01 2.344423830509185791e-01 1.913990527391433716e-01 1.858575493097305298e-01 0.000000000000000000e+00
-2.252834104001522064e-02 1.784422993659973145e-01 1.970900595188140869e-01 2.040335386991500854e-01 1.975652426481246948e-01 0.000000000000000000e+00
1.801378726959228516e-01 2.213489264249801636e-01 2.224389910697937012e-01 2.014877647161483765e-01 1.804408133029937744e-01 0.000000000000000000e+00
-3.754235513042658567e-04 -3.473424538969993591e-02 5.747510492801666260e-02 1.107555478811264038e-01 1.486430317163467407e-01 0.000000000000000000e+00
2.626639604568481445e-01 2.723601460456848145e-01 2.454061061143875122e-01 2.301811426877975464e-01 2.016773223876953125e-01 0.000000000000000000e+00
2.431780546903610229e-01 2.481688559055328369e-01 2.648463547229766846e-01 2.745921313762664795e-01 2.752991020679473877e-01 0.000000000000000000e+00
4.099079966545104980e-01 6.279156208038330078e-01 8.302794098854064941e-01 8.580837249755859375e-01 8.466169834136962891e-01 0.000000000000000000e+00
2.578263580799102783e-01 3.680012524127960205e-01 4.102310538291931152e-01 5.004116892814636230e-01 3.836686015129089355e-01 0.000000000000000000e+00
5.118263959884643555e-01 7.905423641204833984e-01 8.836033344268798828e-01 9.100368618965148926e-01 9.137575626373291016e-01 0.000000000000000000e+00
2.654836475849151611e-01 5.475309491157531738e-01 6.057776808738708496e-01 7.604114413261413574e-01 8.443865776062011719e-01 0.000000000000000000e+00
-8.002676069736480713e-02 9.636756777763366699e-02 1.422072798013687134e-01 2.695448398590087891e-01 4.267234206199645996e-01 0.000000000000000000e+00
-1.998593062162399292e-01 -1.735653430223464966e-01 -7.662784308195114136e-02 2.554007992148399353e-02 1.309966742992401123e-01 0.000000000000000000e+00
2.893734574317932129e-01 4.060129225254058838e-01 4.484197795391082764e-01 4.839134216308593750e-01 2.374071627855300903e-01 0.000000000000000000e+00
6.146769225597381592e-02 1.443894654512405396e-01 1.251745820045471191e-01 1.866740286350250244e-01 2.322468906641006470e-01 0.000000000000000000e+00
2.257744520902633667e-01 1.952144354581832886e-01 2.056652903556823730e-01 2.290923595428466797e-01 2.460334450006484985e-01 0.000000000000000000e+00
2.107022553682327271e-01 2.124293148517608643e-01 1.906355470418930054e-01 1.718464046716690063e-01 1.943481415510177612e-01 0.000000000000000000e+00
2.353215664625167847e-01 2.371414750814437866e-01 2.439745813608169556e-01 2.428926974534988403e-01 2.343657165765762329e-01 0.000000000000000000e+00
2.343859672546386719e-01 2.293107360601425171e-01 2.268176674842834473e-01 2.303432226181030273e-01 2.385812997817993164e-01 0.000000000000000000e+00
1.169890314340591431e-01 7.708514481782913208e-02 2.141330093145370483e-01 2.252996712923049927e-01 2.295833379030227661e-01 0.000000000000000000e+00
2.456296682357788086e-01 2.442118972539901733e-01 2.541536986827850342e-01 2.036622017621994019e-01 1.231489926576614380e-01 0.000000000000000000e+00
-2.295204624533653259e-02 1.098969280719757080e-01 -6.327232718467712402e-02 -3.622741401195526123e-01 -2.330669462680816650e-01 1.000000000000000000e+00
1.319966018199920654e-01 1.788041144609451294e-01 1.459136158227920532e-01 1.904583275318145752e-01 1.631095558404922485e-01 2.000000000000000000e+00
-2.295204624533653259e-02 1.098969280719757080e-01 -6.327232718467712402e-02 -3.622741401195526123e-01 -2.330669462680816650e-01 1.000000000000000000e+00
1.319966018199920654e-01 1.788041144609451294e-01 1.459136158227920532e-01 1.904583275318145752e-01 1.631095558404922485e-01 2.000000000000000000e+00
-2.295204624533653259e-02 1.098969280719757080e-01 -6.327232718467712402e-02 -3.622741401195526123e-01 -2.330669462680816650e-01 1.000000000000000000e+00
1.319966018199920654e-01 1.788041144609451294e-01 1.459136158227920532e-01 1.904583275318145752e-01 1.631095558404922485e-01 2.000000000000000000e+00
-2.295204624533653259e-02 1.098969280719757080e-01 -6.327232718467712402e-02 -3.622741401195526123e-01 -2.330669462680816650e-01 1.000000000000000000e+00
1.319966018199920654e-01 1.788041144609451294e-01 1.459136158227920532e-01 1.904583275318145752e-01 1.631095558404922485e-01 2.000000000000000000e+00
-2.295204624533653259e-02 1.098969280719757080e-01 -6.327232718467712402e-02 -3.622741401195526123e-01 -2.330669462680816650e-01 1.000000000000000000e+00
1.319966018199920654e-01 1.788041144609451294e-01 1.459136158227920532e-01 1.904583275318145752e-01 1.631095558404922485e-01 2.000000000000000000e+00
-2.295204624533653259e-02 1.098969280719757080e-01 -6.327232718467712402e-02 -3.622741401195526123e-01 -2.330669462680816650e-01 1.000000000000000000e+00
1.319966018199920654e-01 1.788041144609451294e-01 1.459136158227920532e-01 1.904583275318145752e-01 1.631095558404922485e-01 2.000000000000000000e+00
-2.295204624533653259e-02 1.098969280719757080e-01 -6.327232718467712402e-02 -3.622741401195526123e-01 -2.330669462680816650e-01 1.000000000000000000e+00
1.319966018199920654e-01 1.788041144609451294e-01 1.459136158227920532e-01 1.904583275318145752e-01 1.631095558404922485e-01 2.000000000000000000e+00
-2.295204624533653259e-02 1.098969280719757080e-01 -6.327232718467712402e-02 -3.622741401195526123e-01 -2.330669462680816650e-01 1.000000000000000000e+00
1.319966018199920654e-01 1.788041144609451294e-01 1.459136158227920532e-01 1.904583275318145752e-01 1.631095558404922485e-01 2.000000000000000000e+00
-2.295204624533653259e-02 1.098969280719757080e-01 -6.327232718467712402e-02 -3.622741401195526123e-01 -2.330669462680816650e-01 1.000000000000000000e+00
1.319966018199920654e-01 1.788041144609451294e-01 1.459136158227920532e-01 1.904583275318145752e-01 1.631095558404922485e-01 2.000000000000000000e+00
-2.295204624533653259e-02 1.098969280719757080e-01 -6.327232718467712402e-02 -3.622741401195526123e-01 -2.330669462680816650e-01 1.000000000000000000e+00
1.319966018199920654e-01 1.788041144609451294e-01 1.459136158227920532e-01 1.904583275318145752e-01 1.631095558404922485e-01 2.000000000000000000e+00
2.041624337434768677e-01 2.935116589069366455e-01 3.439492881298065186e-01 3.061560392379760742e-01 3.695719242095947266e-01 0.000000000000000000e+00
1.377791315317153931e-01 3.677129149436950684e-01 4.047993123531341553e-01 3.163363635540008545e-01 3.582930266857147217e-01 0.000000000000000000e+00
2.019557207822799683e-01 5.503563880920410156e-01 6.856691837310791016e-01 7.145117521286010742e-01 6.537982225418090820e-01 0.000000000000000000e+00
2.504325509071350098e-01 4.584812223911285400e-01 5.403228402137756348e-01 5.360409021377563477e-01 4.726572632789611816e-01 0.000000000000000000e+00
-7.459086924791336060e-02 2.655325531959533691e-01 1.505836844444274902e-04 2.279766350984573364e-01 3.525703251361846924e-01 0.000000000000000000e+00
3.350390791893005371e-01 3.722740709781646729e-01 4.368543624877929688e-01 4.276184141635894775e-01 3.723362088203430176e-01 0.000000000000000000e+00
-1.812585592269897461e-01 3.068615198135375977e-01 2.950477600097656250e-01 4.425928592681884766e-01 6.094198226928710938e-01 0.000000000000000000e+00
-6.257739383727312088e-03 1.099060550332069397e-01 1.557546406984329224e-01 1.688412427902221680e-01 1.618790328502655029e-01 0.000000000000000000e+00
3.914055600762367249e-02 1.103621497750282288e-01 1.331821829080581665e-01 1.823164969682693481e-01 1.888103038072586060e-01 0.000000000000000000e+00
1.960063278675079346e-01 1.920162588357925415e-01 1.831621229648590088e-01 1.570973396301269531e-01 1.286254525184631348e-01 0.000000000000000000e+00
1.973596364259719849e-01 1.991643607616424561e-01 2.004548609256744385e-01 1.991440206766128540e-01 2.004681527614593506e-01 0.000000000000000000e+00
1.954226493835449219e-01 1.992072761058807373e-01 1.982822716236114502e-01 1.980910897254943848e-01 1.971412003040313721e-01 0.000000000000000000e+00
1.998849213123321533e-01 2.007409930229187012e-01 2.001091986894607544e-01 1.999023556709289551e-01 2.004541605710983276e-01 0.000000000000000000e+00
1.990332305431365967e-01 2.001915425062179565e-01 1.997239738702774048e-01 2.003111988306045532e-01 2.003303170204162598e-01 0.000000000000000000e+00
2.689740061759948730e-01 5.103592872619628906e-01 5.392791628837585449e-01 4.197950959205627441e-01 3.942579925060272217e-01 0.000000000000000000e+00
3.081529438495635986e-01 5.350413918495178223e-01 6.065958738327026367e-01 6.204570531845092773e-01 5.936785340309143066e-01 0.000000000000000000e+00
2.143472880125045776e-01 3.938414752483367920e-01 5.489813089370727539e-01 6.416764855384826660e-01 6.504890322685241699e-01 0.000000000000000000e+00
1.182098835706710815e-01 2.218356877565383911e-01 2.955299019813537598e-01 3.535918295383453369e-01 3.486526012420654297e-01 0.000000000000000000e+00
1.642439812421798706e-01 2.159472852945327759e-01 2.551382482051849365e-01 3.386184275150299072e-01 3.493571877479553223e-01 0.000000000000000000e+00
-2.017523348331451416e-01 -1.587656885385513306e-02 9.248974174261093140e-02 4.060677289962768555e-01 5.192711353302001953e-01 1.000000000000000000e+00
-2.499655485153198242e-01 2.138477414846420288e-01 2.095192521810531616e-01 2.788302600383758545e-01 2.981914281845092773e-01 2.000000000000000000e+00
-2.017523348331451416e-01 -1.587656885385513306e-02 9.248974174261093140e-02 4.060677289962768555e-01 5.192711353302001953e-01 1.000000000000000000e+00
-2.499655485153198242e-01 2.138477414846420288e-01 2.095192521810531616e-01 2.788302600383758545e-01 2.981914281845092773e-01 2.000000000000000000e+00
-2.017523348331451416e-01 -1.587656885385513306e-02 9.248974174261093140e-02 4.060677289962768555e-01 5.192711353302001953e-01 1.000000000000000000e+00
-2.499655485153198242e-01 2.138477414846420288e-01 2.095192521810531616e-01 2.788302600383758545e-01 2.981914281845092773e-01 2.000000000000000000e+00
-2.017523348331451416e-01 -1.587656885385513306e-02 9.248974174261093140e-02 4.060677289962768555e-01 5.192711353302001953e-01 1.000000000000000000e+00
-2.499655485153198242e-01 2.138477414846420288e-01 2.095192521810531616e-01 2.788302600383758545e-01 2.981914281845092773e-01 2.000000000000000000e+00
-2.017523348331451416e-01 -1.587656885385513306e-02 9.248974174261093140e-02 4.060677289962768555e-01 5.192711353302001953e-01 1.000000000000000000e+00
-2.499655485153198242e-01 2.138477414846420288e-01 2.095192521810531616e-01 2.788302600383758545e-01 2.981914281845092773e-01 2.000000000000000000e+00
-2.017523348331451416e-01 -1.587656885385513306e-02 9.248974174261093140e-02 4.060677289962768555e-01 5.192711353302001953e-01 1.000000000000000000e+00
-2.499655485153198242e-01 2.138477414846420288e-01 2.095192521810531616e-01 2.788302600383758545e-01 2.981914281845092773e-01 2.000000000000000000e+00
-2.017523348331451416e-01 -1.587656885385513306e-02 9.248974174261093140e-02 4.060677289962768555e-01 5.192711353302001953e-01 1.000000000000000000e+00
-2.499655485153198242e-01 2.138477414846420288e-01 2.095192521810531616e-01 2.788302600383758545e-01 2.981914281845092773e-01 2.000000000000000000e+00
-2.017523348331451416e-01 -1.587656885385513306e-02 9.248974174261093140e-02 4.060677289962768555e-01 5.192711353302001953e-01 1.000000000000000000e+00
-2.499655485153198242e-01 2.138477414846420288e-01 2.095192521810531616e-01 2.788302600383758545e-01 2.981914281845092773e-01 2.000000000000000000e+00
-2.017523348331451416e-01 -1.587656885385513306e-02 9.248974174261093140e-02 4.060677289962768555e-01 5.192711353302001953e-01 1.000000000000000000e+00
-2.499655485153198242e-01 2.138477414846420288e-01 2.095192521810531616e-01 2.788302600383758545e-01 2.981914281845092773e-01 2.000000000000000000e+00
-2.017523348331451416e-01 -1.587656885385513306e-02 9.248974174261093140e-02 4.060677289962768555e-01 5.192711353302001953e-01 1.000000000000000000e+00
-2.499655485153198242e-01 2.138477414846420288e-01 2.095192521810531616e-01 2.788302600383758545e-01 2.981914281845092773e-01 2.000000000000000000e+00
3.776887357234954834e-01 6.528007984161376953e-01 6.288596391677856445e-01 6.510959863662719727e-01 5.937395691871643066e-01 0.000000000000000000e+00
1.750296503305435181e-01 5.934630036354064941e-01 7.164294719696044922e-01 8.027824163436889648e-01 8.308601379394531250e-01 0.000000000000000000e+00
3.485646247863769531e-01 4.789780080318450928e-01 6.527061462402343750e-01 7.971119880676269531e-01 7.564414739608764648e-01 0.000000000000000000e+00
3.343946039676666260e-01 4.044355154037475586e-01 5.802764892578125000e-01 5.606583356857299805e-01 5.037971138954162598e-01 0.000000000000000000e+00
1.710973978042602539e-01 2.022935599088668823e-01 2.681284248828887939e-01 2.694742083549499512e-01 3.674547672271728516e-01 0.000000000000000000e+00
3.192710578441619873e-01 2.793453931808471680e-01 2.891243994235992432e-01 3.435923457145690918e-01 2.211847156286239624e-01 1.000000000000000000e+00
2.705330252647399902e-01 3.302426040172576904e-01 4.965524077415466309e-01 5.330630540847778320e-01 5.917911529541015625e-01 2.000000000000000000e+00
3.192710578441619873e-01 2.793453931808471680e-01 2.891243994235992432e-01 3.435923457145690918e-01 2.211847156286239624e-01 1.000000000000000000e+00
2.705330252647399902e-01 3.302426040172576904e-01 4.965524077415466309e-01 5.330630540847778320e-01 5.917911529541015625e-01 2.000000000000000000e+00
3.192710578441619873e-01 2.793453931808471680e-01 2.891243994235992432e-01 3.435923457145690918e-01 2.211847156286239624e-01 1.000000000000000000e+00
2.705330252647399902e-01 3.302426040172576904e-01 4.965524077415466309e-01 5.330630540847778320e-01 5.917911529541015625e-01 2.000000000000000000e+00
3.192710578441619873e-01 2.793453931808471680e-01 2.891243994235992432e-01 3.435923457145690918e-01 2.211847156286239624e-01 1.000000000000000000e+00
2.705330252647399902e-01 3.302426040172576904e-01 4.965524077415466309e-01 5.330630540847778320e-01 5.917911529541015625e-01 2.000000000000000000e+00
3.192710578441619873e-01 2.793453931808471680e-01 2.891243994235992432e-01 3.435923457145690918e-01 2.211847156286239624e-01 1.000000000000000000e+00
2.705330252647399902e-01 3.302426040172576904e-01 4.965524077415466309e-01 5.330630540847778320e-01 5.917911529541015625e-01 2.000000000000000000e+00
3.192710578441619873e-01 2.793453931808471680e-01 2.891243994235992432e-01 3.435923457145690918e-01 2.211847156286239624e-01 1.000000000000000000e+00
2.705330252647399902e-01 3.302426040172576904e-01 4.965524077415466309e-01 5.330630540847778320e-01 5.917911529541015625e-01 2.000000000000000000e+00
3.192710578441619873e-01 2.793453931808471680e-01 2.891243994235992432e-01 3.435923457145690918e-01 2.211847156286239624e-01 1.000000000000000000e+00
2.705330252647399902e-01 3.302426040172576904e-01 4.965524077415466309e-01 5.330630540847778320e-01 5.917911529541015625e-01 2.000000000000000000e+00
3.192710578441619873e-01 2.793453931808471680e-01 2.891243994235992432e-01 3.435923457145690918e-01 2.211847156286239624e-01 1.000000000000000000e+00
2.705330252647399902e-01 3.302426040172576904e-01 4.965524077415466309e-01 5.330630540847778320e-01 5.917911529541015625e-01 2.000000000000000000e+00
3.192710578441619873e-01 2.793453931808471680e-01 2.891243994235992432e-01 3.435923457145690918e-01 2.211847156286239624e-01 1.000000000000000000e+00
2.705330252647399902e-01 3.302426040172576904e-01 4.965524077415466309e-01 5.330630540847778320e-01 5.917911529541015625e-01 2.000000000000000000e+00
3.192710578441619873e-01 2.793453931808471680e-01 2.891243994235992432e-01 3.435923457145690918e-01 2.211847156286239624e-01 1.000000000000000000e+00
2.705330252647399902e-01 3.302426040172576904e-01 4.965524077415466309e-01 5.330630540847778320e-01 5.917911529541015625e-01 2.000000000000000000e+00
2.146632522344589233e-01 2.135776430368423462e-01 2.287621647119522095e-01 2.611556649208068848e-01 2.730777561664581299e-01 0.000000000000000000e+00
2.258113175630569458e-01 2.620012760162353516e-01 2.688649594783782959e-01 2.594543397426605225e-01 2.546635866165161133e-01 0.000000000000000000e+00
1.879352480173110962e-01 2.041994929313659668e-01 2.220705747604370117e-01 2.428542226552963257e-01 2.452721893787384033e-01 0.000000000000000000e+00
2.354667931795120239e-01 2.342426478862762451e-01 2.292905002832412720e-01 2.310171425342559814e-01 2.640045583248138428e-01 0.000000000000000000e+00
2.292606383562088013e-01 2.560284733772277832e-01 2.589519917964935303e-01 2.633019983768463135e-01 2.691725790500640869e-01 0.000000000000000000e+00
2.336943149566650391e-01 2.399865388870239258e-01 2.389642298221588135e-01 2.682884335517883301e-01 2.864379584789276123e-01 0.000000000000000000e+00
2.270073443651199341e-01 2.260647118091583252e-01 2.497677505016326904e-01 2.819188237190246582e-01 2.887994349002838135e-01 0.000000000000000000e+00
2.560556232929229736e-01 3.979167640209197998e-01 4.939766526222229004e-01 5.101214051246643066e-01 4.535486400127410889e-01 0.000000000000000000e+00
2.826063632965087891e-01 4.478176236152648926e-01 4.183783233165740967e-01 4.498216211795806885e-01 5.232125520706176758e-01 0.000000000000000000e+00
1.864166557788848877e-01 2.331541180610656738e-01 3.149685561656951904e-01 3.308666646480560303e-01 4.505960047245025635e-01 0.000000000000000000e+00
2.519053220748901367e-01 2.920675277709960938e-01 3.992251455783843994e-01 4.133463799953460693e-01 4.311212599277496338e-01 0.000000000000000000e+00
1.498480290174484253e-01 2.160265743732452393e-01 3.186721503734588623e-01 3.545601069927215576e-01 2.995355427265167236e-01 0.000000000000000000e+00
1.739926785230636597e-01 1.755288243293762207e-01 2.152694314718246460e-01 1.317029595375061035e-01 1.129671465605497360e-03 0.000000000000000000e+00
2.325375825166702271e-01 2.212602198123931885e-01 1.971096247434616089e-01 2.258047312498092651e-01 2.177072912454605103e-01 0.000000000000000000e+00
2.589746415615081787e-01 2.666158378124237061e-01 2.640668153762817383e-01 2.643010318279266357e-01 2.618574500083923340e-01 0.000000000000000000e+00
2.631415128707885742e-01 2.759091556072235107e-01 2.838011980056762695e-01 2.834237813949584961e-01 2.813965976238250732e-01 0.000000000000000000e+00
2.601631581783294678e-01 2.627436518669128418e-01 2.592515945434570312e-01 2.662529945373535156e-01 2.670132517814636230e-01 0.000000000000000000e+00
2.696078419685363770e-01 2.671746313571929932e-01 2.542966902256011963e-01 2.408034503459930420e-01 2.489891201257705688e-01 0.000000000000000000e+00
3.341330587863922119e-01 3.434612452983856201e-01 3.460367023944854736e-01 3.356436491012573242e-01 3.239143490791320801e-01 0.000000000000000000e+00
2.899843752384185791e-01 3.167070746421813965e-01 3.332264423370361328e-01 3.519080877304077148e-01 3.685470819473266602e-01 0.000000000000000000e+00
2.744955718517303467e-01 3.005425631999969482e-01 3.048861622810363770e-01 3.096886575222015381e-01 3.117560446262359619e-01 0.000000000000000000e+00
-4.887880012392997742e-02 3.108023107051849365e-01 3.273278772830963135e-01 4.215771257877349854e-01 4.383707344532012939e-01 0.000000000000000000e+00
1.623140424489974976e-01 2.427484095096588135e-01 2.831285893917083740e-01 3.631985485553741455e-01 4.038904607295989990e-01 0.000000000000000000e+00
3.302206695079803467e-01 4.290543496608734131e-01 4.556098282337188721e-01 4.632499217987060547e-01 4.302645325660705566e-01 0.000000000000000000e+00
2.588137090206146240e-01 3.839182555675506592e-01 4.802015423774719238e-01 4.795657992362976074e-01 4.922960400581359863e-01 0.000000000000000000e+00
2.223765850067138672e-01 3.775168061256408691e-01 5.026096105575561523e-01 5.616223812103271484e-01 6.017844080924987793e-01 0.000000000000000000e+00
8.830314874649047852e-02 1.914293617010116577e-01 1.754426956176757812e-01 2.351648211479187012e-01 3.501552939414978027e-01 0.000000000000000000e+00
6.952010095119476318e-02 1.740639656782150269e-01 2.446377575397491455e-01 2.534098625183105469e-01 2.044005692005157471e-01 1.000000000000000000e+00
2.193466126918792725e-01 2.825383245944976807e-01 3.533611297607421875e-01 3.816623985767364502e-01 3.517554998397827148e-01 2.000000000000000000e+00
6.952010095119476318e-02 1.740639656782150269e-01 2.446377575397491455e-01 2.534098625183105469e-01 2.044005692005157471e-01 1.000000000000000000e+00
2.193466126918792725e-01 2.825383245944976807e-01 3.533611297607421875e-01 3.816623985767364502e-01 3.517554998397827148e-01 2.000000000000000000e+00
6.952010095119476318e-02 1.740639656782150269e-01 2.446377575397491455e-01 2.534098625183105469e-01 2.044005692005157471e-01 1.000000000000000000e+00
2.193466126918792725e-01 2.825383245944976807e-01 3.533611297607421875e-01 3.816623985767364502e-01 3.517554998397827148e-01 2.000000000000000000e+00
6.952010095119476318e-02 1.740639656782150269e-01 2.446377575397491455e-01 2.534098625183105469e-01 2.044005692005157471e-01 1.000000000000000000e+00
2.193466126918792725e-01 2.825383245944976807e-01 3.533611297607421875e-01 3.816623985767364502e-01 3.517554998397827148e-01 2.000000000000000000e+00
6.952010095119476318e-02 1.740639656782150269e-01 2.446377575397491455e-01 2.534098625183105469e-01 2.044005692005157471e-01 1.000000000000000000e+00
2.193466126918792725e-01 2.825383245944976807e-01 3.533611297607421875e-01 3.816623985767364502e-01 3.517554998397827148e-01 2.000000000000000000e+00
6.952010095119476318e-02 1.740639656782150269e-01 2.446377575397491455e-01 2.534098625183105469e-01 2.044005692005157471e-01 1.000000000000000000e+00
2.193466126918792725e-01 2.825383245944976807e-01 3.533611297607421875e-01 3.816623985767364502e-01 3.517554998397827148e-01 2.000000000000000000e+00
6.952010095119476318e-02 1.740639656782150269e-01 2.446377575397491455e-01 2.534098625183105469e-01 2.044005692005157471e-01 1.000000000000000000e+00
2.193466126918792725e-01 2.825383245944976807e-01 3.533611297607421875e-01 3.816623985767364502e-01 3.517554998397827148e-01 2.000000000000000000e+00
6.952010095119476318e-02 1.740639656782150269e-01 2.446377575397491455e-01 2.534098625183105469e-01 2.044005692005157471e-01 1.000000000000000000e+00
2.193466126918792725e-01 2.825383245944976807e-01 3.533611297607421875e-01 3.816623985767364502e-01 3.517554998397827148e-01 2.000000000000000000e+00
6.952010095119476318e-02 1.740639656782150269e-01 2.446377575397491455e-01 2.534098625183105469e-01 2.044005692005157471e-01 1.000000000000000000e+00
2.193466126918792725e-01 2.825383245944976807e-01 3.533611297607421875e-01 3.816623985767364502e-01 3.517554998397827148e-01 2.000000000000000000e+00
6.952010095119476318e-02 1.740639656782150269e-01 2.446377575397491455e-01 2.534098625183105469e-01 2.044005692005157471e-01 1.000000000000000000e+00
2.193466126918792725e-01 2.825383245944976807e-01 3.533611297607421875e-01 3.816623985767364502e-01 3.517554998397827148e-01 2.000000000000000000e+00
5.900924205780029297e-01 6.164446473121643066e-01 6.272885799407958984e-01 6.058624386787414551e-01 5.826725959777832031e-01 0.000000000000000000e+00
5.580774545669555664e-01 6.061186790466308594e-01 6.107878088951110840e-01 6.090276241302490234e-01 5.924445390701293945e-01 0.000000000000000000e+00
5.696022510528564453e-01 6.277573108673095703e-01 6.380545496940612793e-01 6.038865447044372559e-01 5.829904079437255859e-01 0.000000000000000000e+00
6.001094579696655273e-01 6.021844148635864258e-01 6.103429794311523438e-01 5.713546276092529297e-01 5.670955181121826172e-01 0.000000000000000000e+00
5.517908930778503418e-01 5.955853462219238281e-01 6.012107729911804199e-01 5.985983014106750488e-01 5.942200422286987305e-01 0.000000000000000000e+00
5.671257972717285156e-01 5.896004438400268555e-01 5.729141831398010254e-01 5.698217153549194336e-01 5.533975958824157715e-01 0.000000000000000000e+00
5.546460151672363281e-01 5.792378783226013184e-01 5.841549038887023926e-01 5.761613249778747559e-01 5.682883858680725098e-01 0.000000000000000000e+00
2.222871929407119751e-01 2.225763499736785889e-01 2.198491096496582031e-01 2.206015735864639282e-01 2.201667577028274536e-01 0.000000000000000000e+00
1.103990674018859863e-01 1.277074962854385376e-01 2.139001339673995972e-01 2.092571407556533813e-01 2.079054564237594604e-01 0.000000000000000000e+00
1.900949627161026001e-01 2.100485563278198242e-01 2.144988775253295898e-01 2.251284718513488770e-01 2.193686962127685547e-01 0.000000000000000000e+00
2.165037393569946289e-01 2.242269515991210938e-01 2.204410135746002197e-01 2.248043715953826904e-01 2.192472964525222778e-01 0.000000000000000000e+00
2.097326666116714478e-01 2.010437846183776855e-01 1.958567798137664795e-01 2.056710124015808105e-01 2.150941938161849976e-01 0.000000000000000000e+00
1.531633734703063965e-01 2.065770328044891357e-01 2.050855159759521484e-01 2.117862999439239502e-01 1.624406725168228149e-01 0.000000000000000000e+00
-9.637088328599929810e-02 1.151371560990810394e-02 8.755718916654586792e-02 1.873010396957397461e-01 1.894621104001998901e-01 0.000000000000000000e+00
-5.046576634049415588e-02 -1.778043434023857117e-02 -5.134495347738265991e-02 -4.185484722256660461e-02 1.464771032333374023e-01 0.000000000000000000e+00
2.894943058490753174e-01 3.240552246570587158e-01 3.132679760456085205e-01 2.988207638263702393e-01 2.863214313983917236e-01 0.000000000000000000e+00
2.555044591426849365e-01 2.819829285144805908e-01 3.099890649318695068e-01 3.357639908790588379e-01 3.658176064491271973e-01 0.000000000000000000e+00
2.222087830305099487e-01 2.389812171459197998e-01 2.804275155067443848e-01 2.601773440837860107e-01 3.105553388595581055e-01 0.000000000000000000e+00
-1.105057671666145325e-01 -8.217000961303710938e-02 -1.399293690919876099e-01 -1.102765724062919617e-01 8.951182663440704346e-02 0.000000000000000000e+00
1.149245947599411011e-01 2.359052300453186035e-01 2.027166187763214111e-01 2.786300480365753174e-01 1.828072369098663330e-01 0.000000000000000000e+00
-6.728095561265945435e-02 7.111183553934097290e-02 1.865088492631912231e-01 2.226372659206390381e-01 2.957335114479064941e-01 0.000000000000000000e+00
1.018549874424934387e-01 2.021436989307403564e-01 3.427670896053314209e-01 4.022997021675109863e-01 5.707691311836242676e-01 0.000000000000000000e+00
1.518649309873580933e-01 3.452107310295104980e-01 2.998513877391815186e-01 3.195379376411437988e-01 3.402811288833618164e-01 0.000000000000000000e+00
1.413656920194625854e-01 3.866758644580841064e-01 5.367819070816040039e-01 5.926691293716430664e-01 6.126402616500854492e-01 0.000000000000000000e+00
4.032617211341857910e-01 5.092236399650573730e-01 5.358496904373168945e-01 4.717650115489959717e-01 3.524276018142700195e-01 0.000000000000000000e+00
2.424699254333972931e-02 3.051206767559051514e-01 4.111436009407043457e-01 6.393587589263916016e-01 7.159295678138732910e-01 0.000000000000000000e+00
9.704212844371795654e-02 2.868444919586181641e-01 3.832709789276123047e-01 6.793054342269897461e-01 5.951386094093322754e-01 0.000000000000000000e+00
2.141926735639572144e-01 3.866224288940429688e-01 5.915827751159667969e-01 6.796226501464843750e-01 6.406608819961547852e-01 0.000000000000000000e+00
3.618382811546325684e-01 5.560436248779296875e-01 5.561814308166503906e-01 6.161758899688720703e-01 7.054929137229919434e-01 0.000000000000000000e+00
2.648477852344512939e-01 4.564419686794281006e-01 5.439893007278442383e-01 5.545367002487182617e-01 5.823062062263488770e-01 0.000000000000000000e+00
3.606186211109161377e-01 5.813193321228027344e-01 6.020041704177856445e-01 6.271362304687500000e-01 6.541789174079895020e-01 0.000000000000000000e+00
2.368332445621490479e-01 2.918063998222351074e-01 4.103941023349761963e-01 3.685889542102813721e-01 4.639126956462860107e-01 0.000000000000000000e+00
1.355167031288146973e-01 3.794141411781311035e-01 3.712523281574249268e-01 4.113104343414306641e-01 4.890764355659484863e-01 0.000000000000000000e+00
2.192938476800918579e-01 3.509458899497985840e-01 3.230865597724914551e-01 4.226071536540985107e-01 3.468050062656402588e-01 0.000000000000000000e+00
-1.720710098743438721e-02 2.670678198337554932e-01 4.080738723278045654e-01 4.770087897777557373e-01 6.168847084045410156e-01 0.000000000000000000e+00
2.014947682619094849e-01 2.448601871728897095e-01 3.104355037212371826e-01 3.252484798431396484e-01 3.401755392551422119e-01 0.000000000000000000e+00
2.000405639410018921e-01 2.438017278909683228e-01 3.053643405437469482e-01 3.281211256980895996e-01 3.455019295215606689e-01 0.000000000000000000e+00
2.011605203151702881e-01 2.313476949930191040e-01 2.761800289154052734e-01 3.146335184574127197e-01 3.558621108531951904e-01 0.000000000000000000e+00
2.004970908164978027e-01 2.028467953205108643e-01 2.297606468200683594e-01 2.872118651866912842e-01 3.209313154220581055e-01 0.000000000000000000e+00
2.011071890592575073e-01 2.141121476888656616e-01 2.463567703962326050e-01 2.634518742561340332e-01 2.639876008033752441e-01 0.000000000000000000e+00
2.029648870229721069e-01 2.628756165504455566e-01 2.985122203826904297e-01 2.979527115821838379e-01 2.979713082313537598e-01 0.000000000000000000e+00
1.733578592538833618e-01 2.425461113452911377e-01 2.624986767768859863e-01 3.038305044174194336e-01 3.391425013542175293e-01 0.000000000000000000e+00
1.829663068056106567e-01 2.659196257591247559e-01 2.315245866775512695e-01 3.803523182868957520e-01 4.083456397056579590e-01 0.000000000000000000e+00
2.188462466001510620e-01 3.632026314735412598e-01 3.979087769985198975e-01 4.634580016136169434e-01 4.504112303256988525e-01 0.000000000000000000e+00
2.011224776506423950e-01 3.208295404911041260e-01 2.998379468917846680e-01 2.881866991519927979e-01 2.989693880081176758e-01 0.000000000000000000e+00
1.842391639947891235e-01 2.445418387651443481e-01 2.514979839324951172e-01 2.719687223434448242e-01 2.894094586372375488e-01 0.000000000000000000e+00
2.081014215946197510e-01 2.551297545433044434e-01 2.449204176664352417e-01 2.747397422790527344e-01 3.167773783206939697e-01 0.000000000000000000e+00
1.458979994058609009e-01 1.976756155490875244e-01 2.211760878562927246e-01 2.211038917303085327e-01 2.205024659633636475e-01 0.000000000000000000e+00
1.599357277154922485e-01 1.673867404460906982e-01 1.990543603897094727e-01 1.679718643426895142e-01 1.747201383113861084e-01 0.000000000000000000e+00
3.251565396785736084e-01 5.259222984313964844e-01 5.788308382034301758e-01 5.776246786117553711e-01 6.207122802734375000e-01 0.000000000000000000e+00
3.718013763427734375e-01 5.881631374359130859e-01 6.296013593673706055e-01 6.586932539939880371e-01 6.699423789978027344e-01 0.000000000000000000e+00
5.422316789627075195e-01 6.679252386093139648e-01 6.321046352386474609e-01 7.257178425788879395e-01 7.667025327682495117e-01 0.000000000000000000e+00
2.199461460113525391e-01 6.283296346664428711e-01 7.657447457313537598e-01 7.406678199768066406e-01 8.028283119201660156e-01 0.000000000000000000e+00
-1.452398449182510376e-01 1.413364261388778687e-01 3.293022811412811279e-01 5.231220126152038574e-01 6.199948191642761230e-01 0.000000000000000000e+00
3.804009035229682922e-02 2.326993644237518311e-01 4.252927303314208984e-01 3.137341141700744629e-01 2.848930656909942627e-01 0.000000000000000000e+00
1.121512502431869507e-01 2.844839394092559814e-01 4.146623015403747559e-01 4.145609140396118164e-01 3.595996499061584473e-01 0.000000000000000000e+00
5.564760565757751465e-01 6.073110103607177734e-01 6.241406798362731934e-01 5.731089115142822266e-01 5.458519458770751953e-01 0.000000000000000000e+00
6.052504181861877441e-01 6.149572134017944336e-01 5.358357429504394531e-01 5.171988010406494141e-01 5.244243144989013672e-01 0.000000000000000000e+00
5.376357436180114746e-01 5.563366413116455078e-01 5.491263866424560547e-01 5.754253864288330078e-01 5.920262932777404785e-01 0.000000000000000000e+00
5.582101345062255859e-01 5.934933423995971680e-01 5.733800530433654785e-01 5.892732143402099609e-01 5.502789020538330078e-01 0.000000000000000000e+00
5.525195598602294922e-01 5.976372361183166504e-01 5.773844718933105469e-01 5.429226160049438477e-01 5.106379389762878418e-01 0.000000000000000000e+00
5.565274357795715332e-01 5.528831481933593750e-01 5.340673327445983887e-01 4.892608225345611572e-01 5.017808675765991211e-01 0.000000000000000000e+00
5.218633413314819336e-01 5.501738786697387695e-01 5.425013303756713867e-01 5.782203674316406250e-01 5.646167397499084473e-01 0.000000000000000000e+00
2.077559232711791992e-01 2.209547311067581177e-01 2.314158827066421509e-01 2.422143667936325073e-01 2.331284433603286743e-01 0.000000000000000000e+00
2.113230675458908081e-01 2.199751883745193481e-01 2.234616428613662720e-01 2.266939431428909302e-01 2.299724370241165161e-01 0.000000000000000000e+00
2.139612287282943726e-01 2.256762534379959106e-01 2.445003688335418701e-01 2.382785677909851074e-01 2.433185130357742310e-01 0.000000000000000000e+00
2.183617949485778809e-01 2.359756231307983398e-01 2.534944117069244385e-01 2.746176719665527344e-01 2.733455300331115723e-01 0.000000000000000000e+00
2.153932601213455200e-01 2.206624299287796021e-01 2.448496818542480469e-01 2.781789004802703857e-01 2.828959822654724121e-01 0.000000000000000000e+00
2.214963138103485107e-01 2.233644127845764160e-01 2.502007484436035156e-01 2.528297603130340576e-01 2.542217373847961426e-01 0.000000000000000000e+00
2.277058809995651245e-01 2.244367450475692749e-01 2.279545813798904419e-01 2.187884449958801270e-01 2.168509811162948608e-01 0.000000000000000000e+00
2.342684715986251831e-01 2.520907819271087646e-01 2.348114848136901855e-01 1.967720538377761841e-01 1.970519125461578369e-01 0.000000000000000000e+00
8.033636957406997681e-02 1.147704944014549255e-01 1.790346577763557434e-03 1.322423219680786133e-01 9.964918345212936401e-02 0.000000000000000000e+00
-1.688677370548248291e-01 -5.392226576805114746e-02 8.613397926092147827e-02 5.164294852875173092e-04 1.466320306062698364e-01 0.000000000000000000e+00
1.487007886171340942e-01 3.425889015197753906e-01 4.350816011428833008e-01 4.379206299781799316e-01 3.698559999465942383e-01 0.000000000000000000e+00
-3.809073567390441895e-01 3.219259083271026611e-01 4.387037158012390137e-01 4.672434926033020020e-01 5.007835626602172852e-01 0.000000000000000000e+00
-2.692786455154418945e-01 -5.118391662836074829e-02 -3.853220641613006592e-01 -4.262218475341796875e-01 -4.751156270503997803e-01 0.000000000000000000e+00
-2.521634995937347412e-01 3.066508658230304718e-02 -7.088100910186767578e-02 -2.249072492122650146e-01 -3.784516155719757080e-01 0.000000000000000000e+00
2.320501059293746948e-01 2.281529605388641357e-01 2.478279620409011841e-01 2.598761320114135742e-01 2.466021031141281128e-01 0.000000000000000000e+00
2.106521874666213989e-01 2.253280878067016602e-01 2.037607729434967041e-01 2.383166253566741943e-01 2.255048304796218872e-01 0.000000000000000000e+00
1.497852653264999390e-01 1.825430542230606079e-01 1.858908385038375854e-01 2.130730003118515015e-01 2.066901177167892456e-01 0.000000000000000000e+00
2.032757699489593506e-01 1.870617419481277466e-01 2.131968885660171509e-01 1.650178432464599609e-01 1.381048709154129028e-01 0.000000000000000000e+00
2.096817195415496826e-01 2.139621078968048096e-01 2.220268249511718750e-01 2.136208117008209229e-01 2.428367584943771362e-01 0.000000000000000000e+00
2.058023363351821899e-01 2.082532495260238647e-01 2.001817822456359863e-01 1.994457840919494629e-01 2.065557539463043213e-01 0.000000000000000000e+00
1.239071413874626160e-01 1.528983265161514282e-01 2.288933694362640381e-01 2.306981980800628662e-01 1.582179516553878784e-01 0.000000000000000000e+00
2.121670544147491455e-01 2.287481129169464111e-01 2.536102533340454102e-01 2.582813501358032227e-01 2.415628582239151001e-01 0.000000000000000000e+00
2.136910855770111084e-01 2.249843180179595947e-01 2.299842536449432373e-01 2.562408745288848877e-01 2.766684591770172119e-01 0.000000000000000000e+00
2.174648791551589966e-01 2.143076658248901367e-01 2.092573195695877075e-01 2.362295836210250854e-01 2.906586825847625732e-01 0.000000000000000000e+00
2.048826962709426880e-01 2.657745182514190674e-01 2.964891195297241211e-01 2.781329154968261719e-01 2.265704870223999023e-01 0.000000000000000000e+00
1.436813324689865112e-01 1.857284307479858398e-01 1.525873839855194092e-01 1.888876557350158691e-01 2.153042107820510864e-01 0.000000000000000000e+00
1.759126633405685425e-01 2.047450691461563110e-01 2.119490057229995728e-01 2.406591176986694336e-01 2.616861462593078613e-01 0.000000000000000000e+00
1.644426733255386353e-01 1.123274266719818115e-01 2.213749736547470093e-01 2.366030961275100708e-01 2.288367152214050293e-01 0.000000000000000000e+00
4.612835049629211426e-01 4.985193312168121338e-01 5.016788840293884277e-01 5.100955963134765625e-01 5.574442148208618164e-01 0.000000000000000000e+00
4.900616407394409180e-01 5.672923326492309570e-01 5.209923982620239258e-01 5.283810496330261230e-01 4.920420050621032715e-01 0.000000000000000000e+00
4.054471552371978760e-01 4.443099498748779297e-01 4.418152570724487305e-01 4.801713228225708008e-01 5.056754946708679199e-01 0.000000000000000000e+00
4.052657186985015869e-01 5.019555687904357910e-01 5.044249296188354492e-01 4.986669123172760010e-01 4.497909843921661377e-01 0.000000000000000000e+00
3.547009527683258057e-01 4.569382071495056152e-01 4.252621233463287354e-01 4.328412115573883057e-01 4.643328785896301270e-01 0.000000000000000000e+00
4.443978667259216309e-01 4.974900186061859131e-01 4.585057795047760010e-01 5.111985206604003906e-01 5.191475152969360352e-01 0.000000000000000000e+00
3.042358160018920898e-01 4.389081895351409912e-01 4.282441139221191406e-01 4.295711815357208252e-01 4.535363316535949707e-01 0.000000000000000000e+00
2.100082486867904663e-01 1.993252784013748169e-01 2.008894085884094238e-01 1.979056745767593384e-01 1.994909644126892090e-01 0.000000000000000000e+00
1.997846066951751709e-01 2.028397470712661743e-01 2.035491019487380981e-01 2.021705955266952515e-01 2.022954374551773071e-01 0.000000000000000000e+00
2.122972160577774048e-01 1.994013190269470215e-01 2.012170404195785522e-01 2.025176286697387695e-01 2.034507691860198975e-01 0.000000000000000000e+00
2.079292386770248413e-01 1.998018473386764526e-01 2.010759264230728149e-01 2.028802037239074707e-01 2.030735611915588379e-01 0.000000000000000000e+00
2.052221894264221191e-01 2.003983557224273682e-01 2.019148319959640503e-01 2.027096003293991089e-01 2.027318328619003296e-01 0.000000000000000000e+00
2.001821994781494141e-01 2.028261572122573853e-01 2.037045657634735107e-01 2.041454017162322998e-01 2.035426944494247437e-01 0.000000000000000000e+00
2.006042748689651489e-01 2.018286436796188354e-01 2.024380862712860107e-01 2.024505883455276489e-01 2.029902189970016479e-01 0.000000000000000000e+00
3.608628213405609131e-01 5.124320983886718750e-01 4.366744756698608398e-01 3.985573351383209229e-01 6.570912599563598633e-01 0.000000000000000000e+00
2.718801498413085938e-01 3.934611082077026367e-01 5.814529657363891602e-01 5.876201391220092773e-01 6.042195558547973633e-01 0.000000000000000000e+00
2.690528035163879395e-01 3.264219462871551514e-01 3.371846675872802734e-01 4.051215350627899170e-01 3.656314015388488770e-01 0.000000000000000000e+00
3.470136821269989014e-01 4.403530061244964600e-01 4.788849949836730957e-01 5.015262961387634277e-01 4.880581498146057129e-01 0.000000000000000000e+00
2.738192379474639893e-01 3.860541284084320068e-01 4.562388658523559570e-01 4.799849390983581543e-01 5.637660622596740723e-01 0.000000000000000000e+00
2.249300032854080200e-01 1.857551932334899902e-01 2.155569046735763550e-01 2.491641342639923096e-01 2.568018138408660889e-01 0.000000000000000000e+00
1.878643333911895752e-01 1.986513286828994751e-01 2.390032112598419189e-01 2.665600180625915527e-01 2.653535902500152588e-01 0.000000000000000000e+00
5.150246247649192810e-02 2.374593913555145264e-01 3.685765862464904785e-01 4.451276659965515137e-01 5.350537300109863281e-01 1.000000000000000000e+00
3.918132781982421875e-01 6.240172386169433594e-01 6.583621501922607422e-01 6.080377101898193359e-01 5.546855926513671875e-01 2.000000000000000000e+00
5.150246247649192810e-02 2.374593913555145264e-01 3.685765862464904785e-01 4.451276659965515137e-01 5.350537300109863281e-01 1.000000000000000000e+00
3.918132781982421875e-01 6.240172386169433594e-01 6.583621501922607422e-01 6.080377101898193359e-01 5.546855926513671875e-01 2.000000000000000000e+00
5.150246247649192810e-02 2.374593913555145264e-01 3.685765862464904785e-01 4.451276659965515137e-01 5.350537300109863281e-01 1.000000000000000000e+00
3.918132781982421875e-01 6.240172386169433594e-01 6.583621501922607422e-01 6.080377101898193359e-01 5.546855926513671875e-01 2.000000000000000000e+00
5.150246247649192810e-02 2.374593913555145264e-01 3.685765862464904785e-01 4.451276659965515137e-01 5.350537300109863281e-01 1.000000000000000000e+00
3.918132781982421875e-01 6.240172386169433594e-01 6.583621501922607422e-01 6.080377101898193359e-01 5.546855926513671875e-01 2.000000000000000000e+00
5.150246247649192810e-02 2.374593913555145264e-01 3.685765862464904785e-01 4.451276659965515137e-01 5.350537300109863281e-01 1.000000000000000000e+00
3.918132781982421875e-01 6.240172386169433594e-01 6.583621501922607422e-01 6.080377101898193359e-01 5.546855926513671875e-01 2.000000000000000000e+00
5.150246247649192810e-02 2.374593913555145264e-01 3.685765862464904785e-01 4.451276659965515137e-01 5.350537300109863281e-01 1.000000000000000000e+00
3.918132781982421875e-01 6.240172386169433594e-01 6.583621501922607422e-01 6.080377101898193359e-01 5.546855926513671875e-01 2.000000000000000000e+00
5.150246247649192810e-02 2.374593913555145264e-01 3.685765862464904785e-01 4.451276659965515137e-01 5.350537300109863281e-01 1.000000000000000000e+00
3.918132781982421875e-01 6.240172386169433594e-01 6.583621501922607422e-01 6.080377101898193359e-01 5.546855926513671875e-01 2.000000000000000000e+00
5.150246247649192810e-02 2.374593913555145264e-01 3.685765862464904785e-01 4.451276659965515137e-01 5.350537300109863281e-01 1.000000000000000000e+00
3.918132781982421875e-01 6.240172386169433594e-01 6.583621501922607422e-01 6.080377101898193359e-01 5.546855926513671875e-01 2.000000000000000000e+00
5.150246247649192810e-02 2.374593913555145264e-01 3.685765862464904785e-01 4.451276659965515137e-01 5.350537300109863281e-01 1.000000000000000000e+00
3.918132781982421875e-01 6.240172386169433594e-01 6.583621501922607422e-01 6.080377101898193359e-01 5.546855926513671875e-01 2.000000000000000000e+00
5.150246247649192810e-02 2.374593913555145264e-01 3.685765862464904785e-01 4.451276659965515137e-01 5.350537300109863281e-01 1.000000000000000000e+00
3.918132781982421875e-01 6.240172386169433594e-01 6.583621501922607422e-01 6.080377101898193359e-01 5.546855926513671875e-01 2.000000000000000000e+00
2.404473721981048584e-01 2.436835318803787231e-01 2.378781139850616455e-01 2.360440343618392944e-01 2.360167056322097778e-01 0.000000000000000000e+00
2.415826171636581421e-01 2.426774203777313232e-01 2.384871393442153931e-01 2.361975163221359253e-01 2.432628273963928223e-01 0.000000000000000000e+00
2.361927926540374756e-01 2.345474362373352051e-01 2.356537431478500366e-01 2.350178062915802002e-01 2.302559614181518555e-01 0.000000000000000000e+00
2.455005943775177002e-01 2.446973174810409546e-01 2.404630780220031738e-01 2.451427876949310303e-01 2.394672930240631104e-01 0.000000000000000000e+00
2.423313856124877930e-01 2.458270043134689331e-01 2.439775168895721436e-01 2.473893165588378906e-01 2.327782660722732544e-01 0.000000000000000000e+00
2.444981634616851807e-01 2.460730671882629395e-01 2.402869910001754761e-01 2.467604279518127441e-01 2.478629946708679199e-01 0.000000000000000000e+00
2.311917692422866821e-01 2.282839119434356689e-01 2.440123707056045532e-01 2.345273047685623169e-01 2.410908639430999756e-01 0.000000000000000000e+00
3.336290717124938965e-01 3.939647972583770752e-01 3.797031641006469727e-01 4.020866453647613525e-01 3.807945549488067627e-01 0.000000000000000000e+00
3.087311685085296631e-01 3.272696435451507568e-01 3.374595046043395996e-01 3.396352529525756836e-01 3.206404447555541992e-01 0.000000000000000000e+00
2.866316735744476318e-01 2.600076198577880859e-01 2.525155842304229736e-01 2.662812471389770508e-01 2.492445260286331177e-01 0.000000000000000000e+00
2.971789836883544922e-01 2.908029556274414062e-01 2.422243505716323853e-01 2.555896937847137451e-01 2.558687627315521240e-01 0.000000000000000000e+00
3.422941565513610840e-01 3.674459755420684814e-01 3.535331189632415771e-01 3.224233984947204590e-01 3.578912317752838135e-01 0.000000000000000000e+00
3.547152876853942871e-01 4.350475072860717773e-01 4.363814294338226318e-01 4.109416604042053223e-01 4.044827222824096680e-01 0.000000000000000000e+00
2.982067167758941650e-01 4.078740477561950684e-01 5.119119286537170410e-01 4.553641676902770996e-01 5.242480635643005371e-01 0.000000000000000000e+00
1.837426871061325073e-01 1.767587363719940186e-01 1.685897856950759888e-01 1.594701260328292847e-01 1.779754906892776489e-01 0.000000000000000000e+00
1.791016608476638794e-01 1.723338365554809570e-01 1.566598862409591675e-01 1.748487055301666260e-01 1.864986717700958252e-01 0.000000000000000000e+00
1.975594013929367065e-01 1.921601593494415283e-01 1.852771937847137451e-01 1.861114799976348877e-01 1.931757777929306030e-01 0.000000000000000000e+00
2.067080289125442505e-01 2.055674791336059570e-01 2.076141089200973511e-01 2.064066082239151001e-01 2.082599699497222900e-01 0.000000000000000000e+00
2.043235898017883301e-01 2.066558152437210083e-01 2.075650393962860107e-01 2.049938887357711792e-01 2.059291154146194458e-01 0.000000000000000000e+00
2.177675515413284302e-01 2.133855223655700684e-01 1.825043261051177979e-01 1.933775395154953003e-01 1.926026344299316406e-01 0.000000000000000000e+00
2.009422928094863892e-01 2.041225135326385498e-01 2.011914551258087158e-01 1.955355852842330933e-01 1.897730529308319092e-01 0.000000000000000000e+00
2.171274423599243164e-01 5.355754494667053223e-01 6.632826328277587891e-01 7.084358930587768555e-01 7.574841976165771484e-01 0.000000000000000000e+00
2.910047471523284912e-01 5.429446101188659668e-01 6.271125674247741699e-01 6.120594143867492676e-01 6.859047412872314453e-01 0.000000000000000000e+00
2.580225765705108643e-01 5.835283994674682617e-01 7.200373411178588867e-01 7.233691811561584473e-01 7.696790695190429688e-01 0.000000000000000000e+00
3.816525638103485107e-01 5.880717039108276367e-01 6.322209835052490234e-01 6.384486556053161621e-01 7.047837972640991211e-01 0.000000000000000000e+00
3.649953305721282959e-01 5.433879494667053223e-01 6.525980234146118164e-01 6.870967149734497070e-01 6.797951459884643555e-01 0.000000000000000000e+00
2.058560699224472046e-01 3.327845036983489990e-01 4.161238074302673340e-01 4.926382303237915039e-01 5.125628709793090820e-01 0.000000000000000000e+00
1.653621494770050049e-01 3.805050849914550781e-01 4.200480580329895020e-01 3.438953459262847900e-01 3.457197546958923340e-01 0.000000000000000000e+00
3.937821388244628906e-01 6.479076147079467773e-01 6.869311332702636719e-01 7.488642334938049316e-01 8.041823506355285645e-01 0.000000000000000000e+00
3.239627182483673096e-01 5.482877492904663086e-01 6.506027579307556152e-01 7.070140242576599121e-01 7.053688764572143555e-01 0.000000000000000000e+00
3.237163424491882324e-01 5.413511395454406738e-01 6.511699557304382324e-01 6.791044473648071289e-01 6.155542135238647461e-01 0.000000000000000000e+00
2.767286002635955811e-01 5.298179984092712402e-01 6.187119483947753906e-01 6.694154739379882812e-01 7.114201188087463379e-01 0.000000000000000000e+00
2.951362133026123047e-01 5.007851719856262207e-01 6.118777990341186523e-01 6.991286277770996094e-01 6.981650590896606445e-01 0.000000000000000000e+00
3.302172124385833740e-01 5.246812105178833008e-01 6.129463911056518555e-01 6.238392591476440430e-01 6.917693614959716797e-01 0.000000000000000000e+00
2.449322640895843506e-01 4.440324008464813232e-01 5.764440894126892090e-01 6.046623587608337402e-01 6.211760044097900391e-01 0.000000000000000000e+00
4.439294040203094482e-01 6.823886036872863770e-01 7.679116129875183105e-01 7.838346362113952637e-01 7.361066341400146484e-01 1.000000000000000000e+00
3.450828492641448975e-01 5.765564441680908203e-01 6.398254632949829102e-01 6.972134113311767578e-01 7.986198067665100098e-01 2.000000000000000000e+00
4.439294040203094482e-01 6.823886036872863770e-01 7.679116129875183105e-01 7.838346362113952637e-01 7.361066341400146484e-01 1.000000000000000000e+00
3.450828492641448975e-01 5.765564441680908203e-01 6.398254632949829102e-01 6.972134113311767578e-01 7.986198067665100098e-01 2.000000000000000000e+00
4.439294040203094482e-01 6.823886036872863770e-01 7.679116129875183105e-01 7.838346362113952637e-01 7.361066341400146484e-01 1.000000000000000000e+00
3.450828492641448975e-01 5.765564441680908203e-01 6.398254632949829102e-01 6.972134113311767578e-01 7.986198067665100098e-01 2.000000000000000000e+00
4.439294040203094482e-01 6.823886036872863770e-01 7.679116129875183105e-01 7.838346362113952637e-01 7.361066341400146484e-01 1.000000000000000000e+00
3.450828492641448975e-01 5.765564441680908203e-01 6.398254632949829102e-01 6.972134113311767578e-01 7.986198067665100098e-01 2.000000000000000000e+00
4.439294040203094482e-01 6.823886036872863770e-01 7.679116129875183105e-01 7.838346362113952637e-01 7.361066341400146484e-01 1.000000000000000000e+00
3.450828492641448975e-01 5.765564441680908203e-01 6.398254632949829102e-01 6.972134113311767578e-01 7.986198067665100098e-01 2.000000000000000000e+00
4.439294040203094482e-01 6.823886036872863770e-01 7.679116129875183105e-01 7.838346362113952637e-01 7.361066341400146484e-01 1.000000000000000000e+00
3.450828492641448975e-01 5.765564441680908203e-01 6.398254632949829102e-01 6.972134113311767578e-01 7.986198067665100098e-01 2.000000000000000000e+00
4.439294040203094482e-01 6.823886036872863770e-01 7.679116129875183105e-01 7.838346362113952637e-01 7.361066341400146484e-01 1.000000000000000000e+00
3.450828492641448975e-01 5.765564441680908203e-01 6.398254632949829102e-01 6.972134113311767578e-01 7.986198067665100098e-01 2.000000000000000000e+00
4.439294040203094482e-01 6.823886036872863770e-01 7.679116129875183105e-01 7.838346362113952637e-01 7.361066341400146484e-01 1.000000000000000000e+00
3.450828492641448975e-01 5.765564441680908203e-01 6.398254632949829102e-01 6.972134113311767578e-01 7.986198067665100098e-01 2.000000000000000000e+00
4.439294040203094482e-01 6.823886036872863770e-01 7.679116129875183105e-01 7.838346362113952637e-01 7.361066341400146484e-01 1.000000000000000000e+00
3.450828492641448975e-01 5.765564441680908203e-01 6.398254632949829102e-01 6.972134113311767578e-01 7.986198067665100098e-01 2.000000000000000000e+00
4.439294040203094482e-01 6.823886036872863770e-01 7.679116129875183105e-01 7.838346362113952637e-01 7.361066341400146484e-01 1.000000000000000000e+00
3.450828492641448975e-01 5.765564441680908203e-01 6.398254632949829102e-01 6.972134113311767578e-01 7.986198067665100098e-01 2.000000000000000000e+00
2.004665285348892212e-01 1.898115724325180054e-01 2.498910278081893921e-01 2.421603649854660034e-01 2.077901661396026611e-01 0.000000000000000000e+00
2.005374282598495483e-01 2.019898593425750732e-01 2.036812454462051392e-01 1.990128755569458008e-01 2.050358504056930542e-01 0.000000000000000000e+00
1.889980137348175049e-01 2.842895686626434326e-01 3.263739943504333496e-01 3.036040067672729492e-01 2.177824676036834717e-01 0.000000000000000000e+00
3.098634183406829834e-01 4.884655475616455078e-01 5.214077234268188477e-01 5.399607419967651367e-01 4.875978827476501465e-01 0.000000000000000000e+00
3.999799489974975586e-01 6.207411289215087891e-01 6.866461038589477539e-01 7.023864984512329102e-01 6.931346654891967773e-01 0.000000000000000000e+00
3.097762763500213623e-01 4.264781773090362549e-01 3.413497209548950195e-01 5.403821468353271484e-01 4.633954167366027832e-01 0.000000000000000000e+00
2.825060188770294189e-01 5.531460046768188477e-01 6.440136432647705078e-01 6.256607770919799805e-01 7.353645563125610352e-01 0.000000000000000000e+00
2.414430379867553711e-01 2.233718335628509521e-01 2.284841984510421753e-01 2.029269486665725708e-01 1.973320096731185913e-01 0.000000000000000000e+00
1.018754094839096069e-01 1.050370261073112488e-01 2.210092246532440186e-01 2.598100304603576660e-01 2.578119933605194092e-01 0.000000000000000000e+00
-1.280144155025482178e-01 -4.479895532131195068e-02 -1.884084641933441162e-01 -2.336004972457885742e-01 -9.213466942310333252e-02 0.000000000000000000e+00
1.467850655317306519e-01 1.198422685265541077e-01 8.640836924314498901e-02 6.152539863251149654e-04 1.132833808660507202e-01 0.000000000000000000e+00
1.572148501873016357e-01 1.481903195381164551e-01 1.463634520769119263e-01 2.226121723651885986e-01 2.340682446956634521e-01 0.000000000000000000e+00
2.143131345510482788e-01 2.110785692930221558e-01 2.078324705362319946e-01 2.054619640111923218e-01 2.044452428817749023e-01 1.000000000000000000e+00
1.996543705463409424e-01 1.985877305269241333e-01 2.003657072782516479e-01 1.992703080177307129e-01 2.041665613651275635e-01 2.000000000000000000e+00
2.143131345510482788e-01 2.110785692930221558e-01 2.078324705362319946e-01 2.054619640111923218e-01 2.044452428817749023e-01 1.000000000000000000e+00
1.996543705463409424e-01 1.985877305269241333e-01 2.003657072782516479e-01 1.992703080177307129e-01 2.041665613651275635e-01 2.000000000000000000e+00
2.143131345510482788e-01 2.110785692930221558e-01 2.078324705362319946e-01 2.054619640111923218e-01 2.044452428817749023e-01 1.000000000000000000e+00
1.996543705463409424e-01 1.985877305269241333e-01 2.003657072782516479e-01 1.992703080177307129e-01 2.041665613651275635e-01 2.000000000000000000e+00
2.143131345510482788e-01 2.110785692930221558e-01 2.078324705362319946e-01 2.054619640111923218e-01 2.044452428817749023e-01 1.000000000000000000e+00
1.996543705463409424e-01 1.985877305269241333e-01 2.003657072782516479e-01 1.992703080177307129e-01 2.041665613651275635e-01 2.000000000000000000e+00
2.143131345510482788e-01 2.110785692930221558e-01 2.078324705362319946e-01 2.054619640111923218e-01 2.044452428817749023e-01 1.000000000000000000e+00
1.996543705463409424e-01 1.985877305269241333e-01 2.003657072782516479e-01 1.992703080177307129e-01 2.041665613651275635e-01 2.000000000000000000e+00
2.143131345510482788e-01 2.110785692930221558e-01 2.078324705362319946e-01 2.054619640111923218e-01 2.044452428817749023e-01 1.000000000000000000e+00
1.996543705463409424e-01 1.985877305269241333e-01 2.003657072782516479e-01 1.992703080177307129e-01 2.041665613651275635e-01 2.000000000000000000e+00
2.143131345510482788e-01 2.110785692930221558e-01 2.078324705362319946e-01 2.054619640111923218e-01 2.044452428817749023e-01 1.000000000000000000e+00
1.996543705463409424e-01 1.985877305269241333e-01 2.003657072782516479e-01 1.992703080177307129e-01 2.041665613651275635e-01 2.000000000000000000e+00
2.143131345510482788e-01 2.110785692930221558e-01 2.078324705362319946e-01 2.054619640111923218e-01 2.044452428817749023e-01 1.000000000000000000e+00
1.996543705463409424e-01 1.985877305269241333e-01 2.003657072782516479e-01 1.992703080177307129e-01 2.041665613651275635e-01 2.000000000000000000e+00
2.143131345510482788e-01 2.110785692930221558e-01 2.078324705362319946e-01 2.054619640111923218e-01 2.044452428817749023e-01 1.000000000000000000e+00
1.996543705463409424e-01 1.985877305269241333e-01 2.003657072782516479e-01 1.992703080177307129e-01 2.041665613651275635e-01 2.000000000000000000e+00
2.143131345510482788e-01 2.110785692930221558e-01 2.078324705362319946e-01 2.054619640111923218e-01 2.044452428817749023e-01 1.000000000000000000e+00
1.996543705463409424e-01 1.985877305269241333e-01 2.003657072782516479e-01 1.992703080177307129e-01 2.041665613651275635e-01 2.000000000000000000e+00
-1.694153547286987305e-01 -2.512109875679016113e-01 -2.867227196693420410e-01 1.365693807601928711e-01 2.206515371799468994e-01 0.000000000000000000e+00
-5.602327734231948853e-02 1.591428965330123901e-01 -1.459878981113433838e-01 -2.576456367969512939e-01 -2.026790380477905273e-01 0.000000000000000000e+00
3.223803043365478516e-01 2.730411589145660400e-01 1.684498190879821777e-01 1.407501995563507080e-01 2.989594265818595886e-02 0.000000000000000000e+00
2.055499404668807983e-01 2.214104682207107544e-01 1.724234372377395630e-01 2.476836293935775757e-01 2.601417601108551025e-01 0.000000000000000000e+00
2.237475216388702393e-01 2.278701812028884888e-01 2.308399379253387451e-01 2.447875142097473145e-01 2.746013700962066650e-01 0.000000000000000000e+00
-3.679891526699066162e-01 -5.149760246276855469e-01 -4.948608279228210449e-01 -5.941114425659179688e-01 -5.778146386146545410e-01 1.000000000000000000e+00
-6.535269320011138916e-02 9.481897950172424316e-02 -9.627874940633773804e-02 -3.087293505668640137e-01 -3.023936748504638672e-01 2.000000000000000000e+00
-3.679891526699066162e-01 -5.149760246276855469e-01 -4.948608279228210449e-01 -5.941114425659179688e-01 -5.778146386146545410e-01 1.000000000000000000e+00
-6.535269320011138916e-02 9.481897950172424316e-02 -9.627874940633773804e-02 -3.087293505668640137e-01 -3.023936748504638672e-01 2.000000000000000000e+00
-3.679891526699066162e-01 -5.149760246276855469e-01 -4.948608279228210449e-01 -5.941114425659179688e-01 -5.778146386146545410e-01 1.000000000000000000e+00
-6.535269320011138916e-02 9.481897950172424316e-02 -9.627874940633773804e-02 -3.087293505668640137e-01 -3.023936748504638672e-01 2.000000000000000000e+00
-3.679891526699066162e-01 -5.149760246276855469e-01 -4.948608279228210449e-01 -5.941114425659179688e-01 -5.778146386146545410e-01 1.000000000000000000e+00
-6.535269320011138916e-02 9.481897950172424316e-02 -9.627874940633773804e-02 -3.087293505668640137e-01 -3.023936748504638672e-01 2.000000000000000000e+00
-3.679891526699066162e-01 -5.149760246276855469e-01 -4.948608279228210449e-01 -5.941114425659179688e-01 -5.778146386146545410e-01 1.000000000000000000e+00
-6.535269320011138916e-02 9.481897950172424316e-02 -9.627874940633773804e-02 -3.087293505668640137e-01 -3.023936748504638672e-01 2.000000000000000000e+00
-3.679891526699066162e-01 -5.149760246276855469e-01 -4.948608279228210449e-01 -5.941114425659179688e-01 -5.778146386146545410e-01 1.000000000000000000e+00
-6.535269320011138916e-02 9.481897950172424316e-02 -9.627874940633773804e-02 -3.087293505668640137e-01 -3.023936748504638672e-01 2.000000000000000000e+00
-3.679891526699066162e-01 -5.149760246276855469e-01 -4.948608279228210449e-01 -5.941114425659179688e-01 -5.778146386146545410e-01 1.000000000000000000e+00
-6.535269320011138916e-02 9.481897950172424316e-02 -9.627874940633773804e-02 -3.087293505668640137e-01 -3.023936748504638672e-01 2.000000000000000000e+00
-3.679891526699066162e-01 -5.149760246276855469e-01 -4.948608279228210449e-01 -5.941114425659179688e-01 -5.778146386146545410e-01 1.000000000000000000e+00
-6.535269320011138916e-02 9.481897950172424316e-02 -9.627874940633773804e-02 -3.087293505668640137e-01 -3.023936748504638672e-01 2.000000000000000000e+00
-3.679891526699066162e-01 -5.149760246276855469e-01 -4.948608279228210449e-01 -5.941114425659179688e-01 -5.778146386146545410e-01 1.000000000000000000e+00
-6.535269320011138916e-02 9.481897950172424316e-02 -9.627874940633773804e-02 -3.087293505668640137e-01 -3.023936748504638672e-01 2.000000000000000000e+00
-3.679891526699066162e-01 -5.149760246276855469e-01 -4.948608279228210449e-01 -5.941114425659179688e-01 -5.778146386146545410e-01 1.000000000000000000e+00
-6.535269320011138916e-02 9.481897950172424316e-02 -9.627874940633773804e-02 -3.087293505668640137e-01 -3.023936748504638672e-01 2.000000000000000000e+00
2.346391230821609497e-01 2.153366506099700928e-01 2.224288582801818848e-01 2.674537599086761475e-01 2.771748900413513184e-01 0.000000000000000000e+00
2.011231034994125366e-01 2.272022813558578491e-01 1.828021705150604248e-01 2.393488436937332153e-01 2.236926108598709106e-01 0.000000000000000000e+00
2.420686930418014526e-01 2.508798837661743164e-01 2.651783823966979980e-01 2.446508109569549561e-01 2.116315513849258423e-01 0.000000000000000000e+00
2.518102526664733887e-01 2.854472100734710693e-01 2.497105747461318970e-01 2.320893406867980957e-01 2.063059210777282715e-01 0.000000000000000000e+00
2.805438041687011719e-01 3.704228103160858154e-01 3.573302924633026123e-01 3.511439859867095947e-01 3.372971713542938232e-01 0.000000000000000000e+00
3.005885481834411621e-01 3.223515152931213379e-01 3.686075806617736816e-01 3.974579572677612305e-01 4.021559953689575195e-01 0.000000000000000000e+00
3.096464276313781738e-01 3.017500042915344238e-01 2.932325601577758789e-01 2.948318123817443848e-01 3.058505654335021973e-01 0.000000000000000000e+00
2.333376258611679077e-01 2.126627564430236816e-01 2.188097685575485229e-01 2.241588830947875977e-01 2.283472418785095215e-01 0.000000000000000000e+00
2.263186872005462646e-01 2.152175158262252808e-01 2.116990536451339722e-01 2.080763727426528931e-01 2.196112424135208130e-01 0.000000000000000000e+00
2.300412654876708984e-01 1.926196515560150146e-01 2.046122103929519653e-01 2.171774804592132568e-01 2.153459191322326660e-01 0.000000000000000000e+00
1.985793113708496094e-01 2.064666897058486938e-01 1.942733824253082275e-01 1.997203230857849121e-01 2.039632797241210938e-01 0.000000000000000000e+00
1.219653934240341187e-01 2.047423571348190308e-01 2.057118862867355347e-01 1.979736685752868652e-01 1.783926188945770264e-01 0.000000000000000000e+00
1.934986263513565063e-01 1.840447932481765747e-01 1.970257014036178589e-01 2.084625065326690674e-01 2.078583389520645142e-01 0.000000000000000000e+00
2.221502214670181274e-01 2.119316905736923218e-01 2.001060694456100464e-01 2.515772581100463867e-01 2.720702588558197021e-01 0.000000000000000000e+00
2.038531750440597534e-01 2.122633606195449829e-01 2.020409256219863892e-01 2.018048614263534546e-01 1.721655875444412231e-01 0.000000000000000000e+00
2.409917563199996948e-01 2.613359093666076660e-01 2.606757879257202148e-01 2.397280037403106689e-01 2.196187376976013184e-01 0.000000000000000000e+00
2.076621204614639282e-01 2.060949504375457764e-01 2.097779214382171631e-01 2.141901403665542603e-01 2.172688543796539307e-01 0.000000000000000000e+00
1.999436765909194946e-01 2.078893929719924927e-01 2.039595395326614380e-01 2.077788114547729492e-01 2.089682966470718384e-01 0.000000000000000000e+00
2.072057276964187622e-01 2.110838592052459717e-01 2.057369351387023926e-01 1.991245001554489136e-01 2.080348432064056396e-01 0.000000000000000000e+00
1.967826932668685913e-01 2.009350210428237915e-01 2.069978415966033936e-01 2.102678865194320679e-01 2.076634913682937622e-01 0.000000000000000000e+00
2.556803226470947266e-01 3.364336192607879639e-01 3.440375030040740967e-01 3.108966648578643799e-01 2.887507975101470947e-01 0.000000000000000000e+00
2.366186827421188354e-01 2.528685331344604492e-01 2.837814092636108398e-01 2.902145087718963623e-01 2.459810674190521240e-01 0.000000000000000000e+00
2.427830845117568970e-01 2.411394864320755005e-01 2.421161681413650513e-01 2.454515546560287476e-01 2.435231953859329224e-01 0.000000000000000000e+00
2.506763935089111328e-01 2.585196495056152344e-01 2.663551270961761475e-01 2.614299952983856201e-01 2.563668787479400635e-01 0.000000000000000000e+00
2.476200163364410400e-01 2.717138528823852539e-01 2.707866132259368896e-01 2.634607255458831787e-01 2.634754180908203125e-01 0.000000000000000000e+00
2.578774392604827881e-01 2.624913752079010010e-01 2.679831981658935547e-01 2.671686410903930664e-01 2.747056186199188232e-01 0.000000000000000000e+00
2.497604489326477051e-01 2.612626552581787109e-01 2.591424584388732910e-01 2.615037858486175537e-01 2.641704976558685303e-01 0.000000000000000000e+00
2.588311433792114258e-01 2.656620442867279053e-01 2.655363678932189941e-01 2.693369388580322266e-01 2.667819261550903320e-01 0.000000000000000000e+00
2.497045695781707764e-01 3.459396362304687500e-01 3.512648046016693115e-01 3.607807755470275879e-01 3.430772423744201660e-01 0.000000000000000000e+00
3.111167252063751221e-01 3.982812762260437012e-01 4.483465552330017090e-01 4.610304832458496094e-01 3.567414581775665283e-01 0.000000000000000000e+00
2.523830235004425049e-01 2.749574184417724609e-01 2.201109975576400757e-01 2.565273940563201904e-01 2.378655374050140381e-01 0.000000000000000000e+00
1.954426467418670654e-01 2.297767996788024902e-01 2.632195055484771729e-01 2.888510227203369141e-01 2.707266509532928467e-01 0.000000000000000000e+00
2.285757958889007568e-01 2.433043122291564941e-01 2.760418355464935303e-01 2.318083941936492920e-01 2.581323683261871338e-01 0.000000000000000000e+00
2.194279730319976807e-01 2.664054036140441895e-01 3.160703480243682861e-01 2.806904315948486328e-01 2.958908081054687500e-01 0.000000000000000000e+00
2.235344052314758301e-01 2.196910232305526733e-01 2.547041475772857666e-01 2.873986959457397461e-01 3.448214232921600342e-01 0.000000000000000000e+00
-1.483357846736907959e-01 -1.002379655838012695e-01 -1.552359014749526978e-01 -4.123397171497344971e-02 1.507833749055862427e-01 0.000000000000000000e+00
4.810981079936027527e-02 1.155252158641815186e-01 1.321072727441787720e-01 -9.091940522193908691e-02 -3.372901678085327148e-01 0.000000000000000000e+00
1.819300204515457153e-01 1.913199871778488159e-01 2.534388601779937744e-01 1.805654317140579224e-01 1.995761394500732422e-01 0.000000000000000000e+00
2.308207303285598755e-01 2.762909531593322754e-01 2.312052696943283081e-01 1.942172795534133911e-01 2.076676785945892334e-01 0.000000000000000000e+00
2.462516874074935913e-01 2.468492090702056885e-01 2.324831336736679077e-01 2.380379140377044678e-01 2.731916904449462891e-01 0.000000000000000000e+00
2.261279225349426270e-01 2.320537567138671875e-01 2.446933239698410034e-01 2.379826009273529053e-01 2.931097447872161865e-01 0.000000000000000000e+00
1.792857795953750610e-01 2.559415698051452637e-01 2.367332279682159424e-01 2.073755860328674316e-01 3.738676430657505989e-03 1.000000000000000000e+00
-3.084697723388671875e-01 -3.259158506989479065e-02 1.808547973632812500e-01 1.924121826887130737e-01 2.437352538108825684e-01 2.000000000000000000e+00
1.792857795953750610e-01 2.559415698051452637e-01 2.367332279682159424e-01 2.073755860328674316e-01 3.738676430657505989e-03 1.000000000000000000e+00
-3.084697723388671875e-01 -3.259158506989479065e-02 1.808547973632812500e-01 1.924121826887130737e-01 2.437352538108825684e-01 2.000000000000000000e+00
1.792857795953750610e-01 2.559415698051452637e-01 2.367332279682159424e-01 2.073755860328674316e-01 3.738676430657505989e-03 1.000000000000000000e+00
-3.084697723388671875e-01 -3.259158506989479065e-02 1.808547973632812500e-01 1.924121826887130737e-01 2.437352538108825684e-01 2.000000000000000000e+00
1.792857795953750610e-01 2.559415698051452637e-01 2.367332279682159424e-01 2.073755860328674316e-01 3.738676430657505989e-03 1.000000000000000000e+00
-3.084697723388671875e-01 -3.259158506989479065e-02 1.808547973632812500e-01 1.924121826887130737e-01 2.437352538108825684e-01 2.000000000000000000e+00
1.792857795953750610e-01 2.559415698051452637e-01 2.367332279682159424e-01 2.073755860328674316e-01 3.738676430657505989e-03 1.000000000000000000e+00
-3.084697723388671875e-01 -3.259158506989479065e-02 1.808547973632812500e-01 1.924121826887130737e-01 2.437352538108825684e-01 2.000000000000000000e+00
1.792857795953750610e-01 2.559415698051452637e-01 2.367332279682159424e-01 2.073755860328674316e-01 3.738676430657505989e-03 1.000000000000000000e+00
-3.084697723388671875e-01 -3.259158506989479065e-02 1.808547973632812500e-01 1.924121826887130737e-01 2.437352538108825684e-01 2.000000000000000000e+00
1.792857795953750610e-01 2.559415698051452637e-01 2.367332279682159424e-01 2.073755860328674316e-01 3.738676430657505989e-03 1.000000000000000000e+00
-3.084697723388671875e-01 -3.259158506989479065e-02 1.808547973632812500e-01 1.924121826887130737e-01 2.437352538108825684e-01 2.000000000000000000e+00
1.792857795953750610e-01 2.559415698051452637e-01 2.367332279682159424e-01 2.073755860328674316e-01 3.738676430657505989e-03 1.000000000000000000e+00
-3.084697723388671875e-01 -3.259158506989479065e-02 1.808547973632812500e-01 1.924121826887130737e-01 2.437352538108825684e-01 2.000000000000000000e+00
1.792857795953750610e-01 2.559415698051452637e-01 2.367332279682159424e-01 2.073755860328674316e-01 3.738676430657505989e-03 1.000000000000000000e+00
-3.084697723388671875e-01 -3.259158506989479065e-02 1.808547973632812500e-01 1.924121826887130737e-01 2.437352538108825684e-01 2.000000000000000000e+00
1.792857795953750610e-01 2.559415698051452637e-01 2.367332279682159424e-01 2.073755860328674316e-01 3.738676430657505989e-03 1.000000000000000000e+00
-3.084697723388671875e-01 -3.259158506989479065e-02 1.808547973632812500e-01 1.924121826887130737e-01 2.437352538108825684e-01 2.000000000000000000e+00
2.423385083675384521e-01 2.469818890094757080e-01 2.301577329635620117e-01 2.372792065143585205e-01 2.423613667488098145e-01 0.000000000000000000e+00
2.433387935161590576e-01 2.485948055982589722e-01 2.329390496015548706e-01 2.182831019163131714e-01 2.157815545797348022e-01 0.000000000000000000e+00
2.370970845222473145e-01 2.402141392230987549e-01 2.245721966028213501e-01 2.279023528099060059e-01 2.312420457601547241e-01 0.000000000000000000e+00
2.420667111873626709e-01 2.505739927291870117e-01 2.395505756139755249e-01 2.171421200037002563e-01 2.103051692247390747e-01 0.000000000000000000e+00
2.480042427778244019e-01 2.587499916553497314e-01 2.387693226337432861e-01 2.324171215295791626e-01 2.328754365444183350e-01 0.000000000000000000e+00
2.520897388458251953e-01 2.511133253574371338e-01 2.449788600206375122e-01 2.485948354005813599e-01 2.545734643936157227e-01 0.000000000000000000e+00
2.446517050266265869e-01 2.558006942272186279e-01 2.587903738021850586e-01 2.569914460182189941e-01 2.702253162860870361e-01 0.000000000000000000e+00
2.292097806930541992e-01 2.241781949996948242e-01 2.492769658565521240e-01 3.501741290092468262e-01 3.754308223724365234e-01 0.000000000000000000e+00
3.250524103641510010e-01 4.446446299552917480e-01 5.016633868217468262e-01 4.694779813289642334e-01 4.791703522205352783e-01 0.000000000000000000e+00
3.672703206539154053e-01 4.527489840984344482e-01 4.974546432495117188e-01 5.081843137741088867e-01 5.088418126106262207e-01 0.000000000000000000e+00
3.482225835323333740e-01 3.941220641136169434e-01 3.987291157245635986e-01 3.996565341949462891e-01 4.767231047153472900e-01 0.000000000000000000e+00
2.727760970592498779e-01 2.898010909557342529e-01 3.154304921627044678e-01 3.300893306732177734e-01 3.301174044609069824e-01 0.000000000000000000e+00
2.570799291133880615e-01 2.423184961080551147e-01 2.614198029041290283e-01 2.790909707546234131e-01 3.336667120456695557e-01 0.000000000000000000e+00
2.376464903354644775e-01 2.582842111587524414e-01 2.500302195549011230e-01 2.583498656749725342e-01 2.660478651523590088e-01 0.000000000000000000e+00
2.488655596971511841e-01 2.409164011478424072e-01 2.583581209182739258e-01 1.985666602849960327e-01 2.135437428951263428e-01 0.000000000000000000e+00
2.074243426322937012e-01 2.459314018487930298e-01 1.938994079828262329e-01 2.274470627307891846e-01 1.902355849742889404e-01 0.000000000000000000e+00
2.320783287286758423e-01 3.171283304691314697e-01 3.981951177120208740e-01 4.165247678756713867e-01 4.245064556598663330e-01 0.000000000000000000e+00
2.348760664463043213e-01 3.448196649551391602e-01 4.001275599002838135e-01 4.533250927925109863e-01 4.687151908874511719e-01 0.000000000000000000e+00
1.152376830577850342e-01 1.898389011621475220e-01 2.102991938591003418e-01 2.639156281948089600e-01 4.010037481784820557e-01 0.000000000000000000e+00
1.459717899560928345e-01 1.729169487953186035e-01 1.369559615850448608e-01 1.634367704391479492e-01 2.211978733539581299e-01 0.000000000000000000e+00
-1.712691187858581543e-01 -1.603800058364868164e-01 -6.982492655515670776e-02 -1.648388803005218506e-02 8.527786284685134888e-02 0.000000000000000000e+00
1.933594942092895508e-01 1.942750513553619385e-01 1.810808777809143066e-01 1.721863597631454468e-01 1.589206159114837646e-01 0.000000000000000000e+00
1.636905819177627563e-01 1.560721248388290405e-01 1.636438518762588501e-01 1.908572465181350708e-01 1.768914908170700073e-01 0.000000000000000000e+00
1.969864964485168457e-01 1.962699741125106812e-01 1.887661069631576538e-01 1.806929707527160645e-01 1.671893596649169922e-01 0.000000000000000000e+00
1.640270799398422241e-01 1.822989135980606079e-01 1.864496618509292603e-01 2.253764867782592773e-01 2.087205052375793457e-01 0.000000000000000000e+00
2.081437110900878906e-01 2.121775746345520020e-01 2.205678969621658325e-01 2.067823261022567749e-01 1.948863863945007324e-01 0.000000000000000000e+00
1.863958686590194702e-01 1.634948700666427612e-01 2.353849709033966064e-01 1.828952133655548096e-01 2.562057971954345703e-01 0.000000000000000000e+00
1.931537836790084839e-01 1.780116707086563110e-01 1.680986136198043823e-01 1.758029907941818237e-01 1.560333371162414551e-01 0.000000000000000000e+00
2.162251919507980347e-01 2.121155112981796265e-01 1.962504237890243530e-01 2.038003206253051758e-01 2.224566489458084106e-01 0.000000000000000000e+00
2.152313888072967529e-01 2.394885122776031494e-01 2.651531696319580078e-01 3.099533617496490479e-01 2.317522466182708740e-01 0.000000000000000000e+00
2.133469730615615845e-01 2.112331986427307129e-01 2.147536277770996094e-01 2.133695334196090698e-01 2.506067752838134766e-01 0.000000000000000000e+00
2.332714796066284180e-01 2.181853204965591431e-01 2.214443236589431763e-01 2.146896272897720337e-01 2.130085080862045288e-01 0.000000000000000000e+00
2.281482070684432983e-01 3.598883450031280518e-01 3.795598447322845459e-01 3.858314752578735352e-01 3.375367820262908936e-01 0.000000000000000000e+00
2.634848356246948242e-01 3.796428442001342773e-01 4.320041537284851074e-01 6.159884333610534668e-01 5.965797305107116699e-01 0.000000000000000000e+00
2.177031338214874268e-01 4.072300195693969727e-01 4.138042330741882324e-01 4.942677319049835205e-01 4.210731089115142822e-01 0.000000000000000000e+00
2.517483830451965332e-01 2.980115115642547607e-01 3.493131697177886963e-01 4.151688218116760254e-01 4.586701095104217529e-01 0.000000000000000000e+00
2.582935988903045654e-01 2.956674098968505859e-01 3.611942827701568604e-01 4.122622907161712646e-01 3.930537998676300049e-01 0.000000000000000000e+00
2.385570704936981201e-01 3.900351524353027344e-01 4.351346492767333984e-01 4.639259278774261475e-01 4.120775759220123291e-01 0.000000000000000000e+00
2.474861741065979004e-01 3.802996575832366943e-01 4.743336737155914307e-01 4.346039295196533203e-01 4.949866235256195068e-01 0.000000000000000000e+00
2.248377054929733276e-01 2.786110639572143555e-01 3.673234581947326660e-01 4.127871692180633545e-01 4.713225364685058594e-01 0.000000000000000000e+00
2.085728198289871216e-01 2.386397421360015869e-01 2.842351198196411133e-01 3.129671812057495117e-01 3.837933540344238281e-01 0.000000000000000000e+00
2.083367407321929932e-01 1.951117664575576782e-01 2.004704475402832031e-01 2.443382740020751953e-01 2.952446043491363525e-01 0.000000000000000000e+00
2.185291051864624023e-01 2.770405709743499756e-01 2.970202267169952393e-01 2.667809128761291504e-01 2.276935428380966187e-01 1.000000000000000000e+00
2.559445798397064209e-01 2.760815620422363281e-01 2.835332453250885010e-01 3.110201358795166016e-01 3.300934731960296631e-01 2.000000000000000000e+00
2.185291051864624023e-01 2.770405709743499756e-01 2.970202267169952393e-01 2.667809128761291504e-01 2.276935428380966187e-01 1.000000000000000000e+00
2.559445798397064209e-01 2.760815620422363281e-01 2.835332453250885010e-01 3.110201358795166016e-01 3.300934731960296631e-01 2.000000000000000000e+00
2.185291051864624023e-01 2.770405709743499756e-01 2.970202267169952393e-01 2.667809128761291504e-01 2.276935428380966187e-01 1.000000000000000000e+00
2.559445798397064209e-01 2.760815620422363281e-01 2.835332453250885010e-01 3.110201358795166016e-01 3.300934731960296631e-01 2.000000000000000000e+00
2.185291051864624023e-01 2.770405709743499756e-01 2.970202267169952393e-01 2.667809128761291504e-01 2.276935428380966187e-01 1.000000000000000000e+00
2.559445798397064209e-01 2.760815620422363281e-01 2.835332453250885010e-01 3.110201358795166016e-01 3.300934731960296631e-01 2.000000000000000000e+00
2.185291051864624023e-01 2.770405709743499756e-01 2.970202267169952393e-01 2.667809128761291504e-01 2.276935428380966187e-01 1.000000000000000000e+00
2.559445798397064209e-01 2.760815620422363281e-01 2.835332453250885010e-01 3.110201358795166016e-01 3.300934731960296631e-01 2.000000000000000000e+00
2.185291051864624023e-01 2.770405709743499756e-01 2.970202267169952393e-01 2.667809128761291504e-01 2.276935428380966187e-01 1.000000000000000000e+00
2.559445798397064209e-01 2.760815620422363281e-01 2.835332453250885010e-01 3.110201358795166016e-01 3.300934731960296631e-01 2.000000000000000000e+00
2.185291051864624023e-01 2.770405709743499756e-01 2.970202267169952393e-01 2.667809128761291504e-01 2.276935428380966187e-01 1.000000000000000000e+00
2.559445798397064209e-01 2.760815620422363281e-01 2.835332453250885010e-01 3.110201358795166016e-01 3.300934731960296631e-01 2.000000000000000000e+00
2.185291051864624023e-01 2.770405709743499756e-01 2.970202267169952393e-01 2.667809128761291504e-01 2.276935428380966187e-01 1.000000000000000000e+00
2.559445798397064209e-01 2.760815620422363281e-01 2.835332453250885010e-01 3.110201358795166016e-01 3.300934731960296631e-01 2.000000000000000000e+00
2.185291051864624023e-01 2.770405709743499756e-01 2.970202267169952393e-01 2.667809128761291504e-01 2.276935428380966187e-01 1.000000000000000000e+00
2.559445798397064209e-01 2.760815620422363281e-01 2.835332453250885010e-01 3.110201358795166016e-01 3.300934731960296631e-01 2.000000000000000000e+00
2.185291051864624023e-01 2.770405709743499756e-01 2.970202267169952393e-01 2.667809128761291504e-01 2.276935428380966187e-01 1.000000000000000000e+00
2.559445798397064209e-01 2.760815620422363281e-01 2.835332453250885010e-01 3.110201358795166016e-01 3.300934731960296631e-01 2.000000000000000000e+00
1.600826978683471680e-01 2.220647186040878296e-01 2.046972215175628662e-01 2.326276749372482300e-01 2.311150729656219482e-01 0.000000000000000000e+00
2.157834917306900024e-01 1.929332613945007324e-01 2.144611775875091553e-01 2.035902738571166992e-01 2.179536223411560059e-01 0.000000000000000000e+00
1.508480459451675415e-01 9.247510880231857300e-02 -6.820509582757949829e-02 1.873982697725296021e-01 1.410265415906906128e-01 0.000000000000000000e+00
3.063523173332214355e-01 2.816509306430816650e-01 1.857199817895889282e-01 -5.105774477124214172e-02 -6.657878309488296509e-02 0.000000000000000000e+00
3.944743871688842773e-01 5.722267627716064453e-01 6.014906167984008789e-01 5.306479334831237793e-01 4.591945409774780273e-01 0.000000000000000000e+00
2.000130563974380493e-01 4.548605680465698242e-01 6.424463987350463867e-01 6.507226228713989258e-01 6.413527727127075195e-01 0.000000000000000000e+00
4.676766395568847656e-01 6.630388498306274414e-01 7.590566277503967285e-01 7.480356097221374512e-01 6.904098391532897949e-01 0.000000000000000000e+00
2.043913900852203369e-01 4.038237780332565308e-02 -1.142592951655387878e-01 1.090975552797317505e-01 1.094989255070686340e-01 1.000000000000000000e+00
2.003424614667892456e-01 2.122194617986679077e-01 2.237508147954940796e-01 1.987802386283874512e-01 1.887159496545791626e-01 2.000000000000000000e+00
2.043913900852203369e-01 4.038237780332565308e-02 -1.142592951655387878e-01 1.090975552797317505e-01 1.094989255070686340e-01 1.000000000000000000e+00
2.003424614667892456e-01 2.122194617986679077e-01 2.237508147954940796e-01 1.987802386283874512e-01 1.887159496545791626e-01 2.000000000000000000e+00
2.043913900852203369e-01 4.038237780332565308e-02 -1.142592951655387878e-01 1.090975552797317505e-01 1.094989255070686340e-01 1.000000000000000000e+00
2.003424614667892456e-01 2.122194617986679077e-01 2.237508147954940796e-01 1.987802386283874512e-01 1.887159496545791626e-01 2.000000000000000000e+00
2.043913900852203369e-01 4.038237780332565308e-02 -1.142592951655387878e-01 1.090975552797317505e-01 1.094989255070686340e-01 1.000000000000000000e+00
2.003424614667892456e-01 2.122194617986679077e-01 2.237508147954940796e-01 1.987802386283874512e-01 1.887159496545791626e-01 2.000000000000000000e+00
2.043913900852203369e-01 4.038237780332565308e-02 -1.142592951655387878e-01 1.090975552797317505e-01 1.094989255070686340e-01 1.000000000000000000e+00
2.003424614667892456e-01 2.122194617986679077e-01 2.237508147954940796e-01 1.987802386283874512e-01 1.887159496545791626e-01 2.000000000000000000e+00
2.043913900852203369e-01 4.038237780332565308e-02 -1.142592951655387878e-01 1.090975552797317505e-01 1.094989255070686340e-01 1.000000000000000000e+00
2.003424614667892456e-01 2.122194617986679077e-01 2.237508147954940796e-01 1.987802386283874512e-01 1.887159496545791626e-01 2.000000000000000000e+00
2.043913900852203369e-01 4.038237780332565308e-02 -1.142592951655387878e-01 1.090975552797317505e-01 1.094989255070686340e-01 1.000000000000000000e+00
2.003424614667892456e-01 2.122194617986679077e-01 2.237508147954940796e-01 1.987802386283874512e-01 1.887159496545791626e-01 2.000000000000000000e+00
2.043913900852203369e-01 4.038237780332565308e-02 -1.142592951655387878e-01 1.090975552797317505e-01 1.094989255070686340e-01 1.000000000000000000e+00
2.003424614667892456e-01 2.122194617986679077e-01 2.237508147954940796e-01 1.987802386283874512e-01 1.887159496545791626e-01 2.000000000000000000e+00
2.043913900852203369e-01 4.038237780332565308e-02 -1.142592951655387878e-01 1.090975552797317505e-01 1.094989255070686340e-01 1.000000000000000000e+00
2.003424614667892456e-01 2.122194617986679077e-01 2.237508147954940796e-01 1.987802386283874512e-01 1.887159496545791626e-01 2.000000000000000000e+00
2.043913900852203369e-01 4.038237780332565308e-02 -1.142592951655387878e-01 1.090975552797317505e-01 1.094989255070686340e-01 1.000000000000000000e+00
2.003424614667892456e-01 2.122194617986679077e-01 2.237508147954940796e-01 1.987802386283874512e-01 1.887159496545791626e-01 2.000000000000000000e+00
2.246476262807846069e-01 2.248276770114898682e-01 2.257371395826339722e-01 2.194797843694686890e-01 2.228131890296936035e-01 0.000000000000000000e+00
2.076391726732254028e-01 2.581710219383239746e-01 2.494502365589141846e-01 2.459815442562103271e-01 2.429504394531250000e-01 0.000000000000000000e+00
2.380164116621017456e-01 2.389022111892700195e-01 2.381612807512283325e-01 2.423218935728073120e-01 2.042631953954696655e-01 0.000000000000000000e+00
2.295816689729690552e-01 2.278490364551544189e-01 2.189974337816238403e-01 2.192150354385375977e-01 2.337669283151626587e-01 0.000000000000000000e+00
1.743275672197341919e-01 2.570775151252746582e-01 2.521288394927978516e-01 2.328518927097320557e-01 2.470405101776123047e-01 0.000000000000000000e+00
1.951634734869003296e-01 2.268838286399841309e-01 2.312998771667480469e-01 2.292999923229217529e-01 2.374327480792999268e-01 0.000000000000000000e+00
2.009378522634506226e-01 2.032719999551773071e-01 1.995014399290084839e-01 2.319318205118179321e-01 2.337856739759445190e-01 0.000000000000000000e+00
6.012245267629623413e-02 2.721315324306488037e-01 3.378997147083282471e-01 2.458429932594299316e-01 3.291903138160705566e-01 0.000000000000000000e+00
-1.314118951559066772e-01 -1.783583760261535645e-01 3.019415736198425293e-01 3.660584092140197754e-01 4.015224874019622803e-01 0.000000000000000000e+00
-9.200917184352874756e-02 -2.942085638642311096e-02 1.759711056947708130e-01 1.018651127815246582e-01 1.968310177326202393e-01 0.000000000000000000e+00
-2.492607086896896362e-01 -2.464801669120788574e-01 -7.507742196321487427e-02 -1.305991411209106445e-01 -2.130231857299804688e-01 0.000000000000000000e+00
-2.340741902589797974e-01 -2.437178641557693481e-01 -3.097078204154968262e-01 -2.878357768058776855e-01 -2.751030921936035156e-01 0.000000000000000000e+00
-9.652715921401977539e-02 -3.700605407357215881e-02 1.479360181838274002e-02 1.809955090284347534e-01 1.395308971405029297e-01 0.000000000000000000e+00
1.846283078193664551e-01 2.535767257213592529e-01 2.727537453174591064e-01 2.785642743110656738e-01 2.490294575691223145e-01 0.000000000000000000e+00
7.008633017539978027e-02 1.874371618032455444e-01 2.277321219444274902e-01 3.074508309364318848e-01 3.458809554576873779e-01 0.000000000000000000e+00
-2.132059633731842041e-01 -1.980828642845153809e-01 1.830486953258514404e-02 1.417306661605834961e-01 1.955591887235641479e-01 0.000000000000000000e+00
1.629250347614288330e-01 8.058848232030868530e-02 -6.210135761648416519e-03 6.780883995816111565e-04 1.009769388474524021e-03 0.000000000000000000e+00
2.155406922101974487e-01 2.200202345848083496e-01 2.176058590412139893e-01 2.301375269889831543e-01 2.345468699932098389e-01 0.000000000000000000e+00
2.210548520088195801e-01 2.192464768886566162e-01 2.064459472894668579e-01 2.235398143529891968e-01 1.854507923126220703e-01 0.000000000000000000e+00
2.241315543651580811e-01 2.130213379859924316e-01 2.241791635751724243e-01 2.203020751476287842e-01 2.182390093803405762e-01 0.000000000000000000e+00
2.226482033729553223e-01 2.130039483308792114e-01 2.076019495725631714e-01 2.008378058671951294e-01 1.992908567190170288e-01 0.000000000000000000e+00
2.085776478052139282e-01 1.923879235982894897e-01 1.904665827751159668e-01 1.845874935388565063e-01 1.805455088615417480e-01 0.000000000000000000e+00
1.452506780624389648e-01 1.232823580503463745e-01 1.652857959270477295e-01 1.975251138210296631e-01 2.018394619226455688e-01 0.000000000000000000e+00
9.862154722213745117e-02 2.305382639169692993e-01 2.773773670196533203e-01 2.490339577198028564e-01 1.581309586763381958e-01 0.000000000000000000e+00
-2.893593907356262207e-02 1.050889566540718079e-01 2.335987240076065063e-01 2.847874462604522705e-01 2.930933833122253418e-01 0.000000000000000000e+00
4.319581203162670135e-03 3.451719507575035095e-02 1.289299726486206055e-01 1.412000209093093872e-01 1.704783886671066284e-01 0.000000000000000000e+00
1.533488333225250244e-01 2.615087330341339111e-01 2.448512017726898193e-01 1.597936451435089111e-01 5.380137264728546143e-02 0.000000000000000000e+00
1.790983974933624268e-01 1.672405600547790527e-01 1.739567518234252930e-01 1.997920721769332886e-01 2.228869050741195679e-01 0.000000000000000000e+00
2.152781635522842407e-01 2.729684412479400635e-01 3.215391635894775391e-01 3.181773424148559570e-01 3.220404684543609619e-01 0.000000000000000000e+00
1.606949865818023682e-01 1.730253100395202637e-01 2.312802672386169434e-01 3.071491718292236328e-01 3.505765199661254883e-01 0.000000000000000000e+00
1.831695288419723511e-01 1.753488183021545410e-01 1.934427618980407715e-01 2.523687481880187988e-01 2.913372516632080078e-01 0.000000000000000000e+00
2.075341790914535522e-01 1.686581969261169434e-01 1.200126558542251587e-01 1.272129118442535400e-01 -6.722794473171234131e-02 0.000000000000000000e+00
1.955192834138870239e-01 2.322722822427749634e-01 2.216346561908721924e-01 2.088690549135208130e-01 2.648250460624694824e-01 0.000000000000000000e+00
2.194724529981613159e-01 1.686273664236068726e-01 2.245732992887496948e-01 2.183499038219451904e-01 2.137084156274795532e-01 0.000000000000000000e+00
2.082969099283218384e-01 2.073886692523956299e-01 2.116210907697677612e-01 1.922754347324371338e-01 2.219277173280715942e-01 0.000000000000000000e+00
1.154989004135131836e-01 1.476486176252365112e-01 1.929291635751724243e-01 1.851618885993957520e-01 2.067726999521255493e-01 0.000000000000000000e+00
2.447920292615890503e-01 2.433900088071823120e-01 2.652266025543212891e-01 2.484169155359268188e-01 2.330311089754104614e-01 0.000000000000000000e+00
2.026486694812774658e-01 2.018515765666961670e-01 2.060460448265075684e-01 2.162308394908905029e-01 2.409656494855880737e-01 0.000000000000000000e+00
1.990635693073272705e-01 2.034289091825485229e-01 2.018406987190246582e-01 2.012246400117874146e-01 2.029287666082382202e-01 0.000000000000000000e+00
1.990812718868255615e-01 2.208335101604461670e-01 2.371690869331359863e-01 2.312293499708175659e-01 2.297149598598480225e-01 0.000000000000000000e+00
2.090986222028732300e-01 2.116598933935165405e-01 2.179634273052215576e-01 2.316006422042846680e-01 2.276321202516555786e-01 0.000000000000000000e+00
