7.886390686035156250e-01 9.238445162773132324e-01 9.694753885269165039e-01 9.808083176612854004e-01 9.863882064819335938e-01 0.000000000000000000e+00
5.274195075035095215e-01 6.018567085266113281e-01 7.378801703453063965e-01 8.066127896308898926e-01 8.902647495269775391e-01 0.000000000000000000e+00
-5.685061216354370117e-01 -4.892799258232116699e-01 -5.843263864517211914e-01 -5.484762787818908691e-01 -2.481690496206283569e-01 0.000000000000000000e+00
4.724723696708679199e-01 4.300261139869689941e-01 7.461909055709838867e-01 8.704017400741577148e-01 8.257583379745483398e-01 0.000000000000000000e+00
3.965415060520172119e-01 6.649794578552246094e-01 8.338628411293029785e-01 9.535071849822998047e-01 9.728965759277343750e-01 0.000000000000000000e+00
7.829952239990234375e-01 9.061551690101623535e-01 9.559212923049926758e-01 9.666256308555603027e-01 9.783630967140197754e-01 0.000000000000000000e+00
7.773771882057189941e-01 9.291015267372131348e-01 9.699628353118896484e-01 9.798514842987060547e-01 9.887354969978332520e-01 0.000000000000000000e+00
5.076190233230590820e-01 6.338028907775878906e-01 8.327320218086242676e-01 8.771608471870422363e-01 8.976121544837951660e-01 0.000000000000000000e+00
7.058806419372558594e-01 8.425479531288146973e-01 9.175146222114562988e-01 9.167574048042297363e-01 9.220008254051208496e-01 0.000000000000000000e+00
7.482823729515075684e-01 8.929530382156372070e-01 9.217414259910583496e-01 9.312107563018798828e-01 9.531461000442504883e-01 0.000000000000000000e+00
6.510976552963256836e-01 8.639354109764099121e-01 9.073553085327148438e-01 9.446282386779785156e-01 9.696037769317626953e-01 0.000000000000000000e+00
8.184340000152587891e-01 9.015656113624572754e-01 9.380279183387756348e-01 9.614430665969848633e-01 9.633820056915283203e-01 0.000000000000000000e+00
7.579275369644165039e-01 9.176594018936157227e-01 9.478094577789306641e-01 9.745649099349975586e-01 9.800837039947509766e-01 0.000000000000000000e+00
8.637479543685913086e-01 9.294717907905578613e-01 9.710591435432434082e-01 9.856656193733215332e-01 9.922690391540527344e-01 0.000000000000000000e+00
7.315837144851684570e-01 9.534053802490234375e-01 9.970396161079406738e-01 9.998438954353332520e-01 9.999896287918090820e-01 0.000000000000000000e+00
8.075888156890869141e-01 9.508959650993347168e-01 9.876701235771179199e-01 9.967812299728393555e-01 9.987988471984863281e-01 0.000000000000000000e+00
2.187730073928833008e-01 5.938515663146972656e-01 8.013428449630737305e-01 9.445569515228271484e-01 9.869169592857360840e-01 0.000000000000000000e+00
-1.495143324136734009e-01 8.365661650896072388e-02 5.542858839035034180e-01 8.160855770111083984e-01 9.443230032920837402e-01 0.000000000000000000e+00
5.841833353042602539e-01 9.351428151130676270e-01 9.866185784339904785e-01 9.959099292755126953e-01 9.960290789604187012e-01 0.000000000000000000e+00
9.803126454353332520e-01 9.980579614639282227e-01 9.993094801902770996e-01 9.996438622474670410e-01 9.998899698257446289e-01 0.000000000000000000e+00
5.945136547088623047e-01 7.540524005889892578e-01 9.558277726173400879e-01 9.965697526931762695e-01 9.995769262313842773e-01 0.000000000000000000e+00
7.777692079544067383e-01 9.307358264923095703e-01 9.776715040206909180e-01 9.914260506629943848e-01 9.957222342491149902e-01 0.000000000000000000e+00
6.979331970214843750e-01 8.375216126441955566e-01 9.875603914260864258e-01 9.965420365333557129e-01 9.984647035598754883e-01 0.000000000000000000e+00
-4.066153764724731445e-01 6.440930534154176712e-03 6.723823547363281250e-01 9.290549755096435547e-01 9.672931432723999023e-01 0.000000000000000000e+00
-6.244893670082092285e-01 -6.514186859130859375e-01 -6.565637588500976562e-01 -6.353235244750976562e-01 -6.149448156356811523e-01 0.000000000000000000e+00
-8.443946391344070435e-02 2.810260951519012451e-01 -3.564224764704704285e-02 -5.448809266090393066e-01 -6.611560583114624023e-01 0.000000000000000000e+00
9.231550097465515137e-01 9.630472064018249512e-01 9.859119653701782227e-01 9.819005727767944336e-01 9.840556979179382324e-01 0.000000000000000000e+00
9.765850901603698730e-01 9.963239431381225586e-01 9.987668991088867188e-01 9.992788434028625488e-01 9.996653199195861816e-01 0.000000000000000000e+00
1.010934561491012573e-01 9.642488360404968262e-01 9.996334314346313477e-01 9.999772310256958008e-01 9.999995231628417969e-01 0.000000000000000000e+00
-3.290068209171295166e-01 1.405036449432373047e-01 7.414510250091552734e-01 9.603900313377380371e-01 9.904081225395202637e-01 0.000000000000000000e+00
5.197955369949340820e-01 9.411180019378662109e-01 9.842027425765991211e-01 9.964429736137390137e-01 9.991240501403808594e-01 0.000000000000000000e+00
-3.814940452575683594e-01 5.942318439483642578e-01 9.488742351531982422e-01 9.981475472450256348e-01 9.996306896209716797e-01 0.000000000000000000e+00
-5.162264108657836914e-01 -4.694717526435852051e-01 -2.087752521038055420e-01 4.525125622749328613e-01 8.594959378242492676e-01 0.000000000000000000e+00
6.603415012359619141e-01 8.918863534927368164e-01 8.967586755752563477e-01 9.399831295013427734e-01 9.853845238685607910e-01 0.000000000000000000e+00
7.876501083374023438e-01 9.706398248672485352e-01 9.842868447303771973e-01 9.937970638275146484e-01 9.971245527267456055e-01 0.000000000000000000e+00
9.532930850982666016e-01 9.967157840728759766e-01 9.994865655899047852e-01 9.997595548629760742e-01 9.998338818550109863e-01 0.000000000000000000e+00
9.688939452171325684e-01 9.957166314125061035e-01 9.995688199996948242e-01 9.998710751533508301e-01 9.999432563781738281e-01 0.000000000000000000e+00
9.463782906532287598e-01 9.968797564506530762e-01 9.992846250534057617e-01 9.999000430107116699e-01 9.999879002571105957e-01 0.000000000000000000e+00
9.876616597175598145e-01 9.978123307228088379e-01 9.997299313545227051e-01 9.998958110809326172e-01 9.999751448631286621e-01 0.000000000000000000e+00
9.872888326644897461e-01 9.993736147880554199e-01 9.999480843544006348e-01 9.999864697456359863e-01 9.999966025352478027e-01 0.000000000000000000e+00
9.729629755020141602e-01 9.983786940574645996e-01 9.999343752861022949e-01 9.999917745590209961e-01 9.999983906745910645e-01 0.000000000000000000e+00
9.240486621856689453e-01 9.914613962173461914e-01 9.984767436981201172e-01 9.998498558998107910e-01 9.999762177467346191e-01 0.000000000000000000e+00
-3.380628526210784912e-01 -5.206549167633056641e-01 -5.307242274284362793e-01 -5.227943062782287598e-01 -5.332886576652526855e-01 1.000000000000000000e+00
7.450803518295288086e-01 9.298092722892761230e-01 9.786592125892639160e-01 9.901629090309143066e-01 9.851628541946411133e-01 2.000000000000000000e+00
-3.380628526210784912e-01 -5.206549167633056641e-01 -5.307242274284362793e-01 -5.227943062782287598e-01 -5.332886576652526855e-01 1.000000000000000000e+00
7.450803518295288086e-01 9.298092722892761230e-01 9.786592125892639160e-01 9.901629090309143066e-01 9.851628541946411133e-01 2.000000000000000000e+00
-3.380628526210784912e-01 -5.206549167633056641e-01 -5.307242274284362793e-01 -5.227943062782287598e-01 -5.332886576652526855e-01 1.000000000000000000e+00
7.450803518295288086e-01 9.298092722892761230e-01 9.786592125892639160e-01 9.901629090309143066e-01 9.851628541946411133e-01 2.000000000000000000e+00
-3.380628526210784912e-01 -5.206549167633056641e-01 -5.307242274284362793e-01 -5.227943062782287598e-01 -5.332886576652526855e-01 1.000000000000000000e+00
7.450803518295288086e-01 9.298092722892761230e-01 9.786592125892639160e-01 9.901629090309143066e-01 9.851628541946411133e-01 2.000000000000000000e+00
-3.380628526210784912e-01 -5.206549167633056641e-01 -5.307242274284362793e-01 -5.227943062782287598e-01 -5.332886576652526855e-01 1.000000000000000000e+00
7.450803518295288086e-01 9.298092722892761230e-01 9.786592125892639160e-01 9.901629090309143066e-01 9.851628541946411133e-01 2.000000000000000000e+00
-3.380628526210784912e-01 -5.206549167633056641e-01 -5.307242274284362793e-01 -5.227943062782287598e-01 -5.332886576652526855e-01 1.000000000000000000e+00
7.450803518295288086e-01 9.298092722892761230e-01 9.786592125892639160e-01 9.901629090309143066e-01 9.851628541946411133e-01 2.000000000000000000e+00
-3.380628526210784912e-01 -5.206549167633056641e-01 -5.307242274284362793e-01 -5.227943062782287598e-01 -5.332886576652526855e-01 1.000000000000000000e+00
7.450803518295288086e-01 9.298092722892761230e-01 9.786592125892639160e-01 9.901629090309143066e-01 9.851628541946411133e-01 2.000000000000000000e+00
-3.380628526210784912e-01 -5.206549167633056641e-01 -5.307242274284362793e-01 -5.227943062782287598e-01 -5.332886576652526855e-01 1.000000000000000000e+00
7.450803518295288086e-01 9.298092722892761230e-01 9.786592125892639160e-01 9.901629090309143066e-01 9.851628541946411133e-01 2.000000000000000000e+00
-3.380628526210784912e-01 -5.206549167633056641e-01 -5.307242274284362793e-01 -5.227943062782287598e-01 -5.332886576652526855e-01 1.000000000000000000e+00
7.450803518295288086e-01 9.298092722892761230e-01 9.786592125892639160e-01 9.901629090309143066e-01 9.851628541946411133e-01 2.000000000000000000e+00
-3.380628526210784912e-01 -5.206549167633056641e-01 -5.307242274284362793e-01 -5.227943062782287598e-01 -5.332886576652526855e-01 1.000000000000000000e+00
7.450803518295288086e-01 9.298092722892761230e-01 9.786592125892639160e-01 9.901629090309143066e-01 9.851628541946411133e-01 2.000000000000000000e+00
9.964970350265502930e-01 9.997212290763854980e-01 9.999892115592956543e-01 9.999983310699462891e-01 9.999994039535522461e-01 0.000000000000000000e+00
9.925858378410339355e-01 9.996921420097351074e-01 9.999784231185913086e-01 9.999955892562866211e-01 9.999993443489074707e-01 0.000000000000000000e+00
9.845307469367980957e-01 9.995116591453552246e-01 9.999263882637023926e-01 9.999833703041076660e-01 9.999934434890747070e-01 0.000000000000000000e+00
9.657149314880371094e-01 9.979511499404907227e-01 9.995999932289123535e-01 9.999513030052185059e-01 9.999906420707702637e-01 0.000000000000000000e+00
9.148467779159545898e-01 9.892214536666870117e-01 9.973329305648803711e-01 9.993829131126403809e-01 9.998819231986999512e-01 0.000000000000000000e+00
9.853745102882385254e-01 9.985826015472412109e-01 9.997851252555847168e-01 9.999201893806457520e-01 9.999770522117614746e-01 0.000000000000000000e+00
9.604752659797668457e-01 9.981685876846313477e-01 9.997115135192871094e-01 9.999637603759765625e-01 9.999906420707702637e-01 0.000000000000000000e+00
9.353594183921813965e-01 9.825425148010253906e-01 9.951139688491821289e-01 9.979843497276306152e-01 9.991322159767150879e-01 0.000000000000000000e+00
8.387991189956665039e-01 9.707031250000000000e-01 9.927220940589904785e-01 9.977878928184509277e-01 9.993571043014526367e-01 0.000000000000000000e+00
8.272013664245605469e-01 9.455770850181579590e-01 9.775965809822082520e-01 9.885262250900268555e-01 9.909150004386901855e-01 0.000000000000000000e+00
7.659659981727600098e-01 8.967862725257873535e-01 9.440716505050659180e-01 9.628856182098388672e-01 9.775167703628540039e-01 0.000000000000000000e+00
7.592771649360656738e-01 8.872177600860595703e-01 9.381164312362670898e-01 9.579885005950927734e-01 9.686278104782104492e-01 0.000000000000000000e+00
7.534980177879333496e-01 8.862972259521484375e-01 9.357645511627197266e-01 9.591888785362243652e-01 9.701984524726867676e-01 0.000000000000000000e+00
7.544398903846740723e-01 8.804250359535217285e-01 9.303451776504516602e-01 9.554268121719360352e-01 9.696756601333618164e-01 0.000000000000000000e+00
7.496932744979858398e-01 9.784019589424133301e-01 9.949918985366821289e-01 9.984298348426818848e-01 9.992637038230895996e-01 0.000000000000000000e+00
8.946821093559265137e-01 9.848273992538452148e-01 9.975314140319824219e-01 9.986855387687683105e-01 9.997115731239318848e-01 0.000000000000000000e+00
9.795580506324768066e-01 9.972697496414184570e-01 9.992247223854064941e-01 9.998001456260681152e-01 9.998674988746643066e-01 0.000000000000000000e+00
9.844287037849426270e-01 9.988453984260559082e-01 9.996967315673828125e-01 9.999236464500427246e-01 9.999701976776123047e-01 0.000000000000000000e+00
9.814111590385437012e-01 9.979997873306274414e-01 9.998672008514404297e-01 9.999737143516540527e-01 9.999864697456359863e-01 0.000000000000000000e+00
3.642121553421020508e-01 3.714013695716857910e-01 4.564512372016906738e-01 9.172417521476745605e-01 9.887490868568420410e-01 1.000000000000000000e+00
4.933409690856933594e-01 7.490733861923217773e-01 9.028156995773315430e-01 9.786575436592102051e-01 9.893280863761901855e-01 2.000000000000000000e+00
3.642121553421020508e-01 3.714013695716857910e-01 4.564512372016906738e-01 9.172417521476745605e-01 9.887490868568420410e-01 1.000000000000000000e+00
4.933409690856933594e-01 7.490733861923217773e-01 9.028156995773315430e-01 9.786575436592102051e-01 9.893280863761901855e-01 2.000000000000000000e+00
3.642121553421020508e-01 3.714013695716857910e-01 4.564512372016906738e-01 9.172417521476745605e-01 9.887490868568420410e-01 1.000000000000000000e+00
4.933409690856933594e-01 7.490733861923217773e-01 9.028156995773315430e-01 9.786575436592102051e-01 9.893280863761901855e-01 2.000000000000000000e+00
3.642121553421020508e-01 3.714013695716857910e-01 4.564512372016906738e-01 9.172417521476745605e-01 9.887490868568420410e-01 1.000000000000000000e+00
4.933409690856933594e-01 7.490733861923217773e-01 9.028156995773315430e-01 9.786575436592102051e-01 9.893280863761901855e-01 2.000000000000000000e+00
3.642121553421020508e-01 3.714013695716857910e-01 4.564512372016906738e-01 9.172417521476745605e-01 9.887490868568420410e-01 1.000000000000000000e+00
4.933409690856933594e-01 7.490733861923217773e-01 9.028156995773315430e-01 9.786575436592102051e-01 9.893280863761901855e-01 2.000000000000000000e+00
3.642121553421020508e-01 3.714013695716857910e-01 4.564512372016906738e-01 9.172417521476745605e-01 9.887490868568420410e-01 1.000000000000000000e+00
4.933409690856933594e-01 7.490733861923217773e-01 9.028156995773315430e-01 9.786575436592102051e-01 9.893280863761901855e-01 2.000000000000000000e+00
3.642121553421020508e-01 3.714013695716857910e-01 4.564512372016906738e-01 9.172417521476745605e-01 9.887490868568420410e-01 1.000000000000000000e+00
4.933409690856933594e-01 7.490733861923217773e-01 9.028156995773315430e-01 9.786575436592102051e-01 9.893280863761901855e-01 2.000000000000000000e+00
3.642121553421020508e-01 3.714013695716857910e-01 4.564512372016906738e-01 9.172417521476745605e-01 9.887490868568420410e-01 1.000000000000000000e+00
4.933409690856933594e-01 7.490733861923217773e-01 9.028156995773315430e-01 9.786575436592102051e-01 9.893280863761901855e-01 2.000000000000000000e+00
3.642121553421020508e-01 3.714013695716857910e-01 4.564512372016906738e-01 9.172417521476745605e-01 9.887490868568420410e-01 1.000000000000000000e+00
4.933409690856933594e-01 7.490733861923217773e-01 9.028156995773315430e-01 9.786575436592102051e-01 9.893280863761901855e-01 2.000000000000000000e+00
3.642121553421020508e-01 3.714013695716857910e-01 4.564512372016906738e-01 9.172417521476745605e-01 9.887490868568420410e-01 1.000000000000000000e+00
4.933409690856933594e-01 7.490733861923217773e-01 9.028156995773315430e-01 9.786575436592102051e-01 9.893280863761901855e-01 2.000000000000000000e+00
9.066386222839355469e-01 9.944307208061218262e-01 9.995335340499877930e-01 9.998927116394042969e-01 9.999685883522033691e-01 0.000000000000000000e+00
1.745297759771347046e-01 8.703643679618835449e-01 9.735707044601440430e-01 9.977554678916931152e-01 9.997523427009582520e-01 0.000000000000000000e+00
8.803796768188476562e-01 9.816593527793884277e-01 9.960758686065673828e-01 9.991546273231506348e-01 9.994869828224182129e-01 0.000000000000000000e+00
9.963102340698242188e-01 9.997456669807434082e-01 9.999821782112121582e-01 9.999940991401672363e-01 9.999977946281433105e-01 0.000000000000000000e+00
9.863745570182800293e-01 9.987918734550476074e-01 9.998583793640136719e-01 9.999655485153198242e-01 9.999967217445373535e-01 0.000000000000000000e+00
8.617642521858215332e-01 9.914397001266479492e-01 9.988378286361694336e-01 9.992382526397705078e-01 9.966965913772583008e-01 1.000000000000000000e+00
7.980301380157470703e-01 9.762747287750244141e-01 9.981176853179931641e-01 9.998990893363952637e-01 9.999746680259704590e-01 2.000000000000000000e+00
8.617642521858215332e-01 9.914397001266479492e-01 9.988378286361694336e-01 9.992382526397705078e-01 9.966965913772583008e-01 1.000000000000000000e+00
7.980301380157470703e-01 9.762747287750244141e-01 9.981176853179931641e-01 9.998990893363952637e-01 9.999746680259704590e-01 2.000000000000000000e+00
8.617642521858215332e-01 9.914397001266479492e-01 9.988378286361694336e-01 9.992382526397705078e-01 9.966965913772583008e-01 1.000000000000000000e+00
7.980301380157470703e-01 9.762747287750244141e-01 9.981176853179931641e-01 9.998990893363952637e-01 9.999746680259704590e-01 2.000000000000000000e+00
8.617642521858215332e-01 9.914397001266479492e-01 9.988378286361694336e-01 9.992382526397705078e-01 9.966965913772583008e-01 1.000000000000000000e+00
7.980301380157470703e-01 9.762747287750244141e-01 9.981176853179931641e-01 9.998990893363952637e-01 9.999746680259704590e-01 2.000000000000000000e+00
8.617642521858215332e-01 9.914397001266479492e-01 9.988378286361694336e-01 9.992382526397705078e-01 9.966965913772583008e-01 1.000000000000000000e+00
7.980301380157470703e-01 9.762747287750244141e-01 9.981176853179931641e-01 9.998990893363952637e-01 9.999746680259704590e-01 2.000000000000000000e+00
8.617642521858215332e-01 9.914397001266479492e-01 9.988378286361694336e-01 9.992382526397705078e-01 9.966965913772583008e-01 1.000000000000000000e+00
7.980301380157470703e-01 9.762747287750244141e-01 9.981176853179931641e-01 9.998990893363952637e-01 9.999746680259704590e-01 2.000000000000000000e+00
8.617642521858215332e-01 9.914397001266479492e-01 9.988378286361694336e-01 9.992382526397705078e-01 9.966965913772583008e-01 1.000000000000000000e+00
7.980301380157470703e-01 9.762747287750244141e-01 9.981176853179931641e-01 9.998990893363952637e-01 9.999746680259704590e-01 2.000000000000000000e+00
8.617642521858215332e-01 9.914397001266479492e-01 9.988378286361694336e-01 9.992382526397705078e-01 9.966965913772583008e-01 1.000000000000000000e+00
7.980301380157470703e-01 9.762747287750244141e-01 9.981176853179931641e-01 9.998990893363952637e-01 9.999746680259704590e-01 2.000000000000000000e+00
8.617642521858215332e-01 9.914397001266479492e-01 9.988378286361694336e-01 9.992382526397705078e-01 9.966965913772583008e-01 1.000000000000000000e+00
7.980301380157470703e-01 9.762747287750244141e-01 9.981176853179931641e-01 9.998990893363952637e-01 9.999746680259704590e-01 2.000000000000000000e+00
8.617642521858215332e-01 9.914397001266479492e-01 9.988378286361694336e-01 9.992382526397705078e-01 9.966965913772583008e-01 1.000000000000000000e+00
7.980301380157470703e-01 9.762747287750244141e-01 9.981176853179931641e-01 9.998990893363952637e-01 9.999746680259704590e-01 2.000000000000000000e+00
4.028659462928771973e-01 5.818400382995605469e-01 5.745598077774047852e-01 7.826766967773437500e-01 9.125306606292724609e-01 0.000000000000000000e+00
3.720298409461975098e-01 7.680913805961608887e-01 8.479425907135009766e-01 9.226284027099609375e-01 9.697870612144470215e-01 0.000000000000000000e+00
7.438439726829528809e-01 9.010932445526123047e-01 9.652885198593139648e-01 9.880037307739257812e-01 9.825376868247985840e-01 0.000000000000000000e+00
8.087537288665771484e-01 9.594340324401855469e-01 9.894320964813232422e-01 9.957565665245056152e-01 9.986606836318969727e-01 0.000000000000000000e+00
8.438109159469604492e-01 9.682869911193847656e-01 9.964550137519836426e-01 9.990364909172058105e-01 9.994317889213562012e-01 0.000000000000000000e+00
8.688826560974121094e-01 9.632840156555175781e-01 9.846611022949218750e-01 9.964288473129272461e-01 9.981407523155212402e-01 0.000000000000000000e+00
8.805012106895446777e-01 9.732440114021301270e-01 9.893789887428283691e-01 9.966291785240173340e-01 9.984068274497985840e-01 0.000000000000000000e+00
6.135473251342773438e-01 9.477902650833129883e-01 9.922784566879272461e-01 9.988655447959899902e-01 9.997749924659729004e-01 0.000000000000000000e+00
-1.308665424585342407e-01 4.906577169895172119e-01 5.658149719238281250e-01 8.698986768722534180e-01 9.381150007247924805e-01 0.000000000000000000e+00
-5.940142869949340820e-01 -3.329315483570098877e-01 5.317496657371520996e-01 7.892878651618957520e-01 9.235173463821411133e-01 0.000000000000000000e+00
-6.036747097969055176e-01 -6.435264348983764648e-01 -6.688451766967773438e-01 -6.832076311111450195e-01 -6.765304803848266602e-01 0.000000000000000000e+00
-4.481781721115112305e-01 -5.664231181144714355e-01 -5.782484412193298340e-01 -5.970703363418579102e-01 -6.038524508476257324e-01 0.000000000000000000e+00
-3.706576526165008545e-01 -1.225487608462572098e-02 4.688724875450134277e-01 7.603320479393005371e-01 8.260971307754516602e-01 0.000000000000000000e+00
5.192037820816040039e-01 8.320066928863525391e-01 9.383203983306884766e-01 9.900315403938293457e-01 9.922421574592590332e-01 0.000000000000000000e+00
9.964929819107055664e-01 9.998380541801452637e-01 9.999873042106628418e-01 9.999962449073791504e-01 9.999989867210388184e-01 0.000000000000000000e+00
9.917642474174499512e-01 9.996296763420104980e-01 9.999577999114990234e-01 9.999911189079284668e-01 9.999984502792358398e-01 0.000000000000000000e+00
9.905716776847839355e-01 9.994024038314819336e-01 9.999384284019470215e-01 9.999760985374450684e-01 9.999923706054687500e-01 0.000000000000000000e+00
9.938063621520996094e-01 9.995712637901306152e-01 9.999294281005859375e-01 9.999806880950927734e-01 9.999960660934448242e-01 0.000000000000000000e+00
9.968205690383911133e-01 9.998663663864135742e-01 9.999926686286926270e-01 9.999987483024597168e-01 9.999993443489074707e-01 0.000000000000000000e+00
9.897617697715759277e-01 9.994136691093444824e-01 9.999204874038696289e-01 9.999902248382568359e-01 9.999986290931701660e-01 0.000000000000000000e+00
9.927344322204589844e-01 9.992534518241882324e-01 9.998074769973754883e-01 9.999729990959167480e-01 9.999874830245971680e-01 0.000000000000000000e+00
6.058549880981445312e-01 9.403167366981506348e-01 9.866189956665039062e-01 9.968026876449584961e-01 9.976938366889953613e-01 0.000000000000000000e+00
7.721678018569946289e-01 9.468231201171875000e-01 9.778475761413574219e-01 9.841694235801696777e-01 9.883711338043212891e-01 0.000000000000000000e+00
5.281847715377807617e-01 6.686404347419738770e-01 8.622980117797851562e-01 9.495261311531066895e-01 9.891839027404785156e-01 0.000000000000000000e+00
5.408015474677085876e-02 7.933669090270996094e-01 9.785888195037841797e-01 9.945234656333923340e-01 9.978706836700439453e-01 0.000000000000000000e+00
7.407308816909790039e-01 9.794136881828308105e-01 9.961146116256713867e-01 9.989116191864013672e-01 9.990146756172180176e-01 0.000000000000000000e+00
8.904523253440856934e-01 9.776113033294677734e-01 9.914293289184570312e-01 9.981169104576110840e-01 9.991137385368347168e-01 0.000000000000000000e+00
-5.616854429244995117e-01 -5.629303455352783203e-01 -5.580663681030273438e-01 -4.787699580192565918e-01 2.916218638420104980e-01 1.000000000000000000e+00
5.311584472656250000e-01 8.035294413566589355e-01 7.850265502929687500e-01 7.961659431457519531e-01 4.272252917289733887e-01 2.000000000000000000e+00
-5.616854429244995117e-01 -5.629303455352783203e-01 -5.580663681030273438e-01 -4.787699580192565918e-01 2.916218638420104980e-01 1.000000000000000000e+00
5.311584472656250000e-01 8.035294413566589355e-01 7.850265502929687500e-01 7.961659431457519531e-01 4.272252917289733887e-01 2.000000000000000000e+00
-5.616854429244995117e-01 -5.629303455352783203e-01 -5.580663681030273438e-01 -4.787699580192565918e-01 2.916218638420104980e-01 1.000000000000000000e+00
5.311584472656250000e-01 8.035294413566589355e-01 7.850265502929687500e-01 7.961659431457519531e-01 4.272252917289733887e-01 2.000000000000000000e+00
-5.616854429244995117e-01 -5.629303455352783203e-01 -5.580663681030273438e-01 -4.787699580192565918e-01 2.916218638420104980e-01 1.000000000000000000e+00
5.311584472656250000e-01 8.035294413566589355e-01 7.850265502929687500e-01 7.961659431457519531e-01 4.272252917289733887e-01 2.000000000000000000e+00
-5.616854429244995117e-01 -5.629303455352783203e-01 -5.580663681030273438e-01 -4.787699580192565918e-01 2.916218638420104980e-01 1.000000000000000000e+00
5.311584472656250000e-01 8.035294413566589355e-01 7.850265502929687500e-01 7.961659431457519531e-01 4.272252917289733887e-01 2.000000000000000000e+00
-5.616854429244995117e-01 -5.629303455352783203e-01 -5.580663681030273438e-01 -4.787699580192565918e-01 2.916218638420104980e-01 1.000000000000000000e+00
5.311584472656250000e-01 8.035294413566589355e-01 7.850265502929687500e-01 7.961659431457519531e-01 4.272252917289733887e-01 2.000000000000000000e+00
-5.616854429244995117e-01 -5.629303455352783203e-01 -5.580663681030273438e-01 -4.787699580192565918e-01 2.916218638420104980e-01 1.000000000000000000e+00
5.311584472656250000e-01 8.035294413566589355e-01 7.850265502929687500e-01 7.961659431457519531e-01 4.272252917289733887e-01 2.000000000000000000e+00
-5.616854429244995117e-01 -5.629303455352783203e-01 -5.580663681030273438e-01 -4.787699580192565918e-01 2.916218638420104980e-01 1.000000000000000000e+00
5.311584472656250000e-01 8.035294413566589355e-01 7.850265502929687500e-01 7.961659431457519531e-01 4.272252917289733887e-01 2.000000000000000000e+00
-5.616854429244995117e-01 -5.629303455352783203e-01 -5.580663681030273438e-01 -4.787699580192565918e-01 2.916218638420104980e-01 1.000000000000000000e+00
5.311584472656250000e-01 8.035294413566589355e-01 7.850265502929687500e-01 7.961659431457519531e-01 4.272252917289733887e-01 2.000000000000000000e+00
-5.616854429244995117e-01 -5.629303455352783203e-01 -5.580663681030273438e-01 -4.787699580192565918e-01 2.916218638420104980e-01 1.000000000000000000e+00
5.311584472656250000e-01 8.035294413566589355e-01 7.850265502929687500e-01 7.961659431457519531e-01 4.272252917289733887e-01 2.000000000000000000e+00
9.997545480728149414e-01 9.999985098838806152e-01 9.999999403953552246e-01 1.000000000000000000e+00 1.000000000000000000e+00 0.000000000000000000e+00
9.999706745147705078e-01 9.999992847442626953e-01 1.000000000000000000e+00 1.000000000000000000e+00 1.000000000000000000e+00 0.000000000000000000e+00
9.998832941055297852e-01 9.999978542327880859e-01 9.999999403953552246e-01 1.000000000000000000e+00 1.000000000000000000e+00 0.000000000000000000e+00
9.999400973320007324e-01 9.999998807907104492e-01 1.000000000000000000e+00 1.000000000000000000e+00 1.000000000000000000e+00 0.000000000000000000e+00
9.998828768730163574e-01 9.999975562095642090e-01 9.999998807907104492e-01 1.000000000000000000e+00 1.000000000000000000e+00 0.000000000000000000e+00
9.998338818550109863e-01 9.999989271163940430e-01 9.999999403953552246e-01 1.000000000000000000e+00 1.000000000000000000e+00 0.000000000000000000e+00
9.997978806495666504e-01 9.999961853027343750e-01 9.999998807907104492e-01 1.000000000000000000e+00 1.000000000000000000e+00 0.000000000000000000e+00
9.705806374549865723e-01 9.956703186035156250e-01 9.989548921585083008e-01 9.995557665824890137e-01 9.997989535331726074e-01 0.000000000000000000e+00
9.783899784088134766e-01 9.982926845550537109e-01 9.995580315589904785e-01 9.997992515563964844e-01 9.998877048492431641e-01 0.000000000000000000e+00
9.877728819847106934e-01 9.988636374473571777e-01 9.997475147247314453e-01 9.999188780784606934e-01 9.999846816062927246e-01 0.000000000000000000e+00
9.865542650222778320e-01 9.989365935325622559e-01 9.998434185981750488e-01 9.999487400054931641e-01 9.999847412109375000e-01 0.000000000000000000e+00
9.873958230018615723e-01 9.989114403724670410e-01 9.998593926429748535e-01 9.999710321426391602e-01 9.999915957450866699e-01 0.000000000000000000e+00
9.050048589706420898e-01 9.744685292243957520e-01 9.940971136093139648e-01 9.989345073699951172e-01 9.998388886451721191e-01 0.000000000000000000e+00
2.608116269111633301e-01 7.131736278533935547e-01 8.711845278739929199e-01 9.708620309829711914e-01 9.922623038291931152e-01 0.000000000000000000e+00
9.746218919754028320e-01 9.959284067153930664e-01 9.973633885383605957e-01 9.986120462417602539e-01 9.991872906684875488e-01 0.000000000000000000e+00
9.646273255348205566e-01 9.959691166877746582e-01 9.989779591560363770e-01 9.997783899307250977e-01 9.999479055404663086e-01 0.000000000000000000e+00
9.623544216156005859e-01 9.932690858840942383e-01 9.984821081161499023e-01 9.992870092391967773e-01 9.997736215591430664e-01 0.000000000000000000e+00
9.739056229591369629e-01 9.961616396903991699e-01 9.991829395294189453e-01 9.996661543846130371e-01 9.998017549514770508e-01 0.000000000000000000e+00
9.199203252792358398e-01 9.844604134559631348e-01 9.954929947853088379e-01 9.978451132774353027e-01 9.992669820785522461e-01 0.000000000000000000e+00
9.459562897682189941e-01 9.818165302276611328e-01 9.962915778160095215e-01 9.989230036735534668e-01 9.992057681083679199e-01 0.000000000000000000e+00
9.132978916168212891e-01 9.806435108184814453e-01 9.947187900543212891e-01 9.981876015663146973e-01 9.996322989463806152e-01 0.000000000000000000e+00
4.515516757965087891e-01 9.465473890304565430e-01 9.920140504837036133e-01 9.991313815116882324e-01 9.996486902236938477e-01 0.000000000000000000e+00
-2.549131214618682861e-01 -4.168789684772491455e-01 -1.231237351894378662e-01 3.364499658346176147e-02 6.567661166191101074e-01 0.000000000000000000e+00
-6.283440589904785156e-01 -6.449993848800659180e-01 -5.178592801094055176e-01 4.772096872329711914e-01 9.531147480010986328e-01 0.000000000000000000e+00
-6.245752573013305664e-01 -6.470622420310974121e-01 -6.583021283149719238e-01 -6.680209636688232422e-01 -6.639488935470581055e-01 0.000000000000000000e+00
-6.243789196014404297e-01 -6.404600739479064941e-01 -6.457065343856811523e-01 -6.266749501228332520e-01 -6.060587167739868164e-01 0.000000000000000000e+00
-6.336080431938171387e-01 -6.573431491851806641e-01 -6.586461067199707031e-01 -6.622865200042724609e-01 -6.632751226425170898e-01 0.000000000000000000e+00
-6.147142648696899414e-01 -6.272197365760803223e-01 -6.366339921951293945e-01 -6.556748747825622559e-01 -6.670423746109008789e-01 0.000000000000000000e+00
9.601655602455139160e-01 9.977359175682067871e-01 9.992329478263854980e-01 9.998776316642761230e-01 9.999589323997497559e-01 0.000000000000000000e+00
9.933025836944580078e-01 9.994773268699645996e-01 9.999523162841796875e-01 9.999895095825195312e-01 9.999970197677612305e-01 0.000000000000000000e+00
9.947561025619506836e-01 9.999281764030456543e-01 9.999951124191284180e-01 9.999994039535522461e-01 9.999998211860656738e-01 0.000000000000000000e+00
9.855601787567138672e-01 9.977817535400390625e-01 9.997475147247314453e-01 9.999814033508300781e-01 9.999973177909851074e-01 0.000000000000000000e+00
9.155117273330688477e-01 9.924039840698242188e-01 9.988351464271545410e-01 9.997298717498779297e-01 9.999049305915832520e-01 0.000000000000000000e+00
9.342657327651977539e-01 9.929614067077636719e-01 9.992709159851074219e-01 9.998040199279785156e-01 9.999164342880249023e-01 0.000000000000000000e+00
9.813472628593444824e-01 9.985017180442810059e-01 9.994992613792419434e-01 9.998736381530761719e-01 9.999167323112487793e-01 0.000000000000000000e+00
9.969270825386047363e-01 9.998269677162170410e-01 9.999884963035583496e-01 9.999982118606567383e-01 9.999995827674865723e-01 0.000000000000000000e+00
9.970795512199401855e-01 9.998888969421386719e-01 9.999892711639404297e-01 9.999984502792358398e-01 9.999996423721313477e-01 0.000000000000000000e+00
9.978227019309997559e-01 9.999114871025085449e-01 9.999929666519165039e-01 9.999990463256835938e-01 9.999997615814208984e-01 0.000000000000000000e+00
9.978753328323364258e-01 9.998974800109863281e-01 9.999910593032836914e-01 9.999982714653015137e-01 9.999997019767761230e-01 0.000000000000000000e+00
9.972202181816101074e-01 9.998798966407775879e-01 9.999942183494567871e-01 9.999992847442626953e-01 9.999998211860656738e-01 0.000000000000000000e+00
9.981737732887268066e-01 9.999205470085144043e-01 9.999935626983642578e-01 9.999989271163940430e-01 9.999997019767761230e-01 0.000000000000000000e+00
9.950634837150573730e-01 9.997957944869995117e-01 9.999919533729553223e-01 9.999994635581970215e-01 9.999998807907104492e-01 0.000000000000000000e+00
9.990421533584594727e-01 9.999710917472839355e-01 9.999995827674865723e-01 1.000000000000000000e+00 1.000000000000000000e+00 0.000000000000000000e+00
9.956671595573425293e-01 9.998667836189270020e-01 9.999935626983642578e-01 9.999995231628417969e-01 9.999999403953552246e-01 0.000000000000000000e+00
9.632460474967956543e-01 9.947077035903930664e-01 9.994862675666809082e-01 9.999299645423889160e-01 9.999897480010986328e-01 0.000000000000000000e+00
9.588326811790466309e-01 9.949916601181030273e-01 9.988744854927062988e-01 9.998223781585693359e-01 9.999405741691589355e-01 0.000000000000000000e+00
9.351032376289367676e-01 9.934574961662292480e-01 9.978517293930053711e-01 9.995241165161132812e-01 9.997701048851013184e-01 0.000000000000000000e+00
8.035694956779479980e-01 9.785584211349487305e-01 9.915392994880676270e-01 9.975259304046630859e-01 9.991281628608703613e-01 0.000000000000000000e+00
2.453374564647674561e-01 7.718500494956970215e-01 9.659491777420043945e-01 9.785885810852050781e-01 9.914680719375610352e-01 0.000000000000000000e+00
9.986937642097473145e-01 9.999673962593078613e-01 9.999980926513671875e-01 9.999998211860656738e-01 9.999999403953552246e-01 0.000000000000000000e+00
9.992401599884033203e-01 9.999944567680358887e-01 9.999997615814208984e-01 1.000000000000000000e+00 1.000000000000000000e+00 0.000000000000000000e+00
9.980900883674621582e-01 9.999808669090270996e-01 9.999996423721313477e-01 1.000000000000000000e+00 1.000000000000000000e+00 0.000000000000000000e+00
9.666018486022949219e-01 9.992881417274475098e-01 9.999809861183166504e-01 9.999982714653015137e-01 9.999999403953552246e-01 0.000000000000000000e+00
8.883109092712402344e-01 9.713602662086486816e-01 9.993846416473388672e-01 9.999384284019470215e-01 9.999911189079284668e-01 0.000000000000000000e+00
2.444159835577011108e-01 8.827438950538635254e-01 9.772064089775085449e-01 9.961865544319152832e-01 9.994108676910400391e-01 0.000000000000000000e+00
-5.234504342079162598e-01 -4.834732711315155029e-01 4.984706044197082520e-01 9.519640207290649414e-01 9.870736002922058105e-01 0.000000000000000000e+00
9.998151659965515137e-01 9.999954104423522949e-01 9.999998807907104492e-01 1.000000000000000000e+00 1.000000000000000000e+00 0.000000000000000000e+00
9.997688531875610352e-01 9.999995231628417969e-01 1.000000000000000000e+00 1.000000000000000000e+00 1.000000000000000000e+00 0.000000000000000000e+00
9.999583959579467773e-01 9.999997019767761230e-01 1.000000000000000000e+00 1.000000000000000000e+00 1.000000000000000000e+00 0.000000000000000000e+00
9.999424219131469727e-01 9.999997019767761230e-01 1.000000000000000000e+00 1.000000000000000000e+00 1.000000000000000000e+00 0.000000000000000000e+00
9.998750090599060059e-01 9.999988675117492676e-01 9.999999403953552246e-01 1.000000000000000000e+00 1.000000000000000000e+00 0.000000000000000000e+00
9.999111294746398926e-01 9.999990463256835938e-01 1.000000000000000000e+00 1.000000000000000000e+00 1.000000000000000000e+00 0.000000000000000000e+00
9.998729228973388672e-01 9.999936223030090332e-01 9.999998807907104492e-01 1.000000000000000000e+00 1.000000000000000000e+00 0.000000000000000000e+00
8.695389628410339355e-01 9.526758193969726562e-01 9.791094064712524414e-01 9.886257052421569824e-01 9.932451248168945312e-01 0.000000000000000000e+00
8.467577695846557617e-01 9.414865970611572266e-01 9.760083556175231934e-01 9.872013330459594727e-01 9.928892254829406738e-01 0.000000000000000000e+00
9.050371050834655762e-01 9.704722166061401367e-01 9.871748685836791992e-01 9.935534000396728516e-01 9.958475828170776367e-01 0.000000000000000000e+00
9.112011194229125977e-01 9.798992276191711426e-01 9.921058416366577148e-01 9.966321587562561035e-01 9.978618025779724121e-01 0.000000000000000000e+00
8.829191327095031738e-01 9.652855396270751953e-01 9.863341450691223145e-01 9.933745861053466797e-01 9.961770772933959961e-01 0.000000000000000000e+00
8.586181402206420898e-01 9.692431092262268066e-01 9.889715909957885742e-01 9.954551458358764648e-01 9.975754022598266602e-01 0.000000000000000000e+00
9.323819875717163086e-01 9.851900339126586914e-01 9.937356710433959961e-01 9.956935644149780273e-01 9.973372817039489746e-01 0.000000000000000000e+00
9.383241534233093262e-01 9.891514778137207031e-01 9.982307553291320801e-01 9.997166395187377930e-01 9.999329447746276855e-01 0.000000000000000000e+00
6.339496374130249023e-01 8.282439708709716797e-01 8.425929546356201172e-01 9.026492238044738770e-01 9.909128546714782715e-01 0.000000000000000000e+00
-3.960725367069244385e-01 -2.100145518779754639e-01 1.341311633586883545e-01 6.550764441490173340e-01 7.481176853179931641e-01 0.000000000000000000e+00
-4.882132709026336670e-01 2.922984659671783447e-01 6.610672473907470703e-01 9.097713232040405273e-01 8.829629421234130859e-01 0.000000000000000000e+00
-5.980479717254638672e-01 -5.638446211814880371e-01 -5.693711042404174805e-01 -5.637786388397216797e-01 -5.655491352081298828e-01 0.000000000000000000e+00
-6.021751165390014648e-01 -5.843267440795898438e-01 -5.993279814720153809e-01 -6.115481257438659668e-01 -6.186869144439697266e-01 0.000000000000000000e+00
-6.021240949630737305e-01 -5.886912345886230469e-01 -5.788176059722900391e-01 -5.821707248687744141e-01 -5.813511610031127930e-01 0.000000000000000000e+00
9.923892617225646973e-01 9.998968243598937988e-01 9.999912381172180176e-01 9.999982118606567383e-01 9.999995827674865723e-01 0.000000000000000000e+00
7.558272480964660645e-01 8.712875843048095703e-01 9.796906113624572754e-01 9.986918568611145020e-01 9.998195767402648926e-01 0.000000000000000000e+00
9.502506256103515625e-01 9.934347271919250488e-01 9.975521564483642578e-01 9.983296990394592285e-01 9.986712932586669922e-01 0.000000000000000000e+00
5.176290869712829590e-01 7.913573980331420898e-01 9.473251700401306152e-01 9.851171374320983887e-01 9.976287484169006348e-01 0.000000000000000000e+00
5.326254963874816895e-01 9.353002905845642090e-01 9.939393997192382812e-01 9.996381998062133789e-01 9.999328851699829102e-01 0.000000000000000000e+00
9.450557827949523926e-01 9.976688027381896973e-01 9.991301894187927246e-01 9.991561174392700195e-01 9.995931386947631836e-01 0.000000000000000000e+00
9.450685381889343262e-01 9.993309378623962402e-01 9.999597668647766113e-01 9.999870061874389648e-01 9.999922513961791992e-01 0.000000000000000000e+00
9.636373519897460938e-01 9.951519370079040527e-01 9.992599487304687500e-01 9.998031258583068848e-01 9.999524354934692383e-01 0.000000000000000000e+00
8.297379612922668457e-01 9.576533436775207520e-01 9.849331974983215332e-01 9.940637350082397461e-01 9.969028830528259277e-01 0.000000000000000000e+00
8.582750558853149414e-01 9.651924371719360352e-01 9.907510876655578613e-01 9.929987788200378418e-01 9.938266873359680176e-01 0.000000000000000000e+00
8.968992233276367188e-01 9.842255115509033203e-01 9.977290034294128418e-01 9.993846416473388672e-01 9.996389150619506836e-01 0.000000000000000000e+00
7.735671997070312500e-01 9.327504634857177734e-01 9.949272274971008301e-01 9.992319345474243164e-01 9.997416734695434570e-01 0.000000000000000000e+00
8.614078760147094727e-01 9.748901128768920898e-01 9.986130595207214355e-01 9.997996687889099121e-01 9.998493790626525879e-01 0.000000000000000000e+00
-5.456793308258056641e-01 -2.317139059305191040e-01 7.363934516906738281e-01 9.132142066955566406e-01 9.906017184257507324e-01 0.000000000000000000e+00
9.992614984512329102e-01 9.999915361404418945e-01 9.999995231628417969e-01 1.000000000000000000e+00 1.000000000000000000e+00 0.000000000000000000e+00
9.994592070579528809e-01 9.999765753746032715e-01 9.999992847442626953e-01 9.999999403953552246e-01 1.000000000000000000e+00 0.000000000000000000e+00
9.998157024383544922e-01 9.999975562095642090e-01 9.999999403953552246e-01 1.000000000000000000e+00 1.000000000000000000e+00 0.000000000000000000e+00
9.970649480819702148e-01 9.996338486671447754e-01 9.999306201934814453e-01 9.999894499778747559e-01 9.999992251396179199e-01 0.000000000000000000e+00
9.951210618019104004e-01 9.998178482055664062e-01 9.999863505363464355e-01 9.999985098838806152e-01 9.999986290931701660e-01 0.000000000000000000e+00
9.567949771881103516e-01 9.847530126571655273e-01 9.952480792999267578e-01 9.992232322692871094e-01 9.999302625656127930e-01 0.000000000000000000e+00
8.959705233573913574e-01 9.817563891410827637e-01 9.966506958007812500e-01 9.975214004516601562e-01 9.993565678596496582e-01 0.000000000000000000e+00
9.982185363769531250e-01 9.999569058418273926e-01 9.999975562095642090e-01 9.999997019767761230e-01 9.999999403953552246e-01 0.000000000000000000e+00
9.985723495483398438e-01 9.999678134918212891e-01 9.999983906745910645e-01 9.999998211860656738e-01 1.000000000000000000e+00 0.000000000000000000e+00
9.985502958297729492e-01 9.999695420265197754e-01 9.999984502792358398e-01 9.999998211860656738e-01 9.999999403953552246e-01 0.000000000000000000e+00
9.987652301788330078e-01 9.999719858169555664e-01 9.999987483024597168e-01 9.999998807907104492e-01 1.000000000000000000e+00 0.000000000000000000e+00
9.989471435546875000e-01 9.999806284904479980e-01 9.999991655349731445e-01 9.999999403953552246e-01 1.000000000000000000e+00 0.000000000000000000e+00
9.988818764686584473e-01 9.999790787696838379e-01 9.999991059303283691e-01 9.999998807907104492e-01 1.000000000000000000e+00 0.000000000000000000e+00
9.988516569137573242e-01 9.999772906303405762e-01 9.999989867210388184e-01 9.999998807907104492e-01 1.000000000000000000e+00 0.000000000000000000e+00
4.048165380954742432e-01 8.347651958465576172e-01 9.889112114906311035e-01 9.985116124153137207e-01 9.995982646942138672e-01 0.000000000000000000e+00
-9.450000524520874023e-02 5.897713899612426758e-01 9.637156128883361816e-01 9.805860519409179688e-01 9.969677925109863281e-01 0.000000000000000000e+00
8.636130690574645996e-01 9.658300876617431641e-01 9.896295070648193359e-01 9.960075020790100098e-01 9.947177171707153320e-01 0.000000000000000000e+00
9.352341890335083008e-01 9.981653690338134766e-01 9.998092651367187500e-01 9.999819993972778320e-01 9.999966025352478027e-01 0.000000000000000000e+00
7.679328918457031250e-01 9.841778874397277832e-01 9.947449564933776855e-01 9.990059733390808105e-01 9.998926520347595215e-01 0.000000000000000000e+00
9.076148867607116699e-01 9.915435314178466797e-01 9.967447519302368164e-01 9.990574717521667480e-01 9.995555281639099121e-01 0.000000000000000000e+00
9.849659204483032227e-01 9.981598854064941406e-01 9.994605183601379395e-01 9.998183250427246094e-01 9.999411702156066895e-01 0.000000000000000000e+00
-4.295022189617156982e-01 2.019092254340648651e-02 4.488566517829895020e-01 9.322742223739624023e-01 9.792430996894836426e-01 1.000000000000000000e+00
-1.447294186800718307e-02 6.474606990814208984e-01 8.443112373352050781e-01 9.614992141723632812e-01 9.914931058883666992e-01 2.000000000000000000e+00
-4.295022189617156982e-01 2.019092254340648651e-02 4.488566517829895020e-01 9.322742223739624023e-01 9.792430996894836426e-01 1.000000000000000000e+00
-1.447294186800718307e-02 6.474606990814208984e-01 8.443112373352050781e-01 9.614992141723632812e-01 9.914931058883666992e-01 2.000000000000000000e+00
-4.295022189617156982e-01 2.019092254340648651e-02 4.488566517829895020e-01 9.322742223739624023e-01 9.792430996894836426e-01 1.000000000000000000e+00
-1.447294186800718307e-02 6.474606990814208984e-01 8.443112373352050781e-01 9.614992141723632812e-01 9.914931058883666992e-01 2.000000000000000000e+00
-4.295022189617156982e-01 2.019092254340648651e-02 4.488566517829895020e-01 9.322742223739624023e-01 9.792430996894836426e-01 1.000000000000000000e+00
-1.447294186800718307e-02 6.474606990814208984e-01 8.443112373352050781e-01 9.614992141723632812e-01 9.914931058883666992e-01 2.000000000000000000e+00
-4.295022189617156982e-01 2.019092254340648651e-02 4.488566517829895020e-01 9.322742223739624023e-01 9.792430996894836426e-01 1.000000000000000000e+00
-1.447294186800718307e-02 6.474606990814208984e-01 8.443112373352050781e-01 9.614992141723632812e-01 9.914931058883666992e-01 2.000000000000000000e+00
-4.295022189617156982e-01 2.019092254340648651e-02 4.488566517829895020e-01 9.322742223739624023e-01 9.792430996894836426e-01 1.000000000000000000e+00
-1.447294186800718307e-02 6.474606990814208984e-01 8.443112373352050781e-01 9.614992141723632812e-01 9.914931058883666992e-01 2.000000000000000000e+00
-4.295022189617156982e-01 2.019092254340648651e-02 4.488566517829895020e-01 9.322742223739624023e-01 9.792430996894836426e-01 1.000000000000000000e+00
-1.447294186800718307e-02 6.474606990814208984e-01 8.443112373352050781e-01 9.614992141723632812e-01 9.914931058883666992e-01 2.000000000000000000e+00
-4.295022189617156982e-01 2.019092254340648651e-02 4.488566517829895020e-01 9.322742223739624023e-01 9.792430996894836426e-01 1.000000000000000000e+00
-1.447294186800718307e-02 6.474606990814208984e-01 8.443112373352050781e-01 9.614992141723632812e-01 9.914931058883666992e-01 2.000000000000000000e+00
-4.295022189617156982e-01 2.019092254340648651e-02 4.488566517829895020e-01 9.322742223739624023e-01 9.792430996894836426e-01 1.000000000000000000e+00
-1.447294186800718307e-02 6.474606990814208984e-01 8.443112373352050781e-01 9.614992141723632812e-01 9.914931058883666992e-01 2.000000000000000000e+00
-4.295022189617156982e-01 2.019092254340648651e-02 4.488566517829895020e-01 9.322742223739624023e-01 9.792430996894836426e-01 1.000000000000000000e+00
-1.447294186800718307e-02 6.474606990814208984e-01 8.443112373352050781e-01 9.614992141723632812e-01 9.914931058883666992e-01 2.000000000000000000e+00
8.834230303764343262e-01 9.723590016365051270e-01 9.832164645195007324e-01 9.928988814353942871e-01 9.963873624801635742e-01 0.000000000000000000e+00
8.599386215209960938e-01 9.549769759178161621e-01 9.852284789085388184e-01 9.933381080627441406e-01 9.958723187446594238e-01 0.000000000000000000e+00
8.281146883964538574e-01 9.248068928718566895e-01 9.660497307777404785e-01 9.875053763389587402e-01 9.936937689781188965e-01 0.000000000000000000e+00
7.468429803848266602e-01 9.031140804290771484e-01 9.438961744308471680e-01 9.718143939971923828e-01 9.808220863342285156e-01 0.000000000000000000e+00
7.720146179199218750e-01 9.005828499794006348e-01 9.422659873962402344e-01 9.611658453941345215e-01 9.762576222419738770e-01 0.000000000000000000e+00
8.614663481712341309e-01 9.492624402046203613e-01 9.751626849174499512e-01 9.855979084968566895e-01 9.886765480041503906e-01 0.000000000000000000e+00
8.574689626693725586e-01 9.595515727996826172e-01 9.911260604858398438e-01 9.953327178955078125e-01 9.960471391677856445e-01 0.000000000000000000e+00
8.884162306785583496e-01 9.745368957519531250e-01 9.950878024101257324e-01 9.987872242927551270e-01 9.996305108070373535e-01 0.000000000000000000e+00
9.248118400573730469e-01 9.820583462715148926e-01 9.907482266426086426e-01 9.967602491378784180e-01 9.980088472366333008e-01 0.000000000000000000e+00
9.093604683876037598e-01 9.698361754417419434e-01 9.905356764793395996e-01 9.960617423057556152e-01 9.979830384254455566e-01 0.000000000000000000e+00
7.286556363105773926e-01 9.131609797477722168e-01 9.750029444694519043e-01 9.899176955223083496e-01 9.898955821990966797e-01 0.000000000000000000e+00
7.079652547836303711e-01 7.690764665603637695e-01 8.950679898262023926e-01 9.506729245185852051e-01 9.510589838027954102e-01 0.000000000000000000e+00
5.463511347770690918e-01 6.880954504013061523e-01 7.985488176345825195e-01 8.947657942771911621e-01 9.693380594253540039e-01 0.000000000000000000e+00
-5.842322707176208496e-01 -5.427913665771484375e-01 -4.464464187622070312e-01 -3.169326484203338623e-01 3.080291748046875000e-01 0.000000000000000000e+00
9.609943032264709473e-01 9.954179525375366211e-01 9.976810812950134277e-01 9.984585046768188477e-01 9.987719655036926270e-01 0.000000000000000000e+00
9.483567476272583008e-01 9.933789372444152832e-01 9.987428188323974609e-01 9.992274641990661621e-01 9.996134638786315918e-01 0.000000000000000000e+00
9.298599362373352051e-01 9.806041717529296875e-01 9.939303994178771973e-01 9.962436556816101074e-01 9.989359974861145020e-01 0.000000000000000000e+00
9.199191927909851074e-01 9.787247180938720703e-01 9.922982454299926758e-01 9.967128038406372070e-01 9.982798695564270020e-01 0.000000000000000000e+00
9.244893789291381836e-01 9.793734550476074219e-01 9.947775006294250488e-01 9.974384307861328125e-01 9.981967210769653320e-01 0.000000000000000000e+00
9.072867631912231445e-01 9.770860671997070312e-01 9.947735667228698730e-01 9.982861280441284180e-01 9.989677667617797852e-01 0.000000000000000000e+00
8.939970731735229492e-01 9.688397049903869629e-01 9.843123555183410645e-01 9.938534498214721680e-01 9.949484467506408691e-01 0.000000000000000000e+00
9.815869927406311035e-01 9.995947480201721191e-01 9.999809861183166504e-01 9.999988079071044922e-01 9.999997019767761230e-01 0.000000000000000000e+00
9.944597482681274414e-01 9.997890591621398926e-01 9.999913573265075684e-01 9.999985694885253906e-01 9.999997615814208984e-01 0.000000000000000000e+00
9.966213703155517578e-01 9.997752308845520020e-01 9.999876022338867188e-01 9.999980330467224121e-01 9.999996423721313477e-01 0.000000000000000000e+00
9.977288842201232910e-01 9.999067187309265137e-01 9.999932050704956055e-01 9.999992847442626953e-01 9.999998211860656738e-01 0.000000000000000000e+00
9.902069568634033203e-01 9.996458292007446289e-01 9.999779462814331055e-01 9.999982118606567383e-01 9.999997615814208984e-01 0.000000000000000000e+00
9.757253527641296387e-01 9.957787394523620605e-01 9.994087815284729004e-01 9.998860359191894531e-01 9.999762177467346191e-01 0.000000000000000000e+00
8.218643665313720703e-01 9.913547039031982422e-01 9.987468123435974121e-01 9.998233318328857422e-01 9.999033212661743164e-01 0.000000000000000000e+00
5.262058377265930176e-01 8.567931652069091797e-01 9.446168541908264160e-01 9.687089920043945312e-01 9.914524555206298828e-01 0.000000000000000000e+00
8.041704893112182617e-01 9.629616737365722656e-01 9.907391071319580078e-01 9.896061420440673828e-01 9.957056045532226562e-01 0.000000000000000000e+00
9.497985839843750000e-01 9.934558868408203125e-01 9.983606338500976562e-01 9.995114803314208984e-01 9.997254610061645508e-01 0.000000000000000000e+00
9.745129942893981934e-01 9.985914230346679688e-01 9.997193813323974609e-01 9.999067187309265137e-01 9.999644756317138672e-01 0.000000000000000000e+00
9.923495054244995117e-01 9.994738101959228516e-01 9.999249577522277832e-01 9.999786615371704102e-01 9.999923110008239746e-01 0.000000000000000000e+00
9.917809367179870605e-01 9.994958639144897461e-01 9.999207854270935059e-01 9.999865889549255371e-01 9.999936819076538086e-01 0.000000000000000000e+00
9.576877355575561523e-01 9.968372583389282227e-01 9.996021389961242676e-01 9.999160766601562500e-01 9.999762177467346191e-01 0.000000000000000000e+00
6.478295326232910156e-01 8.648407459259033203e-01 9.532620310783386230e-01 9.878686666488647461e-01 9.913655519485473633e-01 1.000000000000000000e+00
8.010957241058349609e-01 9.595394730567932129e-01 9.878936409950256348e-01 9.952222704887390137e-01 9.992015957832336426e-01 2.000000000000000000e+00
6.478295326232910156e-01 8.648407459259033203e-01 9.532620310783386230e-01 9.878686666488647461e-01 9.913655519485473633e-01 1.000000000000000000e+00
8.010957241058349609e-01 9.595394730567932129e-01 9.878936409950256348e-01 9.952222704887390137e-01 9.992015957832336426e-01 2.000000000000000000e+00
6.478295326232910156e-01 8.648407459259033203e-01 9.532620310783386230e-01 9.878686666488647461e-01 9.913655519485473633e-01 1.000000000000000000e+00
8.010957241058349609e-01 9.595394730567932129e-01 9.878936409950256348e-01 9.952222704887390137e-01 9.992015957832336426e-01 2.000000000000000000e+00
6.478295326232910156e-01 8.648407459259033203e-01 9.532620310783386230e-01 9.878686666488647461e-01 9.913655519485473633e-01 1.000000000000000000e+00
8.010957241058349609e-01 9.595394730567932129e-01 9.878936409950256348e-01 9.952222704887390137e-01 9.992015957832336426e-01 2.000000000000000000e+00
6.478295326232910156e-01 8.648407459259033203e-01 9.532620310783386230e-01 9.878686666488647461e-01 9.913655519485473633e-01 1.000000000000000000e+00
8.010957241058349609e-01 9.595394730567932129e-01 9.878936409950256348e-01 9.952222704887390137e-01 9.992015957832336426e-01 2.000000000000000000e+00
6.478295326232910156e-01 8.648407459259033203e-01 9.532620310783386230e-01 9.878686666488647461e-01 9.913655519485473633e-01 1.000000000000000000e+00
8.010957241058349609e-01 9.595394730567932129e-01 9.878936409950256348e-01 9.952222704887390137e-01 9.992015957832336426e-01 2.000000000000000000e+00
6.478295326232910156e-01 8.648407459259033203e-01 9.532620310783386230e-01 9.878686666488647461e-01 9.913655519485473633e-01 1.000000000000000000e+00
8.010957241058349609e-01 9.595394730567932129e-01 9.878936409950256348e-01 9.952222704887390137e-01 9.992015957832336426e-01 2.000000000000000000e+00
6.478295326232910156e-01 8.648407459259033203e-01 9.532620310783386230e-01 9.878686666488647461e-01 9.913655519485473633e-01 1.000000000000000000e+00
8.010957241058349609e-01 9.595394730567932129e-01 9.878936409950256348e-01 9.952222704887390137e-01 9.992015957832336426e-01 2.000000000000000000e+00
6.478295326232910156e-01 8.648407459259033203e-01 9.532620310783386230e-01 9.878686666488647461e-01 9.913655519485473633e-01 1.000000000000000000e+00
8.010957241058349609e-01 9.595394730567932129e-01 9.878936409950256348e-01 9.952222704887390137e-01 9.992015957832336426e-01 2.000000000000000000e+00
6.478295326232910156e-01 8.648407459259033203e-01 9.532620310783386230e-01 9.878686666488647461e-01 9.913655519485473633e-01 1.000000000000000000e+00
8.010957241058349609e-01 9.595394730567932129e-01 9.878936409950256348e-01 9.952222704887390137e-01 9.992015957832336426e-01 2.000000000000000000e+00
9.813260436058044434e-01 9.982281327247619629e-01 9.996818900108337402e-01 9.999214410781860352e-01 9.999827742576599121e-01 0.000000000000000000e+00
9.685816764831542969e-01 9.905974268913269043e-01 9.975976943969726562e-01 9.997248053550720215e-01 9.999486804008483887e-01 0.000000000000000000e+00
6.338121891021728516e-01 7.320200204849243164e-01 8.462879657745361328e-01 9.762381315231323242e-01 9.933576583862304688e-01 0.000000000000000000e+00
9.817690253257751465e-01 9.991528391838073730e-01 9.999431371688842773e-01 9.999679327011108398e-01 9.999730587005615234e-01 0.000000000000000000e+00
9.014237523078918457e-01 9.985818862915039062e-01 9.998731017112731934e-01 9.999859929084777832e-01 9.999986886978149414e-01 0.000000000000000000e+00
8.718197345733642578e-01 9.170641303062438965e-01 8.996169567108154297e-01 9.437736868858337402e-01 9.756907820701599121e-01 0.000000000000000000e+00
-5.368096828460693359e-01 -3.959566354751586914e-01 7.895315289497375488e-01 9.978679418563842773e-01 9.997261762619018555e-01 0.000000000000000000e+00
5.293639302253723145e-01 8.065691590309143066e-01 9.494706988334655762e-01 9.871590137481689453e-01 9.966036677360534668e-01 0.000000000000000000e+00
-1.532682776451110840e-01 3.571170866489410400e-01 -3.464201092720031738e-02 -2.922030389308929443e-01 -1.647935360670089722e-01 0.000000000000000000e+00
4.133591949939727783e-01 6.548848748207092285e-01 6.428467631340026855e-01 2.406627237796783447e-01 2.021838910877704620e-02 0.000000000000000000e+00
8.908724784851074219e-01 9.858983159065246582e-01 9.946401119232177734e-01 9.983180165290832520e-01 9.988647103309631348e-01 0.000000000000000000e+00
9.944236278533935547e-01 9.996483325958251953e-01 9.999456405639648438e-01 9.999854564666748047e-01 9.999958872795104980e-01 0.000000000000000000e+00
9.035187959671020508e-01 9.718209505081176758e-01 9.901835322380065918e-01 9.937659502029418945e-01 9.958852529525756836e-01 1.000000000000000000e+00
9.121641516685485840e-01 9.703390598297119141e-01 9.883303642272949219e-01 9.968755245208740234e-01 9.976282119750976562e-01 2.000000000000000000e+00
9.035187959671020508e-01 9.718209505081176758e-01 9.901835322380065918e-01 9.937659502029418945e-01 9.958852529525756836e-01 1.000000000000000000e+00
9.121641516685485840e-01 9.703390598297119141e-01 9.883303642272949219e-01 9.968755245208740234e-01 9.976282119750976562e-01 2.000000000000000000e+00
9.035187959671020508e-01 9.718209505081176758e-01 9.901835322380065918e-01 9.937659502029418945e-01 9.958852529525756836e-01 1.000000000000000000e+00
9.121641516685485840e-01 9.703390598297119141e-01 9.883303642272949219e-01 9.968755245208740234e-01 9.976282119750976562e-01 2.000000000000000000e+00
9.035187959671020508e-01 9.718209505081176758e-01 9.901835322380065918e-01 9.937659502029418945e-01 9.958852529525756836e-01 1.000000000000000000e+00
9.121641516685485840e-01 9.703390598297119141e-01 9.883303642272949219e-01 9.968755245208740234e-01 9.976282119750976562e-01 2.000000000000000000e+00
9.035187959671020508e-01 9.718209505081176758e-01 9.901835322380065918e-01 9.937659502029418945e-01 9.958852529525756836e-01 1.000000000000000000e+00
9.121641516685485840e-01 9.703390598297119141e-01 9.883303642272949219e-01 9.968755245208740234e-01 9.976282119750976562e-01 2.000000000000000000e+00
9.035187959671020508e-01 9.718209505081176758e-01 9.901835322380065918e-01 9.937659502029418945e-01 9.958852529525756836e-01 1.000000000000000000e+00
9.121641516685485840e-01 9.703390598297119141e-01 9.883303642272949219e-01 9.968755245208740234e-01 9.976282119750976562e-01 2.000000000000000000e+00
9.035187959671020508e-01 9.718209505081176758e-01 9.901835322380065918e-01 9.937659502029418945e-01 9.958852529525756836e-01 1.000000000000000000e+00
9.121641516685485840e-01 9.703390598297119141e-01 9.883303642272949219e-01 9.968755245208740234e-01 9.976282119750976562e-01 2.000000000000000000e+00
9.035187959671020508e-01 9.718209505081176758e-01 9.901835322380065918e-01 9.937659502029418945e-01 9.958852529525756836e-01 1.000000000000000000e+00
9.121641516685485840e-01 9.703390598297119141e-01 9.883303642272949219e-01 9.968755245208740234e-01 9.976282119750976562e-01 2.000000000000000000e+00
9.035187959671020508e-01 9.718209505081176758e-01 9.901835322380065918e-01 9.937659502029418945e-01 9.958852529525756836e-01 1.000000000000000000e+00
9.121641516685485840e-01 9.703390598297119141e-01 9.883303642272949219e-01 9.968755245208740234e-01 9.976282119750976562e-01 2.000000000000000000e+00
9.035187959671020508e-01 9.718209505081176758e-01 9.901835322380065918e-01 9.937659502029418945e-01 9.958852529525756836e-01 1.000000000000000000e+00
9.121641516685485840e-01 9.703390598297119141e-01 9.883303642272949219e-01 9.968755245208740234e-01 9.976282119750976562e-01 2.000000000000000000e+00
-5.751772522926330566e-01 -5.542928576469421387e-01 -5.599327087402343750e-01 -5.675474405288696289e-01 -5.674705505371093750e-01 0.000000000000000000e+00
6.800190210342407227e-01 9.690412878990173340e-02 -4.426346123218536377e-01 -5.220195651054382324e-01 -5.259574651718139648e-01 0.000000000000000000e+00
8.977643251419067383e-01 9.843115210533142090e-01 9.940446615219116211e-01 9.976257681846618652e-01 9.985916614532470703e-01 0.000000000000000000e+00
9.808295965194702148e-01 9.947915077209472656e-01 9.987590312957763672e-01 9.981448650360107422e-01 9.992844462394714355e-01 0.000000000000000000e+00
9.902081489562988281e-01 9.995249509811401367e-01 9.998813867568969727e-01 9.999332427978515625e-01 9.999687075614929199e-01 0.000000000000000000e+00
-6.128171682357788086e-01 -5.970520973205566406e-01 -6.111987829208374023e-01 -6.445593833923339844e-01 -6.628113985061645508e-01 1.000000000000000000e+00
-5.953872203826904297e-01 -5.657199621200561523e-01 -5.708960890769958496e-01 -5.773305892944335938e-01 -5.774175524711608887e-01 2.000000000000000000e+00
-6.128171682357788086e-01 -5.970520973205566406e-01 -6.111987829208374023e-01 -6.445593833923339844e-01 -6.628113985061645508e-01 1.000000000000000000e+00
-5.953872203826904297e-01 -5.657199621200561523e-01 -5.708960890769958496e-01 -5.773305892944335938e-01 -5.774175524711608887e-01 2.000000000000000000e+00
-6.128171682357788086e-01 -5.970520973205566406e-01 -6.111987829208374023e-01 -6.445593833923339844e-01 -6.628113985061645508e-01 1.000000000000000000e+00
-5.953872203826904297e-01 -5.657199621200561523e-01 -5.708960890769958496e-01 -5.773305892944335938e-01 -5.774175524711608887e-01 2.000000000000000000e+00
-6.128171682357788086e-01 -5.970520973205566406e-01 -6.111987829208374023e-01 -6.445593833923339844e-01 -6.628113985061645508e-01 1.000000000000000000e+00
-5.953872203826904297e-01 -5.657199621200561523e-01 -5.708960890769958496e-01 -5.773305892944335938e-01 -5.774175524711608887e-01 2.000000000000000000e+00
-6.128171682357788086e-01 -5.970520973205566406e-01 -6.111987829208374023e-01 -6.445593833923339844e-01 -6.628113985061645508e-01 1.000000000000000000e+00
-5.953872203826904297e-01 -5.657199621200561523e-01 -5.708960890769958496e-01 -5.773305892944335938e-01 -5.774175524711608887e-01 2.000000000000000000e+00
-6.128171682357788086e-01 -5.970520973205566406e-01 -6.111987829208374023e-01 -6.445593833923339844e-01 -6.628113985061645508e-01 1.000000000000000000e+00
-5.953872203826904297e-01 -5.657199621200561523e-01 -5.708960890769958496e-01 -5.773305892944335938e-01 -5.774175524711608887e-01 2.000000000000000000e+00
-6.128171682357788086e-01 -5.970520973205566406e-01 -6.111987829208374023e-01 -6.445593833923339844e-01 -6.628113985061645508e-01 1.000000000000000000e+00
-5.953872203826904297e-01 -5.657199621200561523e-01 -5.708960890769958496e-01 -5.773305892944335938e-01 -5.774175524711608887e-01 2.000000000000000000e+00
-6.128171682357788086e-01 -5.970520973205566406e-01 -6.111987829208374023e-01 -6.445593833923339844e-01 -6.628113985061645508e-01 1.000000000000000000e+00
-5.953872203826904297e-01 -5.657199621200561523e-01 -5.708960890769958496e-01 -5.773305892944335938e-01 -5.774175524711608887e-01 2.000000000000000000e+00
-6.128171682357788086e-01 -5.970520973205566406e-01 -6.111987829208374023e-01 -6.445593833923339844e-01 -6.628113985061645508e-01 1.000000000000000000e+00
-5.953872203826904297e-01 -5.657199621200561523e-01 -5.708960890769958496e-01 -5.773305892944335938e-01 -5.774175524711608887e-01 2.000000000000000000e+00
-6.128171682357788086e-01 -5.970520973205566406e-01 -6.111987829208374023e-01 -6.445593833923339844e-01 -6.628113985061645508e-01 1.000000000000000000e+00
-5.953872203826904297e-01 -5.657199621200561523e-01 -5.708960890769958496e-01 -5.773305892944335938e-01 -5.774175524711608887e-01 2.000000000000000000e+00
6.682623624801635742e-01 8.879716396331787109e-01 9.458401799201965332e-01 9.788142442703247070e-01 9.895111918449401855e-01 0.000000000000000000e+00
-3.601170182228088379e-01 -2.202634066343307495e-01 7.692985236644744873e-02 1.613141596317291260e-01 1.554646044969558716e-01 0.000000000000000000e+00
-3.984527587890625000e-01 -4.631887972354888916e-01 -4.736130535602569580e-01 -4.699119627475738525e-01 -4.583359658718109131e-01 0.000000000000000000e+00
9.724315255880355835e-02 2.198546528816223145e-01 3.892998397350311279e-01 2.939913868904113770e-01 3.152978420257568359e-01 0.000000000000000000e+00
-3.867348730564117432e-01 -3.660010695457458496e-01 -4.804064929485321045e-01 -4.721965193748474121e-01 -4.810266792774200439e-01 0.000000000000000000e+00
5.532166361808776855e-01 6.195716857910156250e-01 3.468431532382965088e-01 -2.320619225502014160e-01 -3.062232732772827148e-01 0.000000000000000000e+00
4.712978601455688477e-01 5.603963136672973633e-01 6.039107441902160645e-01 8.285143375396728516e-01 8.467586636543273926e-01 0.000000000000000000e+00
8.021916747093200684e-01 9.346243143081665039e-01 9.522415995597839355e-01 9.809802770614624023e-01 9.912229180335998535e-01 0.000000000000000000e+00
8.838292956352233887e-01 9.639792442321777344e-01 9.853438138961791992e-01 9.917390942573547363e-01 9.948655366897583008e-01 0.000000000000000000e+00
6.938736438751220703e-01 8.305879235267639160e-01 9.297375679016113281e-01 9.629457592964172363e-01 9.819473624229431152e-01 0.000000000000000000e+00
2.056861296296119690e-02 4.820073544979095459e-01 3.369281888008117676e-01 1.975899934768676758e-01 2.064644843339920044e-01 0.000000000000000000e+00
-3.895557820796966553e-01 -3.267714679241180420e-01 6.950305700302124023e-01 5.254684090614318848e-01 2.685246467590332031e-01 0.000000000000000000e+00
-1.351862102746963501e-01 -5.233786106109619141e-01 -5.479964613914489746e-01 -5.556544065475463867e-01 -5.487669706344604492e-01 0.000000000000000000e+00
6.534915566444396973e-01 8.542025685310363770e-01 9.007777571678161621e-01 8.135405182838439941e-01 6.749223470687866211e-01 0.000000000000000000e+00
9.246495962142944336e-01 9.816076159477233887e-01 9.934899210929870605e-01 9.964752197265625000e-01 9.973309636116027832e-01 0.000000000000000000e+00
8.959703445434570312e-01 9.800183773040771484e-01 9.940742850303649902e-01 9.980389475822448730e-01 9.989460706710815430e-01 0.000000000000000000e+00
9.651244878768920898e-01 9.955297708511352539e-01 9.981451630592346191e-01 9.992291927337646484e-01 9.995403885841369629e-01 0.000000000000000000e+00
9.715843796730041504e-01 9.969050884246826172e-01 9.992206692695617676e-01 9.997127652168273926e-01 9.998225569725036621e-01 0.000000000000000000e+00
9.906018376350402832e-01 9.995648264884948730e-01 9.999361038208007812e-01 9.999787807464599609e-01 9.999851584434509277e-01 0.000000000000000000e+00
9.863908886909484863e-01 9.990987181663513184e-01 9.999266266822814941e-01 9.999853372573852539e-01 9.999963045120239258e-01 0.000000000000000000e+00
8.621535301208496094e-01 9.804510474205017090e-01 9.972743988037109375e-01 9.996821880340576172e-01 9.999251961708068848e-01 0.000000000000000000e+00
-4.598773717880249023e-01 -4.705677032470703125e-01 -4.963656961917877197e-01 -5.263713002204895020e-01 -5.281141996383666992e-01 0.000000000000000000e+00
-2.648403048515319824e-01 -3.354177474975585938e-01 -4.265580773353576660e-01 -3.994086384773254395e-01 -4.757001399993896484e-01 0.000000000000000000e+00
3.737484514713287354e-01 2.918171882629394531e-01 1.957414448261260986e-01 1.502861976623535156e-01 1.382576487958431244e-02 0.000000000000000000e+00
7.009310722351074219e-01 8.371523618698120117e-01 8.361442089080810547e-01 8.754971027374267578e-01 8.785057663917541504e-01 0.000000000000000000e+00
7.413718700408935547e-01 8.740415573120117188e-01 9.456669092178344727e-01 9.682800173759460449e-01 9.756523370742797852e-01 0.000000000000000000e+00
8.389314413070678711e-01 9.414915442466735840e-01 9.739475846290588379e-01 9.812846779823303223e-01 9.832649230957031250e-01 0.000000000000000000e+00
8.401410579681396484e-01 9.502173066139221191e-01 9.793726801872253418e-01 9.855356216430664062e-01 9.908151626586914062e-01 0.000000000000000000e+00
-5.707817077636718750e-01 3.196283280849456787e-01 9.405642747879028320e-01 9.825540184974670410e-01 9.948200583457946777e-01 0.000000000000000000e+00
-4.560064375400543213e-01 -6.475862264633178711e-01 -6.239934563636779785e-01 -4.909610748291015625e-01 3.409872353076934814e-01 0.000000000000000000e+00
-3.365112841129302979e-02 -7.483489066362380981e-02 3.514320552349090576e-01 3.438978791236877441e-01 4.109945595264434814e-01 0.000000000000000000e+00
3.761335611343383789e-01 8.395358324050903320e-01 9.234935045242309570e-01 9.611771106719970703e-01 9.926868677139282227e-01 0.000000000000000000e+00
8.428176641464233398e-01 9.408288598060607910e-01 9.916828274726867676e-01 9.963959455490112305e-01 9.977428913116455078e-01 0.000000000000000000e+00
9.307467341423034668e-01 9.918456077575683594e-01 9.976196289062500000e-01 9.992442131042480469e-01 9.996681809425354004e-01 0.000000000000000000e+00
9.139897823333740234e-01 9.884606599807739258e-01 9.980052113533020020e-01 9.996004104614257812e-01 9.998557567596435547e-01 0.000000000000000000e+00
-6.301360130310058594e-01 -6.546841263771057129e-01 -6.504086256027221680e-01 -6.572394371032714844e-01 -6.744326949119567871e-01 0.000000000000000000e+00
-4.175188541412353516e-01 -5.142418146133422852e-01 9.555996209383010864e-02 -3.797890543937683105e-01 -5.076443552970886230e-01 0.000000000000000000e+00
6.045002862811088562e-02 3.942136764526367188e-01 7.946765422821044922e-01 9.280400276184082031e-01 9.642220139503479004e-01 0.000000000000000000e+00
8.758004307746887207e-01 9.715282320976257324e-01 9.864779710769653320e-01 9.902092814445495605e-01 9.973005056381225586e-01 0.000000000000000000e+00
9.899392127990722656e-01 9.991927146911621094e-01 9.999418854713439941e-01 9.999710917472839355e-01 9.999791383743286133e-01 0.000000000000000000e+00
9.994517564773559570e-01 9.999888539314270020e-01 9.999993443489074707e-01 9.999997019767761230e-01 9.999998211860656738e-01 0.000000000000000000e+00
-6.333128213882446289e-01 -6.432526111602783203e-01 -6.410910487174987793e-01 -6.430203318595886230e-01 -6.593235731124877930e-01 1.000000000000000000e+00
-6.339584589004516602e-01 -6.522662043571472168e-01 -6.397602558135986328e-01 -6.441814899444580078e-01 -6.188436746597290039e-01 2.000000000000000000e+00
-6.333128213882446289e-01 -6.432526111602783203e-01 -6.410910487174987793e-01 -6.430203318595886230e-01 -6.593235731124877930e-01 1.000000000000000000e+00
-6.339584589004516602e-01 -6.522662043571472168e-01 -6.397602558135986328e-01 -6.441814899444580078e-01 -6.188436746597290039e-01 2.000000000000000000e+00
-6.333128213882446289e-01 -6.432526111602783203e-01 -6.410910487174987793e-01 -6.430203318595886230e-01 -6.593235731124877930e-01 1.000000000000000000e+00
-6.339584589004516602e-01 -6.522662043571472168e-01 -6.397602558135986328e-01 -6.441814899444580078e-01 -6.188436746597290039e-01 2.000000000000000000e+00
-6.333128213882446289e-01 -6.432526111602783203e-01 -6.410910487174987793e-01 -6.430203318595886230e-01 -6.593235731124877930e-01 1.000000000000000000e+00
-6.339584589004516602e-01 -6.522662043571472168e-01 -6.397602558135986328e-01 -6.441814899444580078e-01 -6.188436746597290039e-01 2.000000000000000000e+00
-6.333128213882446289e-01 -6.432526111602783203e-01 -6.410910487174987793e-01 -6.430203318595886230e-01 -6.593235731124877930e-01 1.000000000000000000e+00
-6.339584589004516602e-01 -6.522662043571472168e-01 -6.397602558135986328e-01 -6.441814899444580078e-01 -6.188436746597290039e-01 2.000000000000000000e+00
-6.333128213882446289e-01 -6.432526111602783203e-01 -6.410910487174987793e-01 -6.430203318595886230e-01 -6.593235731124877930e-01 1.000000000000000000e+00
-6.339584589004516602e-01 -6.522662043571472168e-01 -6.397602558135986328e-01 -6.441814899444580078e-01 -6.188436746597290039e-01 2.000000000000000000e+00
-6.333128213882446289e-01 -6.432526111602783203e-01 -6.410910487174987793e-01 -6.430203318595886230e-01 -6.593235731124877930e-01 1.000000000000000000e+00
-6.339584589004516602e-01 -6.522662043571472168e-01 -6.397602558135986328e-01 -6.441814899444580078e-01 -6.188436746597290039e-01 2.000000000000000000e+00
-6.333128213882446289e-01 -6.432526111602783203e-01 -6.410910487174987793e-01 -6.430203318595886230e-01 -6.593235731124877930e-01 1.000000000000000000e+00
-6.339584589004516602e-01 -6.522662043571472168e-01 -6.397602558135986328e-01 -6.441814899444580078e-01 -6.188436746597290039e-01 2.000000000000000000e+00
-6.333128213882446289e-01 -6.432526111602783203e-01 -6.410910487174987793e-01 -6.430203318595886230e-01 -6.593235731124877930e-01 1.000000000000000000e+00
-6.339584589004516602e-01 -6.522662043571472168e-01 -6.397602558135986328e-01 -6.441814899444580078e-01 -6.188436746597290039e-01 2.000000000000000000e+00
-6.333128213882446289e-01 -6.432526111602783203e-01 -6.410910487174987793e-01 -6.430203318595886230e-01 -6.593235731124877930e-01 1.000000000000000000e+00
-6.339584589004516602e-01 -6.522662043571472168e-01 -6.397602558135986328e-01 -6.441814899444580078e-01 -6.188436746597290039e-01 2.000000000000000000e+00
4.258500039577484131e-01 5.083371400833129883e-01 6.297751665115356445e-01 5.828440189361572266e-01 5.119613409042358398e-01 0.000000000000000000e+00
3.712317049503326416e-01 5.171272754669189453e-01 6.124955415725708008e-01 6.859803199768066406e-01 7.054129838943481445e-01 0.000000000000000000e+00
4.751826822757720947e-01 6.714209318161010742e-01 7.020926475524902344e-01 7.331262230873107910e-01 7.544864416122436523e-01 0.000000000000000000e+00
2.448352873325347900e-01 4.837458729743957520e-01 5.356637239456176758e-01 6.385284662246704102e-01 6.692132949829101562e-01 0.000000000000000000e+00
4.808431118726730347e-02 3.427202999591827393e-02 2.505041658878326416e-01 3.803373873233795166e-01 4.650952219963073730e-01 0.000000000000000000e+00
6.895975470542907715e-01 8.036237955093383789e-01 7.496144771575927734e-01 6.992770433425903320e-01 5.986264944076538086e-01 0.000000000000000000e+00
-2.721751630306243896e-01 -2.705266475677490234e-01 3.831075131893157959e-02 6.360722780227661133e-01 8.648436665534973145e-01 0.000000000000000000e+00
1.007033213973045349e-01 6.654974222183227539e-01 8.537419438362121582e-01 9.607032537460327148e-01 9.845976233482360840e-01 0.000000000000000000e+00
6.925694942474365234e-01 8.370790481567382812e-01 8.686598539352416992e-01 9.033784270286560059e-01 8.961759209632873535e-01 0.000000000000000000e+00
-5.109205245971679688e-01 -1.661442779004573822e-02 2.594179809093475342e-01 6.265232563018798828e-01 8.200513720512390137e-01 0.000000000000000000e+00
-5.145292878150939941e-01 -5.026832818984985352e-01 -5.118740797042846680e-01 -5.182031393051147461e-01 -5.268906950950622559e-01 0.000000000000000000e+00
-4.938469827175140381e-01 -4.982910454273223877e-01 -5.049921870231628418e-01 -5.147850513458251953e-01 -5.204219222068786621e-01 0.000000000000000000e+00
-4.319742321968078613e-01 -4.459784030914306641e-01 -4.617758393287658691e-01 -4.781070351600646973e-01 -4.913490116596221924e-01 0.000000000000000000e+00
-1.947486698627471924e-01 -2.686909735202789307e-01 -1.780191063880920410e-01 -3.853909075260162354e-01 -4.330470561981201172e-01 0.000000000000000000e+00
9.641513228416442871e-01 9.961810111999511719e-01 9.983624815940856934e-01 9.986599683761596680e-01 9.973707795143127441e-01 0.000000000000000000e+00
9.226726293563842773e-01 9.889153242111206055e-01 9.983677864074707031e-01 9.996746778488159180e-01 9.998098015785217285e-01 0.000000000000000000e+00
9.838373064994812012e-01 9.986026883125305176e-01 9.996653199195861816e-01 9.999122023582458496e-01 9.999226927757263184e-01 0.000000000000000000e+00
9.913313984870910645e-01 9.992398023605346680e-01 9.998645782470703125e-01 9.999662637710571289e-01 9.999873042106628418e-01 0.000000000000000000e+00
9.148913621902465820e-01 9.907307624816894531e-01 9.973438978195190430e-01 9.995085597038269043e-01 9.999343752861022949e-01 0.000000000000000000e+00
6.048255562782287598e-01 7.760015130043029785e-01 9.612046480178833008e-01 9.876473546028137207e-01 9.968245625495910645e-01 0.000000000000000000e+00
-6.170468330383300781e-01 -3.682364821434020996e-01 2.680339813232421875e-01 8.516515493392944336e-01 9.740416407585144043e-01 0.000000000000000000e+00
9.167334437370300293e-01 9.775269031524658203e-01 9.884445667266845703e-01 9.962251186370849609e-01 9.990908503532409668e-01 0.000000000000000000e+00
9.221748709678649902e-01 9.848706722259521484e-01 9.928483963012695312e-01 9.977045059204101562e-01 9.986267089843750000e-01 0.000000000000000000e+00
9.043324589729309082e-01 9.662971496582031250e-01 9.863332509994506836e-01 9.958631396293640137e-01 9.982583522796630859e-01 0.000000000000000000e+00
8.491527438163757324e-01 9.644435048103332520e-01 9.840421676635742188e-01 9.951570630073547363e-01 9.963427782058715820e-01 0.000000000000000000e+00
8.320122957229614258e-01 9.676536321640014648e-01 9.908573627471923828e-01 9.962148070335388184e-01 9.973595142364501953e-01 0.000000000000000000e+00
9.337266683578491211e-01 9.886740446090698242e-01 9.960634708404541016e-01 9.985179901123046875e-01 9.992759227752685547e-01 0.000000000000000000e+00
8.840261101722717285e-01 9.814336895942687988e-01 9.965428113937377930e-01 9.987739324569702148e-01 9.996708631515502930e-01 0.000000000000000000e+00
9.617989659309387207e-01 9.941603541374206543e-01 9.988976716995239258e-01 9.997054338455200195e-01 9.999409317970275879e-01 0.000000000000000000e+00
9.832345843315124512e-01 9.980496168136596680e-01 9.997275471687316895e-01 9.999067187309265137e-01 9.999366998672485352e-01 0.000000000000000000e+00
9.850128293037414551e-01 9.978330731391906738e-01 9.995658993721008301e-01 9.998481273651123047e-01 9.999568462371826172e-01 0.000000000000000000e+00
9.443843364715576172e-01 9.882995486259460449e-01 9.973885416984558105e-01 9.991752505302429199e-01 9.998166561126708984e-01 0.000000000000000000e+00
9.761766791343688965e-01 9.952884316444396973e-01 9.988103508949279785e-01 9.996675848960876465e-01 9.999321103096008301e-01 0.000000000000000000e+00
8.866795301437377930e-01 9.697658419609069824e-01 9.887717366218566895e-01 9.984962940216064453e-01 9.996709823608398438e-01 0.000000000000000000e+00
9.992076754570007324e-01 9.999806880950927734e-01 9.999986290931701660e-01 9.999994635581970215e-01 9.999997615814208984e-01 0.000000000000000000e+00
9.512009024620056152e-01 9.962462186813354492e-01 9.995267987251281738e-01 9.998652935028076172e-01 9.999674558639526367e-01 0.000000000000000000e+00
9.921889305114746094e-01 9.997215867042541504e-01 9.999687075614929199e-01 9.999921321868896484e-01 9.999967813491821289e-01 0.000000000000000000e+00
9.983102083206176758e-01 9.999678134918212891e-01 9.999980330467224121e-01 9.999995827674865723e-01 9.999998211860656738e-01 0.000000000000000000e+00
9.986340403556823730e-01 9.999684691429138184e-01 9.999985098838806152e-01 9.999998807907104492e-01 1.000000000000000000e+00 0.000000000000000000e+00
9.993857741355895996e-01 9.999929070472717285e-01 9.999997615814208984e-01 1.000000000000000000e+00 1.000000000000000000e+00 0.000000000000000000e+00
9.983246922492980957e-01 9.999402165412902832e-01 9.999973773956298828e-01 9.999998807907104492e-01 1.000000000000000000e+00 0.000000000000000000e+00
9.985913038253784180e-01 9.999795556068420410e-01 9.999991059303283691e-01 9.999998807907104492e-01 1.000000000000000000e+00 0.000000000000000000e+00
7.040382623672485352e-01 9.381752014160156250e-01 9.601358175277709961e-01 9.853143692016601562e-01 9.917620420455932617e-01 1.000000000000000000e+00
9.468360543251037598e-01 9.902682304382324219e-01 9.990288019180297852e-01 9.996806979179382324e-01 9.998829364776611328e-01 2.000000000000000000e+00
7.040382623672485352e-01 9.381752014160156250e-01 9.601358175277709961e-01 9.853143692016601562e-01 9.917620420455932617e-01 1.000000000000000000e+00
9.468360543251037598e-01 9.902682304382324219e-01 9.990288019180297852e-01 9.996806979179382324e-01 9.998829364776611328e-01 2.000000000000000000e+00
7.040382623672485352e-01 9.381752014160156250e-01 9.601358175277709961e-01 9.853143692016601562e-01 9.917620420455932617e-01 1.000000000000000000e+00
9.468360543251037598e-01 9.902682304382324219e-01 9.990288019180297852e-01 9.996806979179382324e-01 9.998829364776611328e-01 2.000000000000000000e+00
7.040382623672485352e-01 9.381752014160156250e-01 9.601358175277709961e-01 9.853143692016601562e-01 9.917620420455932617e-01 1.000000000000000000e+00
9.468360543251037598e-01 9.902682304382324219e-01 9.990288019180297852e-01 9.996806979179382324e-01 9.998829364776611328e-01 2.000000000000000000e+00
7.040382623672485352e-01 9.381752014160156250e-01 9.601358175277709961e-01 9.853143692016601562e-01 9.917620420455932617e-01 1.000000000000000000e+00
9.468360543251037598e-01 9.902682304382324219e-01 9.990288019180297852e-01 9.996806979179382324e-01 9.998829364776611328e-01 2.000000000000000000e+00
7.040382623672485352e-01 9.381752014160156250e-01 9.601358175277709961e-01 9.853143692016601562e-01 9.917620420455932617e-01 1.000000000000000000e+00
9.468360543251037598e-01 9.902682304382324219e-01 9.990288019180297852e-01 9.996806979179382324e-01 9.998829364776611328e-01 2.000000000000000000e+00
7.040382623672485352e-01 9.381752014160156250e-01 9.601358175277709961e-01 9.853143692016601562e-01 9.917620420455932617e-01 1.000000000000000000e+00
9.468360543251037598e-01 9.902682304382324219e-01 9.990288019180297852e-01 9.996806979179382324e-01 9.998829364776611328e-01 2.000000000000000000e+00
7.040382623672485352e-01 9.381752014160156250e-01 9.601358175277709961e-01 9.853143692016601562e-01 9.917620420455932617e-01 1.000000000000000000e+00
9.468360543251037598e-01 9.902682304382324219e-01 9.990288019180297852e-01 9.996806979179382324e-01 9.998829364776611328e-01 2.000000000000000000e+00
7.040382623672485352e-01 9.381752014160156250e-01 9.601358175277709961e-01 9.853143692016601562e-01 9.917620420455932617e-01 1.000000000000000000e+00
9.468360543251037598e-01 9.902682304382324219e-01 9.990288019180297852e-01 9.996806979179382324e-01 9.998829364776611328e-01 2.000000000000000000e+00
7.040382623672485352e-01 9.381752014160156250e-01 9.601358175277709961e-01 9.853143692016601562e-01 9.917620420455932617e-01 1.000000000000000000e+00
9.468360543251037598e-01 9.902682304382324219e-01 9.990288019180297852e-01 9.996806979179382324e-01 9.998829364776611328e-01 2.000000000000000000e+00
9.815595149993896484e-01 9.990302324295043945e-01 9.997922182083129883e-01 9.999532103538513184e-01 9.999507069587707520e-01 0.000000000000000000e+00
9.884045720100402832e-01 9.979096651077270508e-01 9.995893836021423340e-01 9.999297261238098145e-01 9.999879598617553711e-01 0.000000000000000000e+00
9.904928207397460938e-01 9.994749426841735840e-01 9.999865889549255371e-01 9.999982714653015137e-01 9.999997019767761230e-01 0.000000000000000000e+00
9.714667201042175293e-01 9.978083372116088867e-01 9.998697042465209961e-01 9.999906420707702637e-01 9.999986290931701660e-01 0.000000000000000000e+00
-9.435089677572250366e-02 -7.715477794408798218e-02 4.218005239963531494e-01 9.635172486305236816e-01 9.981207251548767090e-01 0.000000000000000000e+00
-5.914174318313598633e-01 -6.541538238525390625e-01 -6.688085794448852539e-01 -6.099907159805297852e-01 -4.625833332538604736e-01 0.000000000000000000e+00
-5.739717483520507812e-01 -6.370825171470642090e-01 -6.447262763977050781e-01 -6.306565999984741211e-01 -5.508058667182922363e-01 0.000000000000000000e+00
9.170105457305908203e-01 9.723801016807556152e-01 9.969830513000488281e-01 9.999100565910339355e-01 9.999899268150329590e-01 1.000000000000000000e+00
9.900658130645751953e-01 9.984753727912902832e-01 9.997587203979492188e-01 9.998942017555236816e-01 9.999478459358215332e-01 2.000000000000000000e+00
9.170105457305908203e-01 9.723801016807556152e-01 9.969830513000488281e-01 9.999100565910339355e-01 9.999899268150329590e-01 1.000000000000000000e+00
9.900658130645751953e-01 9.984753727912902832e-01 9.997587203979492188e-01 9.998942017555236816e-01 9.999478459358215332e-01 2.000000000000000000e+00
9.170105457305908203e-01 9.723801016807556152e-01 9.969830513000488281e-01 9.999100565910339355e-01 9.999899268150329590e-01 1.000000000000000000e+00
9.900658130645751953e-01 9.984753727912902832e-01 9.997587203979492188e-01 9.998942017555236816e-01 9.999478459358215332e-01 2.000000000000000000e+00
9.170105457305908203e-01 9.723801016807556152e-01 9.969830513000488281e-01 9.999100565910339355e-01 9.999899268150329590e-01 1.000000000000000000e+00
9.900658130645751953e-01 9.984753727912902832e-01 9.997587203979492188e-01 9.998942017555236816e-01 9.999478459358215332e-01 2.000000000000000000e+00
9.170105457305908203e-01 9.723801016807556152e-01 9.969830513000488281e-01 9.999100565910339355e-01 9.999899268150329590e-01 1.000000000000000000e+00
9.900658130645751953e-01 9.984753727912902832e-01 9.997587203979492188e-01 9.998942017555236816e-01 9.999478459358215332e-01 2.000000000000000000e+00
9.170105457305908203e-01 9.723801016807556152e-01 9.969830513000488281e-01 9.999100565910339355e-01 9.999899268150329590e-01 1.000000000000000000e+00
9.900658130645751953e-01 9.984753727912902832e-01 9.997587203979492188e-01 9.998942017555236816e-01 9.999478459358215332e-01 2.000000000000000000e+00
9.170105457305908203e-01 9.723801016807556152e-01 9.969830513000488281e-01 9.999100565910339355e-01 9.999899268150329590e-01 1.000000000000000000e+00
9.900658130645751953e-01 9.984753727912902832e-01 9.997587203979492188e-01 9.998942017555236816e-01 9.999478459358215332e-01 2.000000000000000000e+00
9.170105457305908203e-01 9.723801016807556152e-01 9.969830513000488281e-01 9.999100565910339355e-01 9.999899268150329590e-01 1.000000000000000000e+00
9.900658130645751953e-01 9.984753727912902832e-01 9.997587203979492188e-01 9.998942017555236816e-01 9.999478459358215332e-01 2.000000000000000000e+00
9.170105457305908203e-01 9.723801016807556152e-01 9.969830513000488281e-01 9.999100565910339355e-01 9.999899268150329590e-01 1.000000000000000000e+00
9.900658130645751953e-01 9.984753727912902832e-01 9.997587203979492188e-01 9.998942017555236816e-01 9.999478459358215332e-01 2.000000000000000000e+00
9.170105457305908203e-01 9.723801016807556152e-01 9.969830513000488281e-01 9.999100565910339355e-01 9.999899268150329590e-01 1.000000000000000000e+00
9.900658130645751953e-01 9.984753727912902832e-01 9.997587203979492188e-01 9.998942017555236816e-01 9.999478459358215332e-01 2.000000000000000000e+00
9.929875731468200684e-01 9.998113512992858887e-01 9.999676942825317383e-01 9.999905228614807129e-01 9.999985098838806152e-01 0.000000000000000000e+00
9.938472509384155273e-01 9.997614026069641113e-01 9.999803304672241211e-01 9.999979734420776367e-01 9.999990463256835938e-01 0.000000000000000000e+00
9.912071228027343750e-01 9.994918107986450195e-01 9.999479055404663086e-01 9.999898076057434082e-01 9.999979138374328613e-01 0.000000000000000000e+00
9.376673698425292969e-01 9.931053519248962402e-01 9.997932910919189453e-01 9.999895691871643066e-01 9.999985098838806152e-01 0.000000000000000000e+00
6.308839321136474609e-01 8.771245479583740234e-01 9.664024710655212402e-01 9.922706484794616699e-01 9.987615346908569336e-01 0.000000000000000000e+00
6.259921789169311523e-01 9.220129847526550293e-01 9.779052138328552246e-01 9.928307533264160156e-01 9.963326454162597656e-01 0.000000000000000000e+00
6.659370660781860352e-01 8.151820302009582520e-01 9.007239937782287598e-01 8.720965385437011719e-01 9.616845846176147461e-01 0.000000000000000000e+00
9.616799354553222656e-01 9.929625988006591797e-01 9.968573451042175293e-01 9.986743927001953125e-01 9.994162917137145996e-01 0.000000000000000000e+00
8.756129741668701172e-01 9.783918857574462891e-01 9.979674220085144043e-01 9.994884133338928223e-01 9.999315142631530762e-01 0.000000000000000000e+00
9.323974847793579102e-01 9.858534932136535645e-01 9.956694245338439941e-01 9.987924695014953613e-01 9.988554716110229492e-01 0.000000000000000000e+00
9.604404568672180176e-01 9.950488209724426270e-01 9.985662698745727539e-01 9.991334676742553711e-01 9.996451735496520996e-01 0.000000000000000000e+00
9.576539993286132812e-01 9.957779645919799805e-01 9.995982050895690918e-01 9.996709227561950684e-01 9.999395012855529785e-01 0.000000000000000000e+00
9.856055378913879395e-01 9.994167685508728027e-01 9.999434947967529297e-01 9.999803900718688965e-01 9.999921917915344238e-01 0.000000000000000000e+00
9.927830100059509277e-01 9.995028972625732422e-01 9.999529719352722168e-01 9.999899268150329590e-01 9.999963045120239258e-01 0.000000000000000000e+00
6.988618373870849609e-01 9.097399711608886719e-01 9.595234394073486328e-01 9.947578907012939453e-01 9.995662569999694824e-01 0.000000000000000000e+00
8.839420676231384277e-01 9.623941183090209961e-01 9.848676323890686035e-01 9.970583915710449219e-01 9.955409765243530273e-01 0.000000000000000000e+00
8.395481705665588379e-01 9.670689105987548828e-01 9.946637153625488281e-01 9.986354112625122070e-01 9.994773268699645996e-01 0.000000000000000000e+00
9.072279930114746094e-01 9.880567789077758789e-01 9.963558316230773926e-01 9.994871020317077637e-01 9.996843934059143066e-01 0.000000000000000000e+00
9.859046339988708496e-01 9.979746341705322266e-01 9.996891617774963379e-01 9.999088644981384277e-01 9.999394416809082031e-01 0.000000000000000000e+00
9.963019490242004395e-01 9.998250007629394531e-01 9.999781847000122070e-01 9.999958872795104980e-01 9.999982118606567383e-01 0.000000000000000000e+00
9.948086738586425781e-01 9.996939897537231445e-01 9.999802112579345703e-01 9.999979734420776367e-01 9.999997615814208984e-01 0.000000000000000000e+00
7.821049690246582031e-01 9.740230441093444824e-01 9.992210865020751953e-01 9.998851418495178223e-01 9.999747872352600098e-01 0.000000000000000000e+00
7.565523684024810791e-02 5.991845726966857910e-01 9.487456679344177246e-01 9.855956435203552246e-01 9.961910247802734375e-01 0.000000000000000000e+00
9.318124651908874512e-01 9.941659569740295410e-01 9.979668855667114258e-01 9.991883635520935059e-01 9.988982081413269043e-01 0.000000000000000000e+00
9.539579153060913086e-01 9.928857088088989258e-01 9.984592199325561523e-01 9.994577169418334961e-01 9.997727870941162109e-01 0.000000000000000000e+00
9.782488346099853516e-01 9.972860217094421387e-01 9.993225336074829102e-01 9.997044205665588379e-01 9.998797774314880371e-01 0.000000000000000000e+00
9.915971159934997559e-01 9.995382428169250488e-01 9.999428987503051758e-01 9.999879002571105957e-01 9.999957680702209473e-01 0.000000000000000000e+00
9.875631332397460938e-01 9.985390901565551758e-01 9.998129606246948242e-01 9.999704360961914062e-01 9.999896287918090820e-01 0.000000000000000000e+00
9.885703921318054199e-01 9.991710782051086426e-01 9.997332692146301270e-01 9.998741745948791504e-01 9.999341368675231934e-01 0.000000000000000000e+00
7.247849106788635254e-01 9.697846174240112305e-01 9.974312782287597656e-01 9.997986555099487305e-01 9.999527931213378906e-01 0.000000000000000000e+00
7.701699137687683105e-01 9.072948694229125977e-01 8.390580415725708008e-01 9.333521723747253418e-01 9.758229255676269531e-01 0.000000000000000000e+00
7.374771833419799805e-01 8.917554020881652832e-01 9.679242372512817383e-01 9.955934286117553711e-01 9.984782934188842773e-01 0.000000000000000000e+00
-6.742797046899795532e-02 -1.220242306590080261e-01 -1.321524940431118011e-02 5.943635106086730957e-01 9.058302044868469238e-01 0.000000000000000000e+00
-9.650604426860809326e-02 -3.209747374057769775e-01 5.903216600418090820e-01 9.321356415748596191e-01 9.834083914756774902e-01 0.000000000000000000e+00
5.200613737106323242e-01 6.796114444732666016e-01 7.909080982208251953e-01 8.666940927505493164e-01 8.904747366905212402e-01 0.000000000000000000e+00
8.760637640953063965e-01 9.313970208168029785e-01 9.534134268760681152e-01 9.729412794113159180e-01 9.830330014228820801e-01 0.000000000000000000e+00
9.811759591102600098e-01 9.985504150390625000e-01 9.995512962341308594e-01 9.998776912689208984e-01 9.998792409896850586e-01 0.000000000000000000e+00
9.717122912406921387e-01 9.976860880851745605e-01 9.997275471687316895e-01 9.999481439590454102e-01 9.999769330024719238e-01 0.000000000000000000e+00
8.892484903335571289e-01 9.816331863403320312e-01 9.961915016174316406e-01 9.989914298057556152e-01 9.997450113296508789e-01 0.000000000000000000e+00
-3.617034256458282471e-01 -4.635370969772338867e-01 -4.031180143356323242e-01 -1.663240492343902588e-01 6.839975714683532715e-01 0.000000000000000000e+00
6.593652963638305664e-01 6.267167329788208008e-01 5.966588854789733887e-01 2.608596980571746826e-01 -1.994030475616455078e-01 0.000000000000000000e+00
