2.071355581283569336e-01 1.973005831241607666e-01 1.979358941316604614e-01 1.994716376066207886e-01 2.029576003551483154e-01 0.000000000000000000e+00
2.306181043386459351e-01 2.324716299772262573e-01 2.199071198701858521e-01 2.224247902631759644e-01 2.093422114849090576e-01 0.000000000000000000e+00
2.283309698104858398e-01 2.398420572280883789e-01 2.191725075244903564e-01 2.070095539093017578e-01 2.039760500192642212e-01 0.000000000000000000e+00
2.293104827404022217e-01 2.309721857309341431e-01 2.311506271362304688e-01 2.289352715015411377e-01 2.216496616601943970e-01 0.000000000000000000e+00
2.393586337566375732e-01 2.500994801521301270e-01 2.475994378328323364e-01 2.425850331783294678e-01 2.407692074775695801e-01 0.000000000000000000e+00
2.181776612997055054e-01 2.176486849784851074e-01 2.263732403516769409e-01 2.340300977230072021e-01 2.442684620618820190e-01 0.000000000000000000e+00
2.348785251379013062e-01 2.195368558168411255e-01 2.216154038906097412e-01 2.306695282459259033e-01 2.234567850828170776e-01 0.000000000000000000e+00
2.146468013525009155e-01 2.027328759431838989e-01 2.043202072381973267e-01 2.031842470169067383e-01 2.055992633104324341e-01 0.000000000000000000e+00
2.120801210403442383e-01 1.980405747890472412e-01 2.000152170658111572e-01 2.018655240535736084e-01 2.044214159250259399e-01 0.000000000000000000e+00
2.033426910638809204e-01 1.969762146472930908e-01 1.980651617050170898e-01 2.003863304853439331e-01 2.019397318363189697e-01 0.000000000000000000e+00
1.981699317693710327e-01 1.956021189689636230e-01 2.013717889785766602e-01 2.027856409549713135e-01 2.040022909641265869e-01 0.000000000000000000e+00
1.977637559175491333e-01 1.960090994834899902e-01 1.980314254760742188e-01 2.013681083917617798e-01 2.017416357994079590e-01 0.000000000000000000e+00
2.064868658781051636e-01 1.977521628141403198e-01 2.000290751457214355e-01 2.005094289779663086e-01 2.004406154155731201e-01 0.000000000000000000e+00
2.120723724365234375e-01 2.164609432220458984e-01 1.956217736005783081e-01 2.019220888614654541e-01 2.027929127216339111e-01 0.000000000000000000e+00
2.059624642133712769e-01 2.218656837940216064e-01 2.233374863862991333e-01 2.042374312877655029e-01 2.150768190622329712e-01 0.000000000000000000e+00
2.073148638010025024e-01 2.379887998104095459e-01 2.497133612632751465e-01 2.679432332515716553e-01 2.460544407367706299e-01 0.000000000000000000e+00
1.133591532707214355e-01 2.362393736839294434e-01 2.317623645067214966e-01 1.882498711347579956e-01 1.861058324575424194e-01 0.000000000000000000e+00
1.249843388795852661e-01 2.497879415750503540e-01 2.716319859027862549e-01 2.564525306224822998e-01 2.305127680301666260e-01 0.000000000000000000e+00
1.731619238853454590e-01 1.898070275783538818e-01 2.013824731111526489e-01 2.209882587194442749e-01 2.277936339378356934e-01 0.000000000000000000e+00
2.229715436697006226e-01 1.564464122056961060e-01 1.787599772214889526e-01 2.329178452491760254e-01 2.049100548028945923e-01 0.000000000000000000e+00
2.051085978746414185e-01 1.975167095661163330e-01 2.442052066326141357e-01 2.279168367385864258e-01 2.121056020259857178e-01 0.000000000000000000e+00
1.636583358049392700e-01 2.198258638381958008e-01 1.913354396820068359e-01 1.744774580001831055e-01 2.033462971448898315e-01 0.000000000000000000e+00
2.347026169300079346e-01 2.192894369363784790e-01 2.344314604997634888e-01 1.913916319608688354e-01 1.858407407999038696e-01 0.000000000000000000e+00
-2.282089367508888245e-02 1.784358918666839600e-01 1.970807015895843506e-01 2.040261179208755493e-01 1.975586563348770142e-01 0.000000000000000000e+00
1.799312233924865723e-01 2.213423550128936768e-01 2.224352955818176270e-01 2.014792412519454956e-01 1.804256886243820190e-01 0.000000000000000000e+00
5.066831363365054131e-05 -3.435522690415382385e-02 5.766151845455169678e-02 1.108369082212448120e-01 1.486327052116394043e-01 0.000000000000000000e+00
2.627010643482208252e-01 2.723677456378936768e-01 2.454276084899902344e-01 2.302308231592178345e-01 2.017967402935028076e-01 0.000000000000000000e+00
2.432342916727066040e-01 2.482066899538040161e-01 2.648980617523193359e-01 2.746368348598480225e-01 2.753154933452606201e-01 0.000000000000000000e+00
4.103473126888275146e-01 6.281139254570007324e-01 8.303673863410949707e-01 8.581681847572326660e-01 8.467113971710205078e-01 0.000000000000000000e+00
2.582433819770812988e-01 3.683759570121765137e-01 4.106209874153137207e-01 5.006816983222961426e-01 3.840560019016265869e-01 0.000000000000000000e+00
5.120630264282226562e-01 7.906613349914550781e-01 8.836769461631774902e-01 9.100674390792846680e-01 9.137849807739257812e-01 0.000000000000000000e+00
2.657520174980163574e-01 5.476858615875244141e-01 6.059234142303466797e-01 7.604784369468688965e-01 8.444349169731140137e-01 0.000000000000000000e+00
-7.975852489471435547e-02 9.667181968688964844e-02 1.425936818122863770e-01 2.698123455047607422e-01 4.268994927406311035e-01 0.000000000000000000e+00
-1.996572613716125488e-01 -1.733037084341049194e-01 -7.627469301223754883e-02 2.590257860720157623e-02 1.311721801757812500e-01 0.000000000000000000e+00
2.895200550556182861e-01 4.061434268951416016e-01 4.485447704792022705e-01 4.840402305126190186e-01 2.376558929681777954e-01 0.000000000000000000e+00
6.145397946238517761e-02 1.444810181856155396e-01 1.253905296325683594e-01 1.867241263389587402e-01 2.322461605072021484e-01 0.000000000000000000e+00
2.257791608572006226e-01 1.952461153268814087e-01 2.056886255741119385e-01 2.291091382503509521e-01 2.460595220327377319e-01 0.000000000000000000e+00
2.107203453779220581e-01 2.124376147985458374e-01 1.906602084636688232e-01 1.718779206275939941e-01 1.943768560886383057e-01 0.000000000000000000e+00
2.353357523679733276e-01 2.371532768011093140e-01 2.439910620450973511e-01 2.429146170616149902e-01 2.343863099813461304e-01 0.000000000000000000e+00
2.343888580799102783e-01 2.293232679367065430e-01 2.268296182155609131e-01 2.303642928600311279e-01 2.385986298322677612e-01 0.000000000000000000e+00
1.170623973011970520e-01 7.718738913536071777e-02 2.141458392143249512e-01 2.253404706716537476e-01 2.296233922243118286e-01 0.000000000000000000e+00
2.456371635198593140e-01 2.441980093717575073e-01 2.541987001895904541e-01 2.036812752485275269e-01 1.232178732752799988e-01 0.000000000000000000e+00
-2.266694605350494385e-02 1.102029383182525635e-01 -6.286519765853881836e-02 -3.621421754360198975e-01 -2.327358573675155640e-01 1.000000000000000000e+00
1.320988684892654419e-01 1.788846403360366821e-01 1.460364907979965210e-01 1.905069947242736816e-01 1.632898151874542236e-01 2.000000000000000000e+00
-2.266694605350494385e-02 1.102029383182525635e-01 -6.286519765853881836e-02 -3.621421754360198975e-01 -2.327358573675155640e-01 1.000000000000000000e+00
1.320988684892654419e-01 1.788846403360366821e-01 1.460364907979965210e-01 1.905069947242736816e-01 1.632898151874542236e-01 2.000000000000000000e+00
-2.266694605350494385e-02 1.102029383182525635e-01 -6.286519765853881836e-02 -3.621421754360198975e-01 -2.327358573675155640e-01 1.000000000000000000e+00
1.320988684892654419e-01 1.788846403360366821e-01 1.460364907979965210e-01 1.905069947242736816e-01 1.632898151874542236e-01 2.000000000000000000e+00
-2.266694605350494385e-02 1.102029383182525635e-01 -6.286519765853881836e-02 -3.621421754360198975e-01 -2.327358573675155640e-01 1.000000000000000000e+00
1.320988684892654419e-01 1.788846403360366821e-01 1.460364907979965210e-01 1.905069947242736816e-01 1.632898151874542236e-01 2.000000000000000000e+00
-2.266694605350494385e-02 1.102029383182525635e-01 -6.286519765853881836e-02 -3.621421754360198975e-01 -2.327358573675155640e-01 1.000000000000000000e+00
1.320988684892654419e-01 1.788846403360366821e-01 1.460364907979965210e-01 1.905069947242736816e-01 1.632898151874542236e-01 2.000000000000000000e+00
-2.266694605350494385e-02 1.102029383182525635e-01 -6.286519765853881836e-02 -3.621421754360198975e-01 -2.327358573675155640e-01 1.000000000000000000e+00
1.320988684892654419e-01 1.788846403360366821e-01 1.460364907979965210e-01 1.905069947242736816e-01 1.632898151874542236e-01 2.000000000000000000e+00
-2.266694605350494385e-02 1.102029383182525635e-01 -6.286519765853881836e-02 -3.621421754360198975e-01 -2.327358573675155640e-01 1.000000000000000000e+00
1.320988684892654419e-01 1.788846403360366821e-01 1.460364907979965210e-01 1.905069947242736816e-01 1.632898151874542236e-01 2.000000000000000000e+00
-2.266694605350494385e-02 1.102029383182525635e-01 -6.286519765853881836e-02 -3.621421754360198975e-01 -2.327358573675155640e-01 1.000000000000000000e+00
1.320988684892654419e-01 1.788846403360366821e-01 1.460364907979965210e-01 1.905069947242736816e-01 1.632898151874542236e-01 2.000000000000000000e+00
-2.266694605350494385e-02 1.102029383182525635e-01 -6.286519765853881836e-02 -3.621421754360198975e-01 -2.327358573675155640e-01 1.000000000000000000e+00
1.320988684892654419e-01 1.788846403360366821e-01 1.460364907979965210e-01 1.905069947242736816e-01 1.632898151874542236e-01 2.000000000000000000e+00
-2.266694605350494385e-02 1.102029383182525635e-01 -6.286519765853881836e-02 -3.621421754360198975e-01 -2.327358573675155640e-01 1.000000000000000000e+00
1.320988684892654419e-01 1.788846403360366821e-01 1.460364907979965210e-01 1.905069947242736816e-01 1.632898151874542236e-01 2.000000000000000000e+00
2.044348269701004028e-01 2.937076091766357422e-01 3.441632986068725586e-01 3.063747286796569824e-01 3.698160052299499512e-01 0.000000000000000000e+00
1.379320621490478516e-01 3.678526878356933594e-01 4.049836397171020508e-01 3.164910972118377686e-01 3.584635257720947266e-01 0.000000000000000000e+00
2.021060883998870850e-01 5.505180954933166504e-01 6.858031153678894043e-01 7.146435976028442383e-01 6.539391279220581055e-01 0.000000000000000000e+00
2.505271136760711670e-01 4.586243331432342529e-01 5.404995083808898926e-01 5.362154245376586914e-01 4.728235006332397461e-01 0.000000000000000000e+00
-7.448547333478927612e-02 2.656488716602325439e-01 4.799845046363770962e-04 2.281789928674697876e-01 3.527143001556396484e-01 0.000000000000000000e+00
3.351545631885528564e-01 3.724211752414703369e-01 4.369992017745971680e-01 4.277540743350982666e-01 3.724583685398101807e-01 0.000000000000000000e+00
-1.810916066169738770e-01 3.071732223033905029e-01 2.952920198440551758e-01 4.427416920661926270e-01 6.095709800720214844e-01 0.000000000000000000e+00
-5.709741730242967606e-03 1.103090196847915649e-01 1.560927331447601318e-01 1.691823899745941162e-01 1.622148603200912476e-01 0.000000000000000000e+00
3.946429491043090820e-02 1.105952262878417969e-01 1.333817392587661743e-01 1.824636161327362061e-01 1.889577955007553101e-01 0.000000000000000000e+00
1.960071772336959839e-01 1.920241713523864746e-01 1.831593215465545654e-01 1.570844352245330811e-01 1.286431849002838135e-01 0.000000000000000000e+00
1.973282545804977417e-01 1.991641819477081299e-01 2.004586160182952881e-01 1.991470307111740112e-01 2.004677057266235352e-01 0.000000000000000000e+00
1.953812241554260254e-01 1.992063969373703003e-01 1.982827037572860718e-01 1.980934292078018188e-01 1.971424967050552368e-01 0.000000000000000000e+00
1.998642385005950928e-01 2.007406800985336304e-01 2.001097798347473145e-01 1.999032944440841675e-01 2.004555463790893555e-01 0.000000000000000000e+00
1.990105956792831421e-01 2.001908123493194580e-01 1.997268199920654297e-01 2.003131061792373657e-01 2.003325521945953369e-01 0.000000000000000000e+00
2.693284153938293457e-01 5.105745196342468262e-01 5.394691824913024902e-01 4.200691878795623779e-01 3.945325314998626709e-01 0.000000000000000000e+00
3.084010183811187744e-01 5.352299213409423828e-01 6.067726016044616699e-01 6.206259131431579590e-01 5.938429236412048340e-01 0.000000000000000000e+00
2.144976258277893066e-01 3.940121531486511230e-01 5.491780638694763184e-01 6.418600678443908691e-01 6.506692767143249512e-01 0.000000000000000000e+00
1.184178143739700317e-01 2.220153659582138062e-01 2.957017123699188232e-01 3.538048565387725830e-01 3.488697707653045654e-01 0.000000000000000000e+00
1.643132567405700684e-01 2.160416245460510254e-01 2.552362680435180664e-01 3.387521505355834961e-01 3.495332896709442139e-01 0.000000000000000000e+00
-2.013207077980041504e-01 -1.525590568780899048e-02 9.310437738895416260e-02 4.063187241554260254e-01 5.196374058723449707e-01 1.000000000000000000e+00
-2.498058080673217773e-01 2.143713682889938354e-01 2.100728452205657959e-01 2.793462872505187988e-01 2.987008392810821533e-01 2.000000000000000000e+00
-2.013207077980041504e-01 -1.525590568780899048e-02 9.310437738895416260e-02 4.063187241554260254e-01 5.196374058723449707e-01 1.000000000000000000e+00
-2.498058080673217773e-01 2.143713682889938354e-01 2.100728452205657959e-01 2.793462872505187988e-01 2.987008392810821533e-01 2.000000000000000000e+00
-2.013207077980041504e-01 -1.525590568780899048e-02 9.310437738895416260e-02 4.063187241554260254e-01 5.196374058723449707e-01 1.000000000000000000e+00
-2.498058080673217773e-01 2.143713682889938354e-01 2.100728452205657959e-01 2.793462872505187988e-01 2.987008392810821533e-01 2.000000000000000000e+00
-2.013207077980041504e-01 -1.525590568780899048e-02 9.310437738895416260e-02 4.063187241554260254e-01 5.196374058723449707e-01 1.000000000000000000e+00
-2.498058080673217773e-01 2.143713682889938354e-01 2.100728452205657959e-01 2.793462872505187988e-01 2.987008392810821533e-01 2.000000000000000000e+00
-2.013207077980041504e-01 -1.525590568780899048e-02 9.310437738895416260e-02 4.063187241554260254e-01 5.196374058723449707e-01 1.000000000000000000e+00
-2.498058080673217773e-01 2.143713682889938354e-01 2.100728452205657959e-01 2.793462872505187988e-01 2.987008392810821533e-01 2.000000000000000000e+00
-2.013207077980041504e-01 -1.525590568780899048e-02 9.310437738895416260e-02 4.063187241554260254e-01 5.196374058723449707e-01 1.000000000000000000e+00
-2.498058080673217773e-01 2.143713682889938354e-01 2.100728452205657959e-01 2.793462872505187988e-01 2.987008392810821533e-01 2.000000000000000000e+00
-2.013207077980041504e-01 -1.525590568780899048e-02 9.310437738895416260e-02 4.063187241554260254e-01 5.196374058723449707e-01 1.000000000000000000e+00
-2.498058080673217773e-01 2.143713682889938354e-01 2.100728452205657959e-01 2.793462872505187988e-01 2.987008392810821533e-01 2.000000000000000000e+00
-2.013207077980041504e-01 -1.525590568780899048e-02 9.310437738895416260e-02 4.063187241554260254e-01 5.196374058723449707e-01 1.000000000000000000e+00
-2.498058080673217773e-01 2.143713682889938354e-01 2.100728452205657959e-01 2.793462872505187988e-01 2.987008392810821533e-01 2.000000000000000000e+00
-2.013207077980041504e-01 -1.525590568780899048e-02 9.310437738895416260e-02 4.063187241554260254e-01 5.196374058723449707e-01 1.000000000000000000e+00
-2.498058080673217773e-01 2.143713682889938354e-01 2.100728452205657959e-01 2.793462872505187988e-01 2.987008392810821533e-01 2.000000000000000000e+00
-2.013207077980041504e-01 -1.525590568780899048e-02 9.310437738895416260e-02 4.063187241554260254e-01 5.196374058723449707e-01 1.000000000000000000e+00
-2.498058080673217773e-01 2.143713682889938354e-01 2.100728452205657959e-01 2.793462872505187988e-01 2.987008392810821533e-01 2.000000000000000000e+00
3.779215812683105469e-01 6.529405713081359863e-01 6.289761066436767578e-01 6.512215137481689453e-01 5.938471555709838867e-01 0.000000000000000000e+00
1.753611266613006592e-01 5.935865044593811035e-01 7.165449857711791992e-01 8.028642535209655762e-01 8.309459090232849121e-01 0.000000000000000000e+00
3.487832844257354736e-01 4.791313409805297852e-01 6.527999639511108398e-01 7.972183823585510254e-01 7.565011382102966309e-01 0.000000000000000000e+00
3.345292806625366211e-01 4.045775532722473145e-01 5.804069042205810547e-01 5.607920885086059570e-01 5.039575099945068359e-01 0.000000000000000000e+00
1.711791455745697021e-01 2.023666799068450928e-01 2.682328224182128906e-01 2.695781290531158447e-01 3.675948083400726318e-01 0.000000000000000000e+00
3.193976581096649170e-01 2.795538306236267090e-01 2.893863320350646973e-01 3.438859581947326660e-01 2.216878831386566162e-01 1.000000000000000000e+00
2.708066999912261963e-01 3.305580914020538330e-01 4.967716634273529053e-01 5.332190394401550293e-01 5.919153094291687012e-01 2.000000000000000000e+00
3.193976581096649170e-01 2.795538306236267090e-01 2.893863320350646973e-01 3.438859581947326660e-01 2.216878831386566162e-01 1.000000000000000000e+00
2.708066999912261963e-01 3.305580914020538330e-01 4.967716634273529053e-01 5.332190394401550293e-01 5.919153094291687012e-01 2.000000000000000000e+00
3.193976581096649170e-01 2.795538306236267090e-01 2.893863320350646973e-01 3.438859581947326660e-01 2.216878831386566162e-01 1.000000000000000000e+00
2.708066999912261963e-01 3.305580914020538330e-01 4.967716634273529053e-01 5.332190394401550293e-01 5.919153094291687012e-01 2.000000000000000000e+00
3.193976581096649170e-01 2.795538306236267090e-01 2.893863320350646973e-01 3.438859581947326660e-01 2.216878831386566162e-01 1.000000000000000000e+00
2.708066999912261963e-01 3.305580914020538330e-01 4.967716634273529053e-01 5.332190394401550293e-01 5.919153094291687012e-01 2.000000000000000000e+00
3.193976581096649170e-01 2.795538306236267090e-01 2.893863320350646973e-01 3.438859581947326660e-01 2.216878831386566162e-01 1.000000000000000000e+00
2.708066999912261963e-01 3.305580914020538330e-01 4.967716634273529053e-01 5.332190394401550293e-01 5.919153094291687012e-01 2.000000000000000000e+00
3.193976581096649170e-01 2.795538306236267090e-01 2.893863320350646973e-01 3.438859581947326660e-01 2.216878831386566162e-01 1.000000000000000000e+00
2.708066999912261963e-01 3.305580914020538330e-01 4.967716634273529053e-01 5.332190394401550293e-01 5.919153094291687012e-01 2.000000000000000000e+00
3.193976581096649170e-01 2.795538306236267090e-01 2.893863320350646973e-01 3.438859581947326660e-01 2.216878831386566162e-01 1.000000000000000000e+00
2.708066999912261963e-01 3.305580914020538330e-01 4.967716634273529053e-01 5.332190394401550293e-01 5.919153094291687012e-01 2.000000000000000000e+00
3.193976581096649170e-01 2.795538306236267090e-01 2.893863320350646973e-01 3.438859581947326660e-01 2.216878831386566162e-01 1.000000000000000000e+00
2.708066999912261963e-01 3.305580914020538330e-01 4.967716634273529053e-01 5.332190394401550293e-01 5.919153094291687012e-01 2.000000000000000000e+00
3.193976581096649170e-01 2.795538306236267090e-01 2.893863320350646973e-01 3.438859581947326660e-01 2.216878831386566162e-01 1.000000000000000000e+00
2.708066999912261963e-01 3.305580914020538330e-01 4.967716634273529053e-01 5.332190394401550293e-01 5.919153094291687012e-01 2.000000000000000000e+00
3.193976581096649170e-01 2.795538306236267090e-01 2.893863320350646973e-01 3.438859581947326660e-01 2.216878831386566162e-01 1.000000000000000000e+00
2.708066999912261963e-01 3.305580914020538330e-01 4.967716634273529053e-01 5.332190394401550293e-01 5.919153094291687012e-01 2.000000000000000000e+00
2.146429568529129028e-01 2.135669589042663574e-01 2.287454754114151001e-01 2.611450254917144775e-01 2.730571925640106201e-01 0.000000000000000000e+00
2.258034944534301758e-01 2.619889974594116211e-01 2.688533365726470947e-01 2.594384849071502686e-01 2.546438574790954590e-01 0.000000000000000000e+00
1.877526491880416870e-01 2.041479647159576416e-01 2.220485508441925049e-01 2.428322285413742065e-01 2.452799230813980103e-01 0.000000000000000000e+00
2.354770153760910034e-01 2.342393100261688232e-01 2.292567789554595947e-01 2.309723496437072754e-01 2.639172971248626709e-01 0.000000000000000000e+00
2.292696535587310791e-01 2.560290396213531494e-01 2.589360773563385010e-01 2.632638216018676758e-01 2.691224813461303711e-01 0.000000000000000000e+00
2.337024211883544922e-01 2.399674654006958008e-01 2.389311939477920532e-01 2.682286798954010010e-01 2.863802909851074219e-01 0.000000000000000000e+00
2.270178645849227905e-01 2.260511368513107300e-01 2.497325390577316284e-01 2.818852066993713379e-01 2.887462377548217773e-01 0.000000000000000000e+00
2.560366690158843994e-01 3.978943526744842529e-01 4.939895272254943848e-01 5.100987553596496582e-01 4.535081982612609863e-01 0.000000000000000000e+00
2.826211750507354736e-01 4.478618800640106201e-01 4.184087812900543213e-01 4.498730897903442383e-01 5.232164263725280762e-01 0.000000000000000000e+00
1.864124834537506104e-01 2.331452667713165283e-01 3.150207698345184326e-01 3.309150040149688721e-01 4.506554305553436279e-01 0.000000000000000000e+00
2.519009113311767578e-01 2.920577824115753174e-01 3.992418646812438965e-01 4.133652746677398682e-01 4.311806559562683105e-01 0.000000000000000000e+00
1.498653590679168701e-01 2.160690575838088989e-01 3.187336027622222900e-01 3.546317815780639648e-01 2.996209859848022461e-01 0.000000000000000000e+00
1.740036904811859131e-01 1.755647957324981689e-01 2.153716087341308594e-01 1.317488849163055420e-01 1.443868968635797501e-03 0.000000000000000000e+00
2.325381934642791748e-01 2.212572395801544189e-01 1.971147507429122925e-01 2.257904857397079468e-01 2.177189141511917114e-01 0.000000000000000000e+00
2.590099871158599854e-01 2.666465938091278076e-01 2.640965878963470459e-01 2.643262147903442383e-01 2.618684470653533936e-01 0.000000000000000000e+00
2.631977200508117676e-01 2.759478986263275146e-01 2.838093042373657227e-01 2.834359705448150635e-01 2.814087271690368652e-01 0.000000000000000000e+00
2.602190971374511719e-01 2.627700865268707275e-01 2.592832148075103760e-01 2.662736177444458008e-01 2.670198380947113037e-01 0.000000000000000000e+00
2.696124017238616943e-01 2.671820819377899170e-01 2.543046176433563232e-01 2.407993823289871216e-01 2.489864230155944824e-01 0.000000000000000000e+00
3.341975510120391846e-01 3.434870541095733643e-01 3.460734188556671143e-01 3.356634080410003662e-01 3.239318728446960449e-01 0.000000000000000000e+00
2.900537848472595215e-01 3.167595863342285156e-01 3.332587182521820068e-01 3.519192337989807129e-01 3.685933351516723633e-01 0.000000000000000000e+00
2.745592594146728516e-01 3.005861639976501465e-01 3.049309253692626953e-01 3.097319602966308594e-01 3.117985725402832031e-01 0.000000000000000000e+00
-4.839044436812400818e-02 3.109428584575653076e-01 3.274945020675659180e-01 4.216966927051544189e-01 4.385105967521667480e-01 0.000000000000000000e+00
1.623900383710861206e-01 2.428817451000213623e-01 2.832679748535156250e-01 3.633289635181427002e-01 4.040485322475433350e-01 0.000000000000000000e+00
3.303454816341400146e-01 4.292473196983337402e-01 4.557540416717529297e-01 4.634144604206085205e-01 4.304108917713165283e-01 0.000000000000000000e+00
2.591659724712371826e-01 3.842383921146392822e-01 4.804231226444244385e-01 4.797985553741455078e-01 4.924975335597991943e-01 0.000000000000000000e+00
2.226796150207519531e-01 3.777046203613281250e-01 5.027401447296142578e-01 5.617789030075073242e-01 6.019307971000671387e-01 0.000000000000000000e+00
8.851214498281478882e-02 1.915701925754547119e-01 1.755580306053161621e-01 2.352846562862396240e-01 3.502968251705169678e-01 0.000000000000000000e+00
6.979792565107345581e-02 1.743203401565551758e-01 2.448464334011077881e-01 2.535916566848754883e-01 2.045647054910659790e-01 1.000000000000000000e+00
2.194731086492538452e-01 2.826865017414093018e-01 3.535001575946807861e-01 3.818172514438629150e-01 3.519079983234405518e-01 2.000000000000000000e+00
6.979792565107345581e-02 1.743203401565551758e-01 2.448464334011077881e-01 2.535916566848754883e-01 2.045647054910659790e-01 1.000000000000000000e+00
2.194731086492538452e-01 2.826865017414093018e-01 3.535001575946807861e-01 3.818172514438629150e-01 3.519079983234405518e-01 2.000000000000000000e+00
6.979792565107345581e-02 1.743203401565551758e-01 2.448464334011077881e-01 2.535916566848754883e-01 2.045647054910659790e-01 1.000000000000000000e+00
2.194731086492538452e-01 2.826865017414093018e-01 3.535001575946807861e-01 3.818172514438629150e-01 3.519079983234405518e-01 2.000000000000000000e+00
6.979792565107345581e-02 1.743203401565551758e-01 2.448464334011077881e-01 2.535916566848754883e-01 2.045647054910659790e-01 1.000000000000000000e+00
2.194731086492538452e-01 2.826865017414093018e-01 3.535001575946807861e-01 3.818172514438629150e-01 3.519079983234405518e-01 2.000000000000000000e+00
6.979792565107345581e-02 1.743203401565551758e-01 2.448464334011077881e-01 2.535916566848754883e-01 2.045647054910659790e-01 1.000000000000000000e+00
2.194731086492538452e-01 2.826865017414093018e-01 3.535001575946807861e-01 3.818172514438629150e-01 3.519079983234405518e-01 2.000000000000000000e+00
6.979792565107345581e-02 1.743203401565551758e-01 2.448464334011077881e-01 2.535916566848754883e-01 2.045647054910659790e-01 1.000000000000000000e+00
2.194731086492538452e-01 2.826865017414093018e-01 3.535001575946807861e-01 3.818172514438629150e-01 3.519079983234405518e-01 2.000000000000000000e+00
6.979792565107345581e-02 1.743203401565551758e-01 2.448464334011077881e-01 2.535916566848754883e-01 2.045647054910659790e-01 1.000000000000000000e+00
2.194731086492538452e-01 2.826865017414093018e-01 3.535001575946807861e-01 3.818172514438629150e-01 3.519079983234405518e-01 2.000000000000000000e+00
6.979792565107345581e-02 1.743203401565551758e-01 2.448464334011077881e-01 2.535916566848754883e-01 2.045647054910659790e-01 1.000000000000000000e+00
2.194731086492538452e-01 2.826865017414093018e-01 3.535001575946807861e-01 3.818172514438629150e-01 3.519079983234405518e-01 2.000000000000000000e+00
6.979792565107345581e-02 1.743203401565551758e-01 2.448464334011077881e-01 2.535916566848754883e-01 2.045647054910659790e-01 1.000000000000000000e+00
2.194731086492538452e-01 2.826865017414093018e-01 3.535001575946807861e-01 3.818172514438629150e-01 3.519079983234405518e-01 2.000000000000000000e+00
6.979792565107345581e-02 1.743203401565551758e-01 2.448464334011077881e-01 2.535916566848754883e-01 2.045647054910659790e-01 1.000000000000000000e+00
2.194731086492538452e-01 2.826865017414093018e-01 3.535001575946807861e-01 3.818172514438629150e-01 3.519079983234405518e-01 2.000000000000000000e+00
5.901733636856079102e-01 6.165151000022888184e-01 6.273457407951354980e-01 6.059173345565795898e-01 5.827266573905944824e-01 0.000000000000000000e+00
5.581099390983581543e-01 6.061863899230957031e-01 6.108430027961730957e-01 6.090800166130065918e-01 5.925018787384033203e-01 0.000000000000000000e+00
5.696798563003540039e-01 6.278242468833923340e-01 6.381224989891052246e-01 6.039406061172485352e-01 5.830510854721069336e-01 0.000000000000000000e+00
6.002133488655090332e-01 6.022425889968872070e-01 6.103966236114501953e-01 5.714077949523925781e-01 5.671512484550476074e-01 0.000000000000000000e+00
5.518371462821960449e-01 5.956423878669738770e-01 6.012644171714782715e-01 5.986585617065429688e-01 5.942820310592651367e-01 0.000000000000000000e+00
5.671724677085876465e-01 5.896564722061157227e-01 5.729689598083496094e-01 5.698769092559814453e-01 5.534484386444091797e-01 0.000000000000000000e+00
5.547238588333129883e-01 5.792956948280334473e-01 5.842152833938598633e-01 5.762181878089904785e-01 5.683345794677734375e-01 0.000000000000000000e+00
2.222734838724136353e-01 2.225625216960906982e-01 2.198388874530792236e-01 2.205984145402908325e-01 2.201575487852096558e-01 0.000000000000000000e+00
1.106482371687889099e-01 1.279350966215133667e-01 2.138936370611190796e-01 2.092504501342773438e-01 2.078963220119476318e-01 0.000000000000000000e+00
1.901645958423614502e-01 2.100614309310913086e-01 2.145109921693801880e-01 2.251413017511367798e-01 2.194182723760604858e-01 0.000000000000000000e+00
2.165291756391525269e-01 2.242459654808044434e-01 2.204506993293762207e-01 2.248050272464752197e-01 2.192506492137908936e-01 0.000000000000000000e+00
2.096776217222213745e-01 2.010189443826675415e-01 1.958248019218444824e-01 2.056910693645477295e-01 2.151112109422683716e-01 0.000000000000000000e+00
1.531808972358703613e-01 2.065765112638473511e-01 2.050863504409790039e-01 2.117856591939926147e-01 1.624291092157363892e-01 0.000000000000000000e+00
-9.604385495185852051e-02 1.172499265521764755e-02 8.776443451642990112e-02 1.873055398464202881e-01 1.894623339176177979e-01 0.000000000000000000e+00
-5.001582950353622437e-02 -1.723471097648143768e-02 -5.068909004330635071e-02 -4.121970385313034058e-02 1.468404382467269897e-01 0.000000000000000000e+00
2.895844280719757080e-01 3.241614997386932373e-01 3.133649826049804688e-01 2.988919913768768311e-01 2.864361107349395752e-01 0.000000000000000000e+00
2.556210756301879883e-01 2.820375263690948486e-01 3.100745677947998047e-01 3.357990384101867676e-01 3.658966124057769775e-01 0.000000000000000000e+00
2.223896235227584839e-01 2.392004430294036865e-01 2.805604934692382812e-01 2.603031098842620850e-01 3.105857670307159424e-01 0.000000000000000000e+00
-1.100826486945152283e-01 -8.169880509376525879e-02 -1.396032571792602539e-01 -1.099403649568557739e-01 8.991017937660217285e-02 0.000000000000000000e+00
1.151782050728797913e-01 2.360389828681945801e-01 2.028441429138183594e-01 2.787215709686279297e-01 1.829754859209060669e-01 0.000000000000000000e+00
-6.726916134357452393e-02 7.147925347089767456e-02 1.866947561502456665e-01 2.227900177240371704e-01 2.958084344863891602e-01 0.000000000000000000e+00
1.022643521428108215e-01 2.025391608476638794e-01 3.429440855979919434e-01 4.024817645549774170e-01 5.709246397018432617e-01 0.000000000000000000e+00
1.523442864418029785e-01 3.455776870250701904e-01 3.002884685993194580e-01 3.199012577533721924e-01 3.405401706695556641e-01 0.000000000000000000e+00
1.417767852544784546e-01 3.870276212692260742e-01 5.370149612426757812e-01 5.928531885147094727e-01 6.128166913986206055e-01 0.000000000000000000e+00
4.034882783889770508e-01 5.094442367553710938e-01 5.360860824584960938e-01 4.719755649566650391e-01 3.527635335922241211e-01 0.000000000000000000e+00
2.474415116012096405e-02 3.054900467395782471e-01 4.113721251487731934e-01 6.395160555839538574e-01 7.160657048225402832e-01 0.000000000000000000e+00
9.750202298164367676e-02 2.872245013713836670e-01 3.834871351718902588e-01 6.794430613517761230e-01 5.952680110931396484e-01 0.000000000000000000e+00
2.145675867795944214e-01 3.868563473224639893e-01 5.917416810989379883e-01 6.797568798065185547e-01 6.407939791679382324e-01 0.000000000000000000e+00
3.619818985462188721e-01 5.561915040016174316e-01 5.563269257545471191e-01 6.163440346717834473e-01 7.056488990783691406e-01 0.000000000000000000e+00
2.649702727794647217e-01 4.565643668174743652e-01 5.441251993179321289e-01 5.546748042106628418e-01 5.824475884437561035e-01 0.000000000000000000e+00
3.607700765132904053e-01 5.814881324768066406e-01 6.021534204483032227e-01 6.272715330123901367e-01 6.542995572090148926e-01 0.000000000000000000e+00
2.370391786098480225e-01 2.919834256172180176e-01 4.105488359928131104e-01 3.687807321548461914e-01 4.640767574310302734e-01 0.000000000000000000e+00
1.356808543205261230e-01 3.795787394046783447e-01 3.714010119438171387e-01 4.114548265933990479e-01 4.892379045486450195e-01 0.000000000000000000e+00
2.194237709045410156e-01 3.510892689228057861e-01 3.232154548168182373e-01 4.227474629878997803e-01 3.469401895999908447e-01 0.000000000000000000e+00
-1.690167747437953949e-02 2.672005295753479004e-01 4.082232117652893066e-01 4.771572053432464600e-01 6.170329451560974121e-01 0.000000000000000000e+00
2.015110105276107788e-01 2.449590414762496948e-01 3.105618953704833984e-01 3.253767192363739014e-01 3.403042256832122803e-01 0.000000000000000000e+00
2.000530958175659180e-01 2.438949197530746460e-01 3.054810464382171631e-01 3.282384276390075684e-01 3.456259071826934814e-01 0.000000000000000000e+00
2.011761367321014404e-01 2.314213663339614868e-01 2.762805521488189697e-01 3.147512078285217285e-01 3.559955656528472900e-01 0.000000000000000000e+00
2.005040645599365234e-01 2.028949856758117676e-01 2.298349440097808838e-01 2.873193919658660889e-01 3.210501074790954590e-01 0.000000000000000000e+00
2.011097371578216553e-01 2.141681164503097534e-01 2.464412748813629150e-01 2.635461091995239258e-01 2.640863060951232910e-01 0.000000000000000000e+00
2.029795795679092407e-01 2.629847526550292969e-01 2.986202538013458252e-01 2.980586588382720947e-01 2.980745136737823486e-01 0.000000000000000000e+00
1.733651608228683472e-01 2.426262497901916504e-01 2.626038491725921631e-01 3.039357960224151611e-01 3.392634689807891846e-01 0.000000000000000000e+00
1.830289512872695923e-01 2.660297751426696777e-01 2.316321879625320435e-01 3.804791867733001709e-01 4.084763228893280029e-01 0.000000000000000000e+00
2.188868075609207153e-01 3.633207082748413086e-01 3.980756103992462158e-01 4.636081755161285400e-01 4.505618512630462646e-01 0.000000000000000000e+00
2.011553794145584106e-01 3.209118545055389404e-01 2.999495565891265869e-01 2.883019745349884033e-01 2.990870177745819092e-01 0.000000000000000000e+00
1.842311471700668335e-01 2.445754408836364746e-01 2.515579164028167725e-01 2.720071971416473389e-01 2.894885838031768799e-01 0.000000000000000000e+00
2.080987244844436646e-01 2.551283538341522217e-01 2.449212968349456787e-01 2.747462987899780273e-01 3.167904913425445557e-01 0.000000000000000000e+00
1.458963304758071899e-01 1.977188885211944580e-01 2.211859077215194702e-01 2.211715579032897949e-01 2.205551713705062866e-01 0.000000000000000000e+00
1.599200516939163208e-01 1.674346029758453369e-01 1.990561783313751221e-01 1.680194437503814697e-01 1.747661381959915161e-01 0.000000000000000000e+00
3.255922794342041016e-01 5.262660980224609375e-01 5.791663527488708496e-01 5.779390335083007812e-01 6.209656596183776855e-01 0.000000000000000000e+00
3.722162246704101562e-01 5.885170698165893555e-01 6.299294829368591309e-01 6.590055823326110840e-01 6.702114939689636230e-01 0.000000000000000000e+00
5.425185561180114746e-01 6.682036519050598145e-01 6.323849558830261230e-01 7.259152531623840332e-01 7.669208049774169922e-01 0.000000000000000000e+00
2.204143553972244263e-01 6.285548806190490723e-01 7.658722400665283203e-01 7.408597469329833984e-01 8.029582500457763672e-01 0.000000000000000000e+00
-1.449217945337295532e-01 1.419468075037002563e-01 3.296424746513366699e-01 5.233252048492431641e-01 6.201807260513305664e-01 0.000000000000000000e+00
3.851642087101936340e-02 2.330472916364669800e-01 4.254453480243682861e-01 3.138954341411590576e-01 2.852221131324768066e-01 0.000000000000000000e+00
1.123308986425399780e-01 2.845726907253265381e-01 4.148077368736267090e-01 4.147993028163909912e-01 3.599120676517486572e-01 0.000000000000000000e+00
5.564600825309753418e-01 6.073664426803588867e-01 6.241975426673889160e-01 5.731596350669860840e-01 5.459067225456237793e-01 0.000000000000000000e+00
6.053524613380432129e-01 6.150143146514892578e-01 5.358843207359313965e-01 5.172424316406250000e-01 5.244678854942321777e-01 0.000000000000000000e+00
5.377361178398132324e-01 5.563892126083374023e-01 5.491838455200195312e-01 5.754827260971069336e-01 5.920823812484741211e-01 0.000000000000000000e+00
5.583201646804809570e-01 5.935561656951904297e-01 5.734344720840454102e-01 5.893325805664062500e-01 5.503349304199218750e-01 0.000000000000000000e+00
5.525978803634643555e-01 5.977013707160949707e-01 5.774337649345397949e-01 5.429763793945312500e-01 5.106763243675231934e-01 0.000000000000000000e+00
5.566106438636779785e-01 5.529369115829467773e-01 5.341237783432006836e-01 4.893020093441009521e-01 5.018367767333984375e-01 0.000000000000000000e+00
5.219425559043884277e-01 5.502280592918395996e-01 5.425515770912170410e-01 5.782728195190429688e-01 5.646559000015258789e-01 0.000000000000000000e+00
2.077521979808807373e-01 2.209582924842834473e-01 2.314273715019226074e-01 2.422498017549514771e-01 2.331503182649612427e-01 0.000000000000000000e+00
2.113194465637207031e-01 2.199763804674148560e-01 2.234628051519393921e-01 2.266981154680252075e-01 2.299813181161880493e-01 0.000000000000000000e+00
2.139596194028854370e-01 2.256840020418167114e-01 2.445270717144012451e-01 2.383005768060684204e-01 2.433430403470993042e-01 0.000000000000000000e+00
2.183621078729629517e-01 2.359831184148788452e-01 2.535300552845001221e-01 2.746639251708984375e-01 2.733976840972900391e-01 0.000000000000000000e+00
2.153925895690917969e-01 2.206558734178543091e-01 2.448559254407882690e-01 2.782199680805206299e-01 2.829386591911315918e-01 0.000000000000000000e+00
2.215106785297393799e-01 2.233589440584182739e-01 2.502012252807617188e-01 2.528328001499176025e-01 2.542272210121154785e-01 0.000000000000000000e+00
2.277102917432785034e-01 2.244478464126586914e-01 2.279516905546188354e-01 2.187990546226501465e-01 2.168469130992889404e-01 0.000000000000000000e+00
2.343795597553253174e-01 2.522508502006530762e-01 2.348809987306594849e-01 1.967719346284866333e-01 1.970575004816055298e-01 0.000000000000000000e+00
8.074595779180526733e-02 1.152634397149085999e-01 2.357889432460069656e-03 1.327534466981887817e-01 1.001273989677429199e-01 0.000000000000000000e+00
-1.684067696332931519e-01 -5.339533835649490356e-02 8.642123639583587646e-02 1.010077190585434437e-03 1.470200866460800171e-01 0.000000000000000000e+00
1.488295197486877441e-01 3.426975011825561523e-01 4.350746273994445801e-01 4.379124343395233154e-01 3.699542880058288574e-01 0.000000000000000000e+00
-3.810567855834960938e-01 3.220993876457214355e-01 4.387428760528564453e-01 4.672317802906036377e-01 5.007454156875610352e-01 0.000000000000000000e+00
-2.687767744064331055e-01 -5.053816363215446472e-02 -3.846498429775238037e-01 -4.259812533855438232e-01 -4.751533269882202148e-01 0.000000000000000000e+00
-2.516311407089233398e-01 3.124039247632026672e-02 -7.022035121917724609e-02 -2.243028730154037476e-01 -3.781948983669281006e-01 0.000000000000000000e+00
2.320543378591537476e-01 2.281576395034790039e-01 2.478320598602294922e-01 2.598795890808105469e-01 2.466081231832504272e-01 0.000000000000000000e+00
2.106559574604034424e-01 2.253445684909820557e-01 2.037738412618637085e-01 2.383272498846054077e-01 2.255131155252456665e-01 0.000000000000000000e+00
1.498401463031768799e-01 1.825815141201019287e-01 1.859242618083953857e-01 2.130649685859680176e-01 2.066824287176132202e-01 0.000000000000000000e+00
2.032997310161590576e-01 1.870515048503875732e-01 2.131800055503845215e-01 1.650630086660385132e-01 1.381608694791793823e-01 0.000000000000000000e+00
2.096858918666839600e-01 2.139869034290313721e-01 2.220514863729476929e-01 2.136613726615905762e-01 2.428830265998840332e-01 0.000000000000000000e+00
2.057938426733016968e-01 2.082638740539550781e-01 2.002284079790115356e-01 1.994728744029998779e-01 2.065602093935012817e-01 0.000000000000000000e+00
1.239755377173423767e-01 1.529261469841003418e-01 2.289150655269622803e-01 2.307327389717102051e-01 1.582701951265335083e-01 0.000000000000000000e+00
2.121675014495849609e-01 2.287522107362747192e-01 2.536371946334838867e-01 2.583034932613372803e-01 2.415765821933746338e-01 0.000000000000000000e+00
2.136900573968887329e-01 2.249843031167984009e-01 2.299933284521102905e-01 2.562632560729980469e-01 2.766938507556915283e-01 0.000000000000000000e+00
2.174655199050903320e-01 2.143104374408721924e-01 2.092625200748443604e-01 2.362469732761383057e-01 2.907063961029052734e-01 0.000000000000000000e+00
2.048941403627395630e-01 2.658164501190185547e-01 2.965367138385772705e-01 2.781643271446228027e-01 2.266110628843307495e-01 0.000000000000000000e+00
1.436992138624191284e-01 1.858290135860443115e-01 1.526686251163482666e-01 1.889846026897430420e-01 2.153544276952743530e-01 0.000000000000000000e+00
1.759735941886901855e-01 2.047755569219589233e-01 2.120183706283569336e-01 2.407447993755340576e-01 2.617824673652648926e-01 0.000000000000000000e+00
1.642297804355621338e-01 1.121486276388168335e-01 2.213233560323715210e-01 2.366057932376861572e-01 2.288372665643692017e-01 0.000000000000000000e+00
4.613659381866455078e-01 4.985831379890441895e-01 5.017305612564086914e-01 5.101419687271118164e-01 5.574941039085388184e-01 0.000000000000000000e+00
4.899960160255432129e-01 5.673579573631286621e-01 5.210413336753845215e-01 5.284302234649658203e-01 4.920839965343475342e-01 0.000000000000000000e+00
4.054754078388214111e-01 4.443526864051818848e-01 4.418389499187469482e-01 4.802123010158538818e-01 5.057197213172912598e-01 0.000000000000000000e+00
4.052051901817321777e-01 5.019317269325256348e-01 5.044788718223571777e-01 4.987144768238067627e-01 4.498282968997955322e-01 0.000000000000000000e+00
3.546574413776397705e-01 4.569130837917327881e-01 4.252316951751708984e-01 4.328769743442535400e-01 4.643758237361907959e-01 0.000000000000000000e+00
4.443215429782867432e-01 4.974563419818878174e-01 4.585204720497131348e-01 5.111826658248901367e-01 5.191957950592041016e-01 0.000000000000000000e+00
3.042039871215820312e-01 4.388604164123535156e-01 4.283167123794555664e-01 4.296126663684844971e-01 4.535892903804779053e-01 0.000000000000000000e+00
2.100055515766143799e-01 1.993213891983032227e-01 2.008900791406631470e-01 1.979071646928787231e-01 1.994935870170593262e-01 0.000000000000000000e+00
1.997826546430587769e-01 2.028393745422363281e-01 2.035473436117172241e-01 2.021646946668624878e-01 2.022959142923355103e-01 0.000000000000000000e+00
2.123024016618728638e-01 1.994000971317291260e-01 2.012150436639785767e-01 2.025167047977447510e-01 2.034517675638198853e-01 0.000000000000000000e+00
2.079353779554367065e-01 1.998002082109451294e-01 2.010676115751266479e-01 2.028760910034179688e-01 2.030679434537887573e-01 0.000000000000000000e+00
2.052204608917236328e-01 2.003958672285079956e-01 2.019119858741760254e-01 2.027074396610260010e-01 2.027302682399749756e-01 0.000000000000000000e+00
2.001801878213882446e-01 2.028259485960006714e-01 2.037056982517242432e-01 2.041464745998382568e-01 2.035434991121292114e-01 0.000000000000000000e+00
2.006040513515472412e-01 2.018297761678695679e-01 2.024399936199188232e-01 2.024524509906768799e-01 2.029911130666732788e-01 0.000000000000000000e+00
3.608650565147399902e-01 5.124712586402893066e-01 4.367306828498840332e-01 3.985839486122131348e-01 6.571253538131713867e-01 0.000000000000000000e+00
2.718653082847595215e-01 3.934612572193145752e-01 5.814751386642456055e-01 5.876514911651611328e-01 6.042588949203491211e-01 0.000000000000000000e+00
2.690358757972717285e-01 3.264285922050476074e-01 3.371861279010772705e-01 4.051238000392913818e-01 3.656434714794158936e-01 0.000000000000000000e+00
3.470029532909393311e-01 4.403663575649261475e-01 4.789279103279113770e-01 5.015483498573303223e-01 4.880941510200500488e-01 0.000000000000000000e+00
2.738085389137268066e-01 3.860655725002288818e-01 4.562579393386840820e-01 4.800317883491516113e-01 5.638099908828735352e-01 0.000000000000000000e+00
2.249297648668289185e-01 1.857871115207672119e-01 2.155844569206237793e-01 2.491617351770401001e-01 2.568144798278808594e-01 0.000000000000000000e+00
1.878776699304580688e-01 1.986893117427825928e-01 2.390666604042053223e-01 2.666280865669250488e-01 2.654037177562713623e-01 0.000000000000000000e+00
5.089342594146728516e-02 2.373363077640533447e-01 3.684143126010894775e-01 4.449526369571685791e-01 5.348363518714904785e-01 1.000000000000000000e+00
3.917854726314544678e-01 6.240124106407165527e-01 6.583735942840576172e-01 6.080086827278137207e-01 5.546185970306396484e-01 2.000000000000000000e+00
5.089342594146728516e-02 2.373363077640533447e-01 3.684143126010894775e-01 4.449526369571685791e-01 5.348363518714904785e-01 1.000000000000000000e+00
3.917854726314544678e-01 6.240124106407165527e-01 6.583735942840576172e-01 6.080086827278137207e-01 5.546185970306396484e-01 2.000000000000000000e+00
5.089342594146728516e-02 2.373363077640533447e-01 3.684143126010894775e-01 4.449526369571685791e-01 5.348363518714904785e-01 1.000000000000000000e+00
3.917854726314544678e-01 6.240124106407165527e-01 6.583735942840576172e-01 6.080086827278137207e-01 5.546185970306396484e-01 2.000000000000000000e+00
5.089342594146728516e-02 2.373363077640533447e-01 3.684143126010894775e-01 4.449526369571685791e-01 5.348363518714904785e-01 1.000000000000000000e+00
3.917854726314544678e-01 6.240124106407165527e-01 6.583735942840576172e-01 6.080086827278137207e-01 5.546185970306396484e-01 2.000000000000000000e+00
5.089342594146728516e-02 2.373363077640533447e-01 3.684143126010894775e-01 4.449526369571685791e-01 5.348363518714904785e-01 1.000000000000000000e+00
3.917854726314544678e-01 6.240124106407165527e-01 6.583735942840576172e-01 6.080086827278137207e-01 5.546185970306396484e-01 2.000000000000000000e+00
5.089342594146728516e-02 2.373363077640533447e-01 3.684143126010894775e-01 4.449526369571685791e-01 5.348363518714904785e-01 1.000000000000000000e+00
3.917854726314544678e-01 6.240124106407165527e-01 6.583735942840576172e-01 6.080086827278137207e-01 5.546185970306396484e-01 2.000000000000000000e+00
5.089342594146728516e-02 2.373363077640533447e-01 3.684143126010894775e-01 4.449526369571685791e-01 5.348363518714904785e-01 1.000000000000000000e+00
3.917854726314544678e-01 6.240124106407165527e-01 6.583735942840576172e-01 6.080086827278137207e-01 5.546185970306396484e-01 2.000000000000000000e+00
5.089342594146728516e-02 2.373363077640533447e-01 3.684143126010894775e-01 4.449526369571685791e-01 5.348363518714904785e-01 1.000000000000000000e+00
3.917854726314544678e-01 6.240124106407165527e-01 6.583735942840576172e-01 6.080086827278137207e-01 5.546185970306396484e-01 2.000000000000000000e+00
5.089342594146728516e-02 2.373363077640533447e-01 3.684143126010894775e-01 4.449526369571685791e-01 5.348363518714904785e-01 1.000000000000000000e+00
3.917854726314544678e-01 6.240124106407165527e-01 6.583735942840576172e-01 6.080086827278137207e-01 5.546185970306396484e-01 2.000000000000000000e+00
5.089342594146728516e-02 2.373363077640533447e-01 3.684143126010894775e-01 4.449526369571685791e-01 5.348363518714904785e-01 1.000000000000000000e+00
3.917854726314544678e-01 6.240124106407165527e-01 6.583735942840576172e-01 6.080086827278137207e-01 5.546185970306396484e-01 2.000000000000000000e+00
2.404788732528686523e-01 2.436955422163009644e-01 2.378758788108825684e-01 2.360487729310989380e-01 2.359977513551712036e-01 0.000000000000000000e+00
2.416121065616607666e-01 2.426941543817520142e-01 2.385056763887405396e-01 2.361355125904083252e-01 2.432837933301925659e-01 0.000000000000000000e+00
2.362228035926818848e-01 2.345543354749679565e-01 2.356554269790649414e-01 2.350367903709411621e-01 2.302494049072265625e-01 0.000000000000000000e+00
2.455129921436309814e-01 2.447098940610885620e-01 2.404818981885910034e-01 2.451600432395935059e-01 2.394867986440658569e-01 0.000000000000000000e+00
2.423634827136993408e-01 2.458168566226959229e-01 2.439807802438735962e-01 2.474060356616973877e-01 2.327839136123657227e-01 0.000000000000000000e+00
2.445280253887176514e-01 2.460994720458984375e-01 2.402531355619430542e-01 2.467919886112213135e-01 2.478952556848526001e-01 0.000000000000000000e+00
2.312585711479187012e-01 2.283464968204498291e-01 2.440296560525894165e-01 2.345463782548904419e-01 2.411006689071655273e-01 0.000000000000000000e+00
3.336697220802307129e-01 3.940166532993316650e-01 3.797186613082885742e-01 4.021119177341461182e-01 3.808298408985137939e-01 0.000000000000000000e+00
3.087738752365112305e-01 3.272874057292938232e-01 3.374746441841125488e-01 3.396467268466949463e-01 3.206479847431182861e-01 0.000000000000000000e+00
2.866845428943634033e-01 2.600150108337402344e-01 2.525232136249542236e-01 2.662889957427978516e-01 2.492517977952957153e-01 0.000000000000000000e+00
2.972289919853210449e-01 2.908162772655487061e-01 2.422247529029846191e-01 2.555922865867614746e-01 2.558755576610565186e-01 0.000000000000000000e+00
3.423601686954498291e-01 3.675207793712615967e-01 3.536033630371093750e-01 3.224861025810241699e-01 3.579529821872711182e-01 0.000000000000000000e+00
3.546913564205169678e-01 4.350203275680541992e-01 4.364494681358337402e-01 4.110009372234344482e-01 4.045267999172210693e-01 0.000000000000000000e+00
2.982722818851470947e-01 4.079321622848510742e-01 5.118896365165710449e-01 4.552831053733825684e-01 5.243159532546997070e-01 0.000000000000000000e+00
1.837573945522308350e-01 1.767814755439758301e-01 1.686199605464935303e-01 1.595160067081451416e-01 1.780119985342025757e-01 0.000000000000000000e+00
1.791073977947235107e-01 1.723577231168746948e-01 1.566992998123168945e-01 1.749267876148223877e-01 1.866049021482467651e-01 0.000000000000000000e+00
1.975681781768798828e-01 1.921771913766860962e-01 1.853044480085372925e-01 1.861311048269271851e-01 1.931849271059036255e-01 0.000000000000000000e+00
2.067082226276397705e-01 2.055681347846984863e-01 2.076155841350555420e-01 2.064228951930999756e-01 2.083031386137008667e-01 0.000000000000000000e+00
2.043311446905136108e-01 2.066670209169387817e-01 2.075883001089096069e-01 2.050074040889739990e-01 2.059339731931686401e-01 0.000000000000000000e+00
2.177613079547882080e-01 2.133853286504745483e-01 1.825220435857772827e-01 1.933944374322891235e-01 1.926278769969940186e-01 0.000000000000000000e+00
2.009511142969131470e-01 2.041296809911727905e-01 2.012014240026473999e-01 1.955491602420806885e-01 1.897886544466018677e-01 0.000000000000000000e+00
2.175020873546600342e-01 5.357506871223449707e-01 6.634824275970458984e-01 7.085821628570556641e-01 7.575997114181518555e-01 0.000000000000000000e+00
2.913510203361511230e-01 5.431281924247741699e-01 6.272760033607482910e-01 6.122280359268188477e-01 6.860502362251281738e-01 0.000000000000000000e+00
2.583574652671813965e-01 5.836969017982482910e-01 7.201811075210571289e-01 7.235087752342224121e-01 7.697978019714355469e-01 0.000000000000000000e+00
3.819009065628051758e-01 5.882766842842102051e-01 6.323949098587036133e-01 6.386080980300903320e-01 7.049111127853393555e-01 0.000000000000000000e+00
3.651877641677856445e-01 5.435718894004821777e-01 6.527777314186096191e-01 6.872677803039550781e-01 6.799703836441040039e-01 0.000000000000000000e+00
2.059795558452606201e-01 3.329536020755767822e-01 4.163020253181457520e-01 4.928214251995086670e-01 5.127503275871276855e-01 0.000000000000000000e+00
1.657791882753372192e-01 3.808028697967529297e-01 4.202429056167602539e-01 3.440574705600738525e-01 3.458821475505828857e-01 0.000000000000000000e+00
3.939897716045379639e-01 6.480958461761474609e-01 6.871080994606018066e-01 7.490209937095642090e-01 8.043111562728881836e-01 0.000000000000000000e+00
3.241471350193023682e-01 5.484478473663330078e-01 6.507487297058105469e-01 7.071616053581237793e-01 7.055360674858093262e-01 0.000000000000000000e+00
3.239698410034179688e-01 5.415651202201843262e-01 6.513367891311645508e-01 6.792723536491394043e-01 6.157270073890686035e-01 0.000000000000000000e+00
2.768997550010681152e-01 5.299952030181884766e-01 6.188619136810302734e-01 6.695722937583923340e-01 7.115846872329711914e-01 0.000000000000000000e+00
2.953059077262878418e-01 5.009558200836181641e-01 6.120291352272033691e-01 6.992717981338500977e-01 6.983001828193664551e-01 0.000000000000000000e+00
3.303861021995544434e-01 5.248380303382873535e-01 6.130996346473693848e-01 6.239907741546630859e-01 6.919124722480773926e-01 0.000000000000000000e+00
2.451054453849792480e-01 4.442096054553985596e-01 5.766215920448303223e-01 6.048225760459899902e-01 6.213309168815612793e-01 0.000000000000000000e+00
4.441092014312744141e-01 6.825600862503051758e-01 7.680562734603881836e-01 7.839610576629638672e-01 7.362291216850280762e-01 1.000000000000000000e+00
3.452743887901306152e-01 5.767510533332824707e-01 6.399965286254882812e-01 6.973646283149719238e-01 7.987468242645263672e-01 2.000000000000000000e+00
4.441092014312744141e-01 6.825600862503051758e-01 7.680562734603881836e-01 7.839610576629638672e-01 7.362291216850280762e-01 1.000000000000000000e+00
3.452743887901306152e-01 5.767510533332824707e-01 6.399965286254882812e-01 6.973646283149719238e-01 7.987468242645263672e-01 2.000000000000000000e+00
4.441092014312744141e-01 6.825600862503051758e-01 7.680562734603881836e-01 7.839610576629638672e-01 7.362291216850280762e-01 1.000000000000000000e+00
3.452743887901306152e-01 5.767510533332824707e-01 6.399965286254882812e-01 6.973646283149719238e-01 7.987468242645263672e-01 2.000000000000000000e+00
4.441092014312744141e-01 6.825600862503051758e-01 7.680562734603881836e-01 7.839610576629638672e-01 7.362291216850280762e-01 1.000000000000000000e+00
3.452743887901306152e-01 5.767510533332824707e-01 6.399965286254882812e-01 6.973646283149719238e-01 7.987468242645263672e-01 2.000000000000000000e+00
4.441092014312744141e-01 6.825600862503051758e-01 7.680562734603881836e-01 7.839610576629638672e-01 7.362291216850280762e-01 1.000000000000000000e+00
3.452743887901306152e-01 5.767510533332824707e-01 6.399965286254882812e-01 6.973646283149719238e-01 7.987468242645263672e-01 2.000000000000000000e+00
4.441092014312744141e-01 6.825600862503051758e-01 7.680562734603881836e-01 7.839610576629638672e-01 7.362291216850280762e-01 1.000000000000000000e+00
3.452743887901306152e-01 5.767510533332824707e-01 6.399965286254882812e-01 6.973646283149719238e-01 7.987468242645263672e-01 2.000000000000000000e+00
4.441092014312744141e-01 6.825600862503051758e-01 7.680562734603881836e-01 7.839610576629638672e-01 7.362291216850280762e-01 1.000000000000000000e+00
3.452743887901306152e-01 5.767510533332824707e-01 6.399965286254882812e-01 6.973646283149719238e-01 7.987468242645263672e-01 2.000000000000000000e+00
4.441092014312744141e-01 6.825600862503051758e-01 7.680562734603881836e-01 7.839610576629638672e-01 7.362291216850280762e-01 1.000000000000000000e+00
3.452743887901306152e-01 5.767510533332824707e-01 6.399965286254882812e-01 6.973646283149719238e-01 7.987468242645263672e-01 2.000000000000000000e+00
4.441092014312744141e-01 6.825600862503051758e-01 7.680562734603881836e-01 7.839610576629638672e-01 7.362291216850280762e-01 1.000000000000000000e+00
3.452743887901306152e-01 5.767510533332824707e-01 6.399965286254882812e-01 6.973646283149719238e-01 7.987468242645263672e-01 2.000000000000000000e+00
4.441092014312744141e-01 6.825600862503051758e-01 7.680562734603881836e-01 7.839610576629638672e-01 7.362291216850280762e-01 1.000000000000000000e+00
3.452743887901306152e-01 5.767510533332824707e-01 6.399965286254882812e-01 6.973646283149719238e-01 7.987468242645263672e-01 2.000000000000000000e+00
2.004660964012145996e-01 1.898411661386489868e-01 2.499584555625915527e-01 2.422367334365844727e-01 2.078886926174163818e-01 0.000000000000000000e+00
2.005379498004913330e-01 2.019907236099243164e-01 2.036840170621871948e-01 1.990279555320739746e-01 2.050613313913345337e-01 0.000000000000000000e+00
1.891456544399261475e-01 2.844523787498474121e-01 3.265228569507598877e-01 3.037587404251098633e-01 2.178725898265838623e-01 0.000000000000000000e+00
3.102082014083862305e-01 4.887090623378753662e-01 5.215823054313659668e-01 5.401500463485717773e-01 4.877739250659942627e-01 0.000000000000000000e+00
4.002692997455596924e-01 6.209115982055664062e-01 6.868393421173095703e-01 7.025288343429565430e-01 6.932712793350219727e-01 0.000000000000000000e+00
3.101227283477783203e-01 4.268241822719573975e-01 3.417405188083648682e-01 5.405542254447937012e-01 4.637018442153930664e-01 0.000000000000000000e+00
2.826937139034271240e-01 5.533416867256164551e-01 6.441617012023925781e-01 6.258130669593811035e-01 7.354985475540161133e-01 0.000000000000000000e+00
2.414407432079315186e-01 2.233691513538360596e-01 2.284847944974899292e-01 2.029262334108352661e-01 1.973296105861663818e-01 0.000000000000000000e+00
1.019219607114791870e-01 1.050566509366035461e-01 2.210100144147872925e-01 2.598057389259338379e-01 2.578062117099761963e-01 0.000000000000000000e+00
-1.276571154594421387e-01 -4.423834383487701416e-02 -1.879484802484512329e-01 -2.333270609378814697e-01 -9.173855185508728027e-02 0.000000000000000000e+00
1.469766795635223389e-01 1.201272830367088318e-01 8.685754984617233276e-02 1.202740008011460304e-03 1.137567609548568726e-01 0.000000000000000000e+00
1.571988910436630249e-01 1.481817215681076050e-01 1.463523060083389282e-01 2.226572632789611816e-01 2.341700494289398193e-01 0.000000000000000000e+00
2.143017351627349854e-01 2.110866755247116089e-01 2.078503519296646118e-01 2.054588943719863892e-01 2.044440507888793945e-01 1.000000000000000000e+00
1.996524930000305176e-01 1.985919326543807983e-01 2.003692239522933960e-01 1.992749571800231934e-01 2.041631788015365601e-01 2.000000000000000000e+00
2.143017351627349854e-01 2.110866755247116089e-01 2.078503519296646118e-01 2.054588943719863892e-01 2.044440507888793945e-01 1.000000000000000000e+00
1.996524930000305176e-01 1.985919326543807983e-01 2.003692239522933960e-01 1.992749571800231934e-01 2.041631788015365601e-01 2.000000000000000000e+00
2.143017351627349854e-01 2.110866755247116089e-01 2.078503519296646118e-01 2.054588943719863892e-01 2.044440507888793945e-01 1.000000000000000000e+00
1.996524930000305176e-01 1.985919326543807983e-01 2.003692239522933960e-01 1.992749571800231934e-01 2.041631788015365601e-01 2.000000000000000000e+00
2.143017351627349854e-01 2.110866755247116089e-01 2.078503519296646118e-01 2.054588943719863892e-01 2.044440507888793945e-01 1.000000000000000000e+00
1.996524930000305176e-01 1.985919326543807983e-01 2.003692239522933960e-01 1.992749571800231934e-01 2.041631788015365601e-01 2.000000000000000000e+00
2.143017351627349854e-01 2.110866755247116089e-01 2.078503519296646118e-01 2.054588943719863892e-01 2.044440507888793945e-01 1.000000000000000000e+00
1.996524930000305176e-01 1.985919326543807983e-01 2.003692239522933960e-01 1.992749571800231934e-01 2.041631788015365601e-01 2.000000000000000000e+00
2.143017351627349854e-01 2.110866755247116089e-01 2.078503519296646118e-01 2.054588943719863892e-01 2.044440507888793945e-01 1.000000000000000000e+00
1.996524930000305176e-01 1.985919326543807983e-01 2.003692239522933960e-01 1.992749571800231934e-01 2.041631788015365601e-01 2.000000000000000000e+00
2.143017351627349854e-01 2.110866755247116089e-01 2.078503519296646118e-01 2.054588943719863892e-01 2.044440507888793945e-01 1.000000000000000000e+00
1.996524930000305176e-01 1.985919326543807983e-01 2.003692239522933960e-01 1.992749571800231934e-01 2.041631788015365601e-01 2.000000000000000000e+00
2.143017351627349854e-01 2.110866755247116089e-01 2.078503519296646118e-01 2.054588943719863892e-01 2.044440507888793945e-01 1.000000000000000000e+00
1.996524930000305176e-01 1.985919326543807983e-01 2.003692239522933960e-01 1.992749571800231934e-01 2.041631788015365601e-01 2.000000000000000000e+00
2.143017351627349854e-01 2.110866755247116089e-01 2.078503519296646118e-01 2.054588943719863892e-01 2.044440507888793945e-01 1.000000000000000000e+00
1.996524930000305176e-01 1.985919326543807983e-01 2.003692239522933960e-01 1.992749571800231934e-01 2.041631788015365601e-01 2.000000000000000000e+00
2.143017351627349854e-01 2.110866755247116089e-01 2.078503519296646118e-01 2.054588943719863892e-01 2.044440507888793945e-01 1.000000000000000000e+00
1.996524930000305176e-01 1.985919326543807983e-01 2.003692239522933960e-01 1.992749571800231934e-01 2.041631788015365601e-01 2.000000000000000000e+00
-1.689657568931579590e-01 -2.506040036678314209e-01 -2.862008512020111084e-01 1.368886679410934448e-01 2.208367437124252319e-01 0.000000000000000000e+00
-5.545701459050178528e-02 1.594157367944717407e-01 -1.454944610595703125e-01 -2.576391994953155518e-01 -2.021161317825317383e-01 0.000000000000000000e+00
3.224518299102783203e-01 2.731235325336456299e-01 1.686078459024429321e-01 1.411156505346298218e-01 3.035720996558666229e-02 0.000000000000000000e+00
2.056974917650222778e-01 2.215807735919952393e-01 1.727275699377059937e-01 2.477872967720031738e-01 2.602719366550445557e-01 0.000000000000000000e+00
2.237721532583236694e-01 2.278646677732467651e-01 2.308477610349655151e-01 2.447799891233444214e-01 2.746093571186065674e-01 0.000000000000000000e+00
-3.677388429641723633e-01 -5.150448679924011230e-01 -4.948971271514892578e-01 -5.943955183029174805e-01 -5.781406164169311523e-01 1.000000000000000000e+00
-6.490287184715270996e-02 9.512840956449508667e-02 -9.575728327035903931e-02 -3.081829249858856201e-01 -3.016720414161682129e-01 2.000000000000000000e+00
-3.677388429641723633e-01 -5.150448679924011230e-01 -4.948971271514892578e-01 -5.943955183029174805e-01 -5.781406164169311523e-01 1.000000000000000000e+00
-6.490287184715270996e-02 9.512840956449508667e-02 -9.575728327035903931e-02 -3.081829249858856201e-01 -3.016720414161682129e-01 2.000000000000000000e+00
-3.677388429641723633e-01 -5.150448679924011230e-01 -4.948971271514892578e-01 -5.943955183029174805e-01 -5.781406164169311523e-01 1.000000000000000000e+00
-6.490287184715270996e-02 9.512840956449508667e-02 -9.575728327035903931e-02 -3.081829249858856201e-01 -3.016720414161682129e-01 2.000000000000000000e+00
-3.677388429641723633e-01 -5.150448679924011230e-01 -4.948971271514892578e-01 -5.943955183029174805e-01 -5.781406164169311523e-01 1.000000000000000000e+00
-6.490287184715270996e-02 9.512840956449508667e-02 -9.575728327035903931e-02 -3.081829249858856201e-01 -3.016720414161682129e-01 2.000000000000000000e+00
-3.677388429641723633e-01 -5.150448679924011230e-01 -4.948971271514892578e-01 -5.943955183029174805e-01 -5.781406164169311523e-01 1.000000000000000000e+00
-6.490287184715270996e-02 9.512840956449508667e-02 -9.575728327035903931e-02 -3.081829249858856201e-01 -3.016720414161682129e-01 2.000000000000000000e+00
-3.677388429641723633e-01 -5.150448679924011230e-01 -4.948971271514892578e-01 -5.943955183029174805e-01 -5.781406164169311523e-01 1.000000000000000000e+00
-6.490287184715270996e-02 9.512840956449508667e-02 -9.575728327035903931e-02 -3.081829249858856201e-01 -3.016720414161682129e-01 2.000000000000000000e+00
-3.677388429641723633e-01 -5.150448679924011230e-01 -4.948971271514892578e-01 -5.943955183029174805e-01 -5.781406164169311523e-01 1.000000000000000000e+00
-6.490287184715270996e-02 9.512840956449508667e-02 -9.575728327035903931e-02 -3.081829249858856201e-01 -3.016720414161682129e-01 2.000000000000000000e+00
-3.677388429641723633e-01 -5.150448679924011230e-01 -4.948971271514892578e-01 -5.943955183029174805e-01 -5.781406164169311523e-01 1.000000000000000000e+00
-6.490287184715270996e-02 9.512840956449508667e-02 -9.575728327035903931e-02 -3.081829249858856201e-01 -3.016720414161682129e-01 2.000000000000000000e+00
-3.677388429641723633e-01 -5.150448679924011230e-01 -4.948971271514892578e-01 -5.943955183029174805e-01 -5.781406164169311523e-01 1.000000000000000000e+00
-6.490287184715270996e-02 9.512840956449508667e-02 -9.575728327035903931e-02 -3.081829249858856201e-01 -3.016720414161682129e-01 2.000000000000000000e+00
-3.677388429641723633e-01 -5.150448679924011230e-01 -4.948971271514892578e-01 -5.943955183029174805e-01 -5.781406164169311523e-01 1.000000000000000000e+00
-6.490287184715270996e-02 9.512840956449508667e-02 -9.575728327035903931e-02 -3.081829249858856201e-01 -3.016720414161682129e-01 2.000000000000000000e+00
2.346395254135131836e-01 2.153321504592895508e-01 2.224229276180267334e-01 2.674645185470581055e-01 2.771860361099243164e-01 0.000000000000000000e+00
2.013530135154724121e-01 2.272849231958389282e-01 1.830143481492996216e-01 2.394516021013259888e-01 2.237871736288070679e-01 0.000000000000000000e+00
2.421363741159439087e-01 2.510120868682861328e-01 2.652880251407623291e-01 2.447627335786819458e-01 2.117325961589813232e-01 0.000000000000000000e+00
2.518703043460845947e-01 2.855076789855957031e-01 2.497494369745254517e-01 2.321312576532363892e-01 2.063877284526824951e-01 0.000000000000000000e+00
2.805906534194946289e-01 3.704725503921508789e-01 3.574171662330627441e-01 3.512216806411743164e-01 3.373498618602752686e-01 0.000000000000000000e+00
3.006468713283538818e-01 3.223659098148345947e-01 3.686731159687042236e-01 3.975353240966796875e-01 4.021964371204376221e-01 0.000000000000000000e+00
3.096849620342254639e-01 3.017628192901611328e-01 2.932442128658294678e-01 2.948443591594696045e-01 3.058600723743438721e-01 0.000000000000000000e+00
2.333535999059677124e-01 2.126665860414505005e-01 2.188122868537902832e-01 2.241707444190979004e-01 2.283578217029571533e-01 0.000000000000000000e+00
2.263350635766983032e-01 2.152222096920013428e-01 2.117035835981369019e-01 2.080852985382080078e-01 2.196143716573715210e-01 0.000000000000000000e+00
2.300769388675689697e-01 1.926150023937225342e-01 2.045853883028030396e-01 2.171850204467773438e-01 2.153507918119430542e-01 0.000000000000000000e+00
1.985854208469390869e-01 2.064989060163497925e-01 1.942657977342605591e-01 1.997081786394119263e-01 2.039581090211868286e-01 0.000000000000000000e+00
1.218963041901588440e-01 2.047431319952011108e-01 2.057095021009445190e-01 1.979667544364929199e-01 1.783831119537353516e-01 0.000000000000000000e+00
1.934973448514938354e-01 1.840445250272750854e-01 1.970225423574447632e-01 2.084576487541198730e-01 2.078526765108108521e-01 0.000000000000000000e+00
2.221516966819763184e-01 2.119319736957550049e-01 2.001232504844665527e-01 2.516215145587921143e-01 2.721213698387145996e-01 0.000000000000000000e+00
2.038859426975250244e-01 2.122896760702133179e-01 2.020411491394042969e-01 2.017837613821029663e-01 1.722009778022766113e-01 0.000000000000000000e+00
2.410537153482437134e-01 2.613684237003326416e-01 2.607065141201019287e-01 2.397406548261642456e-01 2.196298390626907349e-01 0.000000000000000000e+00
2.076921910047531128e-01 2.061190009117126465e-01 2.097678035497665405e-01 2.141819596290588379e-01 2.172783166170120239e-01 0.000000000000000000e+00
1.999606192111968994e-01 2.079052627086639404e-01 2.039618343114852905e-01 2.077917009592056274e-01 2.089826911687850952e-01 0.000000000000000000e+00
2.072380185127258301e-01 2.110938578844070435e-01 2.057532072067260742e-01 1.991230398416519165e-01 2.080463171005249023e-01 0.000000000000000000e+00
1.967725455760955811e-01 2.009431123733520508e-01 2.070310860872268677e-01 2.102876305580139160e-01 2.076728641986846924e-01 0.000000000000000000e+00
2.556603848934173584e-01 3.364521265029907227e-01 3.440980911254882812e-01 3.109356462955474854e-01 2.887825667858123779e-01 0.000000000000000000e+00
2.366046905517578125e-01 2.528611421585083008e-01 2.837963998317718506e-01 2.902112007141113281e-01 2.459981441497802734e-01 0.000000000000000000e+00
2.427904456853866577e-01 2.411432862281799316e-01 2.421213388442993164e-01 2.454571872949600220e-01 2.435321956872940063e-01 0.000000000000000000e+00
2.506933510303497314e-01 2.585059702396392822e-01 2.663596570491790771e-01 2.614533901214599609e-01 2.563711404800415039e-01 0.000000000000000000e+00
2.476244717836380005e-01 2.717191874980926514e-01 2.707813978195190430e-01 2.634552717208862305e-01 2.634721100330352783e-01 0.000000000000000000e+00
2.578807473182678223e-01 2.624980807304382324e-01 2.679776847362518311e-01 2.671704888343811035e-01 2.746960520744323730e-01 0.000000000000000000e+00
2.497675120830535889e-01 2.612679898738861084e-01 2.591524124145507812e-01 2.615152597427368164e-01 2.641500532627105713e-01 0.000000000000000000e+00
2.588402628898620605e-01 2.656715512275695801e-01 2.655430436134338379e-01 2.693437337875366211e-01 2.667875289916992188e-01 0.000000000000000000e+00
2.496491223573684692e-01 3.458953499794006348e-01 3.512246310710906982e-01 3.607099354267120361e-01 3.429894149303436279e-01 0.000000000000000000e+00
3.110379874706268311e-01 3.982096016407012939e-01 4.482915699481964111e-01 4.610130488872528076e-01 3.567067682743072510e-01 0.000000000000000000e+00
2.523407936096191406e-01 2.749473452568054199e-01 2.200724780559539795e-01 2.564803957939147949e-01 2.377996295690536499e-01 0.000000000000000000e+00
1.954153478145599365e-01 2.297756671905517578e-01 2.632083892822265625e-01 2.888160645961761475e-01 2.707172036170959473e-01 0.000000000000000000e+00
2.285631150007247925e-01 2.432792186737060547e-01 2.759978473186492920e-01 2.317965179681777954e-01 2.581189870834350586e-01 0.000000000000000000e+00
2.194184958934783936e-01 2.663806080818176270e-01 3.160501420497894287e-01 2.806606292724609375e-01 2.958604097366333008e-01 0.000000000000000000e+00
2.235378175973892212e-01 2.196860462427139282e-01 2.547070682048797607e-01 2.874026298522949219e-01 3.448520302772521973e-01 0.000000000000000000e+00
-1.490022242069244385e-01 -1.009001135826110840e-01 -1.558231711387634277e-01 -4.187848046422004700e-02 1.505233794450759888e-01 0.000000000000000000e+00
4.764058068394660950e-02 1.153108999133110046e-01 1.319467425346374512e-01 -9.127914160490036011e-02 -3.375978171825408936e-01 0.000000000000000000e+00
1.818620860576629639e-01 1.912596225738525391e-01 2.534154653549194336e-01 1.805287450551986694e-01 1.995370686054229736e-01 0.000000000000000000e+00
2.308148592710494995e-01 2.762694656848907471e-01 2.311757206916809082e-01 1.941923350095748901e-01 2.076412439346313477e-01 0.000000000000000000e+00
2.462395429611206055e-01 2.468400895595550537e-01 2.324708700180053711e-01 2.380246967077255249e-01 2.731688022613525391e-01 0.000000000000000000e+00
2.261025011539459229e-01 2.320487052202224731e-01 2.446851283311843872e-01 2.379577159881591797e-01 2.930962443351745605e-01 0.000000000000000000e+00
1.792502701282501221e-01 2.558982074260711670e-01 2.366961836814880371e-01 2.073533087968826294e-01 3.060038434341549873e-03 1.000000000000000000e+00
-3.091896474361419678e-01 -3.337951377034187317e-02 1.806298494338989258e-01 1.922752708196640015e-01 2.436544746160507202e-01 2.000000000000000000e+00
1.792502701282501221e-01 2.558982074260711670e-01 2.366961836814880371e-01 2.073533087968826294e-01 3.060038434341549873e-03 1.000000000000000000e+00
-3.091896474361419678e-01 -3.337951377034187317e-02 1.806298494338989258e-01 1.922752708196640015e-01 2.436544746160507202e-01 2.000000000000000000e+00
1.792502701282501221e-01 2.558982074260711670e-01 2.366961836814880371e-01 2.073533087968826294e-01 3.060038434341549873e-03 1.000000000000000000e+00
-3.091896474361419678e-01 -3.337951377034187317e-02 1.806298494338989258e-01 1.922752708196640015e-01 2.436544746160507202e-01 2.000000000000000000e+00
1.792502701282501221e-01 2.558982074260711670e-01 2.366961836814880371e-01 2.073533087968826294e-01 3.060038434341549873e-03 1.000000000000000000e+00
-3.091896474361419678e-01 -3.337951377034187317e-02 1.806298494338989258e-01 1.922752708196640015e-01 2.436544746160507202e-01 2.000000000000000000e+00
1.792502701282501221e-01 2.558982074260711670e-01 2.366961836814880371e-01 2.073533087968826294e-01 3.060038434341549873e-03 1.000000000000000000e+00
-3.091896474361419678e-01 -3.337951377034187317e-02 1.806298494338989258e-01 1.922752708196640015e-01 2.436544746160507202e-01 2.000000000000000000e+00
1.792502701282501221e-01 2.558982074260711670e-01 2.366961836814880371e-01 2.073533087968826294e-01 3.060038434341549873e-03 1.000000000000000000e+00
-3.091896474361419678e-01 -3.337951377034187317e-02 1.806298494338989258e-01 1.922752708196640015e-01 2.436544746160507202e-01 2.000000000000000000e+00
1.792502701282501221e-01 2.558982074260711670e-01 2.366961836814880371e-01 2.073533087968826294e-01 3.060038434341549873e-03 1.000000000000000000e+00
-3.091896474361419678e-01 -3.337951377034187317e-02 1.806298494338989258e-01 1.922752708196640015e-01 2.436544746160507202e-01 2.000000000000000000e+00
1.792502701282501221e-01 2.558982074260711670e-01 2.366961836814880371e-01 2.073533087968826294e-01 3.060038434341549873e-03 1.000000000000000000e+00
-3.091896474361419678e-01 -3.337951377034187317e-02 1.806298494338989258e-01 1.922752708196640015e-01 2.436544746160507202e-01 2.000000000000000000e+00
1.792502701282501221e-01 2.558982074260711670e-01 2.366961836814880371e-01 2.073533087968826294e-01 3.060038434341549873e-03 1.000000000000000000e+00
-3.091896474361419678e-01 -3.337951377034187317e-02 1.806298494338989258e-01 1.922752708196640015e-01 2.436544746160507202e-01 2.000000000000000000e+00
1.792502701282501221e-01 2.558982074260711670e-01 2.366961836814880371e-01 2.073533087968826294e-01 3.060038434341549873e-03 1.000000000000000000e+00
-3.091896474361419678e-01 -3.337951377034187317e-02 1.806298494338989258e-01 1.922752708196640015e-01 2.436544746160507202e-01 2.000000000000000000e+00
2.423306703567504883e-01 2.469779700040817261e-01 2.301212102174758911e-01 2.373076230287551880e-01 2.423564493656158447e-01 0.000000000000000000e+00
2.433303743600845337e-01 2.486955374479293823e-01 2.329344302415847778e-01 2.182704359292984009e-01 2.157685607671737671e-01 0.000000000000000000e+00
2.370905876159667969e-01 2.402960509061813354e-01 2.245522141456604004e-01 2.278814464807510376e-01 2.312212288379669189e-01 0.000000000000000000e+00
2.420586943626403809e-01 2.506443560123443604e-01 2.396648675203323364e-01 2.173028439283370972e-01 2.104572653770446777e-01 0.000000000000000000e+00
2.479875236749649048e-01 2.587516605854034424e-01 2.387854158878326416e-01 2.324341833591461182e-01 2.328938990831375122e-01 0.000000000000000000e+00
2.521724104881286621e-01 2.510987818241119385e-01 2.449561357498168945e-01 2.485906481742858887e-01 2.546130716800689697e-01 0.000000000000000000e+00
2.446549683809280396e-01 2.558012008666992188e-01 2.587876915931701660e-01 2.569883465766906738e-01 2.702101767063140869e-01 0.000000000000000000e+00
2.294167727231979370e-01 2.243628799915313721e-01 2.494386583566665649e-01 3.502652943134307861e-01 3.755597174167633057e-01 0.000000000000000000e+00
3.250985145568847656e-01 4.446516931056976318e-01 5.016306638717651367e-01 4.694499373435974121e-01 4.791508316993713379e-01 0.000000000000000000e+00
3.672756254673004150e-01 4.528366327285766602e-01 4.975482225418090820e-01 5.082102417945861816e-01 5.088634490966796875e-01 0.000000000000000000e+00
3.483141064643859863e-01 3.941872417926788330e-01 3.987577557563781738e-01 3.996925652027130127e-01 4.767701029777526855e-01 0.000000000000000000e+00
2.729250788688659668e-01 2.899010777473449707e-01 3.155221641063690186e-01 3.301649093627929688e-01 3.301381766796112061e-01 0.000000000000000000e+00
2.572001814842224121e-01 2.423347085714340210e-01 2.615017294883728027e-01 2.791490852832794189e-01 3.337474465370178223e-01 0.000000000000000000e+00
2.376637756824493408e-01 2.582869827747344971e-01 2.500602602958679199e-01 2.583667635917663574e-01 2.660497128963470459e-01 0.000000000000000000e+00
2.488761544227600098e-01 2.409297972917556763e-01 2.583755850791931152e-01 1.985437870025634766e-01 2.135575115680694580e-01 0.000000000000000000e+00
2.074748873710632324e-01 2.459253221750259399e-01 1.938539594411849976e-01 2.274221926927566528e-01 1.902078986167907715e-01 0.000000000000000000e+00
2.320995032787322998e-01 3.172018527984619141e-01 3.982833623886108398e-01 4.165954887866973877e-01 4.245696067810058594e-01 0.000000000000000000e+00
2.349220067262649536e-01 3.449544906616210938e-01 4.002702832221984863e-01 4.534668028354644775e-01 4.688354432582855225e-01 0.000000000000000000e+00
1.152035072445869446e-01 1.898289322853088379e-01 2.102517336606979370e-01 2.639115452766418457e-01 4.010750055313110352e-01 0.000000000000000000e+00
1.460964977741241455e-01 1.729292571544647217e-01 1.370120048522949219e-01 1.635151952505111694e-01 2.212392091751098633e-01 0.000000000000000000e+00
-1.712046116590499878e-01 -1.601488143205642700e-01 -6.972656399011611938e-02 -1.668998599052429199e-02 8.541378378868103027e-02 0.000000000000000000e+00
1.933618634939193726e-01 1.942940950393676758e-01 1.810962855815887451e-01 1.722213327884674072e-01 1.589659005403518677e-01 0.000000000000000000e+00
1.636877059936523438e-01 1.560779362916946411e-01 1.636567562818527222e-01 1.908737272024154663e-01 1.769028902053833008e-01 0.000000000000000000e+00
1.969957947731018066e-01 1.962784528732299805e-01 1.887737512588500977e-01 1.807081848382949829e-01 1.671978086233139038e-01 0.000000000000000000e+00
1.640619486570358276e-01 1.823972761631011963e-01 1.865212619304656982e-01 2.254658639430999756e-01 2.087947130203247070e-01 0.000000000000000000e+00
2.081402391195297241e-01 2.122152298688888550e-01 2.206389158964157104e-01 2.068359553813934326e-01 1.949791461229324341e-01 0.000000000000000000e+00
1.863980293273925781e-01 1.635812222957611084e-01 2.354596108198165894e-01 1.829196363687515259e-01 2.562490701675415039e-01 0.000000000000000000e+00
1.931594461202621460e-01 1.780271679162979126e-01 1.681366711854934692e-01 1.758049875497817993e-01 1.560512036085128784e-01 0.000000000000000000e+00
2.162287384271621704e-01 2.121118754148483276e-01 1.962508410215377808e-01 2.037999629974365234e-01 2.224700599908828735e-01 0.000000000000000000e+00
2.152309417724609375e-01 2.394965887069702148e-01 2.651818096637725830e-01 3.100225329399108887e-01 2.317696958780288696e-01 0.000000000000000000e+00
2.133439928293228149e-01 2.112311422824859619e-01 2.147517502307891846e-01 2.133761942386627197e-01 2.506163716316223145e-01 0.000000000000000000e+00
2.332575768232345581e-01 2.182060480117797852e-01 2.214536517858505249e-01 2.146918773651123047e-01 2.130063176155090332e-01 0.000000000000000000e+00
2.282078266143798828e-01 3.600152134895324707e-01 3.796802759170532227e-01 3.859056830406188965e-01 3.375929296016693115e-01 0.000000000000000000e+00
2.636018395423889160e-01 3.797375261783599854e-01 4.321279525756835938e-01 6.161390542984008789e-01 5.967203378677368164e-01 0.000000000000000000e+00
2.177867442369461060e-01 4.073960185050964355e-01 4.139554798603057861e-01 4.944168925285339355e-01 4.212057590484619141e-01 0.000000000000000000e+00
2.517335116863250732e-01 2.979933619499206543e-01 3.492930531501770020e-01 4.151436388492584229e-01 4.586526453495025635e-01 0.000000000000000000e+00
2.582825720310211182e-01 2.956366837024688721e-01 3.611508309841156006e-01 4.122574925422668457e-01 3.930338323116302490e-01 0.000000000000000000e+00
2.385470271110534668e-01 3.900445401668548584e-01 4.351462125778198242e-01 4.639333784580230713e-01 4.120651781558990479e-01 0.000000000000000000e+00
2.475028485059738159e-01 3.803485631942749023e-01 4.743757247924804688e-01 4.346585273742675781e-01 4.950569868087768555e-01 0.000000000000000000e+00
2.248360961675643921e-01 2.786550223827362061e-01 3.673762679100036621e-01 4.128680527210235596e-01 4.713817238807678223e-01 0.000000000000000000e+00
2.085749208927154541e-01 2.386336773633956909e-01 2.842405140399932861e-01 3.129772245883941650e-01 3.838112056255340576e-01 0.000000000000000000e+00
2.083351910114288330e-01 1.951338648796081543e-01 2.004887312650680542e-01 2.443935424089431763e-01 2.952836751937866211e-01 0.000000000000000000e+00
2.185174077749252319e-01 2.770153284072875977e-01 2.969630062580108643e-01 2.666938602924346924e-01 2.275404930114746094e-01 1.000000000000000000e+00
2.559374272823333740e-01 2.760604321956634521e-01 2.835089564323425293e-01 3.110013008117675781e-01 3.300705850124359131e-01 2.000000000000000000e+00
2.185174077749252319e-01 2.770153284072875977e-01 2.969630062580108643e-01 2.666938602924346924e-01 2.275404930114746094e-01 1.000000000000000000e+00
2.559374272823333740e-01 2.760604321956634521e-01 2.835089564323425293e-01 3.110013008117675781e-01 3.300705850124359131e-01 2.000000000000000000e+00
2.185174077749252319e-01 2.770153284072875977e-01 2.969630062580108643e-01 2.666938602924346924e-01 2.275404930114746094e-01 1.000000000000000000e+00
2.559374272823333740e-01 2.760604321956634521e-01 2.835089564323425293e-01 3.110013008117675781e-01 3.300705850124359131e-01 2.000000000000000000e+00
2.185174077749252319e-01 2.770153284072875977e-01 2.969630062580108643e-01 2.666938602924346924e-01 2.275404930114746094e-01 1.000000000000000000e+00
2.559374272823333740e-01 2.760604321956634521e-01 2.835089564323425293e-01 3.110013008117675781e-01 3.300705850124359131e-01 2.000000000000000000e+00
2.185174077749252319e-01 2.770153284072875977e-01 2.969630062580108643e-01 2.666938602924346924e-01 2.275404930114746094e-01 1.000000000000000000e+00
2.559374272823333740e-01 2.760604321956634521e-01 2.835089564323425293e-01 3.110013008117675781e-01 3.300705850124359131e-01 2.000000000000000000e+00
2.185174077749252319e-01 2.770153284072875977e-01 2.969630062580108643e-01 2.666938602924346924e-01 2.275404930114746094e-01 1.000000000000000000e+00
2.559374272823333740e-01 2.760604321956634521e-01 2.835089564323425293e-01 3.110013008117675781e-01 3.300705850124359131e-01 2.000000000000000000e+00
2.185174077749252319e-01 2.770153284072875977e-01 2.969630062580108643e-01 2.666938602924346924e-01 2.275404930114746094e-01 1.000000000000000000e+00
2.559374272823333740e-01 2.760604321956634521e-01 2.835089564323425293e-01 3.110013008117675781e-01 3.300705850124359131e-01 2.000000000000000000e+00
2.185174077749252319e-01 2.770153284072875977e-01 2.969630062580108643e-01 2.666938602924346924e-01 2.275404930114746094e-01 1.000000000000000000e+00
2.559374272823333740e-01 2.760604321956634521e-01 2.835089564323425293e-01 3.110013008117675781e-01 3.300705850124359131e-01 2.000000000000000000e+00
2.185174077749252319e-01 2.770153284072875977e-01 2.969630062580108643e-01 2.666938602924346924e-01 2.275404930114746094e-01 1.000000000000000000e+00
2.559374272823333740e-01 2.760604321956634521e-01 2.835089564323425293e-01 3.110013008117675781e-01 3.300705850124359131e-01 2.000000000000000000e+00
2.185174077749252319e-01 2.770153284072875977e-01 2.969630062580108643e-01 2.666938602924346924e-01 2.275404930114746094e-01 1.000000000000000000e+00
2.559374272823333740e-01 2.760604321956634521e-01 2.835089564323425293e-01 3.110013008117675781e-01 3.300705850124359131e-01 2.000000000000000000e+00
1.600253283977508545e-01 2.220679968595504761e-01 2.047042399644851685e-01 2.326437085866928101e-01 2.311301231384277344e-01 0.000000000000000000e+00
2.157832533121109009e-01 1.929649412631988525e-01 2.144892364740371704e-01 2.035790532827377319e-01 2.179603576660156250e-01 0.000000000000000000e+00
1.508465409278869629e-01 9.261134266853332520e-02 -6.814423203468322754e-02 1.874523460865020752e-01 1.411654055118560791e-01 0.000000000000000000e+00
3.063563406467437744e-01 2.816585302352905273e-01 1.857175230979919434e-01 -5.108391493558883667e-02 -6.658211350440979004e-02 0.000000000000000000e+00
3.945537209510803223e-01 5.722956061363220215e-01 6.015529036521911621e-01 5.306856632232666016e-01 4.592210352420806885e-01 0.000000000000000000e+00
2.001206576824188232e-01 4.549483656883239746e-01 6.424935460090637207e-01 6.507878303527832031e-01 6.414275765419006348e-01 0.000000000000000000e+00
4.677278697490692139e-01 6.630816459655761719e-01 7.591042518615722656e-01 7.480813860893249512e-01 6.904442906379699707e-01 0.000000000000000000e+00
2.044486552476882935e-01 4.064939916133880615e-02 -1.140130832791328430e-01 1.093225181102752686e-01 1.097546964883804321e-01 1.000000000000000000e+00
2.003418207168579102e-01 2.122297286987304688e-01 2.237575352191925049e-01 1.988028585910797119e-01 1.887163221836090088e-01 2.000000000000000000e+00
2.044486552476882935e-01 4.064939916133880615e-02 -1.140130832791328430e-01 1.093225181102752686e-01 1.097546964883804321e-01 1.000000000000000000e+00
2.003418207168579102e-01 2.122297286987304688e-01 2.237575352191925049e-01 1.988028585910797119e-01 1.887163221836090088e-01 2.000000000000000000e+00
2.044486552476882935e-01 4.064939916133880615e-02 -1.140130832791328430e-01 1.093225181102752686e-01 1.097546964883804321e-01 1.000000000000000000e+00
2.003418207168579102e-01 2.122297286987304688e-01 2.237575352191925049e-01 1.988028585910797119e-01 1.887163221836090088e-01 2.000000000000000000e+00
2.044486552476882935e-01 4.064939916133880615e-02 -1.140130832791328430e-01 1.093225181102752686e-01 1.097546964883804321e-01 1.000000000000000000e+00
2.003418207168579102e-01 2.122297286987304688e-01 2.237575352191925049e-01 1.988028585910797119e-01 1.887163221836090088e-01 2.000000000000000000e+00
2.044486552476882935e-01 4.064939916133880615e-02 -1.140130832791328430e-01 1.093225181102752686e-01 1.097546964883804321e-01 1.000000000000000000e+00
2.003418207168579102e-01 2.122297286987304688e-01 2.237575352191925049e-01 1.988028585910797119e-01 1.887163221836090088e-01 2.000000000000000000e+00
2.044486552476882935e-01 4.064939916133880615e-02 -1.140130832791328430e-01 1.093225181102752686e-01 1.097546964883804321e-01 1.000000000000000000e+00
2.003418207168579102e-01 2.122297286987304688e-01 2.237575352191925049e-01 1.988028585910797119e-01 1.887163221836090088e-01 2.000000000000000000e+00
2.044486552476882935e-01 4.064939916133880615e-02 -1.140130832791328430e-01 1.093225181102752686e-01 1.097546964883804321e-01 1.000000000000000000e+00
2.003418207168579102e-01 2.122297286987304688e-01 2.237575352191925049e-01 1.988028585910797119e-01 1.887163221836090088e-01 2.000000000000000000e+00
2.044486552476882935e-01 4.064939916133880615e-02 -1.140130832791328430e-01 1.093225181102752686e-01 1.097546964883804321e-01 1.000000000000000000e+00
2.003418207168579102e-01 2.122297286987304688e-01 2.237575352191925049e-01 1.988028585910797119e-01 1.887163221836090088e-01 2.000000000000000000e+00
2.044486552476882935e-01 4.064939916133880615e-02 -1.140130832791328430e-01 1.093225181102752686e-01 1.097546964883804321e-01 1.000000000000000000e+00
2.003418207168579102e-01 2.122297286987304688e-01 2.237575352191925049e-01 1.988028585910797119e-01 1.887163221836090088e-01 2.000000000000000000e+00
2.044486552476882935e-01 4.064939916133880615e-02 -1.140130832791328430e-01 1.093225181102752686e-01 1.097546964883804321e-01 1.000000000000000000e+00
2.003418207168579102e-01 2.122297286987304688e-01 2.237575352191925049e-01 1.988028585910797119e-01 1.887163221836090088e-01 2.000000000000000000e+00
2.246523350477218628e-01 2.248315662145614624e-01 2.257390469312667847e-01 2.194826900959014893e-01 2.228182256221771240e-01 0.000000000000000000e+00
2.076392322778701782e-01 2.581810355186462402e-01 2.494575083255767822e-01 2.459918260574340820e-01 2.429599910974502563e-01 0.000000000000000000e+00
2.380190491676330566e-01 2.389180809259414673e-01 2.381655573844909668e-01 2.423262298107147217e-01 2.042648494243621826e-01 0.000000000000000000e+00
2.295918762683868408e-01 2.278562784194946289e-01 2.190101295709609985e-01 2.192276269197463989e-01 2.338016927242279053e-01 0.000000000000000000e+00
1.743700653314590454e-01 2.570792138576507568e-01 2.521275281906127930e-01 2.328538000583648682e-01 2.470425814390182495e-01 0.000000000000000000e+00
1.951630413532257080e-01 2.268843054771423340e-01 2.313040196895599365e-01 2.293029129505157471e-01 2.374342381954193115e-01 0.000000000000000000e+00
2.009367942810058594e-01 2.032665312290191650e-01 1.995068937540054321e-01 2.319304198026657104e-01 2.337854951620101929e-01 0.000000000000000000e+00
6.052209809422492981e-02 2.722562849521636963e-01 3.380227088928222656e-01 2.459642440080642700e-01 3.293143212795257568e-01 0.000000000000000000e+00
-1.309693753719329834e-01 -1.776565015316009521e-01 3.020688593387603760e-01 3.661836683750152588e-01 4.016426205635070801e-01 0.000000000000000000e+00
-9.158058464527130127e-02 -2.893219888210296631e-02 1.759943366050720215e-01 1.021877303719520569e-01 1.968538612127304077e-01 0.000000000000000000e+00
-2.488181889057159424e-01 -2.458240240812301636e-01 -7.459032535552978516e-02 -1.300924569368362427e-01 -2.123124152421951294e-01 0.000000000000000000e+00
-2.337788641452789307e-01 -2.432474941015243530e-01 -3.097195625305175781e-01 -2.874620854854583740e-01 -2.745550274848937988e-01 0.000000000000000000e+00
-9.611584991216659546e-02 -3.662620112299919128e-02 1.516648661345243454e-02 1.811523884534835815e-01 1.397055238485336304e-01 0.000000000000000000e+00
1.847017407417297363e-01 2.535954415798187256e-01 2.727257907390594482e-01 2.785568535327911377e-01 2.491301745176315308e-01 0.000000000000000000e+00
6.951454281806945801e-02 1.873080283403396606e-01 2.275705635547637939e-01 3.073152899742126465e-01 3.457550406455993652e-01 0.000000000000000000e+00
-2.134809494018554688e-01 -1.987300813198089600e-01 1.747285574674606323e-02 1.412898749113082886e-01 1.954046487808227539e-01 0.000000000000000000e+00
1.627882570028305054e-01 8.044725656509399414e-02 -6.720155011862516403e-03 4.461757489480078220e-04 4.900812054984271526e-04 0.000000000000000000e+00
2.155180126428604126e-01 2.200114428997039795e-01 2.176023870706558228e-01 2.301216423511505127e-01 2.345415651798248291e-01 0.000000000000000000e+00
2.210521697998046875e-01 2.192502319812774658e-01 2.063323557376861572e-01 2.235565185546875000e-01 1.852905303239822388e-01 0.000000000000000000e+00
2.241460680961608887e-01 2.130230516195297241e-01 2.241825014352798462e-01 2.203028351068496704e-01 2.182358354330062866e-01 0.000000000000000000e+00
2.226557582616806030e-01 2.130053788423538208e-01 2.076001316308975220e-01 2.008384764194488525e-01 1.992898434400558472e-01 0.000000000000000000e+00
2.085671424865722656e-01 1.923738718032836914e-01 1.904857605695724487e-01 1.846216171979904175e-01 1.805350333452224731e-01 0.000000000000000000e+00
1.452033370733261108e-01 1.233264952898025513e-01 1.652504950761795044e-01 1.975142508745193481e-01 2.018348872661590576e-01 0.000000000000000000e+00
9.875151515007019043e-02 2.307065874338150024e-01 2.775497138500213623e-01 2.492049932479858398e-01 1.582974493503570557e-01 0.000000000000000000e+00
-2.859526313841342926e-02 1.052620261907577515e-01 2.337173521518707275e-01 2.849341034889221191e-01 2.932012081146240234e-01 0.000000000000000000e+00
4.706345964223146439e-03 3.504691272974014282e-02 1.290440410375595093e-01 1.413144171237945557e-01 1.706087142229080200e-01 0.000000000000000000e+00
1.534655541181564331e-01 2.617086172103881836e-01 2.450387179851531982e-01 1.599959433078765869e-01 5.444008857011795044e-02 0.000000000000000000e+00
1.790899336338043213e-01 1.672702729701995850e-01 1.740544438362121582e-01 1.999287307262420654e-01 2.230321466922760010e-01 0.000000000000000000e+00
2.153797596693038940e-01 2.731001377105712891e-01 3.216860890388488770e-01 3.183196485042572021e-01 3.221837580204010010e-01 0.000000000000000000e+00
1.607377231121063232e-01 1.731121838092803955e-01 2.313904762268066406e-01 3.072822690010070801e-01 3.507198095321655273e-01 0.000000000000000000e+00
1.831822246313095093e-01 1.753632575273513794e-01 1.935152560472488403e-01 2.524568438529968262e-01 2.914455533027648926e-01 0.000000000000000000e+00
2.075233459472656250e-01 1.686936169862747192e-01 1.202462762594223022e-01 1.273539215326309204e-01 -6.697286665439605713e-02 0.000000000000000000e+00
1.955112814903259277e-01 2.322605997323989868e-01 2.216260135173797607e-01 2.088874280452728271e-01 2.649016976356506348e-01 0.000000000000000000e+00
2.194689363241195679e-01 1.685010045766830444e-01 2.245797365903854370e-01 2.183547168970108032e-01 2.137120962142944336e-01 0.000000000000000000e+00
2.082960456609725952e-01 2.073613703250885010e-01 2.116098105907440186e-01 1.921765804290771484e-01 2.219135761260986328e-01 0.000000000000000000e+00
1.154626831412315369e-01 1.476475000381469727e-01 1.929360926151275635e-01 1.851740479469299316e-01 2.067741453647613525e-01 0.000000000000000000e+00
2.448211014270782471e-01 2.434188723564147949e-01 2.652730643749237061e-01 2.484443038702011108e-01 2.330576777458190918e-01 0.000000000000000000e+00
2.026699632406234741e-01 2.018644213676452637e-01 2.060619741678237915e-01 2.162551730871200562e-01 2.410281300544738770e-01 0.000000000000000000e+00
1.990767270326614380e-01 2.034490853548049927e-01 2.018529325723648071e-01 2.012463361024856567e-01 2.029527872800827026e-01 0.000000000000000000e+00
1.990819871425628662e-01 2.208444327116012573e-01 2.371963262557983398e-01 2.312618046998977661e-01 2.297414690256118774e-01 0.000000000000000000e+00
2.091047614812850952e-01 2.116700708866119385e-01 2.179876714944839478e-01 2.316348403692245483e-01 2.276475578546524048e-01 0.000000000000000000e+00
