2.794860303401947021e-01 2.251652628183364868e-01 3.409956991672515869e-01 3.060034215450286865e-01 3.362460136413574219e-01 0.000000000000000000e+00
-4.351781308650970459e-02 -9.842506796121597290e-02 -1.721694916486740112e-01 -1.654904931783676147e-01 2.155043650418519974e-03 0.000000000000000000e+00
-5.425990372896194458e-02 -1.363236904144287109e-01 -4.995975270867347717e-02 -1.279259175062179565e-01 -1.007541343569755554e-01 0.000000000000000000e+00
2.226564288139343262e-01 1.747786998748779297e-01 1.627962291240692139e-01 7.694621384143829346e-02 7.625754922628402710e-02 0.000000000000000000e+00
3.659881353378295898e-01 2.243235707283020020e-01 2.308915555477142334e-01 4.315402209758758545e-01 3.798774182796478271e-01 0.000000000000000000e+00
4.219368398189544678e-01 5.007507205009460449e-01 5.229121446609497070e-01 5.591543912887573242e-01 4.552192091941833496e-01 0.000000000000000000e+00
4.404746890068054199e-01 4.862897396087646484e-01 6.073599457740783691e-01 5.746884346008300781e-01 5.927940607070922852e-01 0.000000000000000000e+00
2.729974687099456787e-01 3.015413880348205566e-01 4.545643925666809082e-01 4.611559212207794189e-01 5.018150806427001953e-01 0.000000000000000000e+00
3.029884696006774902e-01 3.373399972915649414e-01 3.583976924419403076e-01 3.122077584266662598e-01 2.761639952659606934e-01 0.000000000000000000e+00
2.084998935461044312e-01 3.147074282169342041e-01 2.462992221117019653e-01 2.113080173730850220e-01 3.265782594680786133e-01 0.000000000000000000e+00
1.180191263556480408e-01 2.503396868705749512e-01 4.282580316066741943e-01 3.723969161510467529e-01 3.451002240180969238e-01 0.000000000000000000e+00
9.974754601716995239e-02 2.225824445486068726e-01 2.889565229415893555e-01 1.796494871377944946e-01 2.213931679725646973e-01 0.000000000000000000e+00
1.924093961715698242e-01 2.304260879755020142e-01 1.898543983697891235e-01 2.641873657703399658e-01 2.050828784704208374e-01 0.000000000000000000e+00
2.498631179332733154e-01 2.408525049686431885e-01 3.095233440399169922e-01 3.931937813758850098e-01 2.784365415573120117e-01 0.000000000000000000e+00
6.665395498275756836e-01 6.560519933700561523e-01 7.362862825393676758e-01 7.659928202629089355e-01 7.265442013740539551e-01 0.000000000000000000e+00
2.142555713653564453e-01 2.888531684875488281e-01 3.882980942726135254e-01 4.391097128391265869e-01 4.097475111484527588e-01 0.000000000000000000e+00
5.036534667015075684e-01 6.077424287796020508e-01 5.995750427246093750e-01 6.397302150726318359e-01 5.779346227645874023e-01 0.000000000000000000e+00
2.566584050655364990e-01 4.103016853332519531e-01 4.680004119873046875e-01 5.063567161560058594e-01 5.967507362365722656e-01 0.000000000000000000e+00
3.041550219058990479e-01 5.640306472778320312e-01 6.924014091491699219e-01 7.073874473571777344e-01 6.955226659774780273e-01 0.000000000000000000e+00
3.921101391315460205e-01 5.804346203804016113e-01 8.208163380622863770e-01 7.982349991798400879e-01 7.951864600181579590e-01 0.000000000000000000e+00
1.768392175436019897e-01 3.336140513420104980e-01 6.011264920234680176e-01 6.818214654922485352e-01 6.342014074325561523e-01 0.000000000000000000e+00
6.049330234527587891e-01 7.114158272743225098e-01 7.203612327575683594e-01 7.066886425018310547e-01 7.400492429733276367e-01 0.000000000000000000e+00
4.959776997566223145e-01 5.606046915054321289e-01 5.762864351272583008e-01 6.117630004882812500e-01 6.439500451087951660e-01 0.000000000000000000e+00
4.320813715457916260e-02 4.233740270137786865e-01 5.481953620910644531e-01 4.949951469898223877e-01 4.206450879573822021e-01 0.000000000000000000e+00
2.013667374849319458e-01 2.296023257076740265e-02 -2.929200604557991028e-02 -1.216933950781822205e-01 -2.242048829793930054e-02 0.000000000000000000e+00
7.391736656427383423e-02 9.704578667879104614e-02 2.080054730176925659e-01 2.587876319885253906e-01 2.833180427551269531e-01 0.000000000000000000e+00
5.602259635925292969e-01 5.382534861564636230e-01 3.752527534961700439e-01 2.796052694320678711e-01 1.982744783163070679e-01 0.000000000000000000e+00
3.807031810283660889e-01 3.525493741035461426e-01 4.329523742198944092e-01 4.827773869037628174e-01 6.125676631927490234e-01 0.000000000000000000e+00
4.360108375549316406e-01 6.058776378631591797e-01 6.976557970046997070e-01 6.567730903625488281e-01 6.858351230621337891e-01 0.000000000000000000e+00
6.027513146400451660e-01 6.979447603225708008e-01 6.928669810295104980e-01 6.774637699127197266e-01 7.556068897247314453e-01 0.000000000000000000e+00
5.948777198791503906e-01 6.340209245681762695e-01 6.576783061027526855e-01 7.437848448753356934e-01 7.259571552276611328e-01 0.000000000000000000e+00
-1.059192121028900146e-01 7.021082192659378052e-02 9.950412064790725708e-02 4.108499586582183838e-01 6.238638758659362793e-01 0.000000000000000000e+00
-2.049697041511535645e-01 -2.365059852600097656e-01 -2.421325445175170898e-01 -1.908189356327056885e-01 -1.501133441925048828e-01 0.000000000000000000e+00
-6.430018693208694458e-02 -2.578765451908111572e-01 -2.632448077201843262e-01 -2.691035866737365723e-01 -2.710851132869720459e-01 0.000000000000000000e+00
-4.326537996530532837e-02 -1.360178738832473755e-01 8.719871193170547485e-02 2.824459373950958252e-01 1.511197686195373535e-01 0.000000000000000000e+00
4.578064680099487305e-01 6.453846693038940430e-01 6.560781002044677734e-01 6.985452175140380859e-01 6.557085514068603516e-01 0.000000000000000000e+00
4.893168509006500244e-01 6.801074743270874023e-01 7.849487662315368652e-01 8.249107599258422852e-01 7.703696489334106445e-01 0.000000000000000000e+00
5.606021285057067871e-01 7.242295145988464355e-01 7.983741760253906250e-01 7.891170978546142578e-01 7.656540870666503906e-01 0.000000000000000000e+00
5.571728944778442383e-01 6.339336633682250977e-01 7.500839233398437500e-01 7.672358751296997070e-01 7.872232198715209961e-01 0.000000000000000000e+00
4.365297555923461914e-01 5.733618140220642090e-01 6.185224056243896484e-01 6.483517885208129883e-01 6.806118488311767578e-01 0.000000000000000000e+00
5.067387223243713379e-01 6.922867298126220703e-01 7.496727705001831055e-01 7.737746238708496094e-01 8.037253022193908691e-01 0.000000000000000000e+00
2.398242950439453125e-01 5.751986503601074219e-01 7.283700704574584961e-01 7.331433296203613281e-01 7.873659133911132812e-01 0.000000000000000000e+00
4.243898093700408936e-01 5.127117633819580078e-01 5.281512737274169922e-01 6.007487773895263672e-01 5.158532261848449707e-01 1.000000000000000000e+00
3.739254772663116455e-01 5.315471291542053223e-01 5.577901601791381836e-01 6.753185987472534180e-01 6.383047103881835938e-01 2.000000000000000000e+00
4.243898093700408936e-01 5.127117633819580078e-01 5.281512737274169922e-01 6.007487773895263672e-01 5.158532261848449707e-01 1.000000000000000000e+00
3.739254772663116455e-01 5.315471291542053223e-01 5.577901601791381836e-01 6.753185987472534180e-01 6.383047103881835938e-01 2.000000000000000000e+00
4.243898093700408936e-01 5.127117633819580078e-01 5.281512737274169922e-01 6.007487773895263672e-01 5.158532261848449707e-01 1.000000000000000000e+00
3.739254772663116455e-01 5.315471291542053223e-01 5.577901601791381836e-01 6.753185987472534180e-01 6.383047103881835938e-01 2.000000000000000000e+00
4.243898093700408936e-01 5.127117633819580078e-01 5.281512737274169922e-01 6.007487773895263672e-01 5.158532261848449707e-01 1.000000000000000000e+00
3.739254772663116455e-01 5.315471291542053223e-01 5.577901601791381836e-01 6.753185987472534180e-01 6.383047103881835938e-01 2.000000000000000000e+00
4.243898093700408936e-01 5.127117633819580078e-01 5.281512737274169922e-01 6.007487773895263672e-01 5.158532261848449707e-01 1.000000000000000000e+00
3.739254772663116455e-01 5.315471291542053223e-01 5.577901601791381836e-01 6.753185987472534180e-01 6.383047103881835938e-01 2.000000000000000000e+00
4.243898093700408936e-01 5.127117633819580078e-01 5.281512737274169922e-01 6.007487773895263672e-01 5.158532261848449707e-01 1.000000000000000000e+00
3.739254772663116455e-01 5.315471291542053223e-01 5.577901601791381836e-01 6.753185987472534180e-01 6.383047103881835938e-01 2.000000000000000000e+00
4.243898093700408936e-01 5.127117633819580078e-01 5.281512737274169922e-01 6.007487773895263672e-01 5.158532261848449707e-01 1.000000000000000000e+00
3.739254772663116455e-01 5.315471291542053223e-01 5.577901601791381836e-01 6.753185987472534180e-01 6.383047103881835938e-01 2.000000000000000000e+00
4.243898093700408936e-01 5.127117633819580078e-01 5.281512737274169922e-01 6.007487773895263672e-01 5.158532261848449707e-01 1.000000000000000000e+00
3.739254772663116455e-01 5.315471291542053223e-01 5.577901601791381836e-01 6.753185987472534180e-01 6.383047103881835938e-01 2.000000000000000000e+00
4.243898093700408936e-01 5.127117633819580078e-01 5.281512737274169922e-01 6.007487773895263672e-01 5.158532261848449707e-01 1.000000000000000000e+00
3.739254772663116455e-01 5.315471291542053223e-01 5.577901601791381836e-01 6.753185987472534180e-01 6.383047103881835938e-01 2.000000000000000000e+00
4.243898093700408936e-01 5.127117633819580078e-01 5.281512737274169922e-01 6.007487773895263672e-01 5.158532261848449707e-01 1.000000000000000000e+00
3.739254772663116455e-01 5.315471291542053223e-01 5.577901601791381836e-01 6.753185987472534180e-01 6.383047103881835938e-01 2.000000000000000000e+00
4.980304837226867676e-01 6.817531585693359375e-01 6.951907873153686523e-01 7.017538547515869141e-01 7.429443001747131348e-01 0.000000000000000000e+00
1.465443968772888184e-01 3.411829769611358643e-01 5.072352886199951172e-01 5.306912064552307129e-01 6.523734927177429199e-01 0.000000000000000000e+00
3.430077731609344482e-01 5.684424638748168945e-01 6.332229375839233398e-01 6.449930071830749512e-01 5.358849763870239258e-01 0.000000000000000000e+00
3.415812253952026367e-01 5.328499674797058105e-01 5.708649754524230957e-01 6.018139719963073730e-01 5.632219910621643066e-01 0.000000000000000000e+00
-5.188519135117530823e-03 1.480253934860229492e-01 -4.916302487254142761e-02 -1.458945125341415405e-01 5.226629227399826050e-02 0.000000000000000000e+00
5.874105691909790039e-01 6.749891042709350586e-01 6.785587072372436523e-01 7.595471143722534180e-01 6.835649013519287109e-01 0.000000000000000000e+00
4.253042340278625488e-01 6.899236440658569336e-01 7.027026414871215820e-01 7.317698597908020020e-01 7.430773377418518066e-01 0.000000000000000000e+00
6.052697896957397461e-01 6.909927725791931152e-01 7.594522833824157715e-01 7.893050909042358398e-01 7.810988426208496094e-01 0.000000000000000000e+00
6.444849371910095215e-01 7.469570040702819824e-01 7.805641889572143555e-01 7.789149284362792969e-01 8.190155029296875000e-01 0.000000000000000000e+00
5.760467052459716797e-01 6.886913776397705078e-01 6.795533895492553711e-01 7.270392179489135742e-01 7.088222503662109375e-01 0.000000000000000000e+00
5.509105920791625977e-01 6.460816860198974609e-01 6.869481205940246582e-01 6.911290884017944336e-01 7.316952943801879883e-01 0.000000000000000000e+00
5.304714441299438477e-01 6.118669509887695312e-01 6.513753533363342285e-01 6.891956925392150879e-01 6.938923001289367676e-01 0.000000000000000000e+00
5.223017930984497070e-01 6.104799509048461914e-01 6.460909843444824219e-01 6.596199274063110352e-01 6.712073087692260742e-01 0.000000000000000000e+00
5.379048585891723633e-01 6.154940128326416016e-01 6.427761316299438477e-01 6.760173439979553223e-01 6.859805583953857422e-01 0.000000000000000000e+00
6.146470308303833008e-01 6.776294112205505371e-01 7.316231131553649902e-01 7.364783883094787598e-01 6.951221227645874023e-01 0.000000000000000000e+00
7.536023855209350586e-01 8.930298089981079102e-01 8.825759887695312500e-01 8.722130060195922852e-01 8.322929143905639648e-01 0.000000000000000000e+00
6.085135936737060547e-01 7.511935234069824219e-01 8.729467391967773438e-01 9.194011092185974121e-01 9.028224945068359375e-01 0.000000000000000000e+00
5.627074241638183594e-01 7.309696674346923828e-01 7.750430107116699219e-01 8.085738420486450195e-01 7.652971148490905762e-01 0.000000000000000000e+00
6.673164367675781250e-01 7.015990018844604492e-01 7.433100342750549316e-01 7.869710922241210938e-01 8.159272074699401855e-01 0.000000000000000000e+00
2.787861824035644531e-01 1.896699965000152588e-01 3.580991923809051514e-02 2.591485381126403809e-01 3.240318000316619873e-01 1.000000000000000000e+00
4.391418099403381348e-01 4.758222103118896484e-01 6.320856809616088867e-01 6.484053134918212891e-01 6.533466577529907227e-01 2.000000000000000000e+00
2.787861824035644531e-01 1.896699965000152588e-01 3.580991923809051514e-02 2.591485381126403809e-01 3.240318000316619873e-01 1.000000000000000000e+00
4.391418099403381348e-01 4.758222103118896484e-01 6.320856809616088867e-01 6.484053134918212891e-01 6.533466577529907227e-01 2.000000000000000000e+00
2.787861824035644531e-01 1.896699965000152588e-01 3.580991923809051514e-02 2.591485381126403809e-01 3.240318000316619873e-01 1.000000000000000000e+00
4.391418099403381348e-01 4.758222103118896484e-01 6.320856809616088867e-01 6.484053134918212891e-01 6.533466577529907227e-01 2.000000000000000000e+00
2.787861824035644531e-01 1.896699965000152588e-01 3.580991923809051514e-02 2.591485381126403809e-01 3.240318000316619873e-01 1.000000000000000000e+00
4.391418099403381348e-01 4.758222103118896484e-01 6.320856809616088867e-01 6.484053134918212891e-01 6.533466577529907227e-01 2.000000000000000000e+00
2.787861824035644531e-01 1.896699965000152588e-01 3.580991923809051514e-02 2.591485381126403809e-01 3.240318000316619873e-01 1.000000000000000000e+00
4.391418099403381348e-01 4.758222103118896484e-01 6.320856809616088867e-01 6.484053134918212891e-01 6.533466577529907227e-01 2.000000000000000000e+00
2.787861824035644531e-01 1.896699965000152588e-01 3.580991923809051514e-02 2.591485381126403809e-01 3.240318000316619873e-01 1.000000000000000000e+00
4.391418099403381348e-01 4.758222103118896484e-01 6.320856809616088867e-01 6.484053134918212891e-01 6.533466577529907227e-01 2.000000000000000000e+00
2.787861824035644531e-01 1.896699965000152588e-01 3.580991923809051514e-02 2.591485381126403809e-01 3.240318000316619873e-01 1.000000000000000000e+00
4.391418099403381348e-01 4.758222103118896484e-01 6.320856809616088867e-01 6.484053134918212891e-01 6.533466577529907227e-01 2.000000000000000000e+00
2.787861824035644531e-01 1.896699965000152588e-01 3.580991923809051514e-02 2.591485381126403809e-01 3.240318000316619873e-01 1.000000000000000000e+00
4.391418099403381348e-01 4.758222103118896484e-01 6.320856809616088867e-01 6.484053134918212891e-01 6.533466577529907227e-01 2.000000000000000000e+00
2.787861824035644531e-01 1.896699965000152588e-01 3.580991923809051514e-02 2.591485381126403809e-01 3.240318000316619873e-01 1.000000000000000000e+00
4.391418099403381348e-01 4.758222103118896484e-01 6.320856809616088867e-01 6.484053134918212891e-01 6.533466577529907227e-01 2.000000000000000000e+00
2.787861824035644531e-01 1.896699965000152588e-01 3.580991923809051514e-02 2.591485381126403809e-01 3.240318000316619873e-01 1.000000000000000000e+00
4.391418099403381348e-01 4.758222103118896484e-01 6.320856809616088867e-01 6.484053134918212891e-01 6.533466577529907227e-01 2.000000000000000000e+00
1.592783480882644653e-01 3.817705810070037842e-01 4.427732229232788086e-01 3.992623388767242432e-01 5.963774919509887695e-01 0.000000000000000000e+00
2.893778979778289795e-01 -5.086489953100681305e-03 -1.576079130172729492e-01 4.168317019939422607e-01 2.693875730037689209e-01 0.000000000000000000e+00
4.908845126628875732e-01 7.164588570594787598e-01 7.145482301712036133e-01 6.254131793975830078e-01 6.038833856582641602e-01 0.000000000000000000e+00
6.915800571441650391e-01 7.331645488739013672e-01 7.616252303123474121e-01 7.843188047409057617e-01 7.290078401565551758e-01 0.000000000000000000e+00
6.309343576431274414e-01 7.089370489120483398e-01 8.166840672492980957e-01 7.661632299423217773e-01 8.019422292709350586e-01 0.000000000000000000e+00
7.718972861766815186e-02 8.047372102737426758e-02 2.290251404047012329e-01 -5.225047096610069275e-02 -2.112987935543060303e-01 1.000000000000000000e+00
2.218730747699737549e-03 2.118657380342483521e-01 -9.277656674385070801e-02 1.995968967676162720e-01 1.745535284280776978e-01 2.000000000000000000e+00
7.718972861766815186e-02 8.047372102737426758e-02 2.290251404047012329e-01 -5.225047096610069275e-02 -2.112987935543060303e-01 1.000000000000000000e+00
2.218730747699737549e-03 2.118657380342483521e-01 -9.277656674385070801e-02 1.995968967676162720e-01 1.745535284280776978e-01 2.000000000000000000e+00
7.718972861766815186e-02 8.047372102737426758e-02 2.290251404047012329e-01 -5.225047096610069275e-02 -2.112987935543060303e-01 1.000000000000000000e+00
2.218730747699737549e-03 2.118657380342483521e-01 -9.277656674385070801e-02 1.995968967676162720e-01 1.745535284280776978e-01 2.000000000000000000e+00
7.718972861766815186e-02 8.047372102737426758e-02 2.290251404047012329e-01 -5.225047096610069275e-02 -2.112987935543060303e-01 1.000000000000000000e+00
2.218730747699737549e-03 2.118657380342483521e-01 -9.277656674385070801e-02 1.995968967676162720e-01 1.745535284280776978e-01 2.000000000000000000e+00
7.718972861766815186e-02 8.047372102737426758e-02 2.290251404047012329e-01 -5.225047096610069275e-02 -2.112987935543060303e-01 1.000000000000000000e+00
2.218730747699737549e-03 2.118657380342483521e-01 -9.277656674385070801e-02 1.995968967676162720e-01 1.745535284280776978e-01 2.000000000000000000e+00
7.718972861766815186e-02 8.047372102737426758e-02 2.290251404047012329e-01 -5.225047096610069275e-02 -2.112987935543060303e-01 1.000000000000000000e+00
2.218730747699737549e-03 2.118657380342483521e-01 -9.277656674385070801e-02 1.995968967676162720e-01 1.745535284280776978e-01 2.000000000000000000e+00
7.718972861766815186e-02 8.047372102737426758e-02 2.290251404047012329e-01 -5.225047096610069275e-02 -2.112987935543060303e-01 1.000000000000000000e+00
2.218730747699737549e-03 2.118657380342483521e-01 -9.277656674385070801e-02 1.995968967676162720e-01 1.745535284280776978e-01 2.000000000000000000e+00
7.718972861766815186e-02 8.047372102737426758e-02 2.290251404047012329e-01 -5.225047096610069275e-02 -2.112987935543060303e-01 1.000000000000000000e+00
2.218730747699737549e-03 2.118657380342483521e-01 -9.277656674385070801e-02 1.995968967676162720e-01 1.745535284280776978e-01 2.000000000000000000e+00
7.718972861766815186e-02 8.047372102737426758e-02 2.290251404047012329e-01 -5.225047096610069275e-02 -2.112987935543060303e-01 1.000000000000000000e+00
2.218730747699737549e-03 2.118657380342483521e-01 -9.277656674385070801e-02 1.995968967676162720e-01 1.745535284280776978e-01 2.000000000000000000e+00
7.718972861766815186e-02 8.047372102737426758e-02 2.290251404047012329e-01 -5.225047096610069275e-02 -2.112987935543060303e-01 1.000000000000000000e+00
2.218730747699737549e-03 2.118657380342483521e-01 -9.277656674385070801e-02 1.995968967676162720e-01 1.745535284280776978e-01 2.000000000000000000e+00
5.762294530868530273e-01 6.510252356529235840e-01 6.749120950698852539e-01 6.530454754829406738e-01 7.307444810867309570e-01 0.000000000000000000e+00
5.872222185134887695e-01 6.971774697303771973e-01 7.300393581390380859e-01 7.874487638473510742e-01 7.948624491691589355e-01 0.000000000000000000e+00
4.302898645401000977e-01 6.002768278121948242e-01 7.531012296676635742e-01 7.452066540718078613e-01 7.038113474845886230e-01 0.000000000000000000e+00
3.298306763172149658e-01 5.532686710357666016e-01 6.577038764953613281e-01 6.815803050994873047e-01 6.778129935264587402e-01 0.000000000000000000e+00
3.696256875991821289e-01 4.991105198860168457e-01 5.529189109802246094e-01 5.668750405311584473e-01 6.044274568557739258e-01 0.000000000000000000e+00
4.577628374099731445e-01 6.112743616104125977e-01 6.400840878486633301e-01 6.773966550827026367e-01 6.874014139175415039e-01 0.000000000000000000e+00
5.603306293487548828e-01 6.096818447113037109e-01 6.257376670837402344e-01 6.643873453140258789e-01 6.786924600601196289e-01 0.000000000000000000e+00
4.972980320453643799e-01 5.401504039764404297e-01 6.121572256088256836e-01 6.175726652145385742e-01 6.915908455848693848e-01 0.000000000000000000e+00
6.559506058692932129e-01 7.634156942367553711e-01 8.124604225158691406e-01 8.828946352005004883e-01 8.664436936378479004e-01 0.000000000000000000e+00
1.780062913894653320e-01 4.781979918479919434e-01 6.732628941535949707e-01 7.362002730369567871e-01 7.868288159370422363e-01 0.000000000000000000e+00
1.521562188863754272e-01 3.860428333282470703e-01 6.760617494583129883e-01 7.721629738807678223e-01 7.891774177551269531e-01 0.000000000000000000e+00
4.781844913959503174e-01 7.455253601074218750e-01 7.281500101089477539e-01 7.338439226150512695e-01 8.096001148223876953e-01 0.000000000000000000e+00
5.576103329658508301e-01 7.305849790573120117e-01 8.517422676086425781e-01 8.279762268066406250e-01 7.848938107490539551e-01 0.000000000000000000e+00
4.732013940811157227e-01 6.818782091140747070e-01 6.522190570831298828e-01 5.853255987167358398e-01 6.303598284721374512e-01 0.000000000000000000e+00
5.885683298110961914e-01 6.991575360298156738e-01 7.496047019958496094e-01 7.905766367912292480e-01 7.712106108665466309e-01 0.000000000000000000e+00
6.461250782012939453e-01 7.406417131423950195e-01 7.767034173011779785e-01 7.740671038627624512e-01 7.631896138191223145e-01 0.000000000000000000e+00
7.278108596801757812e-01 7.807108163833618164e-01 8.251545429229736328e-01 8.501667380332946777e-01 8.620433807373046875e-01 0.000000000000000000e+00
6.921619176864624023e-01 7.732910513877868652e-01 7.984815835952758789e-01 8.454382419586181641e-01 8.463178873062133789e-01 0.000000000000000000e+00
6.377621293067932129e-01 6.985244750976562500e-01 7.232761383056640625e-01 7.311750650405883789e-01 8.157111406326293945e-01 0.000000000000000000e+00
6.116599440574645996e-01 6.987822055816650391e-01 7.608656883239746094e-01 7.530940771102905273e-01 7.786880731582641602e-01 0.000000000000000000e+00
6.280562877655029297e-01 7.052056193351745605e-01 7.352087497711181641e-01 8.123332858085632324e-01 7.625606060028076172e-01 0.000000000000000000e+00
4.530011117458343506e-01 5.375710129737854004e-01 6.677290201187133789e-01 6.342538595199584961e-01 6.468455791473388672e-01 0.000000000000000000e+00
6.206549406051635742e-01 7.291163206100463867e-01 7.317930459976196289e-01 7.330315709114074707e-01 8.215417265892028809e-01 0.000000000000000000e+00
5.131959319114685059e-01 7.563039660453796387e-01 7.386429309844970703e-01 8.060281276702880859e-01 8.257717490196228027e-01 0.000000000000000000e+00
5.445960760116577148e-01 6.535413265228271484e-01 7.168855071067810059e-01 7.574412822723388672e-01 7.373899221420288086e-01 0.000000000000000000e+00
6.939309835433959961e-01 8.458657860755920410e-01 8.936053514480590820e-01 8.726775646209716797e-01 8.857327699661254883e-01 0.000000000000000000e+00
5.601406097412109375e-01 7.992310523986816406e-01 7.572989463806152344e-01 8.170145750045776367e-01 7.957468032836914062e-01 0.000000000000000000e+00
-1.966635510325431824e-02 -8.920710533857345581e-02 -3.100935220718383789e-01 1.518800854682922363e-01 3.550481796264648438e-01 1.000000000000000000e+00
3.861316144466400146e-01 3.662186563014984131e-01 5.567256808280944824e-01 4.579865932464599609e-01 2.604113519191741943e-01 2.000000000000000000e+00
-1.966635510325431824e-02 -8.920710533857345581e-02 -3.100935220718383789e-01 1.518800854682922363e-01 3.550481796264648438e-01 1.000000000000000000e+00
3.861316144466400146e-01 3.662186563014984131e-01 5.567256808280944824e-01 4.579865932464599609e-01 2.604113519191741943e-01 2.000000000000000000e+00
-1.966635510325431824e-02 -8.920710533857345581e-02 -3.100935220718383789e-01 1.518800854682922363e-01 3.550481796264648438e-01 1.000000000000000000e+00
3.861316144466400146e-01 3.662186563014984131e-01 5.567256808280944824e-01 4.579865932464599609e-01 2.604113519191741943e-01 2.000000000000000000e+00
-1.966635510325431824e-02 -8.920710533857345581e-02 -3.100935220718383789e-01 1.518800854682922363e-01 3.550481796264648438e-01 1.000000000000000000e+00
3.861316144466400146e-01 3.662186563014984131e-01 5.567256808280944824e-01 4.579865932464599609e-01 2.604113519191741943e-01 2.000000000000000000e+00
-1.966635510325431824e-02 -8.920710533857345581e-02 -3.100935220718383789e-01 1.518800854682922363e-01 3.550481796264648438e-01 1.000000000000000000e+00
3.861316144466400146e-01 3.662186563014984131e-01 5.567256808280944824e-01 4.579865932464599609e-01 2.604113519191741943e-01 2.000000000000000000e+00
-1.966635510325431824e-02 -8.920710533857345581e-02 -3.100935220718383789e-01 1.518800854682922363e-01 3.550481796264648438e-01 1.000000000000000000e+00
3.861316144466400146e-01 3.662186563014984131e-01 5.567256808280944824e-01 4.579865932464599609e-01 2.604113519191741943e-01 2.000000000000000000e+00
-1.966635510325431824e-02 -8.920710533857345581e-02 -3.100935220718383789e-01 1.518800854682922363e-01 3.550481796264648438e-01 1.000000000000000000e+00
3.861316144466400146e-01 3.662186563014984131e-01 5.567256808280944824e-01 4.579865932464599609e-01 2.604113519191741943e-01 2.000000000000000000e+00
-1.966635510325431824e-02 -8.920710533857345581e-02 -3.100935220718383789e-01 1.518800854682922363e-01 3.550481796264648438e-01 1.000000000000000000e+00
3.861316144466400146e-01 3.662186563014984131e-01 5.567256808280944824e-01 4.579865932464599609e-01 2.604113519191741943e-01 2.000000000000000000e+00
-1.966635510325431824e-02 -8.920710533857345581e-02 -3.100935220718383789e-01 1.518800854682922363e-01 3.550481796264648438e-01 1.000000000000000000e+00
3.861316144466400146e-01 3.662186563014984131e-01 5.567256808280944824e-01 4.579865932464599609e-01 2.604113519191741943e-01 2.000000000000000000e+00
-1.966635510325431824e-02 -8.920710533857345581e-02 -3.100935220718383789e-01 1.518800854682922363e-01 3.550481796264648438e-01 1.000000000000000000e+00
3.861316144466400146e-01 3.662186563014984131e-01 5.567256808280944824e-01 4.579865932464599609e-01 2.604113519191741943e-01 2.000000000000000000e+00
6.533080339431762695e-01 7.877167463302612305e-01 8.175778388977050781e-01 8.695048689842224121e-01 8.537799119949340820e-01 0.000000000000000000e+00
7.039380073547363281e-01 7.988233566284179688e-01 8.173986077308654785e-01 8.008767366409301758e-01 7.774144411087036133e-01 0.000000000000000000e+00
6.470375061035156250e-01 7.718703746795654297e-01 8.049324750900268555e-01 8.339951038360595703e-01 8.347476720809936523e-01 0.000000000000000000e+00
6.500682830810546875e-01 8.012831807136535645e-01 8.136581778526306152e-01 8.373290300369262695e-01 7.967253923416137695e-01 0.000000000000000000e+00
6.399059295654296875e-01 8.213424086570739746e-01 8.406997919082641602e-01 8.259443640708923340e-01 8.427464962005615234e-01 0.000000000000000000e+00
6.703820824623107910e-01 8.544854521751403809e-01 8.782136440277099609e-01 8.768215775489807129e-01 9.002449512481689453e-01 0.000000000000000000e+00
6.408368945121765137e-01 8.180053830146789551e-01 8.371358513832092285e-01 8.620480298995971680e-01 8.724637031555175781e-01 0.000000000000000000e+00
1.536710709333419800e-01 2.720625996589660645e-01 1.387588083744049072e-01 -8.811169117689132690e-02 -1.016171500086784363e-01 0.000000000000000000e+00
6.714148074388504028e-02 1.356628686189651489e-01 -4.675691947340965271e-02 -1.675152033567428589e-01 -7.634424418210983276e-02 0.000000000000000000e+00
4.314462095499038696e-02 -8.556073904037475586e-02 2.543060854077339172e-02 1.453809440135955811e-01 -1.166115142405033112e-02 0.000000000000000000e+00
2.056637108325958252e-01 1.749477088451385498e-01 1.300757378339767456e-01 1.469440460205078125e-01 1.137771457433700562e-01 0.000000000000000000e+00
3.876500129699707031e-01 4.144016504287719727e-01 4.239356219768524170e-01 4.065580666065216064e-01 3.740361928939819336e-01 0.000000000000000000e+00
1.793491244316101074e-01 2.631179690361022949e-01 1.484432369470596313e-01 2.874406278133392334e-01 4.028030037879943848e-01 0.000000000000000000e+00
-1.107529252767562866e-01 -1.721211969852447510e-01 -1.431692093610763550e-01 -1.047057285904884338e-01 -2.023344486951828003e-02 0.000000000000000000e+00
4.424046874046325684e-01 4.336636960506439209e-01 4.761094152927398682e-01 6.384315490722656250e-01 7.420576810836791992e-01 0.000000000000000000e+00
5.308547616004943848e-01 5.990097522735595703e-01 6.067245602607727051e-01 6.336616277694702148e-01 6.931325197219848633e-01 0.000000000000000000e+00
4.584878087043762207e-01 5.899397134780883789e-01 6.352629661560058594e-01 6.525323390960693359e-01 7.058318257331848145e-01 0.000000000000000000e+00
6.030999422073364258e-01 6.456968188285827637e-01 7.175133824348449707e-01 7.267934083938598633e-01 7.148629426956176758e-01 0.000000000000000000e+00
5.749144554138183594e-01 5.841926932334899902e-01 6.454460620880126953e-01 7.613590359687805176e-01 7.392494678497314453e-01 0.000000000000000000e+00
7.272871732711791992e-01 7.949545979499816895e-01 7.779685258865356445e-01 7.803962826728820801e-01 7.539912462234497070e-01 0.000000000000000000e+00
5.962346792221069336e-01 7.140479683876037598e-01 8.348919749259948730e-01 8.664896488189697266e-01 8.489248752593994141e-01 0.000000000000000000e+00
3.489648401737213135e-01 5.490282177925109863e-01 6.466642618179321289e-01 6.856085062026977539e-01 7.518839240074157715e-01 0.000000000000000000e+00
4.275936484336853027e-01 4.225260317325592041e-01 5.366669893264770508e-01 6.348886489868164062e-01 6.689132452011108398e-01 0.000000000000000000e+00
3.765253126621246338e-01 5.443434715270996094e-01 6.092536449432373047e-01 7.538681626319885254e-01 7.909935712814331055e-01 0.000000000000000000e+00
3.368597328662872314e-01 5.170735716819763184e-01 5.915135145187377930e-01 6.674001812934875488e-01 7.041692733764648438e-01 0.000000000000000000e+00
4.806077182292938232e-01 6.287775039672851562e-01 6.625978946685791016e-01 2.905845046043395996e-01 4.749183058738708496e-01 0.000000000000000000e+00
1.740577220916748047e-01 2.121989428997039795e-01 1.874691992998123169e-01 2.842663228511810303e-01 4.083773791790008545e-01 0.000000000000000000e+00
3.791796863079071045e-01 4.733301699161529541e-01 2.810540497303009033e-01 2.496191710233688354e-01 1.845478862524032593e-01 0.000000000000000000e+00
6.615589261054992676e-01 8.256696462631225586e-01 8.540810346603393555e-01 8.935124874114990234e-01 9.478982090950012207e-01 0.000000000000000000e+00
7.651448845863342285e-01 8.488802909851074219e-01 8.431977629661560059e-01 8.827666044235229492e-01 9.188480377197265625e-01 0.000000000000000000e+00
8.016575574874877930e-01 9.027392864227294922e-01 9.329563379287719727e-01 9.353476762771606445e-01 9.184884428977966309e-01 0.000000000000000000e+00
6.293154954910278320e-01 7.769091725349426270e-01 8.318800330162048340e-01 8.932475447654724121e-01 9.204213619232177734e-01 0.000000000000000000e+00
6.655394434928894043e-01 7.531012296676635742e-01 8.616592288017272949e-01 8.562027215957641602e-01 8.619379997253417969e-01 0.000000000000000000e+00
6.172522306442260742e-01 8.000964522361755371e-01 8.538171052932739258e-01 8.359456062316894531e-01 8.499730229377746582e-01 0.000000000000000000e+00
5.833827257156372070e-01 6.916406750679016113e-01 7.551223635673522949e-01 7.831158638000488281e-01 8.247652053833007812e-01 0.000000000000000000e+00
8.085128068923950195e-01 8.857867121696472168e-01 9.176762104034423828e-01 9.286815524101257324e-01 9.354245662689208984e-01 0.000000000000000000e+00
7.748202681541442871e-01 8.720144629478454590e-01 9.157462120056152344e-01 9.190695285797119141e-01 9.310268163681030273e-01 0.000000000000000000e+00
7.967660427093505859e-01 8.944478034973144531e-01 9.165080189704895020e-01 9.266955852508544922e-01 9.370812773704528809e-01 0.000000000000000000e+00
7.999610900878906250e-01 8.859915733337402344e-01 9.077196121215820312e-01 9.259666204452514648e-01 9.310499429702758789e-01 0.000000000000000000e+00
7.985290884971618652e-01 8.592728972434997559e-01 8.897827863693237305e-01 9.260131716728210449e-01 9.380139708518981934e-01 0.000000000000000000e+00
8.392623066902160645e-01 9.214146733283996582e-01 9.466212391853332520e-01 9.563632011413574219e-01 9.557890892028808594e-01 0.000000000000000000e+00
7.705103158950805664e-01 8.643385171890258789e-01 9.291765093803405762e-01 9.448772668838500977e-01 9.570099115371704102e-01 0.000000000000000000e+00
2.190755605697631836e-01 4.423927366733551025e-01 4.391488730907440186e-01 5.931296348571777344e-01 6.841306686401367188e-01 0.000000000000000000e+00
3.355515599250793457e-01 5.696657896041870117e-01 5.045956373214721680e-01 4.821473360061645508e-01 5.167205333709716797e-01 0.000000000000000000e+00
2.375750094652175903e-01 2.350080907344818115e-01 3.425768613815307617e-01 3.580252826213836670e-01 5.231128334999084473e-01 0.000000000000000000e+00
3.092877566814422607e-01 4.749494791030883789e-01 4.493643045425415039e-01 4.666714370250701904e-01 2.984519302845001221e-01 0.000000000000000000e+00
4.194894433021545410e-01 4.665001034736633301e-01 3.863696157932281494e-01 5.273170471191406250e-01 3.817403912544250488e-01 0.000000000000000000e+00
4.484251737594604492e-01 5.714548230171203613e-01 6.095403432846069336e-01 5.571142435073852539e-01 5.469425320625305176e-01 0.000000000000000000e+00
5.534570813179016113e-01 6.984572410583496094e-01 7.348222732543945312e-01 7.035904526710510254e-01 5.712968111038208008e-01 0.000000000000000000e+00
6.493171453475952148e-01 7.973933219909667969e-01 8.470315933227539062e-01 8.902917504310607910e-01 8.815076351165771484e-01 0.000000000000000000e+00
6.685819029808044434e-01 7.985572814941406250e-01 7.926155328750610352e-01 8.655725717544555664e-01 8.341249227523803711e-01 0.000000000000000000e+00
6.526774764060974121e-01 7.064718008041381836e-01 7.065234184265136719e-01 7.502305507659912109e-01 9.050111770629882812e-01 0.000000000000000000e+00
5.226393938064575195e-01 7.682010531425476074e-01 7.919187545776367188e-01 6.942429542541503906e-01 8.217882513999938965e-01 0.000000000000000000e+00
2.807681262493133545e-01 4.763607978820800781e-01 7.151855230331420898e-01 8.297886848449707031e-01 8.780285120010375977e-01 0.000000000000000000e+00
1.337751280516386032e-02 6.614981889724731445e-01 7.786467671394348145e-01 7.611156105995178223e-01 8.253290653228759766e-01 0.000000000000000000e+00
2.523549795150756836e-01 5.721949040889739990e-02 6.080399751663208008e-01 6.902878284454345703e-01 6.919885873794555664e-01 0.000000000000000000e+00
6.271971464157104492e-01 6.701233983039855957e-01 7.734708189964294434e-01 8.578537702560424805e-01 8.756393790245056152e-01 0.000000000000000000e+00
6.170608997344970703e-01 8.288006782531738281e-01 8.497816324234008789e-01 8.638378977775573730e-01 8.453992605209350586e-01 0.000000000000000000e+00
6.471810340881347656e-01 7.139617204666137695e-01 8.183457255363464355e-01 8.472951054573059082e-01 8.494509458541870117e-01 0.000000000000000000e+00
6.656659841537475586e-01 7.806988954544067383e-01 8.205291628837585449e-01 8.246036171913146973e-01 8.423843979835510254e-01 0.000000000000000000e+00
6.893619298934936523e-01 8.070610165596008301e-01 8.310002088546752930e-01 8.627133965492248535e-01 8.543614745140075684e-01 0.000000000000000000e+00
7.223206758499145508e-01 8.038584589958190918e-01 8.550698757171630859e-01 8.846663236618041992e-01 8.443095684051513672e-01 0.000000000000000000e+00
6.871095895767211914e-01 7.886414527893066406e-01 8.194723725318908691e-01 8.811380863189697266e-01 8.424323797225952148e-01 0.000000000000000000e+00
5.817741155624389648e-01 6.943829059600830078e-01 7.431286573410034180e-01 7.666964530944824219e-01 7.722067832946777344e-01 0.000000000000000000e+00
5.900294780731201172e-01 6.249220371246337891e-01 6.671760082244873047e-01 7.051562666893005371e-01 7.262179851531982422e-01 0.000000000000000000e+00
6.053071022033691406e-01 6.902125477790832520e-01 7.230002880096435547e-01 7.399466037750244141e-01 7.291508316993713379e-01 0.000000000000000000e+00
5.779144763946533203e-01 6.524799466133117676e-01 7.169404029846191406e-01 7.582677602767944336e-01 7.821860313415527344e-01 0.000000000000000000e+00
5.125452280044555664e-01 6.139535903930664062e-01 6.170036792755126953e-01 6.929868459701538086e-01 6.935812830924987793e-01 0.000000000000000000e+00
3.444481194019317627e-01 3.954066038131713867e-01 5.578118562698364258e-01 6.295595169067382812e-01 6.495531797409057617e-01 0.000000000000000000e+00
5.125318169593811035e-01 4.491498768329620361e-01 5.731838941574096680e-01 1.816889643669128418e-01 4.038934111595153809e-01 0.000000000000000000e+00
5.638609528541564941e-01 6.632923483848571777e-01 7.384159564971923828e-01 7.667956352233886719e-01 7.865248918533325195e-01 0.000000000000000000e+00
7.679603099822998047e-01 8.864757418632507324e-01 8.929311037063598633e-01 8.788571953773498535e-01 8.293431401252746582e-01 0.000000000000000000e+00
5.586810111999511719e-01 8.210264444351196289e-01 8.783968687057495117e-01 9.337635040283203125e-01 9.369509220123291016e-01 0.000000000000000000e+00
5.790821313858032227e-01 7.227324247360229492e-01 8.012943863868713379e-01 8.191248774528503418e-01 8.401734828948974609e-01 0.000000000000000000e+00
2.236863225698471069e-01 6.360037922859191895e-01 8.038442730903625488e-01 8.765527009963989258e-01 9.053121805191040039e-01 0.000000000000000000e+00
1.393562853336334229e-01 2.819524705410003662e-01 3.556149303913116455e-01 3.805494308471679688e-01 4.779574871063232422e-01 0.000000000000000000e+00
4.050314724445343018e-01 4.688277542591094971e-01 5.629789829254150391e-01 5.647670030593872070e-01 4.817071259021759033e-01 0.000000000000000000e+00
6.167072057723999023e-01 5.258088111877441406e-01 5.590955018997192383e-01 6.121981143951416016e-01 6.194847822189331055e-01 0.000000000000000000e+00
3.956049978733062744e-01 5.967434048652648926e-01 6.595298051834106445e-01 6.825852394104003906e-01 7.673226594924926758e-01 0.000000000000000000e+00
5.273442864418029785e-01 5.893318653106689453e-01 5.734105110168457031e-01 7.108416557312011719e-01 7.127708196640014648e-01 0.000000000000000000e+00
4.813630580902099609e-01 7.005786895751953125e-01 7.916569709777832031e-01 7.844138145446777344e-01 7.916042804718017578e-01 0.000000000000000000e+00
4.803453981876373291e-01 6.990312337875366211e-01 7.157163619995117188e-01 7.628787755966186523e-01 7.627578377723693848e-01 0.000000000000000000e+00
5.787007808685302734e-01 7.094414830207824707e-01 7.627153992652893066e-01 8.068455457687377930e-01 8.058993220329284668e-01 0.000000000000000000e+00
4.668370783329010010e-01 6.595902442932128906e-01 7.172856330871582031e-01 8.166924715042114258e-01 8.162010908126831055e-01 0.000000000000000000e+00
5.368752479553222656e-01 6.151611804962158203e-01 6.856910586357116699e-01 6.832847595214843750e-01 7.190272808074951172e-01 0.000000000000000000e+00
3.724817931652069092e-01 3.935222029685974121e-01 4.708164632320404053e-01 5.860115289688110352e-01 6.300060749053955078e-01 0.000000000000000000e+00
4.543720185756683350e-01 5.024840235710144043e-01 5.210989713668823242e-01 5.924128293991088867e-01 6.518700718879699707e-01 0.000000000000000000e+00
2.971262335777282715e-01 2.979267239570617676e-01 4.598187804222106934e-01 5.454769134521484375e-01 5.236091017723083496e-01 0.000000000000000000e+00
5.970323458313941956e-02 2.691068649291992188e-01 4.636224806308746338e-01 5.608571767807006836e-01 5.824576020240783691e-01 0.000000000000000000e+00
2.339206784963607788e-01 4.189219474792480469e-01 4.710297286510467529e-01 3.093095719814300537e-01 4.582922458648681641e-01 0.000000000000000000e+00
-6.196972355246543884e-02 -5.721792206168174744e-02 -1.417607069015502930e-01 -1.904675364494323730e-01 -1.061309725046157837e-01 0.000000000000000000e+00
7.518507242202758789e-01 7.947946190834045410e-01 8.901988863945007324e-01 9.177864789962768555e-01 8.916782140731811523e-01 0.000000000000000000e+00
6.564716100692749023e-01 8.203862309455871582e-01 8.477826714515686035e-01 8.719523549079895020e-01 8.658957481384277344e-01 0.000000000000000000e+00
6.170812845230102539e-01 7.695671916007995605e-01 7.955157756805419922e-01 7.967870235443115234e-01 8.442620038986206055e-01 0.000000000000000000e+00
7.420077323913574219e-01 8.128044009208679199e-01 8.631241917610168457e-01 9.076111316680908203e-01 9.114252328872680664e-01 0.000000000000000000e+00
5.432103276252746582e-01 6.373463869094848633e-01 6.554499864578247070e-01 7.876657247543334961e-01 7.518430948257446289e-01 0.000000000000000000e+00
6.204962134361267090e-01 6.159076690673828125e-01 5.861769914627075195e-01 5.378197431564331055e-01 6.249313950538635254e-01 0.000000000000000000e+00
4.820010364055633545e-01 6.289689540863037109e-01 6.925886869430541992e-01 6.487737298011779785e-01 6.445834636688232422e-01 0.000000000000000000e+00
5.219511389732360840e-01 6.143060922622680664e-01 6.641104221343994141e-01 6.968123912811279297e-01 7.314096689224243164e-01 0.000000000000000000e+00
5.452672243118286133e-01 6.231074929237365723e-01 6.616464257240295410e-01 6.727367639541625977e-01 6.650981903076171875e-01 0.000000000000000000e+00
5.266438722610473633e-01 6.297405958175659180e-01 6.751201152801513672e-01 6.902689933776855469e-01 6.909558773040771484e-01 0.000000000000000000e+00
5.371035337448120117e-01 6.202321052551269531e-01 6.524094343185424805e-01 6.597204804420471191e-01 6.646183729171752930e-01 0.000000000000000000e+00
5.115745663642883301e-01 6.033588647842407227e-01 6.435213088989257812e-01 6.668654680252075195e-01 6.822735667228698730e-01 0.000000000000000000e+00
5.344360470771789551e-01 6.209788918495178223e-01 6.543561816215515137e-01 6.829947233200073242e-01 6.760250329971313477e-01 0.000000000000000000e+00
5.177655816078186035e-01 6.157654523849487305e-01 6.678519248962402344e-01 6.847870349884033203e-01 6.890269517898559570e-01 0.000000000000000000e+00
3.633104860782623291e-01 4.962147474288940430e-01 6.858922839164733887e-01 7.126394510269165039e-01 8.039938211441040039e-01 0.000000000000000000e+00
3.247895240783691406e-01 5.381436347961425781e-01 5.645854473114013672e-01 6.443287134170532227e-01 7.230528593063354492e-01 0.000000000000000000e+00
4.296052157878875732e-01 5.221679806709289551e-01 4.733263850212097168e-01 5.698726177215576172e-01 4.595873951911926270e-01 0.000000000000000000e+00
3.272869288921356201e-01 5.632728338241577148e-01 5.620483160018920898e-01 6.436943411827087402e-01 6.667433977127075195e-01 0.000000000000000000e+00
2.150441408157348633e-01 6.265099048614501953e-01 6.302463412284851074e-01 7.351386547088623047e-01 7.300384044647216797e-01 0.000000000000000000e+00
6.763315200805664062e-01 7.653801441192626953e-01 6.635417938232421875e-01 5.882140398025512695e-01 4.045794010162353516e-01 0.000000000000000000e+00
6.870182752609252930e-01 8.223661780357360840e-01 8.786880373954772949e-01 8.818000555038452148e-01 8.867108821868896484e-01 0.000000000000000000e+00
5.396473407745361328e-02 1.536728441715240479e-01 1.335007548332214355e-01 -1.884109228849411011e-01 -3.153590857982635498e-01 1.000000000000000000e+00
4.318186342716217041e-01 4.687905311584472656e-01 3.820765316486358643e-01 3.505892455577850342e-01 3.458272814750671387e-01 2.000000000000000000e+00
5.396473407745361328e-02 1.536728441715240479e-01 1.335007548332214355e-01 -1.884109228849411011e-01 -3.153590857982635498e-01 1.000000000000000000e+00
4.318186342716217041e-01 4.687905311584472656e-01 3.820765316486358643e-01 3.505892455577850342e-01 3.458272814750671387e-01 2.000000000000000000e+00
5.396473407745361328e-02 1.536728441715240479e-01 1.335007548332214355e-01 -1.884109228849411011e-01 -3.153590857982635498e-01 1.000000000000000000e+00
4.318186342716217041e-01 4.687905311584472656e-01 3.820765316486358643e-01 3.505892455577850342e-01 3.458272814750671387e-01 2.000000000000000000e+00
5.396473407745361328e-02 1.536728441715240479e-01 1.335007548332214355e-01 -1.884109228849411011e-01 -3.153590857982635498e-01 1.000000000000000000e+00
4.318186342716217041e-01 4.687905311584472656e-01 3.820765316486358643e-01 3.505892455577850342e-01 3.458272814750671387e-01 2.000000000000000000e+00
5.396473407745361328e-02 1.536728441715240479e-01 1.335007548332214355e-01 -1.884109228849411011e-01 -3.153590857982635498e-01 1.000000000000000000e+00
4.318186342716217041e-01 4.687905311584472656e-01 3.820765316486358643e-01 3.505892455577850342e-01 3.458272814750671387e-01 2.000000000000000000e+00
5.396473407745361328e-02 1.536728441715240479e-01 1.335007548332214355e-01 -1.884109228849411011e-01 -3.153590857982635498e-01 1.000000000000000000e+00
4.318186342716217041e-01 4.687905311584472656e-01 3.820765316486358643e-01 3.505892455577850342e-01 3.458272814750671387e-01 2.000000000000000000e+00
5.396473407745361328e-02 1.536728441715240479e-01 1.335007548332214355e-01 -1.884109228849411011e-01 -3.153590857982635498e-01 1.000000000000000000e+00
4.318186342716217041e-01 4.687905311584472656e-01 3.820765316486358643e-01 3.505892455577850342e-01 3.458272814750671387e-01 2.000000000000000000e+00
5.396473407745361328e-02 1.536728441715240479e-01 1.335007548332214355e-01 -1.884109228849411011e-01 -3.153590857982635498e-01 1.000000000000000000e+00
4.318186342716217041e-01 4.687905311584472656e-01 3.820765316486358643e-01 3.505892455577850342e-01 3.458272814750671387e-01 2.000000000000000000e+00
5.396473407745361328e-02 1.536728441715240479e-01 1.335007548332214355e-01 -1.884109228849411011e-01 -3.153590857982635498e-01 1.000000000000000000e+00
4.318186342716217041e-01 4.687905311584472656e-01 3.820765316486358643e-01 3.505892455577850342e-01 3.458272814750671387e-01 2.000000000000000000e+00
5.396473407745361328e-02 1.536728441715240479e-01 1.335007548332214355e-01 -1.884109228849411011e-01 -3.153590857982635498e-01 1.000000000000000000e+00
4.318186342716217041e-01 4.687905311584472656e-01 3.820765316486358643e-01 3.505892455577850342e-01 3.458272814750671387e-01 2.000000000000000000e+00
4.322715401649475098e-01 4.927254319190979004e-01 5.346798300743103027e-01 6.292326450347900391e-01 6.274416446685791016e-01 0.000000000000000000e+00
3.840769827365875244e-01 5.674853324890136719e-01 5.915258526802062988e-01 6.245932579040527344e-01 6.268905997276306152e-01 0.000000000000000000e+00
3.432889878749847412e-01 3.913057446479797363e-01 3.827604949474334717e-01 4.278929829597473145e-01 4.083264470100402832e-01 0.000000000000000000e+00
4.370124340057373047e-01 4.673044383525848389e-01 5.203123092651367188e-01 5.564555525779724121e-01 4.974763989448547363e-01 0.000000000000000000e+00
4.010458886623382568e-01 4.663155078887939453e-01 5.256447196006774902e-01 4.956698417663574219e-01 4.946380257606506348e-01 0.000000000000000000e+00
3.875210583209991455e-01 5.098566412925720215e-01 5.380463004112243652e-01 5.272759795188903809e-01 4.945601224899291992e-01 0.000000000000000000e+00
3.159592151641845703e-01 5.436573028564453125e-01 5.640205144882202148e-01 5.906745195388793945e-01 5.916270017623901367e-01 0.000000000000000000e+00
7.200478315353393555e-01 8.397687077522277832e-01 8.594109416007995605e-01 8.736871480941772461e-01 8.707967996597290039e-01 0.000000000000000000e+00
7.186375856399536133e-01 7.487488985061645508e-01 7.984071969985961914e-01 8.150721788406372070e-01 8.394623398780822754e-01 0.000000000000000000e+00
7.862007021903991699e-01 8.739543557167053223e-01 8.519133329391479492e-01 9.042197465896606445e-01 9.042390584945678711e-01 0.000000000000000000e+00
7.004479169845581055e-01 8.495241999626159668e-01 8.918064832687377930e-01 8.887439966201782227e-01 9.017369151115417480e-01 0.000000000000000000e+00
6.063272953033447266e-01 6.754503846168518066e-01 7.546677589416503906e-01 8.026878237724304199e-01 8.273966312408447266e-01 0.000000000000000000e+00
6.549401283264160156e-01 7.951326370239257812e-01 7.976742982864379883e-01 8.084094524383544922e-01 7.517640590667724609e-01 0.000000000000000000e+00
4.991200268268585205e-01 6.013340950012207031e-01 6.101071834564208984e-01 7.092226743698120117e-01 7.762902975082397461e-01 0.000000000000000000e+00
4.427773356437683105e-01 4.330887794494628906e-01 4.800242781639099121e-01 5.205467939376831055e-01 5.119055509567260742e-01 0.000000000000000000e+00
5.419092774391174316e-01 5.598434209823608398e-01 5.808643102645874023e-01 5.383324623107910156e-01 5.960438251495361328e-01 0.000000000000000000e+00
5.324929356575012207e-01 6.501747965812683105e-01 6.335819959640502930e-01 6.118667125701904297e-01 6.900680065155029297e-01 0.000000000000000000e+00
4.819898605346679688e-01 5.531750321388244629e-01 5.987716913223266602e-01 6.346043348312377930e-01 7.422358989715576172e-01 0.000000000000000000e+00
5.555785894393920898e-01 6.564028859138488770e-01 7.120963335037231445e-01 6.888293027877807617e-01 6.367673873901367188e-01 0.000000000000000000e+00
5.174669027328491211e-01 6.843634843826293945e-01 7.671343684196472168e-01 7.469708919525146484e-01 7.343388795852661133e-01 0.000000000000000000e+00
5.530551671981811523e-01 5.615202188491821289e-01 6.612385511398315430e-01 6.928269863128662109e-01 7.249541282653808594e-01 0.000000000000000000e+00
5.954166650772094727e-01 7.244453430175781250e-01 8.145150542259216309e-01 8.763833045959472656e-01 8.817860484123229980e-01 0.000000000000000000e+00
7.013251781463623047e-01 7.879542112350463867e-01 8.169600367546081543e-01 8.188595771789550781e-01 8.299562931060791016e-01 0.000000000000000000e+00
7.498188018798828125e-01 8.872841000556945801e-01 9.086164236068725586e-01 8.982123136520385742e-01 9.053936004638671875e-01 0.000000000000000000e+00
7.981662154197692871e-01 9.012268781661987305e-01 9.185173511505126953e-01 9.469757676124572754e-01 9.594600200653076172e-01 0.000000000000000000e+00
7.313804626464843750e-01 8.394193053245544434e-01 9.022646546363830566e-01 9.268209934234619141e-01 9.431961774826049805e-01 0.000000000000000000e+00
8.354097604751586914e-01 8.874162435531616211e-01 9.331929087638854980e-01 9.342854619026184082e-01 9.521142244338989258e-01 0.000000000000000000e+00
7.463198900222778320e-01 8.706336021423339844e-01 9.356722235679626465e-01 9.541450738906860352e-01 9.506008625030517578e-01 0.000000000000000000e+00
4.425717294216156006e-01 4.962521791458129883e-01 5.844370126724243164e-01 6.397380828857421875e-01 6.161143779754638672e-01 0.000000000000000000e+00
5.969281792640686035e-01 6.052646636962890625e-01 6.509006023406982422e-01 7.152877449989318848e-01 7.187516689300537109e-01 0.000000000000000000e+00
5.858089923858642578e-01 6.488796472549438477e-01 7.036302089691162109e-01 7.706815004348754883e-01 7.658130526542663574e-01 0.000000000000000000e+00
4.923497736454010010e-01 5.914133787155151367e-01 6.565766930580139160e-01 6.450205445289611816e-01 6.620793342590332031e-01 0.000000000000000000e+00
4.834074974060058594e-01 5.325862169265747070e-01 4.883051514625549316e-01 5.764341354370117188e-01 5.102300047874450684e-01 0.000000000000000000e+00
5.270810127258300781e-01 6.495233178138732910e-01 7.004014253616333008e-01 7.010798454284667969e-01 6.782171726226806641e-01 0.000000000000000000e+00
4.983929991722106934e-01 5.679301023483276367e-01 6.422250270843505859e-01 6.447774171829223633e-01 7.003187537193298340e-01 0.000000000000000000e+00
4.242335855960845947e-01 6.458479166030883789e-01 6.960486769676208496e-01 6.994533538818359375e-01 7.865840196609497070e-01 1.000000000000000000e+00
3.994903564453125000e-01 6.658817529678344727e-01 7.290302515029907227e-01 7.903206348419189453e-01 6.851860284805297852e-01 2.000000000000000000e+00
4.242335855960845947e-01 6.458479166030883789e-01 6.960486769676208496e-01 6.994533538818359375e-01 7.865840196609497070e-01 1.000000000000000000e+00
3.994903564453125000e-01 6.658817529678344727e-01 7.290302515029907227e-01 7.903206348419189453e-01 6.851860284805297852e-01 2.000000000000000000e+00
4.242335855960845947e-01 6.458479166030883789e-01 6.960486769676208496e-01 6.994533538818359375e-01 7.865840196609497070e-01 1.000000000000000000e+00
3.994903564453125000e-01 6.658817529678344727e-01 7.290302515029907227e-01 7.903206348419189453e-01 6.851860284805297852e-01 2.000000000000000000e+00
4.242335855960845947e-01 6.458479166030883789e-01 6.960486769676208496e-01 6.994533538818359375e-01 7.865840196609497070e-01 1.000000000000000000e+00
3.994903564453125000e-01 6.658817529678344727e-01 7.290302515029907227e-01 7.903206348419189453e-01 6.851860284805297852e-01 2.000000000000000000e+00
4.242335855960845947e-01 6.458479166030883789e-01 6.960486769676208496e-01 6.994533538818359375e-01 7.865840196609497070e-01 1.000000000000000000e+00
3.994903564453125000e-01 6.658817529678344727e-01 7.290302515029907227e-01 7.903206348419189453e-01 6.851860284805297852e-01 2.000000000000000000e+00
4.242335855960845947e-01 6.458479166030883789e-01 6.960486769676208496e-01 6.994533538818359375e-01 7.865840196609497070e-01 1.000000000000000000e+00
3.994903564453125000e-01 6.658817529678344727e-01 7.290302515029907227e-01 7.903206348419189453e-01 6.851860284805297852e-01 2.000000000000000000e+00
4.242335855960845947e-01 6.458479166030883789e-01 6.960486769676208496e-01 6.994533538818359375e-01 7.865840196609497070e-01 1.000000000000000000e+00
3.994903564453125000e-01 6.658817529678344727e-01 7.290302515029907227e-01 7.903206348419189453e-01 6.851860284805297852e-01 2.000000000000000000e+00
4.242335855960845947e-01 6.458479166030883789e-01 6.960486769676208496e-01 6.994533538818359375e-01 7.865840196609497070e-01 1.000000000000000000e+00
3.994903564453125000e-01 6.658817529678344727e-01 7.290302515029907227e-01 7.903206348419189453e-01 6.851860284805297852e-01 2.000000000000000000e+00
4.242335855960845947e-01 6.458479166030883789e-01 6.960486769676208496e-01 6.994533538818359375e-01 7.865840196609497070e-01 1.000000000000000000e+00
3.994903564453125000e-01 6.658817529678344727e-01 7.290302515029907227e-01 7.903206348419189453e-01 6.851860284805297852e-01 2.000000000000000000e+00
4.242335855960845947e-01 6.458479166030883789e-01 6.960486769676208496e-01 6.994533538818359375e-01 7.865840196609497070e-01 1.000000000000000000e+00
3.994903564453125000e-01 6.658817529678344727e-01 7.290302515029907227e-01 7.903206348419189453e-01 6.851860284805297852e-01 2.000000000000000000e+00
4.722478091716766357e-01 5.118007063865661621e-01 5.587153434753417969e-01 6.532133817672729492e-01 5.923638343811035156e-01 0.000000000000000000e+00
3.624292910099029541e-01 4.023531079292297363e-01 5.942702293395996094e-01 5.823798179626464844e-01 6.172946095466613770e-01 0.000000000000000000e+00
4.907476902008056641e-01 5.461921691894531250e-01 4.893366694450378418e-01 4.596350789070129395e-01 4.995844662189483643e-01 0.000000000000000000e+00
2.781450748443603516e-01 3.758273422718048096e-01 5.274185538291931152e-01 6.743531227111816406e-01 7.500017881393432617e-01 0.000000000000000000e+00
2.859677970409393311e-01 3.538791835308074951e-01 4.729997515678405762e-01 5.816096067428588867e-01 5.286931395530700684e-01 0.000000000000000000e+00
1.153952032327651978e-01 4.050703346729278564e-01 4.708682298660278320e-01 5.773475170135498047e-01 6.139683723449707031e-01 0.000000000000000000e+00
-7.122591882944107056e-02 1.220130175352096558e-01 7.614790648221969604e-02 4.293777346611022949e-01 4.485569298267364502e-01 0.000000000000000000e+00
5.350816845893859863e-01 7.079157233238220215e-01 7.265707254409790039e-01 7.158052921295166016e-01 7.622686624526977539e-01 0.000000000000000000e+00
5.811594724655151367e-01 8.494095802307128906e-01 7.836158275604248047e-01 7.420533895492553711e-01 6.905132532119750977e-01 0.000000000000000000e+00
3.804458081722259521e-01 5.745031833648681641e-01 4.609421491622924805e-01 4.979491531848907471e-01 5.044850111007690430e-01 0.000000000000000000e+00
3.106621205806732178e-01 5.064612627029418945e-01 5.104221701622009277e-01 6.646394133567810059e-01 7.550522089004516602e-01 0.000000000000000000e+00
5.731925964355468750e-01 5.485855937004089355e-01 4.805014133453369141e-01 4.220772087574005127e-01 5.993518233299255371e-01 0.000000000000000000e+00
6.106005907058715820e-01 6.539206504821777344e-01 6.800643801689147949e-01 7.694905400276184082e-01 8.177113533020019531e-01 1.000000000000000000e+00
6.162652969360351562e-01 6.902936100959777832e-01 7.426815032958984375e-01 7.882484197616577148e-01 7.738758325576782227e-01 2.000000000000000000e+00
6.106005907058715820e-01 6.539206504821777344e-01 6.800643801689147949e-01 7.694905400276184082e-01 8.177113533020019531e-01 1.000000000000000000e+00
6.162652969360351562e-01 6.902936100959777832e-01 7.426815032958984375e-01 7.882484197616577148e-01 7.738758325576782227e-01 2.000000000000000000e+00
6.106005907058715820e-01 6.539206504821777344e-01 6.800643801689147949e-01 7.694905400276184082e-01 8.177113533020019531e-01 1.000000000000000000e+00
6.162652969360351562e-01 6.902936100959777832e-01 7.426815032958984375e-01 7.882484197616577148e-01 7.738758325576782227e-01 2.000000000000000000e+00
6.106005907058715820e-01 6.539206504821777344e-01 6.800643801689147949e-01 7.694905400276184082e-01 8.177113533020019531e-01 1.000000000000000000e+00
6.162652969360351562e-01 6.902936100959777832e-01 7.426815032958984375e-01 7.882484197616577148e-01 7.738758325576782227e-01 2.000000000000000000e+00
6.106005907058715820e-01 6.539206504821777344e-01 6.800643801689147949e-01 7.694905400276184082e-01 8.177113533020019531e-01 1.000000000000000000e+00
6.162652969360351562e-01 6.902936100959777832e-01 7.426815032958984375e-01 7.882484197616577148e-01 7.738758325576782227e-01 2.000000000000000000e+00
6.106005907058715820e-01 6.539206504821777344e-01 6.800643801689147949e-01 7.694905400276184082e-01 8.177113533020019531e-01 1.000000000000000000e+00
6.162652969360351562e-01 6.902936100959777832e-01 7.426815032958984375e-01 7.882484197616577148e-01 7.738758325576782227e-01 2.000000000000000000e+00
6.106005907058715820e-01 6.539206504821777344e-01 6.800643801689147949e-01 7.694905400276184082e-01 8.177113533020019531e-01 1.000000000000000000e+00
6.162652969360351562e-01 6.902936100959777832e-01 7.426815032958984375e-01 7.882484197616577148e-01 7.738758325576782227e-01 2.000000000000000000e+00
6.106005907058715820e-01 6.539206504821777344e-01 6.800643801689147949e-01 7.694905400276184082e-01 8.177113533020019531e-01 1.000000000000000000e+00
6.162652969360351562e-01 6.902936100959777832e-01 7.426815032958984375e-01 7.882484197616577148e-01 7.738758325576782227e-01 2.000000000000000000e+00
6.106005907058715820e-01 6.539206504821777344e-01 6.800643801689147949e-01 7.694905400276184082e-01 8.177113533020019531e-01 1.000000000000000000e+00
6.162652969360351562e-01 6.902936100959777832e-01 7.426815032958984375e-01 7.882484197616577148e-01 7.738758325576782227e-01 2.000000000000000000e+00
6.106005907058715820e-01 6.539206504821777344e-01 6.800643801689147949e-01 7.694905400276184082e-01 8.177113533020019531e-01 1.000000000000000000e+00
6.162652969360351562e-01 6.902936100959777832e-01 7.426815032958984375e-01 7.882484197616577148e-01 7.738758325576782227e-01 2.000000000000000000e+00
4.997713863849639893e-01 6.688069105148315430e-01 6.878244280815124512e-01 7.269842624664306641e-01 6.208915114402770996e-01 0.000000000000000000e+00
3.453498780727386475e-01 4.380173981189727783e-01 4.539818465709686279e-01 4.793928861618041992e-01 5.172039866447448730e-01 0.000000000000000000e+00
1.919130831956863403e-01 3.168172240257263184e-01 3.913038372993469238e-01 4.592602550983428955e-01 4.905751049518585205e-01 0.000000000000000000e+00
3.860178291797637939e-01 3.587616682052612305e-01 2.725420594215393066e-01 2.351403683423995972e-01 2.613441050052642822e-01 0.000000000000000000e+00
4.512199163436889648e-01 4.762082397937774658e-01 4.748834669589996338e-01 4.942290782928466797e-01 5.132344961166381836e-01 0.000000000000000000e+00
-1.388342678546905518e-01 -2.457201182842254639e-01 -2.588224411010742188e-01 -2.600262463092803955e-01 -2.800644040107727051e-01 1.000000000000000000e+00
3.982628583908081055e-01 3.883763849735260010e-01 4.135923683643341064e-01 3.014866113662719727e-01 3.436245620250701904e-01 2.000000000000000000e+00
-1.388342678546905518e-01 -2.457201182842254639e-01 -2.588224411010742188e-01 -2.600262463092803955e-01 -2.800644040107727051e-01 1.000000000000000000e+00
3.982628583908081055e-01 3.883763849735260010e-01 4.135923683643341064e-01 3.014866113662719727e-01 3.436245620250701904e-01 2.000000000000000000e+00
-1.388342678546905518e-01 -2.457201182842254639e-01 -2.588224411010742188e-01 -2.600262463092803955e-01 -2.800644040107727051e-01 1.000000000000000000e+00
3.982628583908081055e-01 3.883763849735260010e-01 4.135923683643341064e-01 3.014866113662719727e-01 3.436245620250701904e-01 2.000000000000000000e+00
-1.388342678546905518e-01 -2.457201182842254639e-01 -2.588224411010742188e-01 -2.600262463092803955e-01 -2.800644040107727051e-01 1.000000000000000000e+00
3.982628583908081055e-01 3.883763849735260010e-01 4.135923683643341064e-01 3.014866113662719727e-01 3.436245620250701904e-01 2.000000000000000000e+00
-1.388342678546905518e-01 -2.457201182842254639e-01 -2.588224411010742188e-01 -2.600262463092803955e-01 -2.800644040107727051e-01 1.000000000000000000e+00
3.982628583908081055e-01 3.883763849735260010e-01 4.135923683643341064e-01 3.014866113662719727e-01 3.436245620250701904e-01 2.000000000000000000e+00
-1.388342678546905518e-01 -2.457201182842254639e-01 -2.588224411010742188e-01 -2.600262463092803955e-01 -2.800644040107727051e-01 1.000000000000000000e+00
3.982628583908081055e-01 3.883763849735260010e-01 4.135923683643341064e-01 3.014866113662719727e-01 3.436245620250701904e-01 2.000000000000000000e+00
-1.388342678546905518e-01 -2.457201182842254639e-01 -2.588224411010742188e-01 -2.600262463092803955e-01 -2.800644040107727051e-01 1.000000000000000000e+00
3.982628583908081055e-01 3.883763849735260010e-01 4.135923683643341064e-01 3.014866113662719727e-01 3.436245620250701904e-01 2.000000000000000000e+00
-1.388342678546905518e-01 -2.457201182842254639e-01 -2.588224411010742188e-01 -2.600262463092803955e-01 -2.800644040107727051e-01 1.000000000000000000e+00
3.982628583908081055e-01 3.883763849735260010e-01 4.135923683643341064e-01 3.014866113662719727e-01 3.436245620250701904e-01 2.000000000000000000e+00
-1.388342678546905518e-01 -2.457201182842254639e-01 -2.588224411010742188e-01 -2.600262463092803955e-01 -2.800644040107727051e-01 1.000000000000000000e+00
3.982628583908081055e-01 3.883763849735260010e-01 4.135923683643341064e-01 3.014866113662719727e-01 3.436245620250701904e-01 2.000000000000000000e+00
-1.388342678546905518e-01 -2.457201182842254639e-01 -2.588224411010742188e-01 -2.600262463092803955e-01 -2.800644040107727051e-01 1.000000000000000000e+00
3.982628583908081055e-01 3.883763849735260010e-01 4.135923683643341064e-01 3.014866113662719727e-01 3.436245620250701904e-01 2.000000000000000000e+00
3.293796181678771973e-01 4.309028387069702148e-01 4.909265935420989990e-01 5.080117583274841309e-01 4.869701564311981201e-01 0.000000000000000000e+00
5.756598338484764099e-02 2.035702764987945557e-01 2.620826363563537598e-01 1.564078927040100098e-01 1.200860962271690369e-01 0.000000000000000000e+00
4.506348967552185059e-01 5.984302163124084473e-01 6.899467110633850098e-01 6.376626491546630859e-01 5.474194288253784180e-01 0.000000000000000000e+00
6.701085567474365234e-01 7.909416556358337402e-01 8.412868380546569824e-01 8.047879934310913086e-01 7.618196606636047363e-01 0.000000000000000000e+00
6.086649894714355469e-01 7.693173885345458984e-01 7.410695552825927734e-01 7.895423173904418945e-01 8.401154875755310059e-01 0.000000000000000000e+00
7.460219860076904297e-01 8.382493853569030762e-01 8.801463842391967773e-01 8.461745381355285645e-01 8.390172123908996582e-01 0.000000000000000000e+00
5.916165113449096680e-01 7.776517868041992188e-01 7.449049949645996094e-01 7.974365949630737305e-01 8.525305986404418945e-01 0.000000000000000000e+00
4.873220622539520264e-01 5.860503911972045898e-01 5.597942471504211426e-01 4.502728283405303955e-01 4.362378120422363281e-01 0.000000000000000000e+00
4.598224461078643799e-01 6.703903675079345703e-01 6.718088984489440918e-01 6.253903508186340332e-01 6.544200181961059570e-01 0.000000000000000000e+00
5.090261101722717285e-01 6.535174250602722168e-01 7.303672432899475098e-01 7.667732238769531250e-01 7.601643204689025879e-01 0.000000000000000000e+00
4.413380920886993408e-01 3.969124853610992432e-01 5.429010987281799316e-01 6.749210357666015625e-01 6.436941027641296387e-01 0.000000000000000000e+00
-2.776643037796020508e-01 -2.151437103748321533e-01 1.326176524162292480e-01 1.399029493331909180e-01 2.241801321506500244e-01 0.000000000000000000e+00
2.123916447162628174e-01 1.824510246515274048e-01 -1.797784566879272461e-01 -2.505637705326080322e-01 -2.604254484176635742e-01 0.000000000000000000e+00
3.361486494541168213e-01 9.335158765316009521e-02 1.841040402650833130e-01 -1.663661003112792969e-02 1.021859124302864075e-01 0.000000000000000000e+00
6.714186668395996094e-01 7.359387874603271484e-01 7.971568703651428223e-01 8.503021001815795898e-01 8.669219017028808594e-01 0.000000000000000000e+00
6.479672193527221680e-01 7.687820196151733398e-01 7.708563804626464844e-01 8.181030750274658203e-01 8.180765509605407715e-01 0.000000000000000000e+00
6.380658745765686035e-01 7.609429359436035156e-01 7.531168460845947266e-01 7.675911784172058105e-01 7.735089063644409180e-01 0.000000000000000000e+00
6.227094531059265137e-01 7.130143642425537109e-01 7.816810607910156250e-01 8.000222444534301758e-01 7.849265336990356445e-01 0.000000000000000000e+00
6.006290316581726074e-01 6.749514341354370117e-01 7.482684850692749023e-01 8.011969327926635742e-01 8.093450665473937988e-01 0.000000000000000000e+00
5.986874103546142578e-01 7.321810722351074219e-01 8.194409012794494629e-01 8.166223764419555664e-01 8.036085367202758789e-01 0.000000000000000000e+00
7.077925801277160645e-01 7.806385159492492676e-01 8.454426527023315430e-01 8.197100162506103516e-01 8.466008305549621582e-01 0.000000000000000000e+00
6.185099482536315918e-01 6.924544572830200195e-01 7.119056582450866699e-01 7.631595134735107422e-01 7.522798180580139160e-01 0.000000000000000000e+00
3.198291957378387451e-01 4.451946020126342773e-01 4.551252126693725586e-01 4.883535802364349365e-01 6.356385946273803711e-01 0.000000000000000000e+00
3.973165452480316162e-01 4.834809899330139160e-01 4.389442503452301025e-01 3.969143331050872803e-01 5.003233551979064941e-01 0.000000000000000000e+00
5.655492544174194336e-01 5.542598962783813477e-01 6.268666386604309082e-01 5.231364369392395020e-01 6.597424745559692383e-01 0.000000000000000000e+00
6.316135525703430176e-01 6.533683538436889648e-01 7.015190124511718750e-01 7.329202890396118164e-01 7.482814788818359375e-01 0.000000000000000000e+00
5.017318129539489746e-01 5.459837913513183594e-01 5.566785931587219238e-01 5.757105350494384766e-01 6.561475992202758789e-01 0.000000000000000000e+00
3.521918952465057373e-01 4.326980412006378174e-01 4.912151098251342773e-01 5.201463699340820312e-01 4.989957213401794434e-01 0.000000000000000000e+00
2.033628970384597778e-01 4.786210954189300537e-01 4.001203179359436035e-01 6.017534136772155762e-01 6.180880069732666016e-01 0.000000000000000000e+00
2.496394217014312744e-01 6.408851146697998047e-01 5.854233503341674805e-01 7.390476465225219727e-01 5.722161531448364258e-01 0.000000000000000000e+00
2.450307309627532959e-01 3.784930408000946045e-01 3.881088495254516602e-01 4.764523208141326904e-01 4.624361097812652588e-01 0.000000000000000000e+00
2.104411125183105469e-01 2.521823048591613770e-01 2.724426686763763428e-01 3.308188021183013916e-01 3.245208859443664551e-01 0.000000000000000000e+00
2.305872738361358643e-01 -2.542596310377120972e-02 -1.163328886032104492e-01 1.274620592594146729e-01 2.978043258190155029e-01 0.000000000000000000e+00
2.260199487209320068e-01 1.887176632881164551e-01 2.209917604923248291e-01 4.767786338925361633e-02 3.143861889839172363e-02 0.000000000000000000e+00
4.109165072441101074e-01 4.541547894477844238e-01 6.135915517807006836e-01 6.510306596755981445e-01 5.997489094734191895e-01 0.000000000000000000e+00
-2.284014225006103516e-01 -2.741038799285888672e-01 -2.543809711933135986e-01 -2.173890471458435059e-01 -1.965013742446899414e-01 0.000000000000000000e+00
-1.509315101429820061e-03 1.444743126630783081e-01 1.069724336266517639e-01 -7.845802605152130127e-02 -2.601203918457031250e-01 0.000000000000000000e+00
3.411146998405456543e-02 1.911297291517257690e-01 1.553453058004379272e-01 2.514144182205200195e-01 2.705504894256591797e-01 0.000000000000000000e+00
1.940372735261917114e-01 2.911524474620819092e-01 4.012614190578460693e-01 2.832057178020477295e-01 2.161457836627960205e-01 0.000000000000000000e+00
2.492164820432662964e-01 4.418880343437194824e-01 5.349599719047546387e-01 6.281983852386474609e-01 4.993526041507720947e-01 0.000000000000000000e+00
1.269186735153198242e-01 2.065951973199844360e-01 2.393678426742553711e-01 3.656299412250518799e-01 3.624310493469238281e-01 0.000000000000000000e+00
-2.378516346216201782e-01 -2.751556932926177979e-01 -3.516443967819213867e-01 -3.414785861968994141e-01 -3.304800689220428467e-01 1.000000000000000000e+00
-1.745797693729400635e-01 -1.291399896144866943e-01 -1.977931261062622070e-01 -3.244920670986175537e-01 -2.817063927650451660e-01 2.000000000000000000e+00
-2.378516346216201782e-01 -2.751556932926177979e-01 -3.516443967819213867e-01 -3.414785861968994141e-01 -3.304800689220428467e-01 1.000000000000000000e+00
-1.745797693729400635e-01 -1.291399896144866943e-01 -1.977931261062622070e-01 -3.244920670986175537e-01 -2.817063927650451660e-01 2.000000000000000000e+00
-2.378516346216201782e-01 -2.751556932926177979e-01 -3.516443967819213867e-01 -3.414785861968994141e-01 -3.304800689220428467e-01 1.000000000000000000e+00
-1.745797693729400635e-01 -1.291399896144866943e-01 -1.977931261062622070e-01 -3.244920670986175537e-01 -2.817063927650451660e-01 2.000000000000000000e+00
-2.378516346216201782e-01 -2.751556932926177979e-01 -3.516443967819213867e-01 -3.414785861968994141e-01 -3.304800689220428467e-01 1.000000000000000000e+00
-1.745797693729400635e-01 -1.291399896144866943e-01 -1.977931261062622070e-01 -3.244920670986175537e-01 -2.817063927650451660e-01 2.000000000000000000e+00
-2.378516346216201782e-01 -2.751556932926177979e-01 -3.516443967819213867e-01 -3.414785861968994141e-01 -3.304800689220428467e-01 1.000000000000000000e+00
-1.745797693729400635e-01 -1.291399896144866943e-01 -1.977931261062622070e-01 -3.244920670986175537e-01 -2.817063927650451660e-01 2.000000000000000000e+00
-2.378516346216201782e-01 -2.751556932926177979e-01 -3.516443967819213867e-01 -3.414785861968994141e-01 -3.304800689220428467e-01 1.000000000000000000e+00
-1.745797693729400635e-01 -1.291399896144866943e-01 -1.977931261062622070e-01 -3.244920670986175537e-01 -2.817063927650451660e-01 2.000000000000000000e+00
-2.378516346216201782e-01 -2.751556932926177979e-01 -3.516443967819213867e-01 -3.414785861968994141e-01 -3.304800689220428467e-01 1.000000000000000000e+00
-1.745797693729400635e-01 -1.291399896144866943e-01 -1.977931261062622070e-01 -3.244920670986175537e-01 -2.817063927650451660e-01 2.000000000000000000e+00
-2.378516346216201782e-01 -2.751556932926177979e-01 -3.516443967819213867e-01 -3.414785861968994141e-01 -3.304800689220428467e-01 1.000000000000000000e+00
-1.745797693729400635e-01 -1.291399896144866943e-01 -1.977931261062622070e-01 -3.244920670986175537e-01 -2.817063927650451660e-01 2.000000000000000000e+00
-2.378516346216201782e-01 -2.751556932926177979e-01 -3.516443967819213867e-01 -3.414785861968994141e-01 -3.304800689220428467e-01 1.000000000000000000e+00
-1.745797693729400635e-01 -1.291399896144866943e-01 -1.977931261062622070e-01 -3.244920670986175537e-01 -2.817063927650451660e-01 2.000000000000000000e+00
-2.378516346216201782e-01 -2.751556932926177979e-01 -3.516443967819213867e-01 -3.414785861968994141e-01 -3.304800689220428467e-01 1.000000000000000000e+00
-1.745797693729400635e-01 -1.291399896144866943e-01 -1.977931261062622070e-01 -3.244920670986175537e-01 -2.817063927650451660e-01 2.000000000000000000e+00
2.833688557147979736e-01 2.723120748996734619e-01 2.438406050205230713e-01 2.299253195524215698e-01 2.094077318906784058e-01 0.000000000000000000e+00
2.752681374549865723e-01 2.581389844417572021e-01 2.254457324743270874e-01 2.393602579832077026e-01 2.497190684080123901e-01 0.000000000000000000e+00
3.134518563747406006e-01 2.944438159465789795e-01 3.540867269039154053e-01 3.506093621253967285e-01 3.243211507797241211e-01 0.000000000000000000e+00
2.615508735179901123e-01 2.710810303688049316e-01 2.631756365299224854e-01 2.960882484912872314e-01 3.011759519577026367e-01 0.000000000000000000e+00
4.419173672795295715e-02 3.976266458630561829e-02 7.396711967885494232e-03 1.268828958272933960e-01 1.944551169872283936e-01 0.000000000000000000e+00
1.431548744440078735e-01 1.020701378583908081e-01 6.592905847355723381e-04 7.393956184387207031e-02 1.351862400770187378e-01 0.000000000000000000e+00
9.005214273929595947e-02 -2.475908398628234863e-02 -6.393073499202728271e-02 -8.687871508300304413e-03 -6.807421892881393433e-02 0.000000000000000000e+00
5.248504281044006348e-01 6.466347575187683105e-01 7.556399106979370117e-01 7.695821523666381836e-01 7.730326652526855469e-01 0.000000000000000000e+00
5.125360488891601562e-01 7.670984268188476562e-01 8.108025789260864258e-01 8.217554092407226562e-01 8.115848302841186523e-01 0.000000000000000000e+00
6.701561212539672852e-01 8.337051868438720703e-01 8.654733300209045410e-01 8.035542368888854980e-01 8.249768018722534180e-01 0.000000000000000000e+00
5.979777574539184570e-01 6.234163045883178711e-01 6.085919141769409180e-01 6.837231516838073730e-01 6.855860352516174316e-01 0.000000000000000000e+00
4.595098197460174561e-01 5.607740879058837891e-01 5.871351361274719238e-01 6.413471102714538574e-01 6.510360240936279297e-01 0.000000000000000000e+00
4.754951596260070801e-01 6.156685352325439453e-01 6.359443664550781250e-01 6.889461278915405273e-01 7.295176386833190918e-01 0.000000000000000000e+00
2.424784898757934570e-01 4.088050425052642822e-01 4.128741919994354248e-01 4.800422489643096924e-01 6.026146411895751953e-01 0.000000000000000000e+00
5.596402883529663086e-01 6.426403522491455078e-01 6.677384376525878906e-01 6.452908515930175781e-01 6.827785968780517578e-01 0.000000000000000000e+00
7.161194086074829102e-01 7.397280931472778320e-01 7.467322349548339844e-01 7.770434617996215820e-01 8.119143247604370117e-01 0.000000000000000000e+00
6.912720203399658203e-01 7.793000340461730957e-01 8.098164200782775879e-01 8.160586357116699219e-01 8.119663000106811523e-01 0.000000000000000000e+00
5.906718969345092773e-01 6.878231763839721680e-01 7.471286058425903320e-01 7.509660720825195312e-01 7.714428305625915527e-01 0.000000000000000000e+00
5.802040100097656250e-01 6.545552611351013184e-01 6.997135281562805176e-01 7.155628204345703125e-01 7.259780168533325195e-01 0.000000000000000000e+00
5.304645895957946777e-01 6.882306933403015137e-01 7.250212430953979492e-01 8.120018839836120605e-01 7.534146904945373535e-01 0.000000000000000000e+00
2.988264858722686768e-01 3.922064602375030518e-01 4.987845718860626221e-01 6.178443431854248047e-01 5.945056676864624023e-01 0.000000000000000000e+00
5.111976265907287598e-01 6.125868558883666992e-01 6.735399961471557617e-01 5.556179285049438477e-01 5.586120486259460449e-01 0.000000000000000000e+00
4.601573050022125244e-01 6.086039543151855469e-01 6.725664138793945312e-01 6.748034954071044922e-01 6.986646652221679688e-01 0.000000000000000000e+00
7.388998270034790039e-01 8.132921457290649414e-01 7.613943815231323242e-01 7.910757660865783691e-01 8.093806505203247070e-01 0.000000000000000000e+00
5.762847661972045898e-01 6.187554001808166504e-01 7.532107234001159668e-01 7.864490151405334473e-01 8.118303418159484863e-01 0.000000000000000000e+00
5.589982271194458008e-01 6.322252750396728516e-01 6.499961614608764648e-01 7.025035619735717773e-01 7.681013941764831543e-01 0.000000000000000000e+00
3.987809121608734131e-01 6.224596500396728516e-01 6.929335594177246094e-01 7.292044162750244141e-01 7.796351909637451172e-01 0.000000000000000000e+00
4.518000483512878418e-01 7.061414718627929688e-01 7.498240470886230469e-01 7.372721433639526367e-01 6.890603303909301758e-01 0.000000000000000000e+00
5.408101081848144531e-01 7.286221981048583984e-01 7.629495263099670410e-01 8.286055922508239746e-01 8.364158272743225098e-01 0.000000000000000000e+00
5.398664474487304688e-01 6.157623529434204102e-01 6.480434536933898926e-01 6.650241613388061523e-01 6.545788645744323730e-01 0.000000000000000000e+00
6.313716173171997070e-01 6.733622550964355469e-01 6.994719505310058594e-01 6.891353130340576172e-01 7.012832164764404297e-01 0.000000000000000000e+00
6.434782147407531738e-01 7.308914065361022949e-01 7.745881080627441406e-01 8.075987100601196289e-01 8.057734966278076172e-01 0.000000000000000000e+00
3.935158252716064453e-01 5.798949003219604492e-01 5.016849040985107422e-01 5.361602902412414551e-01 6.178349256515502930e-01 0.000000000000000000e+00
5.299739241600036621e-01 7.459014654159545898e-01 7.975568771362304688e-01 7.586355209350585938e-01 8.113774657249450684e-01 0.000000000000000000e+00
6.687675714492797852e-01 7.436374425888061523e-01 8.097648620605468750e-01 9.069697856903076172e-01 8.537569046020507812e-01 0.000000000000000000e+00
5.998226404190063477e-01 7.327092289924621582e-01 8.390686511993408203e-01 8.505780100822448730e-01 7.816664576530456543e-01 0.000000000000000000e+00
5.998235940933227539e-01 7.298784852027893066e-01 7.932090163230895996e-01 8.340806365013122559e-01 8.156347274780273438e-01 0.000000000000000000e+00
7.755895853042602539e-01 8.357581496238708496e-01 8.213218450546264648e-01 8.391548991203308105e-01 8.378769159317016602e-01 0.000000000000000000e+00
7.188458442687988281e-01 8.865507841110229492e-01 9.212555289268493652e-01 9.292766451835632324e-01 9.570171833038330078e-01 0.000000000000000000e+00
7.491009235382080078e-01 8.617597222328186035e-01 9.079253077507019043e-01 9.414886832237243652e-01 9.319169521331787109e-01 0.000000000000000000e+00
8.172447681427001953e-01 9.108975529670715332e-01 9.439878463745117188e-01 9.403567314147949219e-01 9.419918060302734375e-01 0.000000000000000000e+00
7.659800648689270020e-01 8.055401444435119629e-01 8.912788033485412598e-01 9.064002633094787598e-01 9.248821139335632324e-01 0.000000000000000000e+00
3.438867032527923584e-01 4.793617725372314453e-01 4.223217070102691650e-01 4.170373082160949707e-01 4.267297387123107910e-01 1.000000000000000000e+00
6.934880018234252930e-01 7.617647647857666016e-01 7.721498012542724609e-01 7.961962819099426270e-01 7.395761609077453613e-01 2.000000000000000000e+00
3.438867032527923584e-01 4.793617725372314453e-01 4.223217070102691650e-01 4.170373082160949707e-01 4.267297387123107910e-01 1.000000000000000000e+00
6.934880018234252930e-01 7.617647647857666016e-01 7.721498012542724609e-01 7.961962819099426270e-01 7.395761609077453613e-01 2.000000000000000000e+00
3.438867032527923584e-01 4.793617725372314453e-01 4.223217070102691650e-01 4.170373082160949707e-01 4.267297387123107910e-01 1.000000000000000000e+00
6.934880018234252930e-01 7.617647647857666016e-01 7.721498012542724609e-01 7.961962819099426270e-01 7.395761609077453613e-01 2.000000000000000000e+00
3.438867032527923584e-01 4.793617725372314453e-01 4.223217070102691650e-01 4.170373082160949707e-01 4.267297387123107910e-01 1.000000000000000000e+00
6.934880018234252930e-01 7.617647647857666016e-01 7.721498012542724609e-01 7.961962819099426270e-01 7.395761609077453613e-01 2.000000000000000000e+00
3.438867032527923584e-01 4.793617725372314453e-01 4.223217070102691650e-01 4.170373082160949707e-01 4.267297387123107910e-01 1.000000000000000000e+00
6.934880018234252930e-01 7.617647647857666016e-01 7.721498012542724609e-01 7.961962819099426270e-01 7.395761609077453613e-01 2.000000000000000000e+00
3.438867032527923584e-01 4.793617725372314453e-01 4.223217070102691650e-01 4.170373082160949707e-01 4.267297387123107910e-01 1.000000000000000000e+00
6.934880018234252930e-01 7.617647647857666016e-01 7.721498012542724609e-01 7.961962819099426270e-01 7.395761609077453613e-01 2.000000000000000000e+00
3.438867032527923584e-01 4.793617725372314453e-01 4.223217070102691650e-01 4.170373082160949707e-01 4.267297387123107910e-01 1.000000000000000000e+00
6.934880018234252930e-01 7.617647647857666016e-01 7.721498012542724609e-01 7.961962819099426270e-01 7.395761609077453613e-01 2.000000000000000000e+00
3.438867032527923584e-01 4.793617725372314453e-01 4.223217070102691650e-01 4.170373082160949707e-01 4.267297387123107910e-01 1.000000000000000000e+00
6.934880018234252930e-01 7.617647647857666016e-01 7.721498012542724609e-01 7.961962819099426270e-01 7.395761609077453613e-01 2.000000000000000000e+00
3.438867032527923584e-01 4.793617725372314453e-01 4.223217070102691650e-01 4.170373082160949707e-01 4.267297387123107910e-01 1.000000000000000000e+00
6.934880018234252930e-01 7.617647647857666016e-01 7.721498012542724609e-01 7.961962819099426270e-01 7.395761609077453613e-01 2.000000000000000000e+00
3.438867032527923584e-01 4.793617725372314453e-01 4.223217070102691650e-01 4.170373082160949707e-01 4.267297387123107910e-01 1.000000000000000000e+00
6.934880018234252930e-01 7.617647647857666016e-01 7.721498012542724609e-01 7.961962819099426270e-01 7.395761609077453613e-01 2.000000000000000000e+00
6.222085952758789062e-01 7.463722229003906250e-01 7.759284377098083496e-01 7.826609611511230469e-01 7.563430070877075195e-01 0.000000000000000000e+00
6.754695177078247070e-01 7.685528993606567383e-01 8.210114240646362305e-01 8.384599685668945312e-01 8.333827853202819824e-01 0.000000000000000000e+00
6.244598627090454102e-01 7.725736498832702637e-01 8.511185646057128906e-01 8.689701557159423828e-01 8.622742891311645508e-01 0.000000000000000000e+00
3.966284394264221191e-01 6.205882430076599121e-01 7.652438282966613770e-01 8.055809140205383301e-01 8.527553081512451172e-01 0.000000000000000000e+00
2.179918289184570312e-01 5.228151082992553711e-01 5.790195465087890625e-01 6.835854649543762207e-01 7.488244771957397461e-01 0.000000000000000000e+00
4.062278270721435547e-01 3.920271694660186768e-01 4.279524385929107666e-01 4.681769013404846191e-01 4.728487133979797363e-01 0.000000000000000000e+00
5.312945246696472168e-01 5.914326906204223633e-01 7.146435379981994629e-01 7.828746438026428223e-01 8.082175254821777344e-01 0.000000000000000000e+00
5.635540485382080078e-01 2.926763705909252167e-02 4.537890851497650146e-01 4.801437556743621826e-01 5.457344055175781250e-01 1.000000000000000000e+00
5.218756794929504395e-01 6.471211314201354980e-01 6.797734498977661133e-01 6.834694743156433105e-01 7.004657983779907227e-01 2.000000000000000000e+00
5.635540485382080078e-01 2.926763705909252167e-02 4.537890851497650146e-01 4.801437556743621826e-01 5.457344055175781250e-01 1.000000000000000000e+00
5.218756794929504395e-01 6.471211314201354980e-01 6.797734498977661133e-01 6.834694743156433105e-01 7.004657983779907227e-01 2.000000000000000000e+00
5.635540485382080078e-01 2.926763705909252167e-02 4.537890851497650146e-01 4.801437556743621826e-01 5.457344055175781250e-01 1.000000000000000000e+00
5.218756794929504395e-01 6.471211314201354980e-01 6.797734498977661133e-01 6.834694743156433105e-01 7.004657983779907227e-01 2.000000000000000000e+00
5.635540485382080078e-01 2.926763705909252167e-02 4.537890851497650146e-01 4.801437556743621826e-01 5.457344055175781250e-01 1.000000000000000000e+00
5.218756794929504395e-01 6.471211314201354980e-01 6.797734498977661133e-01 6.834694743156433105e-01 7.004657983779907227e-01 2.000000000000000000e+00
5.635540485382080078e-01 2.926763705909252167e-02 4.537890851497650146e-01 4.801437556743621826e-01 5.457344055175781250e-01 1.000000000000000000e+00
5.218756794929504395e-01 6.471211314201354980e-01 6.797734498977661133e-01 6.834694743156433105e-01 7.004657983779907227e-01 2.000000000000000000e+00
5.635540485382080078e-01 2.926763705909252167e-02 4.537890851497650146e-01 4.801437556743621826e-01 5.457344055175781250e-01 1.000000000000000000e+00
5.218756794929504395e-01 6.471211314201354980e-01 6.797734498977661133e-01 6.834694743156433105e-01 7.004657983779907227e-01 2.000000000000000000e+00
5.635540485382080078e-01 2.926763705909252167e-02 4.537890851497650146e-01 4.801437556743621826e-01 5.457344055175781250e-01 1.000000000000000000e+00
5.218756794929504395e-01 6.471211314201354980e-01 6.797734498977661133e-01 6.834694743156433105e-01 7.004657983779907227e-01 2.000000000000000000e+00
5.635540485382080078e-01 2.926763705909252167e-02 4.537890851497650146e-01 4.801437556743621826e-01 5.457344055175781250e-01 1.000000000000000000e+00
5.218756794929504395e-01 6.471211314201354980e-01 6.797734498977661133e-01 6.834694743156433105e-01 7.004657983779907227e-01 2.000000000000000000e+00
5.635540485382080078e-01 2.926763705909252167e-02 4.537890851497650146e-01 4.801437556743621826e-01 5.457344055175781250e-01 1.000000000000000000e+00
5.218756794929504395e-01 6.471211314201354980e-01 6.797734498977661133e-01 6.834694743156433105e-01 7.004657983779907227e-01 2.000000000000000000e+00
5.635540485382080078e-01 2.926763705909252167e-02 4.537890851497650146e-01 4.801437556743621826e-01 5.457344055175781250e-01 1.000000000000000000e+00
5.218756794929504395e-01 6.471211314201354980e-01 6.797734498977661133e-01 6.834694743156433105e-01 7.004657983779907227e-01 2.000000000000000000e+00
5.241255164146423340e-01 6.371985077857971191e-01 6.786116361618041992e-01 6.738293766975402832e-01 6.305345296859741211e-01 0.000000000000000000e+00
5.023708939552307129e-01 6.255919933319091797e-01 6.500146985054016113e-01 6.701230406761169434e-01 6.879068613052368164e-01 0.000000000000000000e+00
2.192706465721130371e-01 3.655650019645690918e-01 4.466040730476379395e-01 6.058503985404968262e-01 6.134407520294189453e-01 0.000000000000000000e+00
-1.594729349017143250e-02 3.437412679195404053e-01 4.633299410343170166e-01 5.276823043823242188e-01 5.309125781059265137e-01 0.000000000000000000e+00
-1.355493515729904175e-01 -6.817749887704849243e-02 -4.166880995035171509e-02 1.039208844304084778e-01 7.117228955030441284e-02 0.000000000000000000e+00
-1.286025792360305786e-01 -8.924177289009094238e-02 6.986027956008911133e-02 2.688819169998168945e-01 3.718500435352325439e-01 0.000000000000000000e+00
6.761433091014623642e-03 3.577873483300209045e-02 -7.346812635660171509e-02 -1.903273910284042358e-01 -1.686475276947021484e-01 0.000000000000000000e+00
3.034861385822296143e-01 4.874877035617828369e-01 5.959454178810119629e-01 6.208355426788330078e-01 6.720011234283447266e-01 0.000000000000000000e+00
2.256074696779251099e-01 4.183093905448913574e-01 6.856095790863037109e-01 7.849249243736267090e-01 7.295969724655151367e-01 0.000000000000000000e+00
3.317105472087860107e-01 6.633939743041992188e-01 6.154035329818725586e-01 6.977314352989196777e-01 5.384016036987304688e-01 0.000000000000000000e+00
3.365625739097595215e-01 4.846713542938232422e-01 5.437955856323242188e-01 5.026847124099731445e-01 5.023964047431945801e-01 0.000000000000000000e+00
5.492050647735595703e-01 7.721631526947021484e-01 7.873513698577880859e-01 7.699881196022033691e-01 7.626696825027465820e-01 0.000000000000000000e+00
5.827420949935913086e-01 6.712698936462402344e-01 6.974835991859436035e-01 7.137523293495178223e-01 8.923244476318359375e-01 0.000000000000000000e+00
6.399529576301574707e-01 6.986333727836608887e-01 7.208985090255737305e-01 7.366142272949218750e-01 7.307051420211791992e-01 0.000000000000000000e+00
-8.563583344221115112e-02 -5.094811692833900452e-02 -3.234514594078063965e-02 6.827875226736068726e-02 4.305257797241210938e-01 0.000000000000000000e+00
1.956936568021774292e-01 4.407825320959091187e-02 5.688448250293731689e-02 2.246461361646652222e-01 6.002904102206230164e-02 0.000000000000000000e+00
5.952295064926147461e-01 6.119594573974609375e-01 5.167966485023498535e-01 5.435557365417480469e-01 3.876773715019226074e-01 0.000000000000000000e+00
4.980902373790740967e-01 6.681070327758789062e-01 7.377964258193969727e-01 7.362734675407409668e-01 7.532101869583129883e-01 0.000000000000000000e+00
6.678060293197631836e-01 7.451245188713073730e-01 7.232086062431335449e-01 7.480499744415283203e-01 7.438568472862243652e-01 0.000000000000000000e+00
6.279883384704589844e-01 7.284252643585205078e-01 7.780882120132446289e-01 7.723740339279174805e-01 7.720069289207458496e-01 0.000000000000000000e+00
5.161058306694030762e-01 6.671768426895141602e-01 7.150690555572509766e-01 7.139000892639160156e-01 7.638838291168212891e-01 0.000000000000000000e+00
4.640646278858184814e-01 5.404584407806396484e-01 6.284493207931518555e-01 7.177134752273559570e-01 6.562719345092773438e-01 0.000000000000000000e+00
1.022650450468063354e-01 2.526123225688934326e-01 3.603630363941192627e-01 4.677907228469848633e-01 3.941403925418853760e-01 0.000000000000000000e+00
2.111416757106781006e-01 1.846400946378707886e-01 4.619519412517547607e-02 3.719438612461090088e-02 6.904505193233489990e-02 0.000000000000000000e+00
3.402971029281616211e-01 3.970030546188354492e-01 4.141237139701843262e-01 4.254618287086486816e-01 3.241691887378692627e-01 0.000000000000000000e+00
3.438075780868530273e-01 3.232357800006866455e-01 4.128353893756866455e-01 4.931488931179046631e-01 5.159985423088073730e-01 0.000000000000000000e+00
2.813556492328643799e-01 5.745460987091064453e-01 5.741077661514282227e-01 5.193327665328979492e-01 5.971626043319702148e-01 0.000000000000000000e+00
3.431445062160491943e-01 3.378043770790100098e-01 3.911700248718261719e-01 3.774080276489257812e-01 5.382738113403320312e-01 0.000000000000000000e+00
4.495001137256622314e-01 5.952821969985961914e-01 6.203942298889160156e-01 6.488353610038757324e-01 5.570399761199951172e-01 0.000000000000000000e+00
2.441973984241485596e-01 4.448288083076477051e-01 4.642711579799652100e-01 5.490959882736206055e-01 5.972929000854492188e-01 0.000000000000000000e+00
2.566930651664733887e-01 5.231901407241821289e-01 4.415556192398071289e-01 4.712026715278625488e-01 5.108760595321655273e-01 0.000000000000000000e+00
2.317800670862197876e-01 3.831763863563537598e-01 5.287348628044128418e-01 6.109126210212707520e-01 7.279099225997924805e-01 0.000000000000000000e+00
-6.639591604471206665e-02 4.097804054617881775e-02 8.075430989265441895e-02 3.156030476093292236e-01 4.066908061504364014e-01 0.000000000000000000e+00
9.514099359512329102e-02 2.228711992502212524e-01 2.177547812461853027e-01 7.883485406637191772e-02 1.708468645811080933e-01 0.000000000000000000e+00
3.183317780494689941e-01 5.189837813377380371e-01 5.508890151977539062e-01 4.413587749004364014e-01 4.243353903293609619e-01 0.000000000000000000e+00
2.839943766593933105e-01 2.359917163848876953e-01 3.402477800846099854e-01 2.027085274457931519e-01 4.751804769039154053e-01 0.000000000000000000e+00
4.300177097320556641e-01 3.876010477542877197e-01 3.354140520095825195e-01 2.523501515388488770e-01 3.510079383850097656e-01 0.000000000000000000e+00
4.644265770912170410e-01 4.720304608345031738e-01 5.288245081901550293e-01 5.402098894119262695e-01 5.701951980590820312e-01 0.000000000000000000e+00
5.156282186508178711e-01 6.046034097671508789e-01 5.955837965011596680e-01 6.249158382415771484e-01 6.213486790657043457e-01 0.000000000000000000e+00
8.934628218412399292e-02 -1.765535324811935425e-01 -1.752225905656814575e-01 -4.423572495579719543e-02 3.932115137577056885e-01 0.000000000000000000e+00
5.120176672935485840e-01 4.806128740310668945e-01 4.588665962219238281e-01 4.077699482440948486e-01 -5.219801329076290131e-03 0.000000000000000000e+00
