3.305820226669311523e-01 3.554569780826568604e-01 4.215752482414245605e-01 3.238984942436218262e-01 3.896471858024597168e-01 0.000000000000000000e+00
3.411519527435302734e-01 4.037412703037261963e-01 3.361965417861938477e-01 3.674505352973937988e-01 3.117142915725708008e-01 0.000000000000000000e+00
9.736191481351852417e-02 1.222070232033729553e-01 7.972841709852218628e-02 2.612221240997314453e-01 3.283973634243011475e-01 0.000000000000000000e+00
4.574496448040008545e-01 4.850966930389404297e-01 4.245505332946777344e-01 3.783915936946868896e-01 9.514955431222915649e-02 0.000000000000000000e+00
5.311545729637145996e-01 5.416469573974609375e-01 5.667397975921630859e-01 7.080165147781372070e-01 6.809260845184326172e-01 0.000000000000000000e+00
2.413893789052963257e-01 2.604889273643493652e-01 3.807224333286285400e-01 5.911533236503601074e-01 6.860509514808654785e-01 0.000000000000000000e+00
4.621293842792510986e-01 3.675501942634582520e-01 4.668503105640411377e-01 5.700820088386535645e-01 4.997783899307250977e-01 0.000000000000000000e+00
5.135287642478942871e-01 5.349258184432983398e-01 5.822119116783142090e-01 6.037523150444030762e-01 6.364921331405639648e-01 0.000000000000000000e+00
4.850733578205108643e-01 5.386883020401000977e-01 5.769417285919189453e-01 5.886684060096740723e-01 6.013112664222717285e-01 0.000000000000000000e+00
4.662000238895416260e-01 5.514500141143798828e-01 5.724294185638427734e-01 6.105935573577880859e-01 6.178127527236938477e-01 0.000000000000000000e+00
5.024157166481018066e-01 5.983217954635620117e-01 6.605747938156127930e-01 6.450273990631103516e-01 6.648236513137817383e-01 0.000000000000000000e+00
4.299194216728210449e-01 5.412880778312683105e-01 6.093875765800476074e-01 6.070683002471923828e-01 6.563488841056823730e-01 0.000000000000000000e+00
4.459941983222961426e-01 5.259835124015808105e-01 5.504758358001708984e-01 6.203218698501586914e-01 6.302960515022277832e-01 0.000000000000000000e+00
4.386239349842071533e-01 5.635831356048583984e-01 6.330831050872802734e-01 6.555142998695373535e-01 6.457722187042236328e-01 0.000000000000000000e+00
6.289976239204406738e-01 7.198319435119628906e-01 7.274506092071533203e-01 7.342466115951538086e-01 7.356148958206176758e-01 0.000000000000000000e+00
4.018789231777191162e-01 4.896195530891418457e-01 6.149239540100097656e-01 5.883694887161254883e-01 5.722650289535522461e-01 0.000000000000000000e+00
5.342484116554260254e-01 6.711226701736450195e-01 7.135310769081115723e-01 7.062628269195556641e-01 7.638577818870544434e-01 0.000000000000000000e+00
4.737669527530670166e-01 7.158826589584350586e-01 6.883375644683837891e-01 7.022830247879028320e-01 7.942297458648681641e-01 0.000000000000000000e+00
4.791518747806549072e-01 7.021494507789611816e-01 8.114550709724426270e-01 8.620505928993225098e-01 8.665903806686401367e-01 0.000000000000000000e+00
3.027747571468353271e-01 4.289812743663787842e-01 5.676814913749694824e-01 6.201395988464355469e-01 7.372692823410034180e-01 0.000000000000000000e+00
2.870196104049682617e-01 3.910800814628601074e-01 5.146985650062561035e-01 5.821205973625183105e-01 5.584172010421752930e-01 0.000000000000000000e+00
4.613205194473266602e-01 6.232959032058715820e-01 6.667797565460205078e-01 6.956841349601745605e-01 7.448271512985229492e-01 0.000000000000000000e+00
5.473845005035400391e-01 6.634273529052734375e-01 6.507747173309326172e-01 6.626853346824645996e-01 6.713010072708129883e-01 0.000000000000000000e+00
3.595383465290069580e-01 4.918407797813415527e-01 5.350243449211120605e-01 5.301353335380554199e-01 5.250959396362304688e-01 0.000000000000000000e+00
1.843412071466445923e-01 8.240780234336853027e-02 1.295311152935028076e-01 2.787607908248901367e-01 4.424677491188049316e-01 0.000000000000000000e+00
1.715815812349319458e-01 3.390931487083435059e-01 3.979147672653198242e-01 4.186874032020568848e-01 4.118788242340087891e-01 0.000000000000000000e+00
4.903915822505950928e-01 5.534721612930297852e-01 5.954825282096862793e-01 5.730524063110351562e-01 4.341332316398620605e-01 0.000000000000000000e+00
4.966411590576171875e-01 5.455011129379272461e-01 5.442358255386352539e-01 5.491753816604614258e-01 5.518875122070312500e-01 0.000000000000000000e+00
4.516682922840118408e-01 6.096578240394592285e-01 6.074095964431762695e-01 6.187438368797302246e-01 6.539729237556457520e-01 0.000000000000000000e+00
2.740125656127929688e-01 2.858123183250427246e-01 3.582676053047180176e-01 4.616167843341827393e-01 6.458054780960083008e-01 0.000000000000000000e+00
3.555037081241607666e-01 5.089466571807861328e-01 5.649605989456176758e-01 6.245304346084594727e-01 4.772138297557830811e-01 0.000000000000000000e+00
2.838276028633117676e-01 5.220978260040283203e-01 5.451304316520690918e-01 6.338176131248474121e-01 6.255530118942260742e-01 0.000000000000000000e+00
4.764110967516899109e-02 1.084700301289558411e-01 2.377959489822387695e-01 3.188389539718627930e-01 4.368821382522583008e-01 0.000000000000000000e+00
5.866451188921928406e-02 3.115067258477210999e-02 6.158442050218582153e-02 1.154163405299186707e-01 1.908188872039318085e-02 0.000000000000000000e+00
4.418412446975708008e-01 4.792938232421875000e-01 5.748772621154785156e-01 5.630185604095458984e-01 4.893354177474975586e-01 0.000000000000000000e+00
4.047375917434692383e-01 6.086933612823486328e-01 6.047278046607971191e-01 6.095495820045471191e-01 6.004728078842163086e-01 0.000000000000000000e+00
2.868708670139312744e-01 4.589971303939819336e-01 5.767568349838256836e-01 6.752921342849731445e-01 5.921586751937866211e-01 0.000000000000000000e+00
5.538008213043212891e-01 6.774376630783081055e-01 7.308036088943481445e-01 7.518031001091003418e-01 6.650919914245605469e-01 0.000000000000000000e+00
4.933178126811981201e-01 6.610761880874633789e-01 6.854970455169677734e-01 7.482501268386840820e-01 7.349007129669189453e-01 0.000000000000000000e+00
4.908942878246307373e-01 5.767252445220947266e-01 6.391756534576416016e-01 6.619377136230468750e-01 6.851578950881958008e-01 0.000000000000000000e+00
5.413181781768798828e-01 6.123266220092773438e-01 6.555378437042236328e-01 7.111937999725341797e-01 7.668205499649047852e-01 0.000000000000000000e+00
1.896895617246627808e-01 3.875792026519775391e-01 5.911023616790771484e-01 5.511823892593383789e-01 5.317106842994689941e-01 0.000000000000000000e+00
2.490275055170059204e-01 3.629725873470306396e-01 2.868690490722656250e-01 4.069215804338455200e-02 -6.778617948293685913e-02 1.000000000000000000e+00
3.425732254981994629e-01 4.096838831901550293e-01 3.908639252185821533e-01 5.555291771888732910e-01 4.567542076110839844e-01 2.000000000000000000e+00
2.490275055170059204e-01 3.629725873470306396e-01 2.868690490722656250e-01 4.069215804338455200e-02 -6.778617948293685913e-02 1.000000000000000000e+00
3.425732254981994629e-01 4.096838831901550293e-01 3.908639252185821533e-01 5.555291771888732910e-01 4.567542076110839844e-01 2.000000000000000000e+00
2.490275055170059204e-01 3.629725873470306396e-01 2.868690490722656250e-01 4.069215804338455200e-02 -6.778617948293685913e-02 1.000000000000000000e+00
3.425732254981994629e-01 4.096838831901550293e-01 3.908639252185821533e-01 5.555291771888732910e-01 4.567542076110839844e-01 2.000000000000000000e+00
2.490275055170059204e-01 3.629725873470306396e-01 2.868690490722656250e-01 4.069215804338455200e-02 -6.778617948293685913e-02 1.000000000000000000e+00
3.425732254981994629e-01 4.096838831901550293e-01 3.908639252185821533e-01 5.555291771888732910e-01 4.567542076110839844e-01 2.000000000000000000e+00
2.490275055170059204e-01 3.629725873470306396e-01 2.868690490722656250e-01 4.069215804338455200e-02 -6.778617948293685913e-02 1.000000000000000000e+00
3.425732254981994629e-01 4.096838831901550293e-01 3.908639252185821533e-01 5.555291771888732910e-01 4.567542076110839844e-01 2.000000000000000000e+00
2.490275055170059204e-01 3.629725873470306396e-01 2.868690490722656250e-01 4.069215804338455200e-02 -6.778617948293685913e-02 1.000000000000000000e+00
3.425732254981994629e-01 4.096838831901550293e-01 3.908639252185821533e-01 5.555291771888732910e-01 4.567542076110839844e-01 2.000000000000000000e+00
2.490275055170059204e-01 3.629725873470306396e-01 2.868690490722656250e-01 4.069215804338455200e-02 -6.778617948293685913e-02 1.000000000000000000e+00
3.425732254981994629e-01 4.096838831901550293e-01 3.908639252185821533e-01 5.555291771888732910e-01 4.567542076110839844e-01 2.000000000000000000e+00
2.490275055170059204e-01 3.629725873470306396e-01 2.868690490722656250e-01 4.069215804338455200e-02 -6.778617948293685913e-02 1.000000000000000000e+00
3.425732254981994629e-01 4.096838831901550293e-01 3.908639252185821533e-01 5.555291771888732910e-01 4.567542076110839844e-01 2.000000000000000000e+00
2.490275055170059204e-01 3.629725873470306396e-01 2.868690490722656250e-01 4.069215804338455200e-02 -6.778617948293685913e-02 1.000000000000000000e+00
3.425732254981994629e-01 4.096838831901550293e-01 3.908639252185821533e-01 5.555291771888732910e-01 4.567542076110839844e-01 2.000000000000000000e+00
2.490275055170059204e-01 3.629725873470306396e-01 2.868690490722656250e-01 4.069215804338455200e-02 -6.778617948293685913e-02 1.000000000000000000e+00
3.425732254981994629e-01 4.096838831901550293e-01 3.908639252185821533e-01 5.555291771888732910e-01 4.567542076110839844e-01 2.000000000000000000e+00
3.845905661582946777e-01 5.359939336776733398e-01 5.930407047271728516e-01 6.077840328216552734e-01 6.664382219314575195e-01 0.000000000000000000e+00
2.556560933589935303e-01 3.661928474903106689e-01 4.443563222885131836e-01 4.012470543384552002e-01 5.286714434623718262e-01 0.000000000000000000e+00
3.939945995807647705e-01 5.835511684417724609e-01 6.202275753021240234e-01 5.718355178833007812e-01 4.874062836170196533e-01 0.000000000000000000e+00
2.647069990634918213e-01 1.485480815172195435e-01 2.061773240566253662e-01 4.402040243148803711e-01 5.532118082046508789e-01 0.000000000000000000e+00
1.166402399539947510e-01 2.642088532447814941e-01 2.195446491241455078e-01 1.470681428909301758e-01 4.717592000961303711e-01 0.000000000000000000e+00
5.721580982208251953e-01 6.607649326324462891e-01 7.287025451660156250e-01 7.401689291000366211e-01 7.103471159934997559e-01 0.000000000000000000e+00
2.808139920234680176e-01 4.032020568847656250e-01 4.905405938625335693e-01 6.015577316284179688e-01 6.408078074455261230e-01 0.000000000000000000e+00
6.105442047119140625e-01 7.421199083328247070e-01 8.230015635490417480e-01 7.960704565048217773e-01 8.241553306579589844e-01 0.000000000000000000e+00
5.541193485260009766e-01 6.343109011650085449e-01 6.959028840065002441e-01 7.410804033279418945e-01 8.092975616455078125e-01 0.000000000000000000e+00
5.650064945220947266e-01 6.429455280303955078e-01 6.653195023536682129e-01 7.186097502708435059e-01 7.292024493217468262e-01 0.000000000000000000e+00
4.614593684673309326e-01 5.307198166847229004e-01 5.650856494903564453e-01 5.463819503784179688e-01 6.624209880828857422e-01 0.000000000000000000e+00
4.346551001071929932e-01 5.121251344680786133e-01 5.512791872024536133e-01 5.789480209350585938e-01 5.983927249908447266e-01 0.000000000000000000e+00
4.765201807022094727e-01 5.491629242897033691e-01 5.850970149040222168e-01 5.997616052627563477e-01 6.042792201042175293e-01 0.000000000000000000e+00
4.667026996612548828e-01 5.388998985290527344e-01 5.711326599121093750e-01 5.933691859245300293e-01 6.082828044891357422e-01 0.000000000000000000e+00
6.071769595146179199e-01 6.664919853210449219e-01 6.615787148475646973e-01 7.156826257705688477e-01 7.573113441467285156e-01 0.000000000000000000e+00
4.998700916767120361e-01 6.926344633102416992e-01 7.416461706161499023e-01 7.814646959304809570e-01 8.071913123130798340e-01 0.000000000000000000e+00
5.079253315925598145e-01 5.709040760993957520e-01 6.950556039810180664e-01 7.264100313186645508e-01 6.550099849700927734e-01 0.000000000000000000e+00
4.542628228664398193e-01 6.220418214797973633e-01 6.848154067993164062e-01 6.848047971725463867e-01 6.365428566932678223e-01 0.000000000000000000e+00
4.906036853790283203e-01 5.302422046661376953e-01 5.439458489418029785e-01 5.824120640754699707e-01 6.166939139366149902e-01 0.000000000000000000e+00
3.619801104068756104e-01 4.596164226531982422e-01 4.390814602375030518e-01 5.509752035140991211e-01 5.803495645523071289e-01 1.000000000000000000e+00
4.550448358058929443e-01 5.804420113563537598e-01 6.519603729248046875e-01 6.518144607543945312e-01 7.027878165245056152e-01 2.000000000000000000e+00
3.619801104068756104e-01 4.596164226531982422e-01 4.390814602375030518e-01 5.509752035140991211e-01 5.803495645523071289e-01 1.000000000000000000e+00
4.550448358058929443e-01 5.804420113563537598e-01 6.519603729248046875e-01 6.518144607543945312e-01 7.027878165245056152e-01 2.000000000000000000e+00
3.619801104068756104e-01 4.596164226531982422e-01 4.390814602375030518e-01 5.509752035140991211e-01 5.803495645523071289e-01 1.000000000000000000e+00
4.550448358058929443e-01 5.804420113563537598e-01 6.519603729248046875e-01 6.518144607543945312e-01 7.027878165245056152e-01 2.000000000000000000e+00
3.619801104068756104e-01 4.596164226531982422e-01 4.390814602375030518e-01 5.509752035140991211e-01 5.803495645523071289e-01 1.000000000000000000e+00
4.550448358058929443e-01 5.804420113563537598e-01 6.519603729248046875e-01 6.518144607543945312e-01 7.027878165245056152e-01 2.000000000000000000e+00
3.619801104068756104e-01 4.596164226531982422e-01 4.390814602375030518e-01 5.509752035140991211e-01 5.803495645523071289e-01 1.000000000000000000e+00
4.550448358058929443e-01 5.804420113563537598e-01 6.519603729248046875e-01 6.518144607543945312e-01 7.027878165245056152e-01 2.000000000000000000e+00
3.619801104068756104e-01 4.596164226531982422e-01 4.390814602375030518e-01 5.509752035140991211e-01 5.803495645523071289e-01 1.000000000000000000e+00
4.550448358058929443e-01 5.804420113563537598e-01 6.519603729248046875e-01 6.518144607543945312e-01 7.027878165245056152e-01 2.000000000000000000e+00
3.619801104068756104e-01 4.596164226531982422e-01 4.390814602375030518e-01 5.509752035140991211e-01 5.803495645523071289e-01 1.000000000000000000e+00
4.550448358058929443e-01 5.804420113563537598e-01 6.519603729248046875e-01 6.518144607543945312e-01 7.027878165245056152e-01 2.000000000000000000e+00
3.619801104068756104e-01 4.596164226531982422e-01 4.390814602375030518e-01 5.509752035140991211e-01 5.803495645523071289e-01 1.000000000000000000e+00
4.550448358058929443e-01 5.804420113563537598e-01 6.519603729248046875e-01 6.518144607543945312e-01 7.027878165245056152e-01 2.000000000000000000e+00
3.619801104068756104e-01 4.596164226531982422e-01 4.390814602375030518e-01 5.509752035140991211e-01 5.803495645523071289e-01 1.000000000000000000e+00
4.550448358058929443e-01 5.804420113563537598e-01 6.519603729248046875e-01 6.518144607543945312e-01 7.027878165245056152e-01 2.000000000000000000e+00
3.619801104068756104e-01 4.596164226531982422e-01 4.390814602375030518e-01 5.509752035140991211e-01 5.803495645523071289e-01 1.000000000000000000e+00
4.550448358058929443e-01 5.804420113563537598e-01 6.519603729248046875e-01 6.518144607543945312e-01 7.027878165245056152e-01 2.000000000000000000e+00
4.860897064208984375e-01 6.395422220230102539e-01 6.532821655273437500e-01 6.404891014099121094e-01 6.127237081527709961e-01 0.000000000000000000e+00
2.273985594511032104e-01 3.530253767967224121e-01 3.858764469623565674e-01 4.966602623462677002e-01 4.983735084533691406e-01 0.000000000000000000e+00
4.633081853389739990e-01 5.877047777175903320e-01 6.129908561706542969e-01 6.094037294387817383e-01 6.472516655921936035e-01 0.000000000000000000e+00
5.063174366950988770e-01 6.316055059432983398e-01 6.686815023422241211e-01 6.962300539016723633e-01 6.924195289611816406e-01 0.000000000000000000e+00
4.501498639583587646e-01 4.521966278553009033e-01 6.654903888702392578e-01 6.435309648513793945e-01 7.241828441619873047e-01 0.000000000000000000e+00
3.737168908119201660e-01 3.553004562854766846e-01 3.840157687664031982e-01 3.769828379154205322e-01 3.199833929538726807e-01 1.000000000000000000e+00
1.413789689540863037e-01 2.446319311857223511e-01 1.777815967798233032e-01 3.747480511665344238e-01 4.299719929695129395e-01 2.000000000000000000e+00
3.737168908119201660e-01 3.553004562854766846e-01 3.840157687664031982e-01 3.769828379154205322e-01 3.199833929538726807e-01 1.000000000000000000e+00
1.413789689540863037e-01 2.446319311857223511e-01 1.777815967798233032e-01 3.747480511665344238e-01 4.299719929695129395e-01 2.000000000000000000e+00
3.737168908119201660e-01 3.553004562854766846e-01 3.840157687664031982e-01 3.769828379154205322e-01 3.199833929538726807e-01 1.000000000000000000e+00
1.413789689540863037e-01 2.446319311857223511e-01 1.777815967798233032e-01 3.747480511665344238e-01 4.299719929695129395e-01 2.000000000000000000e+00
3.737168908119201660e-01 3.553004562854766846e-01 3.840157687664031982e-01 3.769828379154205322e-01 3.199833929538726807e-01 1.000000000000000000e+00
1.413789689540863037e-01 2.446319311857223511e-01 1.777815967798233032e-01 3.747480511665344238e-01 4.299719929695129395e-01 2.000000000000000000e+00
3.737168908119201660e-01 3.553004562854766846e-01 3.840157687664031982e-01 3.769828379154205322e-01 3.199833929538726807e-01 1.000000000000000000e+00
1.413789689540863037e-01 2.446319311857223511e-01 1.777815967798233032e-01 3.747480511665344238e-01 4.299719929695129395e-01 2.000000000000000000e+00
3.737168908119201660e-01 3.553004562854766846e-01 3.840157687664031982e-01 3.769828379154205322e-01 3.199833929538726807e-01 1.000000000000000000e+00
1.413789689540863037e-01 2.446319311857223511e-01 1.777815967798233032e-01 3.747480511665344238e-01 4.299719929695129395e-01 2.000000000000000000e+00
3.737168908119201660e-01 3.553004562854766846e-01 3.840157687664031982e-01 3.769828379154205322e-01 3.199833929538726807e-01 1.000000000000000000e+00
1.413789689540863037e-01 2.446319311857223511e-01 1.777815967798233032e-01 3.747480511665344238e-01 4.299719929695129395e-01 2.000000000000000000e+00
3.737168908119201660e-01 3.553004562854766846e-01 3.840157687664031982e-01 3.769828379154205322e-01 3.199833929538726807e-01 1.000000000000000000e+00
1.413789689540863037e-01 2.446319311857223511e-01 1.777815967798233032e-01 3.747480511665344238e-01 4.299719929695129395e-01 2.000000000000000000e+00
3.737168908119201660e-01 3.553004562854766846e-01 3.840157687664031982e-01 3.769828379154205322e-01 3.199833929538726807e-01 1.000000000000000000e+00
1.413789689540863037e-01 2.446319311857223511e-01 1.777815967798233032e-01 3.747480511665344238e-01 4.299719929695129395e-01 2.000000000000000000e+00
3.737168908119201660e-01 3.553004562854766846e-01 3.840157687664031982e-01 3.769828379154205322e-01 3.199833929538726807e-01 1.000000000000000000e+00
1.413789689540863037e-01 2.446319311857223511e-01 1.777815967798233032e-01 3.747480511665344238e-01 4.299719929695129395e-01 2.000000000000000000e+00
5.059242248535156250e-01 5.671987533569335938e-01 6.512696743011474609e-01 7.003463506698608398e-01 7.032291889190673828e-01 0.000000000000000000e+00
4.760014116764068604e-01 5.800356864929199219e-01 6.210436820983886719e-01 6.921557188034057617e-01 7.217830419540405273e-01 0.000000000000000000e+00
4.308945238590240479e-01 5.597070455551147461e-01 6.171864271163940430e-01 6.390436887741088867e-01 6.065957546234130859e-01 0.000000000000000000e+00
4.527585804462432861e-01 6.060699224472045898e-01 6.352753639221191406e-01 5.940454006195068359e-01 5.696509480476379395e-01 0.000000000000000000e+00
3.841762840747833252e-01 4.997669160366058350e-01 5.876156091690063477e-01 6.019914150238037109e-01 6.293708086013793945e-01 0.000000000000000000e+00
3.814572989940643311e-01 5.241867303848266602e-01 5.571815967559814453e-01 5.837657451629638672e-01 5.817372798919677734e-01 0.000000000000000000e+00
4.970858991146087646e-01 6.048791408538818359e-01 5.917910933494567871e-01 5.708992481231689453e-01 5.743516683578491211e-01 0.000000000000000000e+00
4.157652258872985840e-01 2.816007733345031738e-01 4.032275974750518799e-01 3.607667684555053711e-01 2.283831387758255005e-01 0.000000000000000000e+00
5.419151186943054199e-01 4.711506068706512451e-01 5.459874868392944336e-01 5.933271646499633789e-01 6.142640113830566406e-01 0.000000000000000000e+00
-3.473635017871856689e-01 -2.229359000921249390e-01 1.184914708137512207e-01 4.912801980972290039e-01 6.793036460876464844e-01 0.000000000000000000e+00
-4.685424268245697021e-02 8.777525275945663452e-02 4.104543030261993408e-01 3.150256276130676270e-01 8.174064010381698608e-02 0.000000000000000000e+00
3.930051028728485107e-01 5.013751983642578125e-01 5.273253321647644043e-01 4.522098600864410400e-01 4.877711534500122070e-01 0.000000000000000000e+00
5.176323056221008301e-01 5.922214984893798828e-01 6.687499284744262695e-01 7.245938181877136230e-01 6.177927255630493164e-01 0.000000000000000000e+00
4.026476740837097168e-01 5.783952474594116211e-01 5.410224199295043945e-01 5.544773340225219727e-01 6.027450561523437500e-01 0.000000000000000000e+00
4.914541244506835938e-01 5.920678973197937012e-01 5.701057910919189453e-01 6.092424392700195312e-01 6.074200868606567383e-01 0.000000000000000000e+00
5.617812275886535645e-01 6.204216480255126953e-01 6.290645599365234375e-01 6.373052597045898438e-01 6.431828737258911133e-01 0.000000000000000000e+00
6.274150609970092773e-01 7.429944872856140137e-01 7.551345229148864746e-01 7.711368799209594727e-01 7.487270832061767578e-01 0.000000000000000000e+00
5.943949222564697266e-01 7.456114292144775391e-01 7.853318452835083008e-01 8.060541152954101562e-01 8.100150823593139648e-01 0.000000000000000000e+00
5.378899574279785156e-01 6.388045549392700195e-01 6.753545403480529785e-01 6.734572052955627441e-01 7.127735018730163574e-01 0.000000000000000000e+00
4.084840714931488037e-01 5.710859298706054688e-01 6.118613481521606445e-01 6.450288295745849609e-01 7.156015038490295410e-01 0.000000000000000000e+00
5.376015901565551758e-01 6.062389612197875977e-01 6.656569242477416992e-01 6.922935247421264648e-01 7.175168991088867188e-01 0.000000000000000000e+00
3.071543276309967041e-01 3.366457223892211914e-01 3.836475610733032227e-01 3.045583665370941162e-01 2.991837859153747559e-01 0.000000000000000000e+00
4.659923613071441650e-01 4.849267601966857910e-01 5.514256954193115234e-01 5.435283780097961426e-01 5.818293094635009766e-01 0.000000000000000000e+00
1.704250425100326538e-01 4.582370221614837646e-01 4.812999963760375977e-01 5.629256367683410645e-01 5.590434670448303223e-01 0.000000000000000000e+00
1.350878477096557617e-01 2.595767080783843994e-01 1.168315708637237549e-01 1.618168503046035767e-01 1.688581705093383789e-02 0.000000000000000000e+00
4.824941754341125488e-01 5.204758644104003906e-01 4.933535754680633545e-01 3.502952754497528076e-01 4.045841991901397705e-01 0.000000000000000000e+00
3.334379196166992188e-01 5.727825164794921875e-01 5.811934471130371094e-01 6.383068561553955078e-01 6.575510501861572266e-01 0.000000000000000000e+00
-3.095177933573722839e-02 -1.643763482570648193e-01 -3.146303594112396240e-01 -1.322661340236663818e-01 1.019201204180717468e-01 1.000000000000000000e+00
2.918418943881988525e-01 3.486094176769256592e-01 4.297114908695220947e-01 3.574135303497314453e-01 2.105776071548461914e-01 2.000000000000000000e+00
-3.095177933573722839e-02 -1.643763482570648193e-01 -3.146303594112396240e-01 -1.322661340236663818e-01 1.019201204180717468e-01 1.000000000000000000e+00
2.918418943881988525e-01 3.486094176769256592e-01 4.297114908695220947e-01 3.574135303497314453e-01 2.105776071548461914e-01 2.000000000000000000e+00
-3.095177933573722839e-02 -1.643763482570648193e-01 -3.146303594112396240e-01 -1.322661340236663818e-01 1.019201204180717468e-01 1.000000000000000000e+00
2.918418943881988525e-01 3.486094176769256592e-01 4.297114908695220947e-01 3.574135303497314453e-01 2.105776071548461914e-01 2.000000000000000000e+00
-3.095177933573722839e-02 -1.643763482570648193e-01 -3.146303594112396240e-01 -1.322661340236663818e-01 1.019201204180717468e-01 1.000000000000000000e+00
2.918418943881988525e-01 3.486094176769256592e-01 4.297114908695220947e-01 3.574135303497314453e-01 2.105776071548461914e-01 2.000000000000000000e+00
-3.095177933573722839e-02 -1.643763482570648193e-01 -3.146303594112396240e-01 -1.322661340236663818e-01 1.019201204180717468e-01 1.000000000000000000e+00
2.918418943881988525e-01 3.486094176769256592e-01 4.297114908695220947e-01 3.574135303497314453e-01 2.105776071548461914e-01 2.000000000000000000e+00
-3.095177933573722839e-02 -1.643763482570648193e-01 -3.146303594112396240e-01 -1.322661340236663818e-01 1.019201204180717468e-01 1.000000000000000000e+00
2.918418943881988525e-01 3.486094176769256592e-01 4.297114908695220947e-01 3.574135303497314453e-01 2.105776071548461914e-01 2.000000000000000000e+00
-3.095177933573722839e-02 -1.643763482570648193e-01 -3.146303594112396240e-01 -1.322661340236663818e-01 1.019201204180717468e-01 1.000000000000000000e+00
2.918418943881988525e-01 3.486094176769256592e-01 4.297114908695220947e-01 3.574135303497314453e-01 2.105776071548461914e-01 2.000000000000000000e+00
-3.095177933573722839e-02 -1.643763482570648193e-01 -3.146303594112396240e-01 -1.322661340236663818e-01 1.019201204180717468e-01 1.000000000000000000e+00
2.918418943881988525e-01 3.486094176769256592e-01 4.297114908695220947e-01 3.574135303497314453e-01 2.105776071548461914e-01 2.000000000000000000e+00
-3.095177933573722839e-02 -1.643763482570648193e-01 -3.146303594112396240e-01 -1.322661340236663818e-01 1.019201204180717468e-01 1.000000000000000000e+00
2.918418943881988525e-01 3.486094176769256592e-01 4.297114908695220947e-01 3.574135303497314453e-01 2.105776071548461914e-01 2.000000000000000000e+00
-3.095177933573722839e-02 -1.643763482570648193e-01 -3.146303594112396240e-01 -1.322661340236663818e-01 1.019201204180717468e-01 1.000000000000000000e+00
2.918418943881988525e-01 3.486094176769256592e-01 4.297114908695220947e-01 3.574135303497314453e-01 2.105776071548461914e-01 2.000000000000000000e+00
5.825436115264892578e-01 8.248425126075744629e-01 8.798952698707580566e-01 9.305713772773742676e-01 9.416669607162475586e-01 0.000000000000000000e+00
7.741306424140930176e-01 8.756964206695556641e-01 8.727217912673950195e-01 8.417961597442626953e-01 8.277924060821533203e-01 0.000000000000000000e+00
5.973949432373046875e-01 6.715867519378662109e-01 7.648909687995910645e-01 8.504670858383178711e-01 9.209995865821838379e-01 0.000000000000000000e+00
6.664502024650573730e-01 8.593860864639282227e-01 9.061992764472961426e-01 9.236837625503540039e-01 9.100271463394165039e-01 0.000000000000000000e+00
7.069886326789855957e-01 7.986471652984619141e-01 7.841885685920715332e-01 8.141094446182250977e-01 8.677598237991333008e-01 0.000000000000000000e+00
6.701464653015136719e-01 8.572297692298889160e-01 9.141499996185302734e-01 9.256727099418640137e-01 9.302334189414978027e-01 0.000000000000000000e+00
7.110787630081176758e-01 7.767097949981689453e-01 8.528647422790527344e-01 8.347571492195129395e-01 8.515568375587463379e-01 0.000000000000000000e+00
-1.293873339891433716e-01 -1.759055405855178833e-01 -2.159703224897384644e-01 -2.405429631471633911e-01 -2.367114871740341187e-01 0.000000000000000000e+00
2.211234420537948608e-01 3.080280721187591553e-01 3.512255847454071045e-02 -2.166666537523269653e-01 -2.531180977821350098e-01 0.000000000000000000e+00
1.508139520883560181e-01 2.392659634351730347e-01 2.633635699748992920e-01 3.178707361221313477e-01 2.283214181661605835e-01 0.000000000000000000e+00
1.870298981666564941e-01 4.288543947041034698e-03 4.231685400009155273e-02 -3.411669656634330750e-02 8.281072974205017090e-02 0.000000000000000000e+00
2.738357484340667725e-01 2.308059930801391602e-01 2.423922270536422729e-01 2.729427218437194824e-01 1.862218230962753296e-01 0.000000000000000000e+00
1.298832148313522339e-01 6.275594234466552734e-02 1.105489023029804230e-02 -1.342854555696249008e-02 1.512797027826309204e-01 0.000000000000000000e+00
1.763827651739120483e-01 -2.360929735004901886e-02 -2.241265401244163513e-02 -1.138541847467422485e-01 -9.421436488628387451e-02 0.000000000000000000e+00
2.973863482475280762e-01 3.338836431503295898e-01 1.989404112100601196e-01 2.423076480627059937e-01 2.530989646911621094e-01 0.000000000000000000e+00
3.149538934230804443e-01 4.303959906101226807e-01 4.186549186706542969e-01 3.739051818847656250e-01 4.290107488632202148e-01 0.000000000000000000e+00
2.224687188863754272e-01 2.950081825256347656e-01 4.454596340656280518e-01 4.983777701854705811e-01 4.576485157012939453e-01 0.000000000000000000e+00
2.770770490169525146e-01 2.538479566574096680e-01 4.132919907569885254e-01 5.647256374359130859e-01 5.188555717468261719e-01 0.000000000000000000e+00
1.298138052225112915e-01 2.540103197097778320e-01 1.573130371980369091e-03 -6.384007632732391357e-02 1.737768352031707764e-01 0.000000000000000000e+00
1.097395829856395721e-02 3.423514366149902344e-01 3.963389098644256592e-01 4.220398366451263428e-01 3.998941481113433838e-01 0.000000000000000000e+00
2.323369085788726807e-01 1.613763123750686646e-01 1.769406497478485107e-01 -5.708108469843864441e-02 -2.016076073050498962e-02 0.000000000000000000e+00
4.615694880485534668e-01 5.377842783927917480e-01 6.856373548507690430e-01 6.597078442573547363e-01 7.258011102676391602e-01 0.000000000000000000e+00
4.766982197761535645e-01 5.949481129646301270e-01 6.286375522613525391e-01 5.746526718139648438e-01 6.504652500152587891e-01 0.000000000000000000e+00
2.285762429237365723e-01 5.048652887344360352e-01 3.395442366600036621e-01 5.078939199447631836e-01 6.332473754882812500e-01 0.000000000000000000e+00
3.763591647148132324e-01 4.941877126693725586e-01 3.372785747051239014e-01 3.189587891101837158e-01 3.839031457901000977e-01 0.000000000000000000e+00
3.453449308872222900e-01 4.095678627490997314e-01 5.052098631858825684e-01 2.971843481063842773e-01 1.188809797167778015e-01 0.000000000000000000e+00
1.509091556072235107e-01 2.734680771827697754e-01 1.897775977849960327e-01 2.447743117809295654e-01 3.159415125846862793e-01 0.000000000000000000e+00
3.656924962997436523e-01 3.424549400806427002e-01 5.722022652626037598e-01 4.739304482936859131e-01 4.156397581100463867e-01 0.000000000000000000e+00
6.651580929756164551e-01 8.042601346969604492e-01 8.290877342224121094e-01 8.444432616233825684e-01 8.910576105117797852e-01 0.000000000000000000e+00
6.403399705886840820e-01 7.285212278366088867e-01 7.401696443557739258e-01 8.029204010963439941e-01 8.363394141197204590e-01 0.000000000000000000e+00
7.037922143936157227e-01 8.243297338485717773e-01 8.357567787170410156e-01 8.200089335441589355e-01 8.335806131362915039e-01 0.000000000000000000e+00
5.551328659057617188e-01 7.304155230522155762e-01 8.221529126167297363e-01 8.499199151992797852e-01 8.948950171470642090e-01 0.000000000000000000e+00
6.223795413970947266e-01 7.435077428817749023e-01 8.340211510658264160e-01 8.486563563346862793e-01 8.197861909866333008e-01 0.000000000000000000e+00
5.305292010307312012e-01 6.923918724060058594e-01 7.260748147964477539e-01 7.599311470985412598e-01 7.883783578872680664e-01 0.000000000000000000e+00
5.532698631286621094e-01 6.207051873207092285e-01 6.873262524604797363e-01 6.795061826705932617e-01 7.046672105789184570e-01 0.000000000000000000e+00
8.162580132484436035e-01 9.002087116241455078e-01 9.289398193359375000e-01 9.411364793777465820e-01 9.405031204223632812e-01 0.000000000000000000e+00
7.999052405357360840e-01 9.016680717468261719e-01 9.310116767883300781e-01 9.401492476463317871e-01 9.459125995635986328e-01 0.000000000000000000e+00
8.167206645011901855e-01 9.026959538459777832e-01 9.296818375587463379e-01 9.359156489372253418e-01 9.499642848968505859e-01 0.000000000000000000e+00
7.766336202621459961e-01 8.859458565711975098e-01 9.185450077056884766e-01 9.414961338043212891e-01 9.448328018188476562e-01 0.000000000000000000e+00
8.001490235328674316e-01 8.874869346618652344e-01 9.089189767837524414e-01 9.272236227989196777e-01 9.299151301383972168e-01 0.000000000000000000e+00
8.154629468917846680e-01 9.046277999877929688e-01 9.340630769729614258e-01 9.409030079841613770e-01 9.442953467369079590e-01 0.000000000000000000e+00
8.279218673706054688e-01 9.012758135795593262e-01 9.376830458641052246e-01 9.561865925788879395e-01 9.644674062728881836e-01 0.000000000000000000e+00
4.679274559020996094e-01 5.762152075767517090e-01 6.315376758575439453e-01 6.454708576202392578e-01 6.878103017807006836e-01 0.000000000000000000e+00
4.235924184322357178e-01 5.294990539550781250e-01 5.797593593597412109e-01 6.070154905319213867e-01 6.472796201705932617e-01 0.000000000000000000e+00
2.115727066993713379e-01 4.263742864131927490e-01 4.934046566486358643e-01 4.723840951919555664e-01 4.971346855163574219e-01 0.000000000000000000e+00
3.719183504581451416e-01 3.938260674476623535e-01 4.590868949890136719e-01 4.136295914649963379e-01 3.816110491752624512e-01 0.000000000000000000e+00
4.021221697330474854e-01 4.881340265274047852e-01 4.619212150573730469e-01 4.870978891849517822e-01 5.129712820053100586e-01 0.000000000000000000e+00
4.509668350219726562e-01 5.168986320495605469e-01 5.999013185501098633e-01 6.126273870468139648e-01 5.525891780853271484e-01 0.000000000000000000e+00
4.657693207263946533e-01 5.526125431060791016e-01 5.757070779800415039e-01 6.061917543411254883e-01 5.731195211410522461e-01 0.000000000000000000e+00
5.212510228157043457e-01 6.339533329010009766e-01 7.392817139625549316e-01 7.936117649078369141e-01 7.727425098419189453e-01 0.000000000000000000e+00
5.100448727607727051e-01 6.770572662353515625e-01 7.088943719863891602e-01 8.175308704376220703e-01 7.930710911750793457e-01 0.000000000000000000e+00
6.498854160308837891e-01 7.745489478111267090e-01 8.124229311943054199e-01 8.258315324783325195e-01 8.621633052825927734e-01 0.000000000000000000e+00
6.818416118621826172e-01 8.493722081184387207e-01 8.419717550277709961e-01 8.289110660552978516e-01 9.038981199264526367e-01 0.000000000000000000e+00
4.911817908287048340e-01 6.618757247924804688e-01 8.146129250526428223e-01 8.780947923660278320e-01 8.907716274261474609e-01 0.000000000000000000e+00
4.823004007339477539e-01 6.701785922050476074e-01 7.505181431770324707e-01 7.594519853591918945e-01 8.120779395103454590e-01 0.000000000000000000e+00
3.901112973690032959e-01 4.494996368885040283e-01 6.321389675140380859e-01 6.834586858749389648e-01 6.999051570892333984e-01 0.000000000000000000e+00
6.135141253471374512e-01 7.595670819282531738e-01 7.744967937469482422e-01 8.783508539199829102e-01 9.087939262390136719e-01 0.000000000000000000e+00
7.413582801818847656e-01 9.106532931327819824e-01 9.401142597198486328e-01 9.500415921211242676e-01 9.295887947082519531e-01 0.000000000000000000e+00
7.024161815643310547e-01 7.852451801300048828e-01 8.242506384849548340e-01 8.300089836120605469e-01 8.875108957290649414e-01 0.000000000000000000e+00
6.297537088394165039e-01 8.244618773460388184e-01 8.931323289871215820e-01 9.309781789779663086e-01 9.272238016128540039e-01 0.000000000000000000e+00
6.476356983184814453e-01 7.977110147476196289e-01 8.242671489715576172e-01 8.798647522926330566e-01 8.591752052307128906e-01 0.000000000000000000e+00
6.299056410789489746e-01 8.068821430206298828e-01 9.003138542175292969e-01 9.376773834228515625e-01 9.255713224411010742e-01 0.000000000000000000e+00
7.639858722686767578e-01 8.408823013305664062e-01 8.756501674652099609e-01 8.726654052734375000e-01 8.116173148155212402e-01 0.000000000000000000e+00
3.439138233661651611e-01 4.806678891181945801e-01 5.880885124206542969e-01 6.271414160728454590e-01 6.204571723937988281e-01 0.000000000000000000e+00
4.002411365509033203e-01 3.618991076946258545e-01 3.122530579566955566e-01 3.308110833168029785e-01 4.301175475120544434e-01 0.000000000000000000e+00
4.690198600292205811e-01 4.962547719478607178e-01 5.312724709510803223e-01 5.126709938049316406e-01 4.640542864799499512e-01 0.000000000000000000e+00
4.950852990150451660e-01 5.532399415969848633e-01 6.175633072853088379e-01 6.645731925964355469e-01 6.726566553115844727e-01 0.000000000000000000e+00
4.258965551853179932e-01 4.789420962333679199e-01 5.338766574859619141e-01 5.729840993881225586e-01 5.931234359741210938e-01 0.000000000000000000e+00
1.544092148542404175e-01 -1.139190606772899628e-02 1.655689328908920288e-01 3.633672297000885010e-01 4.392908811569213867e-01 0.000000000000000000e+00
3.767014145851135254e-01 3.519825637340545654e-01 4.511381387710571289e-01 2.725058794021606445e-01 3.372005820274353027e-01 0.000000000000000000e+00
5.422727465629577637e-01 6.105622053146362305e-01 6.432896852493286133e-01 7.312043905258178711e-01 7.490247488021850586e-01 0.000000000000000000e+00
6.146787405014038086e-01 7.992104887962341309e-01 8.455048799514770508e-01 8.009260892868041992e-01 7.556843757629394531e-01 0.000000000000000000e+00
4.557470977306365967e-01 7.003775835037231445e-01 7.356711626052856445e-01 7.620732784271240234e-01 7.825838923454284668e-01 0.000000000000000000e+00
4.821431338787078857e-01 6.693529486656188965e-01 7.469047307968139648e-01 7.611517310142517090e-01 7.666327953338623047e-01 0.000000000000000000e+00
3.168095350265502930e-01 5.999750494956970215e-01 6.747137308120727539e-01 6.772506237030029297e-01 7.774585485458374023e-01 0.000000000000000000e+00
1.377032846212387085e-01 3.759005367755889893e-01 4.771958291530609131e-01 5.393062829971313477e-01 5.611807107925415039e-01 0.000000000000000000e+00
2.587209343910217285e-01 3.094503879547119141e-01 4.982658028602600098e-01 4.830862283706665039e-01 4.794280827045440674e-01 0.000000000000000000e+00
5.831395387649536133e-01 5.750480890274047852e-01 6.626952886581420898e-01 7.316797971725463867e-01 7.319357395172119141e-01 0.000000000000000000e+00
4.538969397544860840e-01 6.449118852615356445e-01 6.554540395736694336e-01 6.420278549194335938e-01 7.407785654067993164e-01 0.000000000000000000e+00
5.821961760520935059e-01 6.679041385650634766e-01 7.270038127899169922e-01 7.538493871688842773e-01 7.685246467590332031e-01 0.000000000000000000e+00
4.836930930614471436e-01 7.585401535034179688e-01 8.071850538253784180e-01 7.995946407318115234e-01 8.285698294639587402e-01 0.000000000000000000e+00
3.184123635292053223e-01 4.674896001815795898e-01 6.938742399215698242e-01 7.859813570976257324e-01 7.759050130844116211e-01 0.000000000000000000e+00
6.048133969306945801e-01 7.137347459793090820e-01 7.646864652633666992e-01 8.376324176788330078e-01 7.513543367385864258e-01 0.000000000000000000e+00
4.430654346942901611e-01 5.114836096763610840e-01 5.851428508758544922e-01 6.409026980400085449e-01 7.480748891830444336e-01 0.000000000000000000e+00
3.486207723617553711e-01 3.926494121551513672e-01 4.372714161872863770e-01 4.575070440769195557e-01 4.256948828697204590e-01 0.000000000000000000e+00
3.254062533378601074e-01 2.443695068359375000e-01 2.445406615734100342e-01 2.803352177143096924e-01 3.517726659774780273e-01 0.000000000000000000e+00
4.252134859561920166e-01 4.282822906970977783e-01 4.624076187610626221e-01 2.458861470222473145e-01 4.484243988990783691e-01 0.000000000000000000e+00
2.906466424465179443e-01 3.581276834011077881e-01 4.827296435832977295e-01 5.022838711738586426e-01 4.320802986621856689e-01 0.000000000000000000e+00
1.961292624473571777e-01 2.562168836593627930e-01 8.324570953845977783e-02 9.210107475519180298e-02 3.723306655883789062e-01 0.000000000000000000e+00
3.003742694854736328e-01 3.631972372531890869e-01 3.753731548786163330e-01 2.600816786289215088e-01 3.050834536552429199e-01 0.000000000000000000e+00
4.104049876332283020e-02 -2.729609981179237366e-02 -3.951236605644226074e-03 8.617771416902542114e-02 1.118021607398986816e-01 0.000000000000000000e+00
6.314554214477539062e-01 6.842559576034545898e-01 7.115619778633117676e-01 7.226314544677734375e-01 6.874258518218994141e-01 0.000000000000000000e+00
5.572972297668457031e-01 6.762077808380126953e-01 7.066454887390136719e-01 7.320430874824523926e-01 7.102098464965820312e-01 0.000000000000000000e+00
5.178681015968322754e-01 6.768023967742919922e-01 7.501320838928222656e-01 7.593700885772705078e-01 7.510630488395690918e-01 0.000000000000000000e+00
4.765751361846923828e-01 5.579770207405090332e-01 6.518226265907287598e-01 7.447291612625122070e-01 7.747206687927246094e-01 0.000000000000000000e+00
4.088940918445587158e-01 6.031646132469177246e-01 5.933724641799926758e-01 6.764495968818664551e-01 6.465840935707092285e-01 0.000000000000000000e+00
5.272865891456604004e-01 6.070815324783325195e-01 6.646890640258789062e-01 6.194096803665161133e-01 6.473655700683593750e-01 0.000000000000000000e+00
4.830013215541839600e-01 6.149811744689941406e-01 7.046145796775817871e-01 7.055215835571289062e-01 6.329226493835449219e-01 0.000000000000000000e+00
4.102561175823211670e-01 5.353308320045471191e-01 6.071994304656982422e-01 6.610254049301147461e-01 7.206492424011230469e-01 0.000000000000000000e+00
5.067769289016723633e-01 5.455604791641235352e-01 5.572084188461303711e-01 5.494719743728637695e-01 5.330340862274169922e-01 0.000000000000000000e+00
4.368791282176971436e-01 5.463479757308959961e-01 5.963034629821777344e-01 6.080313920974731445e-01 6.124473810195922852e-01 0.000000000000000000e+00
4.423650801181793213e-01 5.044957995414733887e-01 5.468336343765258789e-01 5.698789358139038086e-01 5.834987163543701172e-01 0.000000000000000000e+00
3.879838287830352783e-01 4.589006900787353516e-01 4.834753274917602539e-01 4.696241617202758789e-01 5.078974962234497070e-01 0.000000000000000000e+00
4.235388636589050293e-01 4.985266327857971191e-01 5.122618675231933594e-01 5.311492681503295898e-01 4.938451051712036133e-01 0.000000000000000000e+00
4.198186099529266357e-01 4.913792908191680908e-01 5.209736824035644531e-01 5.303537249565124512e-01 5.385310649871826172e-01 0.000000000000000000e+00
2.422843277454376221e-01 5.504752397537231445e-01 7.175967693328857422e-01 6.724570989608764648e-01 7.203640937805175781e-01 0.000000000000000000e+00
3.357109725475311279e-01 6.601297855377197266e-01 5.938593149185180664e-01 5.988900661468505859e-01 6.914875507354736328e-01 0.000000000000000000e+00
5.190070867538452148e-01 5.528821945190429688e-01 5.926163196563720703e-01 6.129333972930908203e-01 5.729926228523254395e-01 0.000000000000000000e+00
1.913232952356338501e-01 4.193705022335052490e-01 5.259862542152404785e-01 5.698002576828002930e-01 6.740443706512451172e-01 0.000000000000000000e+00
2.741718292236328125e-01 4.349538981914520264e-01 1.147027984261512756e-01 3.060320913791656494e-01 5.422995090484619141e-01 0.000000000000000000e+00
6.860382556915283203e-01 8.033905625343322754e-01 7.701750993728637695e-01 6.950181126594543457e-01 5.486740469932556152e-01 0.000000000000000000e+00
7.713029384613037109e-01 8.515939116477966309e-01 9.005038738250732422e-01 9.119998812675476074e-01 8.810607194900512695e-01 0.000000000000000000e+00
9.181084483861923218e-02 1.624804884195327759e-01 -8.622038364410400391e-02 -3.844341933727264404e-01 -5.371635556221008301e-01 1.000000000000000000e+00
3.831264972686767578e-01 5.774680376052856445e-01 6.097760200500488281e-01 4.976184666156768799e-01 4.711770713329315186e-01 2.000000000000000000e+00
9.181084483861923218e-02 1.624804884195327759e-01 -8.622038364410400391e-02 -3.844341933727264404e-01 -5.371635556221008301e-01 1.000000000000000000e+00
3.831264972686767578e-01 5.774680376052856445e-01 6.097760200500488281e-01 4.976184666156768799e-01 4.711770713329315186e-01 2.000000000000000000e+00
9.181084483861923218e-02 1.624804884195327759e-01 -8.622038364410400391e-02 -3.844341933727264404e-01 -5.371635556221008301e-01 1.000000000000000000e+00
3.831264972686767578e-01 5.774680376052856445e-01 6.097760200500488281e-01 4.976184666156768799e-01 4.711770713329315186e-01 2.000000000000000000e+00
9.181084483861923218e-02 1.624804884195327759e-01 -8.622038364410400391e-02 -3.844341933727264404e-01 -5.371635556221008301e-01 1.000000000000000000e+00
3.831264972686767578e-01 5.774680376052856445e-01 6.097760200500488281e-01 4.976184666156768799e-01 4.711770713329315186e-01 2.000000000000000000e+00
9.181084483861923218e-02 1.624804884195327759e-01 -8.622038364410400391e-02 -3.844341933727264404e-01 -5.371635556221008301e-01 1.000000000000000000e+00
3.831264972686767578e-01 5.774680376052856445e-01 6.097760200500488281e-01 4.976184666156768799e-01 4.711770713329315186e-01 2.000000000000000000e+00
9.181084483861923218e-02 1.624804884195327759e-01 -8.622038364410400391e-02 -3.844341933727264404e-01 -5.371635556221008301e-01 1.000000000000000000e+00
3.831264972686767578e-01 5.774680376052856445e-01 6.097760200500488281e-01 4.976184666156768799e-01 4.711770713329315186e-01 2.000000000000000000e+00
9.181084483861923218e-02 1.624804884195327759e-01 -8.622038364410400391e-02 -3.844341933727264404e-01 -5.371635556221008301e-01 1.000000000000000000e+00
3.831264972686767578e-01 5.774680376052856445e-01 6.097760200500488281e-01 4.976184666156768799e-01 4.711770713329315186e-01 2.000000000000000000e+00
9.181084483861923218e-02 1.624804884195327759e-01 -8.622038364410400391e-02 -3.844341933727264404e-01 -5.371635556221008301e-01 1.000000000000000000e+00
3.831264972686767578e-01 5.774680376052856445e-01 6.097760200500488281e-01 4.976184666156768799e-01 4.711770713329315186e-01 2.000000000000000000e+00
9.181084483861923218e-02 1.624804884195327759e-01 -8.622038364410400391e-02 -3.844341933727264404e-01 -5.371635556221008301e-01 1.000000000000000000e+00
3.831264972686767578e-01 5.774680376052856445e-01 6.097760200500488281e-01 4.976184666156768799e-01 4.711770713329315186e-01 2.000000000000000000e+00
9.181084483861923218e-02 1.624804884195327759e-01 -8.622038364410400391e-02 -3.844341933727264404e-01 -5.371635556221008301e-01 1.000000000000000000e+00
3.831264972686767578e-01 5.774680376052856445e-01 6.097760200500488281e-01 4.976184666156768799e-01 4.711770713329315186e-01 2.000000000000000000e+00
5.672317743301391602e-01 6.395890712738037109e-01 6.596826314926147461e-01 7.135311961174011230e-01 7.215845584869384766e-01 0.000000000000000000e+00
4.622357785701751709e-01 6.330983042716979980e-01 6.695861220359802246e-01 7.060370445251464844e-01 7.462813258171081543e-01 0.000000000000000000e+00
4.414194226264953613e-01 5.572537779808044434e-01 5.700374841690063477e-01 6.446830034255981445e-01 6.248677968978881836e-01 0.000000000000000000e+00
5.097693204879760742e-01 5.564929246902465820e-01 6.210339069366455078e-01 6.205727458000183105e-01 5.961726903915405273e-01 0.000000000000000000e+00
4.996028542518615723e-01 6.030719280242919922e-01 6.443588137626647949e-01 6.524702310562133789e-01 6.547992229461669922e-01 0.000000000000000000e+00
5.593104958534240723e-01 6.711601018905639648e-01 6.937224864959716797e-01 6.949110031127929688e-01 6.797119379043579102e-01 0.000000000000000000e+00
4.072263836860656738e-01 5.619460344314575195e-01 6.316523551940917969e-01 6.642714142799377441e-01 6.878672242164611816e-01 0.000000000000000000e+00
5.793408155441284180e-01 7.316064238548278809e-01 7.127064466476440430e-01 7.465661168098449707e-01 6.557818651199340820e-01 0.000000000000000000e+00
4.400286674499511719e-01 5.960848331451416016e-01 5.814181566238403320e-01 5.894442796707153320e-01 6.079833507537841797e-01 0.000000000000000000e+00
6.626049876213073730e-01 7.229034900665283203e-01 7.105321884155273438e-01 6.962660551071166992e-01 7.009382247924804688e-01 0.000000000000000000e+00
5.413274168968200684e-01 6.519995927810668945e-01 7.096816301345825195e-01 7.758091688156127930e-01 7.770761251449584961e-01 0.000000000000000000e+00
4.068119823932647705e-01 4.916321039199829102e-01 5.781701803207397461e-01 6.418424844741821289e-01 6.629565358161926270e-01 0.000000000000000000e+00
4.909423291683197021e-01 6.092838644981384277e-01 6.344721317291259766e-01 7.019420862197875977e-01 6.138366460800170898e-01 0.000000000000000000e+00
2.549090087413787842e-01 2.609585821628570557e-01 2.813300192356109619e-01 2.990542948246002197e-01 4.522830843925476074e-01 0.000000000000000000e+00
4.462800025939941406e-01 5.736950039863586426e-01 5.959532856941223145e-01 6.188692450523376465e-01 6.360828876495361328e-01 0.000000000000000000e+00
5.194588303565979004e-01 5.152305960655212402e-01 5.548582077026367188e-01 6.469166874885559082e-01 6.656852364540100098e-01 0.000000000000000000e+00
5.386919975280761719e-01 5.871485471725463867e-01 6.224756836891174316e-01 5.565693378448486328e-01 5.990070104598999023e-01 0.000000000000000000e+00
5.350677967071533203e-01 6.390354633331298828e-01 6.437791585922241211e-01 6.364629268646240234e-01 6.423101425170898438e-01 0.000000000000000000e+00
5.023404359817504883e-01 6.307343244552612305e-01 6.176627874374389648e-01 6.410546302795410156e-01 6.173427700996398926e-01 0.000000000000000000e+00
4.825232625007629395e-01 6.315301060676574707e-01 6.879758834838867188e-01 6.983692049980163574e-01 6.739391088485717773e-01 0.000000000000000000e+00
5.903055667877197266e-01 6.186123490333557129e-01 6.718909740447998047e-01 6.946535706520080566e-01 6.764411926269531250e-01 0.000000000000000000e+00
2.711580395698547363e-01 4.326091110706329346e-01 5.079972147941589355e-01 5.377636551856994629e-01 6.141937971115112305e-01 0.000000000000000000e+00
3.282218575477600098e-01 4.040090739727020264e-01 4.643673896789550781e-01 4.646897614002227783e-01 4.524240195751190186e-01 0.000000000000000000e+00
3.549864590167999268e-01 5.009942054748535156e-01 5.420557260513305664e-01 5.099517107009887695e-01 5.444881916046142578e-01 0.000000000000000000e+00
4.415396153926849365e-01 5.731970071792602539e-01 6.366293430328369141e-01 6.744688749313354492e-01 6.643419265747070312e-01 0.000000000000000000e+00
3.878784775733947754e-01 4.700586199760437012e-01 5.274104475975036621e-01 5.543363094329833984e-01 6.153969764709472656e-01 0.000000000000000000e+00
5.347809195518493652e-01 5.827145576477050781e-01 6.618916392326354980e-01 6.940057277679443359e-01 7.148019671440124512e-01 0.000000000000000000e+00
5.259231328964233398e-01 6.300178766250610352e-01 6.965391635894775391e-01 7.114630341529846191e-01 6.835724711418151855e-01 0.000000000000000000e+00
4.292660057544708252e-01 4.612072706222534180e-01 5.728547573089599609e-01 5.819778442382812500e-01 6.021259427070617676e-01 0.000000000000000000e+00
4.519772231578826904e-01 4.742735624313354492e-01 5.071417689323425293e-01 5.173119902610778809e-01 5.331265330314636230e-01 0.000000000000000000e+00
3.977208137512207031e-01 4.465762972831726074e-01 5.747530460357666016e-01 6.243245601654052734e-01 5.114704370498657227e-01 0.000000000000000000e+00
3.996464014053344727e-01 5.245298147201538086e-01 5.050545334815979004e-01 4.858431220054626465e-01 5.604555010795593262e-01 0.000000000000000000e+00
2.555400729179382324e-01 4.559308290481567383e-01 5.174261331558227539e-01 4.517007172107696533e-01 3.933519423007965088e-01 0.000000000000000000e+00
4.444940686225891113e-01 4.843325316905975342e-01 4.324299991130828857e-01 4.883050620555877686e-01 5.257752537727355957e-01 0.000000000000000000e+00
4.473510384559631348e-01 5.863172411918640137e-01 5.885086059570312500e-01 5.922650098800659180e-01 6.465013027191162109e-01 0.000000000000000000e+00
4.357870519161224365e-01 5.795253515243530273e-01 5.612532496452331543e-01 4.887158572673797607e-01 5.251297354698181152e-01 1.000000000000000000e+00
4.296944737434387207e-01 5.343162417411804199e-01 5.896823406219482422e-01 6.808418035507202148e-01 6.701095104217529297e-01 2.000000000000000000e+00
4.357870519161224365e-01 5.795253515243530273e-01 5.612532496452331543e-01 4.887158572673797607e-01 5.251297354698181152e-01 1.000000000000000000e+00
4.296944737434387207e-01 5.343162417411804199e-01 5.896823406219482422e-01 6.808418035507202148e-01 6.701095104217529297e-01 2.000000000000000000e+00
4.357870519161224365e-01 5.795253515243530273e-01 5.612532496452331543e-01 4.887158572673797607e-01 5.251297354698181152e-01 1.000000000000000000e+00
4.296944737434387207e-01 5.343162417411804199e-01 5.896823406219482422e-01 6.808418035507202148e-01 6.701095104217529297e-01 2.000000000000000000e+00
4.357870519161224365e-01 5.795253515243530273e-01 5.612532496452331543e-01 4.887158572673797607e-01 5.251297354698181152e-01 1.000000000000000000e+00
4.296944737434387207e-01 5.343162417411804199e-01 5.896823406219482422e-01 6.808418035507202148e-01 6.701095104217529297e-01 2.000000000000000000e+00
4.357870519161224365e-01 5.795253515243530273e-01 5.612532496452331543e-01 4.887158572673797607e-01 5.251297354698181152e-01 1.000000000000000000e+00
4.296944737434387207e-01 5.343162417411804199e-01 5.896823406219482422e-01 6.808418035507202148e-01 6.701095104217529297e-01 2.000000000000000000e+00
4.357870519161224365e-01 5.795253515243530273e-01 5.612532496452331543e-01 4.887158572673797607e-01 5.251297354698181152e-01 1.000000000000000000e+00
4.296944737434387207e-01 5.343162417411804199e-01 5.896823406219482422e-01 6.808418035507202148e-01 6.701095104217529297e-01 2.000000000000000000e+00
4.357870519161224365e-01 5.795253515243530273e-01 5.612532496452331543e-01 4.887158572673797607e-01 5.251297354698181152e-01 1.000000000000000000e+00
4.296944737434387207e-01 5.343162417411804199e-01 5.896823406219482422e-01 6.808418035507202148e-01 6.701095104217529297e-01 2.000000000000000000e+00
4.357870519161224365e-01 5.795253515243530273e-01 5.612532496452331543e-01 4.887158572673797607e-01 5.251297354698181152e-01 1.000000000000000000e+00
4.296944737434387207e-01 5.343162417411804199e-01 5.896823406219482422e-01 6.808418035507202148e-01 6.701095104217529297e-01 2.000000000000000000e+00
4.357870519161224365e-01 5.795253515243530273e-01 5.612532496452331543e-01 4.887158572673797607e-01 5.251297354698181152e-01 1.000000000000000000e+00
4.296944737434387207e-01 5.343162417411804199e-01 5.896823406219482422e-01 6.808418035507202148e-01 6.701095104217529297e-01 2.000000000000000000e+00
4.357870519161224365e-01 5.795253515243530273e-01 5.612532496452331543e-01 4.887158572673797607e-01 5.251297354698181152e-01 1.000000000000000000e+00
4.296944737434387207e-01 5.343162417411804199e-01 5.896823406219482422e-01 6.808418035507202148e-01 6.701095104217529297e-01 2.000000000000000000e+00
3.978114128112792969e-01 4.787602424621582031e-01 5.374602079391479492e-01 5.719661712646484375e-01 5.677044391632080078e-01 0.000000000000000000e+00
2.721244096755981445e-01 2.638640105724334717e-01 4.907150268554687500e-01 5.035004615783691406e-01 5.238582491874694824e-01 0.000000000000000000e+00
4.910515844821929932e-01 5.292518734931945801e-01 4.811602532863616943e-01 3.545239865779876709e-01 2.575071156024932861e-01 0.000000000000000000e+00
2.977421581745147705e-01 4.404086172580718994e-01 5.370270609855651855e-01 6.070386171340942383e-01 6.869068741798400879e-01 0.000000000000000000e+00
2.785030305385589600e-01 3.300294876098632812e-01 4.195438027381896973e-01 5.056731104850769043e-01 5.013390183448791504e-01 0.000000000000000000e+00
2.017062157392501831e-01 4.002060294151306152e-01 4.748819768428802490e-01 5.479770302772521973e-01 4.849795699119567871e-01 0.000000000000000000e+00
1.006455719470977783e-01 3.136008977890014648e-01 1.997741907835006714e-01 3.804742693901062012e-01 5.366413593292236328e-01 0.000000000000000000e+00
5.626354217529296875e-01 6.641396284103393555e-01 6.850957870483398438e-01 6.968017816543579102e-01 7.130765318870544434e-01 0.000000000000000000e+00
4.328031241893768311e-01 6.726635694503784180e-01 6.113892793655395508e-01 6.141400337219238281e-01 6.408990621566772461e-01 0.000000000000000000e+00
3.052029013633728027e-01 5.563492774963378906e-01 6.506570577621459961e-01 6.943235397338867188e-01 7.024294137954711914e-01 0.000000000000000000e+00
4.149953424930572510e-01 5.997703075408935547e-01 5.519753694534301758e-01 5.390604734420776367e-01 5.726252198219299316e-01 0.000000000000000000e+00
5.182517766952514648e-01 6.182432174682617188e-01 7.033504247665405273e-01 7.179504632949829102e-01 7.253712415695190430e-01 0.000000000000000000e+00
6.051115989685058594e-01 6.684830188751220703e-01 6.410510540008544922e-01 6.655652523040771484e-01 6.765167117118835449e-01 1.000000000000000000e+00
5.797623395919799805e-01 6.624404788017272949e-01 7.223697900772094727e-01 7.382084727287292480e-01 7.570329308509826660e-01 2.000000000000000000e+00
6.051115989685058594e-01 6.684830188751220703e-01 6.410510540008544922e-01 6.655652523040771484e-01 6.765167117118835449e-01 1.000000000000000000e+00
5.797623395919799805e-01 6.624404788017272949e-01 7.223697900772094727e-01 7.382084727287292480e-01 7.570329308509826660e-01 2.000000000000000000e+00
6.051115989685058594e-01 6.684830188751220703e-01 6.410510540008544922e-01 6.655652523040771484e-01 6.765167117118835449e-01 1.000000000000000000e+00
5.797623395919799805e-01 6.624404788017272949e-01 7.223697900772094727e-01 7.382084727287292480e-01 7.570329308509826660e-01 2.000000000000000000e+00
6.051115989685058594e-01 6.684830188751220703e-01 6.410510540008544922e-01 6.655652523040771484e-01 6.765167117118835449e-01 1.000000000000000000e+00
5.797623395919799805e-01 6.624404788017272949e-01 7.223697900772094727e-01 7.382084727287292480e-01 7.570329308509826660e-01 2.000000000000000000e+00
6.051115989685058594e-01 6.684830188751220703e-01 6.410510540008544922e-01 6.655652523040771484e-01 6.765167117118835449e-01 1.000000000000000000e+00
5.797623395919799805e-01 6.624404788017272949e-01 7.223697900772094727e-01 7.382084727287292480e-01 7.570329308509826660e-01 2.000000000000000000e+00
6.051115989685058594e-01 6.684830188751220703e-01 6.410510540008544922e-01 6.655652523040771484e-01 6.765167117118835449e-01 1.000000000000000000e+00
5.797623395919799805e-01 6.624404788017272949e-01 7.223697900772094727e-01 7.382084727287292480e-01 7.570329308509826660e-01 2.000000000000000000e+00
6.051115989685058594e-01 6.684830188751220703e-01 6.410510540008544922e-01 6.655652523040771484e-01 6.765167117118835449e-01 1.000000000000000000e+00
5.797623395919799805e-01 6.624404788017272949e-01 7.223697900772094727e-01 7.382084727287292480e-01 7.570329308509826660e-01 2.000000000000000000e+00
6.051115989685058594e-01 6.684830188751220703e-01 6.410510540008544922e-01 6.655652523040771484e-01 6.765167117118835449e-01 1.000000000000000000e+00
5.797623395919799805e-01 6.624404788017272949e-01 7.223697900772094727e-01 7.382084727287292480e-01 7.570329308509826660e-01 2.000000000000000000e+00
6.051115989685058594e-01 6.684830188751220703e-01 6.410510540008544922e-01 6.655652523040771484e-01 6.765167117118835449e-01 1.000000000000000000e+00
5.797623395919799805e-01 6.624404788017272949e-01 7.223697900772094727e-01 7.382084727287292480e-01 7.570329308509826660e-01 2.000000000000000000e+00
6.051115989685058594e-01 6.684830188751220703e-01 6.410510540008544922e-01 6.655652523040771484e-01 6.765167117118835449e-01 1.000000000000000000e+00
5.797623395919799805e-01 6.624404788017272949e-01 7.223697900772094727e-01 7.382084727287292480e-01 7.570329308509826660e-01 2.000000000000000000e+00
2.548825740814208984e-01 3.415780663490295410e-01 4.748531281948089600e-01 5.084421634674072266e-01 4.932138919830322266e-01 0.000000000000000000e+00
2.583733201026916504e-01 4.258798956871032715e-01 4.459834992885589600e-01 4.995625317096710205e-01 4.842820167541503906e-01 0.000000000000000000e+00
4.841775298118591309e-01 5.417725443840026855e-01 5.440834760665893555e-01 5.513101816177368164e-01 5.002035498619079590e-01 0.000000000000000000e+00
4.845741093158721924e-01 4.436639845371246338e-01 4.345442950725555420e-01 5.455768108367919922e-01 4.439530670642852783e-01 0.000000000000000000e+00
5.299167633056640625e-01 6.027235984802246094e-01 6.470016241073608398e-01 6.586856842041015625e-01 6.686815023422241211e-01 0.000000000000000000e+00
-1.611861884593963623e-01 -3.419843912124633789e-01 -3.365700542926788330e-01 -4.595029056072235107e-01 -4.988458454608917236e-01 1.000000000000000000e+00
1.659876853227615356e-01 3.304943740367889404e-01 3.966251611709594727e-01 3.279238045215606689e-01 3.299945890903472900e-01 2.000000000000000000e+00
-1.611861884593963623e-01 -3.419843912124633789e-01 -3.365700542926788330e-01 -4.595029056072235107e-01 -4.988458454608917236e-01 1.000000000000000000e+00
1.659876853227615356e-01 3.304943740367889404e-01 3.966251611709594727e-01 3.279238045215606689e-01 3.299945890903472900e-01 2.000000000000000000e+00
-1.611861884593963623e-01 -3.419843912124633789e-01 -3.365700542926788330e-01 -4.595029056072235107e-01 -4.988458454608917236e-01 1.000000000000000000e+00
1.659876853227615356e-01 3.304943740367889404e-01 3.966251611709594727e-01 3.279238045215606689e-01 3.299945890903472900e-01 2.000000000000000000e+00
-1.611861884593963623e-01 -3.419843912124633789e-01 -3.365700542926788330e-01 -4.595029056072235107e-01 -4.988458454608917236e-01 1.000000000000000000e+00
1.659876853227615356e-01 3.304943740367889404e-01 3.966251611709594727e-01 3.279238045215606689e-01 3.299945890903472900e-01 2.000000000000000000e+00
-1.611861884593963623e-01 -3.419843912124633789e-01 -3.365700542926788330e-01 -4.595029056072235107e-01 -4.988458454608917236e-01 1.000000000000000000e+00
1.659876853227615356e-01 3.304943740367889404e-01 3.966251611709594727e-01 3.279238045215606689e-01 3.299945890903472900e-01 2.000000000000000000e+00
-1.611861884593963623e-01 -3.419843912124633789e-01 -3.365700542926788330e-01 -4.595029056072235107e-01 -4.988458454608917236e-01 1.000000000000000000e+00
1.659876853227615356e-01 3.304943740367889404e-01 3.966251611709594727e-01 3.279238045215606689e-01 3.299945890903472900e-01 2.000000000000000000e+00
-1.611861884593963623e-01 -3.419843912124633789e-01 -3.365700542926788330e-01 -4.595029056072235107e-01 -4.988458454608917236e-01 1.000000000000000000e+00
1.659876853227615356e-01 3.304943740367889404e-01 3.966251611709594727e-01 3.279238045215606689e-01 3.299945890903472900e-01 2.000000000000000000e+00
-1.611861884593963623e-01 -3.419843912124633789e-01 -3.365700542926788330e-01 -4.595029056072235107e-01 -4.988458454608917236e-01 1.000000000000000000e+00
1.659876853227615356e-01 3.304943740367889404e-01 3.966251611709594727e-01 3.279238045215606689e-01 3.299945890903472900e-01 2.000000000000000000e+00
-1.611861884593963623e-01 -3.419843912124633789e-01 -3.365700542926788330e-01 -4.595029056072235107e-01 -4.988458454608917236e-01 1.000000000000000000e+00
1.659876853227615356e-01 3.304943740367889404e-01 3.966251611709594727e-01 3.279238045215606689e-01 3.299945890903472900e-01 2.000000000000000000e+00
-1.611861884593963623e-01 -3.419843912124633789e-01 -3.365700542926788330e-01 -4.595029056072235107e-01 -4.988458454608917236e-01 1.000000000000000000e+00
1.659876853227615356e-01 3.304943740367889404e-01 3.966251611709594727e-01 3.279238045215606689e-01 3.299945890903472900e-01 2.000000000000000000e+00
2.687700688838958740e-01 4.451194405555725098e-01 4.721676707267761230e-01 5.414652824401855469e-01 5.752422213554382324e-01 0.000000000000000000e+00
2.998343408107757568e-01 3.789667487144470215e-01 2.845884263515472412e-01 2.609741091728210449e-01 2.972706556320190430e-01 0.000000000000000000e+00
6.015071868896484375e-01 6.839371919631958008e-01 7.228981256484985352e-01 7.180994749069213867e-01 6.294080615043640137e-01 0.000000000000000000e+00
5.750253200531005859e-01 6.868511438369750977e-01 7.807471752166748047e-01 7.792686223983764648e-01 7.865301370620727539e-01 0.000000000000000000e+00
4.120008349418640137e-01 5.744103789329528809e-01 5.593159198760986328e-01 5.719053149223327637e-01 6.545619964599609375e-01 0.000000000000000000e+00
6.147436499595642090e-01 7.755603194236755371e-01 7.697852253913879395e-01 7.779014110565185547e-01 8.103233575820922852e-01 0.000000000000000000e+00
3.742934763431549072e-01 5.980215072631835938e-01 6.965537071228027344e-01 6.486978530883789062e-01 7.338912487030029297e-01 0.000000000000000000e+00
3.227349817752838135e-01 4.190075695514678955e-01 3.294781744480133057e-01 2.164064496755599976e-01 2.557645142078399658e-01 0.000000000000000000e+00
1.840328872203826904e-01 4.198092520236968994e-01 4.021814465522766113e-01 4.282096326351165771e-01 4.151476919651031494e-01 0.000000000000000000e+00
2.858514487743377686e-01 3.541549444198608398e-01 4.763003885746002197e-01 3.463049530982971191e-01 2.451456189155578613e-01 0.000000000000000000e+00
-1.764160245656967163e-01 -2.078186869621276855e-01 -2.118739932775497437e-01 -7.680067420005798340e-02 -2.925111651420593262e-01 0.000000000000000000e+00
-2.978500723838806152e-01 -2.165481895208358765e-01 -1.783796697854995728e-01 -1.877613216638565063e-01 -3.007814884185791016e-01 0.000000000000000000e+00
3.546854853630065918e-02 -1.740395277738571167e-01 -4.470487236976623535e-01 -4.743984639644622803e-01 -4.906032979488372803e-01 0.000000000000000000e+00
2.341989725828170776e-01 -4.426900669932365417e-02 1.247732266783714294e-01 -8.094189316034317017e-02 -1.227846220135688782e-01 0.000000000000000000e+00
5.558967590332031250e-01 6.357870101928710938e-01 6.922667622566223145e-01 6.753183007240295410e-01 6.655632257461547852e-01 0.000000000000000000e+00
6.240649223327636719e-01 6.871556043624877930e-01 6.781145334243774414e-01 7.359900474548339844e-01 7.260804176330566406e-01 0.000000000000000000e+00
5.710470676422119141e-01 6.925824880599975586e-01 6.779223084449768066e-01 7.452929615974426270e-01 7.539316415786743164e-01 0.000000000000000000e+00
6.418435573577880859e-01 7.141015529632568359e-01 7.823582291603088379e-01 8.014709949493408203e-01 7.580303549766540527e-01 0.000000000000000000e+00
5.072675943374633789e-01 5.847280025482177734e-01 6.564218997955322266e-01 7.092028856277465820e-01 7.202050685882568359e-01 0.000000000000000000e+00
5.356184840202331543e-01 6.448904275894165039e-01 7.219429612159729004e-01 7.215932607650756836e-01 6.597332954406738281e-01 0.000000000000000000e+00
4.942676424980163574e-01 6.553150415420532227e-01 7.343931198120117188e-01 7.367830276489257812e-01 7.359431982040405273e-01 0.000000000000000000e+00
5.977436304092407227e-01 6.602138280868530273e-01 6.913338899612426758e-01 7.080315947532653809e-01 6.980764865875244141e-01 0.000000000000000000e+00
4.023780822753906250e-01 4.248051643371582031e-01 5.138745307922363281e-01 5.543588399887084961e-01 6.487048864364624023e-01 0.000000000000000000e+00
5.375776290893554688e-01 6.036843061447143555e-01 6.628060340881347656e-01 6.521509885787963867e-01 6.812081336975097656e-01 0.000000000000000000e+00
6.069954037666320801e-01 6.645516157150268555e-01 6.636252403259277344e-01 6.487652063369750977e-01 7.178955078125000000e-01 0.000000000000000000e+00
5.910381078720092773e-01 6.264220476150512695e-01 6.923925876617431641e-01 7.152377963066101074e-01 7.223335504531860352e-01 0.000000000000000000e+00
5.976431369781494141e-01 7.051014900207519531e-01 7.423540353775024414e-01 7.307178974151611328e-01 7.101781368255615234e-01 0.000000000000000000e+00
5.674974918365478516e-01 6.754126548767089844e-01 7.388631105422973633e-01 7.564335465431213379e-01 7.581151723861694336e-01 0.000000000000000000e+00
3.627932965755462646e-01 5.749710798263549805e-01 5.773967504501342773e-01 6.035979390144348145e-01 5.787804126739501953e-01 0.000000000000000000e+00
4.401598572731018066e-01 6.046711206436157227e-01 7.225096225738525391e-01 7.962171435356140137e-01 6.855370998382568359e-01 0.000000000000000000e+00
3.308451771736145020e-01 4.506148099899291992e-01 5.533761978149414062e-01 6.235219836235046387e-01 6.634819507598876953e-01 0.000000000000000000e+00
3.894033133983612061e-01 4.568537771701812744e-01 4.823883473873138428e-01 5.512659549713134766e-01 5.737876892089843750e-01 0.000000000000000000e+00
4.265032410621643066e-01 4.734929203987121582e-01 4.818240106105804443e-01 5.268843770027160645e-01 6.241548061370849609e-01 0.000000000000000000e+00
4.723725020885467529e-01 5.673243999481201172e-01 6.216527819633483887e-01 5.647334456443786621e-01 5.342478752136230469e-01 0.000000000000000000e+00
6.298707723617553711e-01 8.118900060653686523e-01 8.295062780380249023e-01 8.133836984634399414e-01 7.702147960662841797e-01 0.000000000000000000e+00
-2.491452693939208984e-01 -3.218747675418853760e-01 -3.444152474403381348e-01 -3.736158907413482666e-01 -4.274298548698425293e-01 0.000000000000000000e+00
7.043565064668655396e-02 2.243467718362808228e-01 2.068850398063659668e-01 1.104517132043838501e-01 -7.206413894891738892e-02 0.000000000000000000e+00
-1.085466891527175903e-02 2.389567047357559204e-01 3.366630971431732178e-01 4.115854799747467041e-01 4.476891458034515381e-01 0.000000000000000000e+00
3.383614122867584229e-01 4.575507938861846924e-01 5.103912353515625000e-01 4.628254771232604980e-01 3.968933522701263428e-01 0.000000000000000000e+00
3.999565243721008301e-01 5.035108327865600586e-01 5.868243575096130371e-01 5.584692358970642090e-01 5.247426629066467285e-01 0.000000000000000000e+00
4.582307934761047363e-01 5.502923727035522461e-01 6.399893760681152344e-01 6.297689676284790039e-01 6.558460593223571777e-01 0.000000000000000000e+00
-4.175983965396881104e-01 -5.225895643234252930e-01 -6.173581480979919434e-01 -5.794349908828735352e-01 -4.814966619014739990e-01 1.000000000000000000e+00
-3.423783183097839355e-01 -3.285258114337921143e-01 -4.657440781593322754e-01 -5.836886167526245117e-01 -4.950880408287048340e-01 2.000000000000000000e+00
-4.175983965396881104e-01 -5.225895643234252930e-01 -6.173581480979919434e-01 -5.794349908828735352e-01 -4.814966619014739990e-01 1.000000000000000000e+00
-3.423783183097839355e-01 -3.285258114337921143e-01 -4.657440781593322754e-01 -5.836886167526245117e-01 -4.950880408287048340e-01 2.000000000000000000e+00
-4.175983965396881104e-01 -5.225895643234252930e-01 -6.173581480979919434e-01 -5.794349908828735352e-01 -4.814966619014739990e-01 1.000000000000000000e+00
-3.423783183097839355e-01 -3.285258114337921143e-01 -4.657440781593322754e-01 -5.836886167526245117e-01 -4.950880408287048340e-01 2.000000000000000000e+00
-4.175983965396881104e-01 -5.225895643234252930e-01 -6.173581480979919434e-01 -5.794349908828735352e-01 -4.814966619014739990e-01 1.000000000000000000e+00
-3.423783183097839355e-01 -3.285258114337921143e-01 -4.657440781593322754e-01 -5.836886167526245117e-01 -4.950880408287048340e-01 2.000000000000000000e+00
-4.175983965396881104e-01 -5.225895643234252930e-01 -6.173581480979919434e-01 -5.794349908828735352e-01 -4.814966619014739990e-01 1.000000000000000000e+00
-3.423783183097839355e-01 -3.285258114337921143e-01 -4.657440781593322754e-01 -5.836886167526245117e-01 -4.950880408287048340e-01 2.000000000000000000e+00
-4.175983965396881104e-01 -5.225895643234252930e-01 -6.173581480979919434e-01 -5.794349908828735352e-01 -4.814966619014739990e-01 1.000000000000000000e+00
-3.423783183097839355e-01 -3.285258114337921143e-01 -4.657440781593322754e-01 -5.836886167526245117e-01 -4.950880408287048340e-01 2.000000000000000000e+00
-4.175983965396881104e-01 -5.225895643234252930e-01 -6.173581480979919434e-01 -5.794349908828735352e-01 -4.814966619014739990e-01 1.000000000000000000e+00
-3.423783183097839355e-01 -3.285258114337921143e-01 -4.657440781593322754e-01 -5.836886167526245117e-01 -4.950880408287048340e-01 2.000000000000000000e+00
-4.175983965396881104e-01 -5.225895643234252930e-01 -6.173581480979919434e-01 -5.794349908828735352e-01 -4.814966619014739990e-01 1.000000000000000000e+00
-3.423783183097839355e-01 -3.285258114337921143e-01 -4.657440781593322754e-01 -5.836886167526245117e-01 -4.950880408287048340e-01 2.000000000000000000e+00
-4.175983965396881104e-01 -5.225895643234252930e-01 -6.173581480979919434e-01 -5.794349908828735352e-01 -4.814966619014739990e-01 1.000000000000000000e+00
-3.423783183097839355e-01 -3.285258114337921143e-01 -4.657440781593322754e-01 -5.836886167526245117e-01 -4.950880408287048340e-01 2.000000000000000000e+00
-4.175983965396881104e-01 -5.225895643234252930e-01 -6.173581480979919434e-01 -5.794349908828735352e-01 -4.814966619014739990e-01 1.000000000000000000e+00
-3.423783183097839355e-01 -3.285258114337921143e-01 -4.657440781593322754e-01 -5.836886167526245117e-01 -4.950880408287048340e-01 2.000000000000000000e+00
4.110846817493438721e-01 4.584112763404846191e-01 5.005371570587158203e-01 4.773080646991729736e-01 4.528496563434600830e-01 0.000000000000000000e+00
4.100345075130462646e-01 4.637902677059173584e-01 5.208861231803894043e-01 5.286767482757568359e-01 5.150663852691650391e-01 0.000000000000000000e+00
3.975083827972412109e-01 4.247506856918334961e-01 5.084256529808044434e-01 5.490374565124511719e-01 5.521523952484130859e-01 0.000000000000000000e+00
3.532323539257049561e-01 3.748373985290527344e-01 3.909581303596496582e-01 4.107144176959991455e-01 4.286413788795471191e-01 0.000000000000000000e+00
3.619981706142425537e-01 4.653714001178741455e-01 4.680215716361999512e-01 4.910468161106109619e-01 5.134108066558837891e-01 0.000000000000000000e+00
3.654780685901641846e-01 4.201753437519073486e-01 4.516396224498748779e-01 4.330638349056243896e-01 4.420694708824157715e-01 0.000000000000000000e+00
3.433870971202850342e-01 3.960132300853729248e-01 4.957122802734375000e-01 5.083336830139160156e-01 4.493995904922485352e-01 0.000000000000000000e+00
4.576048552989959717e-01 5.179498791694641113e-01 6.884204149246215820e-01 6.730027198791503906e-01 6.211738586425781250e-01 0.000000000000000000e+00
5.150140523910522461e-01 6.366412639617919922e-01 6.540663242340087891e-01 7.032364606857299805e-01 6.798051595687866211e-01 0.000000000000000000e+00
5.163737535476684570e-01 7.002218961715698242e-01 7.702947258949279785e-01 7.342556118965148926e-01 7.687128782272338867e-01 0.000000000000000000e+00
4.715898334980010986e-01 5.654664039611816406e-01 5.230579376220703125e-01 5.836240053176879883e-01 6.456711292266845703e-01 0.000000000000000000e+00
3.128361999988555908e-01 4.393434226512908936e-01 4.785860478878021240e-01 5.264421105384826660e-01 5.045142769813537598e-01 0.000000000000000000e+00
3.732624351978302002e-01 4.267902076244354248e-01 4.818053543567657471e-01 5.245680212974548340e-01 4.981852769851684570e-01 0.000000000000000000e+00
2.212634235620498657e-01 3.734755516052246094e-01 4.473181962966918945e-01 5.300287008285522461e-01 5.643159151077270508e-01 0.000000000000000000e+00
6.033849716186523438e-01 6.871386766433715820e-01 6.685937643051147461e-01 7.257924079895019531e-01 7.538639307022094727e-01 0.000000000000000000e+00
5.787075757980346680e-01 6.919175386428833008e-01 7.425023317337036133e-01 7.916448116302490234e-01 8.025749325752258301e-01 0.000000000000000000e+00
5.746816396713256836e-01 6.939582824707031250e-01 7.525464296340942383e-01 7.945165634155273438e-01 8.067154884338378906e-01 0.000000000000000000e+00
5.823040008544921875e-01 6.564925312995910645e-01 7.306137084960937500e-01 7.174681425094604492e-01 7.452419996261596680e-01 0.000000000000000000e+00
5.802371501922607422e-01 7.070651054382324219e-01 6.902109980583190918e-01 6.718327403068542480e-01 7.032040357589721680e-01 0.000000000000000000e+00
4.669890105724334717e-01 5.945887565612792969e-01 6.716585755348205566e-01 7.389140129089355469e-01 6.573566198348999023e-01 0.000000000000000000e+00
4.921924769878387451e-01 6.514491438865661621e-01 7.197788953781127930e-01 7.705073952674865723e-01 7.567566037178039551e-01 0.000000000000000000e+00
4.890291094779968262e-01 5.798228979110717773e-01 6.250947713851928711e-01 5.449341535568237305e-01 4.741844534873962402e-01 0.000000000000000000e+00
5.581195354461669922e-01 6.476359963417053223e-01 6.674398183822631836e-01 7.251393795013427734e-01 6.976995468139648438e-01 0.000000000000000000e+00
6.709232330322265625e-01 7.041384577751159668e-01 6.096216440200805664e-01 5.576983690261840820e-01 7.089531421661376953e-01 0.000000000000000000e+00
5.206591486930847168e-01 5.414061546325683594e-01 5.689826011657714844e-01 6.210234165191650391e-01 6.673705577850341797e-01 0.000000000000000000e+00
4.066168665885925293e-01 4.112526476383209229e-01 4.678130745887756348e-01 4.072624146938323975e-01 5.139736533164978027e-01 0.000000000000000000e+00
8.381076902151107788e-02 2.132935672998428345e-01 2.844454050064086914e-01 2.987516224384307861e-01 3.196362555027008057e-01 0.000000000000000000e+00
4.185525476932525635e-01 5.564730167388916016e-01 5.116798877716064453e-01 3.444491922855377197e-01 9.152012318372726440e-02 0.000000000000000000e+00
5.708872079849243164e-01 7.692953348159790039e-01 7.794147133827209473e-01 7.834522724151611328e-01 7.771189808845520020e-01 0.000000000000000000e+00
6.467058658599853516e-01 6.922590732574462891e-01 6.763609051704406738e-01 7.475105524063110352e-01 7.330541610717773438e-01 0.000000000000000000e+00
6.161558032035827637e-01 7.156831622123718262e-01 7.415271997451782227e-01 7.351473569869995117e-01 7.432961463928222656e-01 0.000000000000000000e+00
5.838469862937927246e-01 6.993960142135620117e-01 7.390424013137817383e-01 7.609606981277465820e-01 7.787131071090698242e-01 0.000000000000000000e+00
5.210039615631103516e-01 5.930889844894409180e-01 6.042593121528625488e-01 5.796667337417602539e-01 6.923251748085021973e-01 0.000000000000000000e+00
5.420213937759399414e-01 6.705673933029174805e-01 6.817747354507446289e-01 6.215195059776306152e-01 6.470185518264770508e-01 0.000000000000000000e+00
6.620116233825683594e-01 7.876392006874084473e-01 8.256400227546691895e-01 8.830219507217407227e-01 8.754643201828002930e-01 0.000000000000000000e+00
5.933648943901062012e-01 6.864463686943054199e-01 7.148184776306152344e-01 6.960432529449462891e-01 6.500686407089233398e-01 0.000000000000000000e+00
4.711091220378875732e-01 5.539973974227905273e-01 6.178492307662963867e-01 6.714257001876831055e-01 6.910760998725891113e-01 0.000000000000000000e+00
6.804105043411254883e-01 7.642644643783569336e-01 7.452881336212158203e-01 7.447490692138671875e-01 7.647562623023986816e-01 0.000000000000000000e+00
5.915408134460449219e-01 7.652547359466552734e-01 8.366002440452575684e-01 8.721418380737304688e-01 8.767169117927551270e-01 0.000000000000000000e+00
6.698334217071533203e-01 8.111141920089721680e-01 8.687355518341064453e-01 8.721506595611572266e-01 8.635454177856445312e-01 0.000000000000000000e+00
7.192332744598388672e-01 7.620866298675537109e-01 8.586463332176208496e-01 8.291708827018737793e-01 8.757157325744628906e-01 0.000000000000000000e+00
6.972507834434509277e-01 7.497161626815795898e-01 8.208518624305725098e-01 8.555073738098144531e-01 8.494259715080261230e-01 0.000000000000000000e+00
3.559833168983459473e-01 4.008206725120544434e-01 4.759332835674285889e-01 4.107656180858612061e-01 4.651223123073577881e-01 1.000000000000000000e+00
4.796146750450134277e-01 5.686216354370117188e-01 6.151813268661499023e-01 6.296176314353942871e-01 6.576298475265502930e-01 2.000000000000000000e+00
3.559833168983459473e-01 4.008206725120544434e-01 4.759332835674285889e-01 4.107656180858612061e-01 4.651223123073577881e-01 1.000000000000000000e+00
4.796146750450134277e-01 5.686216354370117188e-01 6.151813268661499023e-01 6.296176314353942871e-01 6.576298475265502930e-01 2.000000000000000000e+00
3.559833168983459473e-01 4.008206725120544434e-01 4.759332835674285889e-01 4.107656180858612061e-01 4.651223123073577881e-01 1.000000000000000000e+00
4.796146750450134277e-01 5.686216354370117188e-01 6.151813268661499023e-01 6.296176314353942871e-01 6.576298475265502930e-01 2.000000000000000000e+00
3.559833168983459473e-01 4.008206725120544434e-01 4.759332835674285889e-01 4.107656180858612061e-01 4.651223123073577881e-01 1.000000000000000000e+00
4.796146750450134277e-01 5.686216354370117188e-01 6.151813268661499023e-01 6.296176314353942871e-01 6.576298475265502930e-01 2.000000000000000000e+00
3.559833168983459473e-01 4.008206725120544434e-01 4.759332835674285889e-01 4.107656180858612061e-01 4.651223123073577881e-01 1.000000000000000000e+00
4.796146750450134277e-01 5.686216354370117188e-01 6.151813268661499023e-01 6.296176314353942871e-01 6.576298475265502930e-01 2.000000000000000000e+00
3.559833168983459473e-01 4.008206725120544434e-01 4.759332835674285889e-01 4.107656180858612061e-01 4.651223123073577881e-01 1.000000000000000000e+00
4.796146750450134277e-01 5.686216354370117188e-01 6.151813268661499023e-01 6.296176314353942871e-01 6.576298475265502930e-01 2.000000000000000000e+00
3.559833168983459473e-01 4.008206725120544434e-01 4.759332835674285889e-01 4.107656180858612061e-01 4.651223123073577881e-01 1.000000000000000000e+00
4.796146750450134277e-01 5.686216354370117188e-01 6.151813268661499023e-01 6.296176314353942871e-01 6.576298475265502930e-01 2.000000000000000000e+00
3.559833168983459473e-01 4.008206725120544434e-01 4.759332835674285889e-01 4.107656180858612061e-01 4.651223123073577881e-01 1.000000000000000000e+00
4.796146750450134277e-01 5.686216354370117188e-01 6.151813268661499023e-01 6.296176314353942871e-01 6.576298475265502930e-01 2.000000000000000000e+00
3.559833168983459473e-01 4.008206725120544434e-01 4.759332835674285889e-01 4.107656180858612061e-01 4.651223123073577881e-01 1.000000000000000000e+00
4.796146750450134277e-01 5.686216354370117188e-01 6.151813268661499023e-01 6.296176314353942871e-01 6.576298475265502930e-01 2.000000000000000000e+00
3.559833168983459473e-01 4.008206725120544434e-01 4.759332835674285889e-01 4.107656180858612061e-01 4.651223123073577881e-01 1.000000000000000000e+00
4.796146750450134277e-01 5.686216354370117188e-01 6.151813268661499023e-01 6.296176314353942871e-01 6.576298475265502930e-01 2.000000000000000000e+00
4.754670262336730957e-01 5.880845189094543457e-01 5.694092512130737305e-01 6.331099271774291992e-01 6.391626000404357910e-01 0.000000000000000000e+00
4.159583449363708496e-01 4.674558639526367188e-01 5.422883033752441406e-01 6.242675781250000000e-01 6.553168296813964844e-01 0.000000000000000000e+00
3.739520013332366943e-01 5.368555188179016113e-01 6.304259300231933594e-01 6.254585385322570801e-01 6.957064867019653320e-01 0.000000000000000000e+00
2.876452803611755371e-01 4.981304705142974854e-01 6.120066046714782715e-01 6.355391740798950195e-01 6.688746809959411621e-01 0.000000000000000000e+00
4.086119532585144043e-01 5.766188502311706543e-01 6.398384571075439453e-01 6.366101503372192383e-01 5.430752635002136230e-01 0.000000000000000000e+00
4.223680198192596436e-01 5.131751894950866699e-01 6.303959488868713379e-01 6.749007701873779297e-01 6.333642005920410156e-01 0.000000000000000000e+00
6.474214792251586914e-01 7.050589323043823242e-01 8.166477680206298828e-01 8.292585611343383789e-01 8.129299879074096680e-01 0.000000000000000000e+00
3.113171756267547607e-01 1.244623735547065735e-01 2.993885874748229980e-01 4.488222897052764893e-01 4.640451073646545410e-01 1.000000000000000000e+00
4.641514718532562256e-01 5.142616033554077148e-01 5.019149184226989746e-01 5.071105360984802246e-01 4.759736657142639160e-01 2.000000000000000000e+00
3.113171756267547607e-01 1.244623735547065735e-01 2.993885874748229980e-01 4.488222897052764893e-01 4.640451073646545410e-01 1.000000000000000000e+00
4.641514718532562256e-01 5.142616033554077148e-01 5.019149184226989746e-01 5.071105360984802246e-01 4.759736657142639160e-01 2.000000000000000000e+00
3.113171756267547607e-01 1.244623735547065735e-01 2.993885874748229980e-01 4.488222897052764893e-01 4.640451073646545410e-01 1.000000000000000000e+00
4.641514718532562256e-01 5.142616033554077148e-01 5.019149184226989746e-01 5.071105360984802246e-01 4.759736657142639160e-01 2.000000000000000000e+00
3.113171756267547607e-01 1.244623735547065735e-01 2.993885874748229980e-01 4.488222897052764893e-01 4.640451073646545410e-01 1.000000000000000000e+00
4.641514718532562256e-01 5.142616033554077148e-01 5.019149184226989746e-01 5.071105360984802246e-01 4.759736657142639160e-01 2.000000000000000000e+00
3.113171756267547607e-01 1.244623735547065735e-01 2.993885874748229980e-01 4.488222897052764893e-01 4.640451073646545410e-01 1.000000000000000000e+00
4.641514718532562256e-01 5.142616033554077148e-01 5.019149184226989746e-01 5.071105360984802246e-01 4.759736657142639160e-01 2.000000000000000000e+00
3.113171756267547607e-01 1.244623735547065735e-01 2.993885874748229980e-01 4.488222897052764893e-01 4.640451073646545410e-01 1.000000000000000000e+00
4.641514718532562256e-01 5.142616033554077148e-01 5.019149184226989746e-01 5.071105360984802246e-01 4.759736657142639160e-01 2.000000000000000000e+00
3.113171756267547607e-01 1.244623735547065735e-01 2.993885874748229980e-01 4.488222897052764893e-01 4.640451073646545410e-01 1.000000000000000000e+00
4.641514718532562256e-01 5.142616033554077148e-01 5.019149184226989746e-01 5.071105360984802246e-01 4.759736657142639160e-01 2.000000000000000000e+00
3.113171756267547607e-01 1.244623735547065735e-01 2.993885874748229980e-01 4.488222897052764893e-01 4.640451073646545410e-01 1.000000000000000000e+00
4.641514718532562256e-01 5.142616033554077148e-01 5.019149184226989746e-01 5.071105360984802246e-01 4.759736657142639160e-01 2.000000000000000000e+00
3.113171756267547607e-01 1.244623735547065735e-01 2.993885874748229980e-01 4.488222897052764893e-01 4.640451073646545410e-01 1.000000000000000000e+00
4.641514718532562256e-01 5.142616033554077148e-01 5.019149184226989746e-01 5.071105360984802246e-01 4.759736657142639160e-01 2.000000000000000000e+00
3.113171756267547607e-01 1.244623735547065735e-01 2.993885874748229980e-01 4.488222897052764893e-01 4.640451073646545410e-01 1.000000000000000000e+00
4.641514718532562256e-01 5.142616033554077148e-01 5.019149184226989746e-01 5.071105360984802246e-01 4.759736657142639160e-01 2.000000000000000000e+00
4.945896565914154053e-01 5.599981546401977539e-01 5.918803215026855469e-01 5.874711275100708008e-01 4.549496769905090332e-01 0.000000000000000000e+00
3.700000047683715820e-01 4.846322536468505859e-01 5.814548134803771973e-01 6.612944602966308594e-01 6.717383265495300293e-01 0.000000000000000000e+00
6.561499089002609253e-02 1.431625783443450928e-01 2.159263789653778076e-01 2.684160470962524414e-01 2.596240639686584473e-01 0.000000000000000000e+00
-1.595252305269241333e-01 1.758456975221633911e-01 5.277481079101562500e-01 4.453116953372955322e-01 3.478509187698364258e-01 0.000000000000000000e+00
-1.486317217350006104e-01 -1.441374719142913818e-01 -1.550958603620529175e-01 -1.991929262876510620e-01 -2.335615754127502441e-01 0.000000000000000000e+00
1.420131884515285492e-02 -1.154515966773033142e-01 -7.841184735298156738e-02 1.855292618274688721e-01 2.886442840099334717e-01 0.000000000000000000e+00
2.051637619733810425e-01 2.607597112655639648e-01 2.730302326381206512e-02 -1.583065688610076904e-01 -1.491041183471679688e-01 0.000000000000000000e+00
1.031540706753730774e-01 1.989418864250183105e-01 2.417974025011062622e-01 4.129124879837036133e-01 4.645120203495025635e-01 0.000000000000000000e+00
-7.524758577346801758e-02 1.208612993359565735e-01 1.784004271030426025e-01 3.200960457324981689e-01 3.307484388351440430e-01 0.000000000000000000e+00
-5.422144755721092224e-02 1.189374178647994995e-01 2.144595384597778320e-01 2.838832437992095947e-01 1.700934767723083496e-01 0.000000000000000000e+00
2.041796743869781494e-01 3.359346687793731689e-01 3.849142789840698242e-01 4.615879058837890625e-01 4.667657315731048584e-01 0.000000000000000000e+00
4.012882411479949951e-01 5.156891942024230957e-01 6.035375595092773438e-01 4.592416286468505859e-01 3.379651308059692383e-01 0.000000000000000000e+00
4.182465076446533203e-01 5.455941557884216309e-01 6.148250102996826172e-01 6.232193708419799805e-01 7.245501279830932617e-01 0.000000000000000000e+00
3.982928395271301270e-01 4.994655549526214600e-01 4.881407916545867920e-01 5.602442026138305664e-01 6.295027732849121094e-01 0.000000000000000000e+00
1.540552973747253418e-01 3.371932804584503174e-01 4.561678171157836914e-01 4.320694208145141602e-01 5.376032590866088867e-01 0.000000000000000000e+00
2.713066935539245605e-01 3.075776398181915283e-01 3.521490097045898438e-01 3.858805894851684570e-01 3.356287181377410889e-01 0.000000000000000000e+00
4.398539066314697266e-01 5.310670733451843262e-01 5.347808599472045898e-01 5.417119264602661133e-01 5.439658164978027344e-01 0.000000000000000000e+00
5.183736085891723633e-01 6.303148269653320312e-01 6.521952152252197266e-01 6.758420467376708984e-01 6.540848016738891602e-01 0.000000000000000000e+00
6.180188655853271484e-01 7.054368257522583008e-01 6.991940736770629883e-01 7.014336585998535156e-01 7.014826536178588867e-01 0.000000000000000000e+00
5.182826519012451172e-01 6.427021026611328125e-01 7.402767539024353027e-01 7.490642070770263672e-01 7.617072463035583496e-01 0.000000000000000000e+00
4.991074204444885254e-01 6.102219820022583008e-01 6.745141744613647461e-01 6.972975730895996094e-01 6.812635660171508789e-01 0.000000000000000000e+00
4.371936917304992676e-01 6.150320768356323242e-01 6.024583578109741211e-01 6.771616935729980469e-01 6.716964244842529297e-01 0.000000000000000000e+00
2.384821474552154541e-01 3.345398604869842529e-01 3.931977152824401855e-01 6.663715243339538574e-01 5.877555608749389648e-01 0.000000000000000000e+00
3.060834705829620361e-01 4.225439131259918213e-01 4.154509305953979492e-01 4.009433686733245850e-01 3.513651490211486816e-01 0.000000000000000000e+00
3.209616541862487793e-01 3.780950605869293213e-01 4.448366463184356689e-01 5.907568931579589844e-01 6.816399693489074707e-01 0.000000000000000000e+00
4.734358489513397217e-01 4.423167109489440918e-01 5.437819957733154297e-01 5.456203222274780273e-01 5.560290813446044922e-01 0.000000000000000000e+00
3.563788533210754395e-01 5.587160587310791016e-01 6.480315327644348145e-01 6.085436344146728516e-01 5.413049459457397461e-01 0.000000000000000000e+00
5.004819631576538086e-01 5.054439306259155273e-01 5.896536111831665039e-01 6.169741153717041016e-01 6.100779771804809570e-01 0.000000000000000000e+00
6.591815948486328125e-01 7.316446304321289062e-01 7.855746150016784668e-01 7.976455688476562500e-01 7.986551523208618164e-01 0.000000000000000000e+00
6.424943208694458008e-01 7.202811241149902344e-01 7.668716311454772949e-01 7.917844653129577637e-01 8.048013448715209961e-01 0.000000000000000000e+00
5.327066183090209961e-01 5.935304164886474609e-01 6.935714483261108398e-01 7.042173147201538086e-01 7.609229683876037598e-01 0.000000000000000000e+00
4.569643139839172363e-01 6.117091178894042969e-01 7.324241399765014648e-01 7.535606622695922852e-01 7.785701751708984375e-01 0.000000000000000000e+00
3.687090277671813965e-01 4.873073101043701172e-01 4.243250787258148193e-01 5.676165819168090820e-01 6.758872270584106445e-01 0.000000000000000000e+00
5.230032801628112793e-01 5.989218950271606445e-01 6.552535295486450195e-01 6.164355278015136719e-01 6.438621878623962402e-01 0.000000000000000000e+00
5.475155115127563477e-01 6.964195966720581055e-01 7.036943435668945312e-01 7.247341871261596680e-01 7.355670332908630371e-01 0.000000000000000000e+00
3.834709227085113525e-01 5.526700019836425781e-01 6.045255064964294434e-01 5.209923386573791504e-01 6.096627712249755859e-01 0.000000000000000000e+00
5.407808423042297363e-01 5.969392657279968262e-01 5.391429662704467773e-01 5.708844661712646484e-01 5.448939800262451172e-01 0.000000000000000000e+00
4.411664605140686035e-01 4.966061413288116455e-01 4.932265281677246094e-01 5.468698740005493164e-01 5.386891365051269531e-01 0.000000000000000000e+00
2.925672531127929688e-01 4.455709755420684814e-01 4.466520845890045166e-01 5.237967967987060547e-01 5.427048206329345703e-01 0.000000000000000000e+00
7.995708286762237549e-02 -2.811506390571594238e-01 -2.884861230850219727e-01 -3.161628246307373047e-01 -9.464413672685623169e-02 0.000000000000000000e+00
3.686920702457427979e-01 4.093897640705108643e-01 2.476721256971359253e-01 2.550805509090423584e-01 -5.161006376147270203e-02 0.000000000000000000e+00
