9.027806520462036133e-01 9.924758672714233398e-01 9.990984201431274414e-01 9.997556805610656738e-01 9.999849796295166016e-01 0.000000000000000000e+00
6.658183336257934570e-01 8.931858539581298828e-01 9.391939043998718262e-01 9.844402670860290527e-01 9.964573383331298828e-01 0.000000000000000000e+00
7.662278413772583008e-01 8.576015233993530273e-01 9.233909845352172852e-01 9.729588031768798828e-01 9.912050962448120117e-01 0.000000000000000000e+00
9.404365420341491699e-01 9.790482521057128906e-01 9.957885146141052246e-01 9.992921948432922363e-01 9.998969435691833496e-01 0.000000000000000000e+00
9.708710908889770508e-01 9.843053817749023438e-01 9.970315098762512207e-01 9.999283552169799805e-01 9.999961256980895996e-01 0.000000000000000000e+00
9.204778075218200684e-01 9.624344706535339355e-01 9.954956173896789551e-01 9.997324943542480469e-01 9.999867081642150879e-01 0.000000000000000000e+00
9.503681063652038574e-01 9.851520657539367676e-01 9.975408911705017090e-01 9.998033046722412109e-01 9.999786019325256348e-01 0.000000000000000000e+00
7.645139098167419434e-01 8.399055600166320801e-01 9.052296876907348633e-01 9.526952505111694336e-01 9.807351231575012207e-01 0.000000000000000000e+00
7.957556247711181641e-01 8.962286114692687988e-01 9.394904971122741699e-01 9.614817500114440918e-01 9.839154481887817383e-01 0.000000000000000000e+00
5.853462219238281250e-01 7.864352464675903320e-01 8.630808591842651367e-01 8.937631845474243164e-01 9.217382073402404785e-01 0.000000000000000000e+00
8.646757602691650391e-01 9.201357364654541016e-01 9.897094964981079102e-01 9.978321194648742676e-01 9.990163445472717285e-01 0.000000000000000000e+00
6.467853784561157227e-01 8.578929901123046875e-01 9.355679750442504883e-01 9.573196172714233398e-01 9.891569614410400391e-01 0.000000000000000000e+00
8.450031876564025879e-01 9.364222884178161621e-01 9.588810205459594727e-01 9.860981106758117676e-01 9.925577044486999512e-01 0.000000000000000000e+00
7.861332297325134277e-01 9.693625569343566895e-01 9.830135107040405273e-01 9.953361749649047852e-01 9.988747239112854004e-01 0.000000000000000000e+00
9.998265504837036133e-01 9.999970793724060059e-01 9.999999403953552246e-01 1.000000000000000000e+00 1.000000000000000000e+00 0.000000000000000000e+00
9.995966553688049316e-01 9.999629259109497070e-01 9.999997019767761230e-01 1.000000000000000000e+00 1.000000000000000000e+00 0.000000000000000000e+00
9.986407160758972168e-01 9.999770522117614746e-01 9.999999403953552246e-01 1.000000000000000000e+00 1.000000000000000000e+00 0.000000000000000000e+00
9.985631704330444336e-01 9.999970197677612305e-01 1.000000000000000000e+00 1.000000000000000000e+00 1.000000000000000000e+00 0.000000000000000000e+00
9.930645823478698730e-01 9.999548792839050293e-01 1.000000000000000000e+00 1.000000000000000000e+00 1.000000000000000000e+00 0.000000000000000000e+00
9.891936182975769043e-01 9.994192123413085938e-01 9.999997019767761230e-01 1.000000000000000000e+00 1.000000000000000000e+00 0.000000000000000000e+00
9.275430440902709961e-01 9.914094209671020508e-01 9.999312758445739746e-01 9.999995231628417969e-01 1.000000000000000000e+00 0.000000000000000000e+00
9.958001971244812012e-01 9.999914169311523438e-01 9.999999403953552246e-01 1.000000000000000000e+00 1.000000000000000000e+00 0.000000000000000000e+00
9.935140609741210938e-01 9.995509386062622070e-01 9.999939799308776855e-01 9.999995827674865723e-01 1.000000000000000000e+00 0.000000000000000000e+00
-3.991397917270660400e-01 9.936419725418090820e-01 9.996595978736877441e-01 9.999966025352478027e-01 9.999998807907104492e-01 0.000000000000000000e+00
1.793081909418106079e-01 -9.046412110328674316e-01 -9.366081953048706055e-01 -9.535948038101196289e-01 -3.452594876289367676e-01 0.000000000000000000e+00
9.313281178474426270e-01 9.862715005874633789e-01 9.993227720260620117e-01 9.997880458831787109e-01 9.999772906303405762e-01 0.000000000000000000e+00
9.964907765388488770e-01 9.996514916419982910e-01 9.999929070472717285e-01 9.999999403953552246e-01 1.000000000000000000e+00 0.000000000000000000e+00
9.795398712158203125e-01 9.977108240127563477e-01 9.998303651809692383e-01 9.999850392341613770e-01 9.999997019767761230e-01 0.000000000000000000e+00
8.972336053848266602e-01 9.754141569137573242e-01 9.925797581672668457e-01 9.977099299430847168e-01 9.997805953025817871e-01 0.000000000000000000e+00
9.710440635681152344e-01 9.938603639602661133e-01 9.995089173316955566e-01 9.999812841415405273e-01 9.999994635581970215e-01 0.000000000000000000e+00
8.069759607315063477e-01 9.824749231338500977e-01 9.957333207130432129e-01 9.998130202293395996e-01 9.999882578849792480e-01 0.000000000000000000e+00
2.500022053718566895e-01 8.575106263160705566e-01 9.393113255500793457e-01 9.868709444999694824e-01 9.981499910354614258e-01 0.000000000000000000e+00
-2.484336346387863159e-01 1.948243975639343262e-01 3.094832003116607666e-01 2.728497684001922607e-01 6.490437984466552734e-01 0.000000000000000000e+00
4.388434588909149170e-01 4.854501783847808838e-01 5.225673317909240723e-01 6.512992382049560547e-01 6.653580069541931152e-01 0.000000000000000000e+00
6.345360279083251953e-01 5.754212141036987305e-01 8.179005384445190430e-01 9.217771291732788086e-01 9.457384943962097168e-01 0.000000000000000000e+00
9.430621862411499023e-01 9.794765710830688477e-01 9.987285137176513672e-01 9.999722242355346680e-01 9.999972581863403320e-01 0.000000000000000000e+00
8.887234926223754883e-01 9.898791909217834473e-01 9.992793202400207520e-01 9.999846220016479492e-01 9.999995231628417969e-01 0.000000000000000000e+00
8.598441481590270996e-01 9.724515080451965332e-01 9.993733763694763184e-01 9.999162554740905762e-01 9.999917745590209961e-01 0.000000000000000000e+00
9.210014939308166504e-01 9.824007153511047363e-01 9.977247714996337891e-01 9.996647834777832031e-01 9.999766349792480469e-01 0.000000000000000000e+00
9.252076148986816406e-01 9.903866052627563477e-01 9.993793368339538574e-01 9.999282956123352051e-01 9.999988079071044922e-01 0.000000000000000000e+00
9.542868733406066895e-01 9.965766668319702148e-01 9.998974800109863281e-01 9.999970197677612305e-01 9.999999403953552246e-01 0.000000000000000000e+00
8.200032114982604980e-01 9.541928172111511230e-01 9.985267519950866699e-01 9.998341202735900879e-01 9.999968409538269043e-01 0.000000000000000000e+00
8.557326793670654297e-01 9.781120419502258301e-01 9.940130114555358887e-01 9.973466396331787109e-01 9.993879795074462891e-01 1.000000000000000000e+00
9.398957490921020508e-01 9.714102745056152344e-01 9.928276538848876953e-01 9.991414546966552734e-01 9.999583363533020020e-01 2.000000000000000000e+00
8.557326793670654297e-01 9.781120419502258301e-01 9.940130114555358887e-01 9.973466396331787109e-01 9.993879795074462891e-01 1.000000000000000000e+00
9.398957490921020508e-01 9.714102745056152344e-01 9.928276538848876953e-01 9.991414546966552734e-01 9.999583363533020020e-01 2.000000000000000000e+00
8.557326793670654297e-01 9.781120419502258301e-01 9.940130114555358887e-01 9.973466396331787109e-01 9.993879795074462891e-01 1.000000000000000000e+00
9.398957490921020508e-01 9.714102745056152344e-01 9.928276538848876953e-01 9.991414546966552734e-01 9.999583363533020020e-01 2.000000000000000000e+00
8.557326793670654297e-01 9.781120419502258301e-01 9.940130114555358887e-01 9.973466396331787109e-01 9.993879795074462891e-01 1.000000000000000000e+00
9.398957490921020508e-01 9.714102745056152344e-01 9.928276538848876953e-01 9.991414546966552734e-01 9.999583363533020020e-01 2.000000000000000000e+00
8.557326793670654297e-01 9.781120419502258301e-01 9.940130114555358887e-01 9.973466396331787109e-01 9.993879795074462891e-01 1.000000000000000000e+00
9.398957490921020508e-01 9.714102745056152344e-01 9.928276538848876953e-01 9.991414546966552734e-01 9.999583363533020020e-01 2.000000000000000000e+00
8.557326793670654297e-01 9.781120419502258301e-01 9.940130114555358887e-01 9.973466396331787109e-01 9.993879795074462891e-01 1.000000000000000000e+00
9.398957490921020508e-01 9.714102745056152344e-01 9.928276538848876953e-01 9.991414546966552734e-01 9.999583363533020020e-01 2.000000000000000000e+00
8.557326793670654297e-01 9.781120419502258301e-01 9.940130114555358887e-01 9.973466396331787109e-01 9.993879795074462891e-01 1.000000000000000000e+00
9.398957490921020508e-01 9.714102745056152344e-01 9.928276538848876953e-01 9.991414546966552734e-01 9.999583363533020020e-01 2.000000000000000000e+00
8.557326793670654297e-01 9.781120419502258301e-01 9.940130114555358887e-01 9.973466396331787109e-01 9.993879795074462891e-01 1.000000000000000000e+00
9.398957490921020508e-01 9.714102745056152344e-01 9.928276538848876953e-01 9.991414546966552734e-01 9.999583363533020020e-01 2.000000000000000000e+00
8.557326793670654297e-01 9.781120419502258301e-01 9.940130114555358887e-01 9.973466396331787109e-01 9.993879795074462891e-01 1.000000000000000000e+00
9.398957490921020508e-01 9.714102745056152344e-01 9.928276538848876953e-01 9.991414546966552734e-01 9.999583363533020020e-01 2.000000000000000000e+00
8.557326793670654297e-01 9.781120419502258301e-01 9.940130114555358887e-01 9.973466396331787109e-01 9.993879795074462891e-01 1.000000000000000000e+00
9.398957490921020508e-01 9.714102745056152344e-01 9.928276538848876953e-01 9.991414546966552734e-01 9.999583363533020020e-01 2.000000000000000000e+00
8.442321419715881348e-01 9.933440089225769043e-01 9.993730783462524414e-01 9.999492764472961426e-01 9.999973773956298828e-01 0.000000000000000000e+00
8.410499095916748047e-01 9.877594113349914551e-01 9.988961219787597656e-01 9.997560381889343262e-01 9.999777674674987793e-01 0.000000000000000000e+00
9.836995005607604980e-01 9.992198944091796875e-01 9.999498128890991211e-01 9.999986886978149414e-01 9.999998807907104492e-01 0.000000000000000000e+00
9.115828871726989746e-01 9.884750247001647949e-01 9.993536472320556641e-01 9.999808073043823242e-01 9.999994635581970215e-01 0.000000000000000000e+00
9.384038448333740234e-01 9.869998693466186523e-01 9.970397949218750000e-01 9.991681575775146484e-01 9.998494982719421387e-01 0.000000000000000000e+00
9.802024364471435547e-01 9.987267255783081055e-01 9.999480247497558594e-01 9.999996423721313477e-01 1.000000000000000000e+00 0.000000000000000000e+00
9.045231342315673828e-01 9.751790165901184082e-01 9.972591400146484375e-01 9.998681545257568359e-01 9.999914169311523438e-01 0.000000000000000000e+00
9.993698596954345703e-01 9.999988675117492676e-01 1.000000000000000000e+00 1.000000000000000000e+00 1.000000000000000000e+00 0.000000000000000000e+00
9.122994542121887207e-01 9.976720809936523438e-01 9.998795390129089355e-01 9.999978542327880859e-01 1.000000000000000000e+00 0.000000000000000000e+00
9.924911856651306152e-01 9.981707930564880371e-01 9.998667836189270020e-01 9.999870061874389648e-01 9.999991655349731445e-01 0.000000000000000000e+00
8.567109107971191406e-01 9.671349525451660156e-01 9.908828735351562500e-01 9.970479011535644531e-01 9.998936057090759277e-01 0.000000000000000000e+00
8.444812893867492676e-01 9.484660625457763672e-01 9.797399044036865234e-01 9.939982891082763672e-01 9.989005923271179199e-01 0.000000000000000000e+00
9.256162643432617188e-01 9.875016808509826660e-01 9.972890019416809082e-01 9.993854761123657227e-01 9.999159574508666992e-01 0.000000000000000000e+00
9.178635478019714355e-01 9.807531237602233887e-01 9.955441355705261230e-01 9.994459748268127441e-01 9.999356865882873535e-01 0.000000000000000000e+00
9.934067130088806152e-01 9.997835755348205566e-01 9.999934434890747070e-01 9.999999403953552246e-01 1.000000000000000000e+00 0.000000000000000000e+00
9.965849518775939941e-01 9.999917149543762207e-01 1.000000000000000000e+00 1.000000000000000000e+00 1.000000000000000000e+00 0.000000000000000000e+00
9.929223656654357910e-01 9.998541474342346191e-01 9.999990463256835938e-01 1.000000000000000000e+00 1.000000000000000000e+00 0.000000000000000000e+00
9.105145931243896484e-01 9.989734888076782227e-01 9.999526739120483398e-01 9.999994635581970215e-01 1.000000000000000000e+00 0.000000000000000000e+00
9.758970737457275391e-01 9.957918524742126465e-01 9.997180104255676270e-01 9.999943375587463379e-01 9.999999403953552246e-01 0.000000000000000000e+00
7.140163183212280273e-01 9.686726331710815430e-01 9.603020548820495605e-01 9.906101226806640625e-01 9.984369277954101562e-01 1.000000000000000000e+00
8.606092929840087891e-01 9.723251461982727051e-01 9.984301924705505371e-01 9.997254014015197754e-01 9.999671578407287598e-01 2.000000000000000000e+00
7.140163183212280273e-01 9.686726331710815430e-01 9.603020548820495605e-01 9.906101226806640625e-01 9.984369277954101562e-01 1.000000000000000000e+00
8.606092929840087891e-01 9.723251461982727051e-01 9.984301924705505371e-01 9.997254014015197754e-01 9.999671578407287598e-01 2.000000000000000000e+00
7.140163183212280273e-01 9.686726331710815430e-01 9.603020548820495605e-01 9.906101226806640625e-01 9.984369277954101562e-01 1.000000000000000000e+00
8.606092929840087891e-01 9.723251461982727051e-01 9.984301924705505371e-01 9.997254014015197754e-01 9.999671578407287598e-01 2.000000000000000000e+00
7.140163183212280273e-01 9.686726331710815430e-01 9.603020548820495605e-01 9.906101226806640625e-01 9.984369277954101562e-01 1.000000000000000000e+00
8.606092929840087891e-01 9.723251461982727051e-01 9.984301924705505371e-01 9.997254014015197754e-01 9.999671578407287598e-01 2.000000000000000000e+00
7.140163183212280273e-01 9.686726331710815430e-01 9.603020548820495605e-01 9.906101226806640625e-01 9.984369277954101562e-01 1.000000000000000000e+00
8.606092929840087891e-01 9.723251461982727051e-01 9.984301924705505371e-01 9.997254014015197754e-01 9.999671578407287598e-01 2.000000000000000000e+00
7.140163183212280273e-01 9.686726331710815430e-01 9.603020548820495605e-01 9.906101226806640625e-01 9.984369277954101562e-01 1.000000000000000000e+00
8.606092929840087891e-01 9.723251461982727051e-01 9.984301924705505371e-01 9.997254014015197754e-01 9.999671578407287598e-01 2.000000000000000000e+00
7.140163183212280273e-01 9.686726331710815430e-01 9.603020548820495605e-01 9.906101226806640625e-01 9.984369277954101562e-01 1.000000000000000000e+00
8.606092929840087891e-01 9.723251461982727051e-01 9.984301924705505371e-01 9.997254014015197754e-01 9.999671578407287598e-01 2.000000000000000000e+00
7.140163183212280273e-01 9.686726331710815430e-01 9.603020548820495605e-01 9.906101226806640625e-01 9.984369277954101562e-01 1.000000000000000000e+00
8.606092929840087891e-01 9.723251461982727051e-01 9.984301924705505371e-01 9.997254014015197754e-01 9.999671578407287598e-01 2.000000000000000000e+00
7.140163183212280273e-01 9.686726331710815430e-01 9.603020548820495605e-01 9.906101226806640625e-01 9.984369277954101562e-01 1.000000000000000000e+00
8.606092929840087891e-01 9.723251461982727051e-01 9.984301924705505371e-01 9.997254014015197754e-01 9.999671578407287598e-01 2.000000000000000000e+00
7.140163183212280273e-01 9.686726331710815430e-01 9.603020548820495605e-01 9.906101226806640625e-01 9.984369277954101562e-01 1.000000000000000000e+00
8.606092929840087891e-01 9.723251461982727051e-01 9.984301924705505371e-01 9.997254014015197754e-01 9.999671578407287598e-01 2.000000000000000000e+00
9.494369029998779297e-01 9.988722205162048340e-01 9.998546242713928223e-01 9.999938607215881348e-01 9.999992251396179199e-01 0.000000000000000000e+00
7.166590094566345215e-01 9.726358056068420410e-01 9.926128387451171875e-01 9.995813369750976562e-01 9.999841451644897461e-01 0.000000000000000000e+00
9.510870575904846191e-01 9.921953082084655762e-01 9.993289113044738770e-01 9.999195933341979980e-01 9.999904036521911621e-01 0.000000000000000000e+00
9.866686463356018066e-01 9.983597993850708008e-01 9.999673366546630859e-01 9.999997615814208984e-01 1.000000000000000000e+00 0.000000000000000000e+00
9.571775197982788086e-01 9.848875403404235840e-01 9.990337491035461426e-01 9.993237257003784180e-01 9.999852776527404785e-01 0.000000000000000000e+00
8.317015171051025391e-01 9.273030161857604980e-01 9.587033390998840332e-01 9.575456380844116211e-01 9.937567114830017090e-01 1.000000000000000000e+00
2.106988877058029175e-01 8.628689050674438477e-01 9.908292293548583984e-01 9.951013922691345215e-01 9.992927908897399902e-01 2.000000000000000000e+00
8.317015171051025391e-01 9.273030161857604980e-01 9.587033390998840332e-01 9.575456380844116211e-01 9.937567114830017090e-01 1.000000000000000000e+00
2.106988877058029175e-01 8.628689050674438477e-01 9.908292293548583984e-01 9.951013922691345215e-01 9.992927908897399902e-01 2.000000000000000000e+00
8.317015171051025391e-01 9.273030161857604980e-01 9.587033390998840332e-01 9.575456380844116211e-01 9.937567114830017090e-01 1.000000000000000000e+00
2.106988877058029175e-01 8.628689050674438477e-01 9.908292293548583984e-01 9.951013922691345215e-01 9.992927908897399902e-01 2.000000000000000000e+00
8.317015171051025391e-01 9.273030161857604980e-01 9.587033390998840332e-01 9.575456380844116211e-01 9.937567114830017090e-01 1.000000000000000000e+00
2.106988877058029175e-01 8.628689050674438477e-01 9.908292293548583984e-01 9.951013922691345215e-01 9.992927908897399902e-01 2.000000000000000000e+00
8.317015171051025391e-01 9.273030161857604980e-01 9.587033390998840332e-01 9.575456380844116211e-01 9.937567114830017090e-01 1.000000000000000000e+00
2.106988877058029175e-01 8.628689050674438477e-01 9.908292293548583984e-01 9.951013922691345215e-01 9.992927908897399902e-01 2.000000000000000000e+00
8.317015171051025391e-01 9.273030161857604980e-01 9.587033390998840332e-01 9.575456380844116211e-01 9.937567114830017090e-01 1.000000000000000000e+00
2.106988877058029175e-01 8.628689050674438477e-01 9.908292293548583984e-01 9.951013922691345215e-01 9.992927908897399902e-01 2.000000000000000000e+00
8.317015171051025391e-01 9.273030161857604980e-01 9.587033390998840332e-01 9.575456380844116211e-01 9.937567114830017090e-01 1.000000000000000000e+00
2.106988877058029175e-01 8.628689050674438477e-01 9.908292293548583984e-01 9.951013922691345215e-01 9.992927908897399902e-01 2.000000000000000000e+00
8.317015171051025391e-01 9.273030161857604980e-01 9.587033390998840332e-01 9.575456380844116211e-01 9.937567114830017090e-01 1.000000000000000000e+00
2.106988877058029175e-01 8.628689050674438477e-01 9.908292293548583984e-01 9.951013922691345215e-01 9.992927908897399902e-01 2.000000000000000000e+00
8.317015171051025391e-01 9.273030161857604980e-01 9.587033390998840332e-01 9.575456380844116211e-01 9.937567114830017090e-01 1.000000000000000000e+00
2.106988877058029175e-01 8.628689050674438477e-01 9.908292293548583984e-01 9.951013922691345215e-01 9.992927908897399902e-01 2.000000000000000000e+00
8.317015171051025391e-01 9.273030161857604980e-01 9.587033390998840332e-01 9.575456380844116211e-01 9.937567114830017090e-01 1.000000000000000000e+00
2.106988877058029175e-01 8.628689050674438477e-01 9.908292293548583984e-01 9.951013922691345215e-01 9.992927908897399902e-01 2.000000000000000000e+00
9.025965929031372070e-01 9.832983016967773438e-01 9.993242621421813965e-01 9.999853372573852539e-01 9.999997019767761230e-01 0.000000000000000000e+00
9.419673681259155273e-01 9.832723736763000488e-01 9.980751276016235352e-01 9.997906684875488281e-01 9.999822378158569336e-01 0.000000000000000000e+00
9.102275967597961426e-01 9.962349534034729004e-01 9.999752640724182129e-01 9.999981522560119629e-01 9.999998807907104492e-01 0.000000000000000000e+00
5.799039602279663086e-01 8.549876213073730469e-01 9.252852797508239746e-01 9.649236798286437988e-01 9.871770143508911133e-01 0.000000000000000000e+00
8.663238883018493652e-01 9.578536152839660645e-01 9.836295247077941895e-01 9.962860345840454102e-01 9.990393519401550293e-01 0.000000000000000000e+00
6.867154836654663086e-01 9.039865732192993164e-01 9.553558826446533203e-01 9.867268204689025879e-01 9.956464171409606934e-01 0.000000000000000000e+00
9.434494972229003906e-01 9.814126491546630859e-01 9.935961365699768066e-01 9.984453916549682617e-01 9.995933175086975098e-01 0.000000000000000000e+00
9.390764236450195312e-01 9.666656851768493652e-01 9.979114532470703125e-01 9.996672272682189941e-01 9.999850988388061523e-01 0.000000000000000000e+00
9.884204864501953125e-01 9.988506436347961426e-01 9.999865889549255371e-01 9.999994635581970215e-01 1.000000000000000000e+00 0.000000000000000000e+00
-4.738140106201171875e-01 2.928506135940551758e-01 9.350258708000183105e-01 9.931293129920959473e-01 9.999084472656250000e-01 0.000000000000000000e+00
9.620366096496582031e-01 9.965516924858093262e-01 9.998920559883117676e-01 9.999893307685852051e-01 9.999998211860656738e-01 0.000000000000000000e+00
9.080159068107604980e-01 9.986389279365539551e-01 9.999542832374572754e-01 9.999992251396179199e-01 1.000000000000000000e+00 0.000000000000000000e+00
9.274012446403503418e-01 9.922598004341125488e-01 9.999783635139465332e-01 9.999997615814208984e-01 1.000000000000000000e+00 0.000000000000000000e+00
9.128666520118713379e-01 9.900395870208740234e-01 9.987397193908691406e-01 9.998357295989990234e-01 9.999727010726928711e-01 0.000000000000000000e+00
9.366810917854309082e-01 9.859179258346557617e-01 9.953681826591491699e-01 9.993926286697387695e-01 9.998986124992370605e-01 0.000000000000000000e+00
9.773521423339843750e-01 9.965227842330932617e-01 9.995230436325073242e-01 9.999273419380187988e-01 9.999965429306030273e-01 0.000000000000000000e+00
9.877980947494506836e-01 9.996597170829772949e-01 9.999965429306030273e-01 9.999999403953552246e-01 1.000000000000000000e+00 0.000000000000000000e+00
9.905216097831726074e-01 9.990953207015991211e-01 9.999072551727294922e-01 9.999973177909851074e-01 9.999999403953552246e-01 0.000000000000000000e+00
9.966194629669189453e-01 9.992756843566894531e-01 9.999769330024719238e-01 9.999972581863403320e-01 9.999999403953552246e-01 0.000000000000000000e+00
9.794209003448486328e-01 9.985672831535339355e-01 9.998217821121215820e-01 9.999863505363464355e-01 9.999999403953552246e-01 0.000000000000000000e+00
9.870148301124572754e-01 9.991667866706848145e-01 9.999808073043823242e-01 9.999998211860656738e-01 1.000000000000000000e+00 0.000000000000000000e+00
9.803609848022460938e-01 9.987498521804809570e-01 9.999352097511291504e-01 9.999998211860656738e-01 1.000000000000000000e+00 0.000000000000000000e+00
9.900023341178894043e-01 9.995986223220825195e-01 9.999901652336120605e-01 9.999994039535522461e-01 1.000000000000000000e+00 0.000000000000000000e+00
9.788463115692138672e-01 9.996745586395263672e-01 9.999752044677734375e-01 9.999993443489074707e-01 1.000000000000000000e+00 0.000000000000000000e+00
9.922274947166442871e-01 9.997480511665344238e-01 9.999919533729553223e-01 9.999998807907104492e-01 1.000000000000000000e+00 0.000000000000000000e+00
9.888790845870971680e-01 9.999198317527770996e-01 9.999996423721313477e-01 1.000000000000000000e+00 1.000000000000000000e+00 0.000000000000000000e+00
9.659565687179565430e-01 9.994753599166870117e-01 9.999747276306152344e-01 9.999986886978149414e-01 1.000000000000000000e+00 0.000000000000000000e+00
6.351173389703035355e-03 -2.253192514181137085e-01 -4.531344175338745117e-01 9.354515671730041504e-01 9.306374788284301758e-01 1.000000000000000000e+00
9.989254474639892578e-01 9.999812245368957520e-01 9.999999403953552246e-01 1.000000000000000000e+00 1.000000000000000000e+00 2.000000000000000000e+00
6.351173389703035355e-03 -2.253192514181137085e-01 -4.531344175338745117e-01 9.354515671730041504e-01 9.306374788284301758e-01 1.000000000000000000e+00
9.989254474639892578e-01 9.999812245368957520e-01 9.999999403953552246e-01 1.000000000000000000e+00 1.000000000000000000e+00 2.000000000000000000e+00
6.351173389703035355e-03 -2.253192514181137085e-01 -4.531344175338745117e-01 9.354515671730041504e-01 9.306374788284301758e-01 1.000000000000000000e+00
9.989254474639892578e-01 9.999812245368957520e-01 9.999999403953552246e-01 1.000000000000000000e+00 1.000000000000000000e+00 2.000000000000000000e+00
6.351173389703035355e-03 -2.253192514181137085e-01 -4.531344175338745117e-01 9.354515671730041504e-01 9.306374788284301758e-01 1.000000000000000000e+00
9.989254474639892578e-01 9.999812245368957520e-01 9.999999403953552246e-01 1.000000000000000000e+00 1.000000000000000000e+00 2.000000000000000000e+00
6.351173389703035355e-03 -2.253192514181137085e-01 -4.531344175338745117e-01 9.354515671730041504e-01 9.306374788284301758e-01 1.000000000000000000e+00
9.989254474639892578e-01 9.999812245368957520e-01 9.999999403953552246e-01 1.000000000000000000e+00 1.000000000000000000e+00 2.000000000000000000e+00
6.351173389703035355e-03 -2.253192514181137085e-01 -4.531344175338745117e-01 9.354515671730041504e-01 9.306374788284301758e-01 1.000000000000000000e+00
9.989254474639892578e-01 9.999812245368957520e-01 9.999999403953552246e-01 1.000000000000000000e+00 1.000000000000000000e+00 2.000000000000000000e+00
6.351173389703035355e-03 -2.253192514181137085e-01 -4.531344175338745117e-01 9.354515671730041504e-01 9.306374788284301758e-01 1.000000000000000000e+00
9.989254474639892578e-01 9.999812245368957520e-01 9.999999403953552246e-01 1.000000000000000000e+00 1.000000000000000000e+00 2.000000000000000000e+00
6.351173389703035355e-03 -2.253192514181137085e-01 -4.531344175338745117e-01 9.354515671730041504e-01 9.306374788284301758e-01 1.000000000000000000e+00
9.989254474639892578e-01 9.999812245368957520e-01 9.999999403953552246e-01 1.000000000000000000e+00 1.000000000000000000e+00 2.000000000000000000e+00
6.351173389703035355e-03 -2.253192514181137085e-01 -4.531344175338745117e-01 9.354515671730041504e-01 9.306374788284301758e-01 1.000000000000000000e+00
9.989254474639892578e-01 9.999812245368957520e-01 9.999999403953552246e-01 1.000000000000000000e+00 1.000000000000000000e+00 2.000000000000000000e+00
6.351173389703035355e-03 -2.253192514181137085e-01 -4.531344175338745117e-01 9.354515671730041504e-01 9.306374788284301758e-01 1.000000000000000000e+00
9.989254474639892578e-01 9.999812245368957520e-01 9.999999403953552246e-01 1.000000000000000000e+00 1.000000000000000000e+00 2.000000000000000000e+00
9.999998211860656738e-01 1.000000000000000000e+00 1.000000000000000000e+00 1.000000000000000000e+00 1.000000000000000000e+00 0.000000000000000000e+00
9.999998211860656738e-01 1.000000000000000000e+00 1.000000000000000000e+00 1.000000000000000000e+00 1.000000000000000000e+00 0.000000000000000000e+00
9.999975562095642090e-01 1.000000000000000000e+00 1.000000000000000000e+00 1.000000000000000000e+00 1.000000000000000000e+00 0.000000000000000000e+00
9.999986290931701660e-01 1.000000000000000000e+00 1.000000000000000000e+00 1.000000000000000000e+00 1.000000000000000000e+00 0.000000000000000000e+00
9.999998807907104492e-01 1.000000000000000000e+00 1.000000000000000000e+00 1.000000000000000000e+00 1.000000000000000000e+00 0.000000000000000000e+00
9.999996423721313477e-01 1.000000000000000000e+00 1.000000000000000000e+00 1.000000000000000000e+00 1.000000000000000000e+00 0.000000000000000000e+00
9.999999403953552246e-01 1.000000000000000000e+00 1.000000000000000000e+00 1.000000000000000000e+00 1.000000000000000000e+00 0.000000000000000000e+00
7.062196731567382812e-01 7.747689485549926758e-01 8.903193473815917969e-01 8.990529775619506836e-01 8.923761844635009766e-01 0.000000000000000000e+00
7.446421384811401367e-01 8.480763435363769531e-01 8.895507454872131348e-01 9.224011898040771484e-01 9.614505767822265625e-01 0.000000000000000000e+00
-3.778821825981140137e-01 5.176225304603576660e-01 9.258221983909606934e-01 9.334180355072021484e-01 9.555804729461669922e-01 0.000000000000000000e+00
6.789262294769287109e-01 7.747249603271484375e-01 7.904894351959228516e-01 7.731526494026184082e-01 8.136276006698608398e-01 0.000000000000000000e+00
7.578689455986022949e-01 8.769367933273315430e-01 9.115932583808898926e-01 9.268612265586853027e-01 9.497718811035156250e-01 0.000000000000000000e+00
8.323100209236145020e-01 9.562033414840698242e-01 9.845625162124633789e-01 9.946902394294738770e-01 9.985693097114562988e-01 0.000000000000000000e+00
2.679085135459899902e-01 -3.888866305351257324e-01 -5.493655204772949219e-01 -7.117768526077270508e-01 -5.106557626277208328e-03 0.000000000000000000e+00
8.062424063682556152e-01 9.274339079856872559e-01 9.580520391464233398e-01 9.905311465263366699e-01 9.987450838088989258e-01 0.000000000000000000e+00
9.861786365509033203e-01 9.990324378013610840e-01 9.995506405830383301e-01 9.999371767044067383e-01 9.999968409538269043e-01 0.000000000000000000e+00
9.249116778373718262e-01 9.895519018173217773e-01 9.980441927909851074e-01 9.998919963836669922e-01 9.999948740005493164e-01 0.000000000000000000e+00
9.382682442665100098e-01 9.883353114128112793e-01 9.998024702072143555e-01 9.999997615814208984e-01 1.000000000000000000e+00 0.000000000000000000e+00
9.381099939346313477e-01 9.821143746376037598e-01 9.848892688751220703e-01 9.972782731056213379e-01 9.994875192642211914e-01 0.000000000000000000e+00
9.982306361198425293e-01 9.999399781227111816e-01 9.999900460243225098e-01 9.999995827674865723e-01 1.000000000000000000e+00 0.000000000000000000e+00
9.993981122970581055e-01 9.998379349708557129e-01 9.999995827674865723e-01 1.000000000000000000e+00 1.000000000000000000e+00 0.000000000000000000e+00
9.981009364128112793e-01 9.999929666519165039e-01 9.999999403953552246e-01 1.000000000000000000e+00 1.000000000000000000e+00 0.000000000000000000e+00
9.829935431480407715e-01 9.996466040611267090e-01 9.999899268150329590e-01 1.000000000000000000e+00 1.000000000000000000e+00 0.000000000000000000e+00
6.621324419975280762e-01 9.803711771965026855e-01 9.982122778892517090e-01 9.999601840972900391e-01 9.999998807907104492e-01 0.000000000000000000e+00
7.369396686553955078e-01 9.915800690650939941e-01 9.943089485168457031e-01 9.994073510169982910e-01 9.999416470527648926e-01 0.000000000000000000e+00
9.505861401557922363e-01 9.995406866073608398e-01 9.995267391204833984e-01 9.999468326568603516e-01 9.999675154685974121e-01 0.000000000000000000e+00
9.258066415786743164e-01 9.879119396209716797e-01 9.553126692771911621e-01 9.896770119667053223e-01 9.960265159606933594e-01 0.000000000000000000e+00
5.119937062263488770e-01 8.410760164260864258e-01 9.973442554473876953e-01 9.991341233253479004e-01 9.997674822807312012e-01 0.000000000000000000e+00
9.996570944786071777e-01 9.999997615814208984e-01 1.000000000000000000e+00 1.000000000000000000e+00 1.000000000000000000e+00 0.000000000000000000e+00
9.994162321090698242e-01 9.999908208847045898e-01 1.000000000000000000e+00 1.000000000000000000e+00 1.000000000000000000e+00 0.000000000000000000e+00
9.993126988410949707e-01 9.999971985816955566e-01 1.000000000000000000e+00 1.000000000000000000e+00 1.000000000000000000e+00 0.000000000000000000e+00
9.915895462036132812e-01 9.999212026596069336e-01 9.999997019767761230e-01 1.000000000000000000e+00 1.000000000000000000e+00 0.000000000000000000e+00
9.963543415069580078e-01 9.998798370361328125e-01 9.999991655349731445e-01 1.000000000000000000e+00 1.000000000000000000e+00 0.000000000000000000e+00
9.956145882606506348e-01 9.996951818466186523e-01 9.999990463256835938e-01 1.000000000000000000e+00 1.000000000000000000e+00 0.000000000000000000e+00
9.849398136138916016e-01 9.995810985565185547e-01 9.999937415122985840e-01 9.999999403953552246e-01 1.000000000000000000e+00 0.000000000000000000e+00
9.999884366989135742e-01 1.000000000000000000e+00 1.000000000000000000e+00 1.000000000000000000e+00 1.000000000000000000e+00 0.000000000000000000e+00
9.999664425849914551e-01 1.000000000000000000e+00 1.000000000000000000e+00 1.000000000000000000e+00 1.000000000000000000e+00 0.000000000000000000e+00
9.999947547912597656e-01 1.000000000000000000e+00 1.000000000000000000e+00 1.000000000000000000e+00 1.000000000000000000e+00 0.000000000000000000e+00
9.999712109565734863e-01 1.000000000000000000e+00 1.000000000000000000e+00 1.000000000000000000e+00 1.000000000000000000e+00 0.000000000000000000e+00
9.999853968620300293e-01 1.000000000000000000e+00 1.000000000000000000e+00 1.000000000000000000e+00 1.000000000000000000e+00 0.000000000000000000e+00
9.999973177909851074e-01 1.000000000000000000e+00 1.000000000000000000e+00 1.000000000000000000e+00 1.000000000000000000e+00 0.000000000000000000e+00
9.999994635581970215e-01 1.000000000000000000e+00 1.000000000000000000e+00 1.000000000000000000e+00 1.000000000000000000e+00 0.000000000000000000e+00
9.686748385429382324e-01 9.978952407836914062e-01 9.998570680618286133e-01 9.999989867210388184e-01 1.000000000000000000e+00 0.000000000000000000e+00
8.756520748138427734e-01 9.934924840927124023e-01 9.993907809257507324e-01 9.999741911888122559e-01 9.999990463256835938e-01 0.000000000000000000e+00
8.968675732612609863e-01 9.878395795822143555e-01 9.985612630844116211e-01 9.999685883522033691e-01 9.999985098838806152e-01 0.000000000000000000e+00
9.656561613082885742e-01 9.948140382766723633e-01 9.993759393692016602e-01 9.999800324440002441e-01 9.999992847442626953e-01 0.000000000000000000e+00
9.793038964271545410e-01 9.961888194084167480e-01 9.994428157806396484e-01 9.998926520347595215e-01 9.999924302101135254e-01 0.000000000000000000e+00
9.927744865417480469e-01 9.997407197952270508e-01 9.999791979789733887e-01 9.999984502792358398e-01 9.999999403953552246e-01 0.000000000000000000e+00
9.023244380950927734e-01 9.926689863204956055e-01 9.998371601104736328e-01 9.999969005584716797e-01 9.999998211860656738e-01 0.000000000000000000e+00
9.915180802345275879e-01 9.994760751724243164e-01 9.999930262565612793e-01 9.999999403953552246e-01 1.000000000000000000e+00 0.000000000000000000e+00
9.943981766700744629e-01 9.999333024024963379e-01 9.999983906745910645e-01 1.000000000000000000e+00 1.000000000000000000e+00 0.000000000000000000e+00
9.984737038612365723e-01 9.999617338180541992e-01 9.999996423721313477e-01 1.000000000000000000e+00 1.000000000000000000e+00 0.000000000000000000e+00
9.905271530151367188e-01 9.999744296073913574e-01 9.999993443489074707e-01 9.999999403953552246e-01 1.000000000000000000e+00 0.000000000000000000e+00
9.558075666427612305e-01 9.971575736999511719e-01 9.999970793724060059e-01 1.000000000000000000e+00 1.000000000000000000e+00 0.000000000000000000e+00
9.578807950019836426e-01 9.987222552299499512e-01 9.998872280120849609e-01 9.999963045120239258e-01 9.999998807907104492e-01 0.000000000000000000e+00
9.006878137588500977e-01 9.804964661598205566e-01 9.998847842216491699e-01 9.999964237213134766e-01 9.999998807907104492e-01 0.000000000000000000e+00
9.999995231628417969e-01 1.000000000000000000e+00 1.000000000000000000e+00 1.000000000000000000e+00 1.000000000000000000e+00 0.000000000000000000e+00
9.999998211860656738e-01 1.000000000000000000e+00 1.000000000000000000e+00 1.000000000000000000e+00 1.000000000000000000e+00 0.000000000000000000e+00
9.999952316284179688e-01 1.000000000000000000e+00 1.000000000000000000e+00 1.000000000000000000e+00 1.000000000000000000e+00 0.000000000000000000e+00
9.999991059303283691e-01 1.000000000000000000e+00 1.000000000000000000e+00 1.000000000000000000e+00 1.000000000000000000e+00 0.000000000000000000e+00
9.999994635581970215e-01 1.000000000000000000e+00 1.000000000000000000e+00 1.000000000000000000e+00 1.000000000000000000e+00 0.000000000000000000e+00
9.999999403953552246e-01 1.000000000000000000e+00 1.000000000000000000e+00 1.000000000000000000e+00 1.000000000000000000e+00 0.000000000000000000e+00
9.999999403953552246e-01 1.000000000000000000e+00 1.000000000000000000e+00 1.000000000000000000e+00 1.000000000000000000e+00 0.000000000000000000e+00
9.537296295166015625e-01 9.967370629310607910e-01 9.997814893722534180e-01 9.999961256980895996e-01 9.999999403953552246e-01 0.000000000000000000e+00
8.970887064933776855e-01 9.714664816856384277e-01 9.928413629531860352e-01 9.987288713455200195e-01 9.998875260353088379e-01 0.000000000000000000e+00
9.651169180870056152e-01 9.938920736312866211e-01 9.994471073150634766e-01 9.999154806137084961e-01 9.999895691871643066e-01 0.000000000000000000e+00
9.636577367782592773e-01 9.951117634773254395e-01 9.997452497482299805e-01 9.999855160713195801e-01 9.999996423721313477e-01 0.000000000000000000e+00
9.484682679176330566e-01 9.927269220352172852e-01 9.991168379783630371e-01 9.999597072601318359e-01 9.999983310699462891e-01 0.000000000000000000e+00
9.533880352973937988e-01 9.684697985649108887e-01 9.968789219856262207e-01 9.997082948684692383e-01 9.999860525131225586e-01 0.000000000000000000e+00
9.407632350921630859e-01 9.852851629257202148e-01 9.978508353233337402e-01 9.992727637290954590e-01 9.999650120735168457e-01 0.000000000000000000e+00
9.988157749176025391e-01 9.999681115150451660e-01 9.999998807907104492e-01 1.000000000000000000e+00 1.000000000000000000e+00 0.000000000000000000e+00
9.999141693115234375e-01 1.000000000000000000e+00 1.000000000000000000e+00 1.000000000000000000e+00 1.000000000000000000e+00 0.000000000000000000e+00
9.975870847702026367e-01 9.999982714653015137e-01 1.000000000000000000e+00 1.000000000000000000e+00 1.000000000000000000e+00 0.000000000000000000e+00
9.984409213066101074e-01 9.999827146530151367e-01 9.999999403953552246e-01 1.000000000000000000e+00 1.000000000000000000e+00 0.000000000000000000e+00
9.282615184783935547e-01 9.998812079429626465e-01 9.999986886978149414e-01 1.000000000000000000e+00 1.000000000000000000e+00 0.000000000000000000e+00
8.598492145538330078e-01 9.209243059158325195e-01 9.911437630653381348e-01 9.975057840347290039e-01 9.996313452720642090e-01 0.000000000000000000e+00
9.696634411811828613e-01 9.927037358283996582e-01 9.996033310890197754e-01 9.999409317970275879e-01 9.999911189079284668e-01 0.000000000000000000e+00
9.912708401679992676e-01 9.973974227905273438e-01 9.998704195022583008e-01 9.999971985816955566e-01 9.999999403953552246e-01 0.000000000000000000e+00
9.946538209915161133e-01 9.999473094940185547e-01 9.999991655349731445e-01 1.000000000000000000e+00 1.000000000000000000e+00 0.000000000000000000e+00
9.973224401473999023e-01 9.999507069587707520e-01 9.999999403953552246e-01 1.000000000000000000e+00 1.000000000000000000e+00 0.000000000000000000e+00
9.898032546043395996e-01 9.999479651451110840e-01 9.999997019767761230e-01 1.000000000000000000e+00 1.000000000000000000e+00 0.000000000000000000e+00
9.568132758140563965e-01 9.995113611221313477e-01 9.999974370002746582e-01 1.000000000000000000e+00 1.000000000000000000e+00 0.000000000000000000e+00
9.993949532508850098e-01 9.999880790710449219e-01 1.000000000000000000e+00 1.000000000000000000e+00 1.000000000000000000e+00 0.000000000000000000e+00
9.983556866645812988e-01 9.999441504478454590e-01 9.999994039535522461e-01 1.000000000000000000e+00 1.000000000000000000e+00 0.000000000000000000e+00
9.190225601196289062e-01 9.836336970329284668e-01 9.968740940093994141e-01 9.994341135025024414e-01 9.998747110366821289e-01 0.000000000000000000e+00
8.986090421676635742e-01 9.741190671920776367e-01 9.922501444816589355e-01 9.976476430892944336e-01 9.995864629745483398e-01 0.000000000000000000e+00
8.676241636276245117e-01 9.963773488998413086e-01 9.993551969528198242e-01 9.999842047691345215e-01 9.999995827674865723e-01 0.000000000000000000e+00
8.060013651847839355e-01 9.504568576812744141e-01 9.950033426284790039e-01 9.987254142761230469e-01 9.999067783355712891e-01 0.000000000000000000e+00
-5.413005352020263672e-01 4.152538720518350601e-03 9.502496719360351562e-01 9.870548248291015625e-01 9.972252249717712402e-01 0.000000000000000000e+00
-4.849469363689422607e-01 -1.114150062203407288e-01 6.830757260322570801e-01 8.762910366058349609e-01 9.692229628562927246e-01 0.000000000000000000e+00
-6.917457282543182373e-02 -7.542851567268371582e-01 -9.240987896919250488e-01 -9.788395762443542480e-01 -9.979065060615539551e-01 0.000000000000000000e+00
9.999998807907104492e-01 1.000000000000000000e+00 1.000000000000000000e+00 1.000000000000000000e+00 1.000000000000000000e+00 0.000000000000000000e+00
9.999666810035705566e-01 1.000000000000000000e+00 1.000000000000000000e+00 1.000000000000000000e+00 1.000000000000000000e+00 0.000000000000000000e+00
9.999704360961914062e-01 1.000000000000000000e+00 1.000000000000000000e+00 1.000000000000000000e+00 1.000000000000000000e+00 0.000000000000000000e+00
9.996873736381530762e-01 9.999869465827941895e-01 9.999998807907104492e-01 1.000000000000000000e+00 1.000000000000000000e+00 0.000000000000000000e+00
9.995561242103576660e-01 9.999974966049194336e-01 1.000000000000000000e+00 1.000000000000000000e+00 1.000000000000000000e+00 0.000000000000000000e+00
9.935386776924133301e-01 9.997047781944274902e-01 9.999978542327880859e-01 1.000000000000000000e+00 1.000000000000000000e+00 0.000000000000000000e+00
9.886492490768432617e-01 9.991305470466613770e-01 9.999868273735046387e-01 9.999997615814208984e-01 1.000000000000000000e+00 0.000000000000000000e+00
9.813041687011718750e-01 9.989482760429382324e-01 9.999660253524780273e-01 9.999992847442626953e-01 1.000000000000000000e+00 0.000000000000000000e+00
9.897586703300476074e-01 9.994318485260009766e-01 9.999742507934570312e-01 9.999988675117492676e-01 1.000000000000000000e+00 0.000000000000000000e+00
9.855411648750305176e-01 9.993157982826232910e-01 9.999740123748779297e-01 9.999994635581970215e-01 1.000000000000000000e+00 0.000000000000000000e+00
9.815090894699096680e-01 9.985134601593017578e-01 9.999138712882995605e-01 9.999971985816955566e-01 9.999999403953552246e-01 0.000000000000000000e+00
9.827223420143127441e-01 9.986160397529602051e-01 9.999262690544128418e-01 9.999974370002746582e-01 9.999999403953552246e-01 0.000000000000000000e+00
9.857307076454162598e-01 9.987128973007202148e-01 9.999222159385681152e-01 9.999975562095642090e-01 9.999999403953552246e-01 0.000000000000000000e+00
9.754179120063781738e-01 9.976760745048522949e-01 9.998635053634643555e-01 9.999941587448120117e-01 9.999998807907104492e-01 0.000000000000000000e+00
8.358595371246337891e-01 9.588944315910339355e-01 9.979901909828186035e-01 9.998719096183776855e-01 9.999935626983642578e-01 0.000000000000000000e+00
9.343246221542358398e-01 9.748628139495849609e-01 9.960673451423645020e-01 9.993949532508850098e-01 9.999739527702331543e-01 0.000000000000000000e+00
8.342933654785156250e-01 9.776184558868408203e-01 9.968454241752624512e-01 9.996659159660339355e-01 9.999738335609436035e-01 0.000000000000000000e+00
9.558641314506530762e-01 9.947873353958129883e-01 9.994910955429077148e-01 9.999606013298034668e-01 9.999984502792358398e-01 0.000000000000000000e+00
9.025500416755676270e-01 9.821106195449829102e-01 9.967275261878967285e-01 9.996141195297241211e-01 9.999789595603942871e-01 0.000000000000000000e+00
9.854991436004638672e-01 9.986320734024047852e-01 9.998175501823425293e-01 9.999923110008239746e-01 9.999994635581970215e-01 0.000000000000000000e+00
9.906111359596252441e-01 9.997839927673339844e-01 9.999958872795104980e-01 9.999999403953552246e-01 1.000000000000000000e+00 0.000000000000000000e+00
-1.031182110309600830e-01 4.956381022930145264e-01 3.929792940616607666e-01 4.266006350517272949e-01 1.524709612131118774e-01 1.000000000000000000e+00
9.384535551071166992e-01 9.909847378730773926e-01 9.990538358688354492e-01 9.998903274536132812e-01 9.999817609786987305e-01 2.000000000000000000e+00
-1.031182110309600830e-01 4.956381022930145264e-01 3.929792940616607666e-01 4.266006350517272949e-01 1.524709612131118774e-01 1.000000000000000000e+00
9.384535551071166992e-01 9.909847378730773926e-01 9.990538358688354492e-01 9.998903274536132812e-01 9.999817609786987305e-01 2.000000000000000000e+00
-1.031182110309600830e-01 4.956381022930145264e-01 3.929792940616607666e-01 4.266006350517272949e-01 1.524709612131118774e-01 1.000000000000000000e+00
9.384535551071166992e-01 9.909847378730773926e-01 9.990538358688354492e-01 9.998903274536132812e-01 9.999817609786987305e-01 2.000000000000000000e+00
-1.031182110309600830e-01 4.956381022930145264e-01 3.929792940616607666e-01 4.266006350517272949e-01 1.524709612131118774e-01 1.000000000000000000e+00
9.384535551071166992e-01 9.909847378730773926e-01 9.990538358688354492e-01 9.998903274536132812e-01 9.999817609786987305e-01 2.000000000000000000e+00
-1.031182110309600830e-01 4.956381022930145264e-01 3.929792940616607666e-01 4.266006350517272949e-01 1.524709612131118774e-01 1.000000000000000000e+00
9.384535551071166992e-01 9.909847378730773926e-01 9.990538358688354492e-01 9.998903274536132812e-01 9.999817609786987305e-01 2.000000000000000000e+00
-1.031182110309600830e-01 4.956381022930145264e-01 3.929792940616607666e-01 4.266006350517272949e-01 1.524709612131118774e-01 1.000000000000000000e+00
9.384535551071166992e-01 9.909847378730773926e-01 9.990538358688354492e-01 9.998903274536132812e-01 9.999817609786987305e-01 2.000000000000000000e+00
-1.031182110309600830e-01 4.956381022930145264e-01 3.929792940616607666e-01 4.266006350517272949e-01 1.524709612131118774e-01 1.000000000000000000e+00
9.384535551071166992e-01 9.909847378730773926e-01 9.990538358688354492e-01 9.998903274536132812e-01 9.999817609786987305e-01 2.000000000000000000e+00
-1.031182110309600830e-01 4.956381022930145264e-01 3.929792940616607666e-01 4.266006350517272949e-01 1.524709612131118774e-01 1.000000000000000000e+00
9.384535551071166992e-01 9.909847378730773926e-01 9.990538358688354492e-01 9.998903274536132812e-01 9.999817609786987305e-01 2.000000000000000000e+00
-1.031182110309600830e-01 4.956381022930145264e-01 3.929792940616607666e-01 4.266006350517272949e-01 1.524709612131118774e-01 1.000000000000000000e+00
9.384535551071166992e-01 9.909847378730773926e-01 9.990538358688354492e-01 9.998903274536132812e-01 9.999817609786987305e-01 2.000000000000000000e+00
-1.031182110309600830e-01 4.956381022930145264e-01 3.929792940616607666e-01 4.266006350517272949e-01 1.524709612131118774e-01 1.000000000000000000e+00
9.384535551071166992e-01 9.909847378730773926e-01 9.990538358688354492e-01 9.998903274536132812e-01 9.999817609786987305e-01 2.000000000000000000e+00
9.742554426193237305e-01 9.967357516288757324e-01 9.994286298751831055e-01 9.999801516532897949e-01 9.999988079071044922e-01 0.000000000000000000e+00
9.586840867996215820e-01 9.983602166175842285e-01 9.998873472213745117e-01 9.999944567680358887e-01 9.999998211860656738e-01 0.000000000000000000e+00
9.650985002517700195e-01 9.942005872726440430e-01 9.986168742179870605e-01 9.998563528060913086e-01 9.999862909317016602e-01 0.000000000000000000e+00
9.767191410064697266e-01 9.967525005340576172e-01 9.992917180061340332e-01 9.999266266822814941e-01 9.999942779541015625e-01 0.000000000000000000e+00
9.036762118339538574e-01 9.804508686065673828e-01 9.961904883384704590e-01 9.992744922637939453e-01 9.999207258224487305e-01 0.000000000000000000e+00
9.603989720344543457e-01 9.918560981750488281e-01 9.986114501953125000e-01 9.998117685317993164e-01 9.999748468399047852e-01 0.000000000000000000e+00
8.450795412063598633e-01 9.927425384521484375e-01 9.993900060653686523e-01 9.999592304229736328e-01 9.999981522560119629e-01 0.000000000000000000e+00
9.999014735221862793e-01 1.000000000000000000e+00 1.000000000000000000e+00 1.000000000000000000e+00 1.000000000000000000e+00 0.000000000000000000e+00
9.996613264083862305e-01 9.999949336051940918e-01 9.999999403953552246e-01 1.000000000000000000e+00 1.000000000000000000e+00 0.000000000000000000e+00
9.999608993530273438e-01 9.999997615814208984e-01 1.000000000000000000e+00 1.000000000000000000e+00 1.000000000000000000e+00 0.000000000000000000e+00
9.960402250289916992e-01 9.999832510948181152e-01 1.000000000000000000e+00 1.000000000000000000e+00 1.000000000000000000e+00 0.000000000000000000e+00
9.993243217468261719e-01 9.998053312301635742e-01 9.999984502792358398e-01 1.000000000000000000e+00 1.000000000000000000e+00 0.000000000000000000e+00
9.998769760131835938e-01 9.999998211860656738e-01 1.000000000000000000e+00 1.000000000000000000e+00 1.000000000000000000e+00 0.000000000000000000e+00
9.988768100738525391e-01 9.999524354934692383e-01 9.999998211860656738e-01 1.000000000000000000e+00 1.000000000000000000e+00 0.000000000000000000e+00
9.145829677581787109e-01 9.884150624275207520e-01 9.974655508995056152e-01 9.997052550315856934e-01 9.999579191207885742e-01 0.000000000000000000e+00
9.576100111007690430e-01 9.834837913513183594e-01 9.966542124748229980e-01 9.997124075889587402e-01 9.999567866325378418e-01 0.000000000000000000e+00
9.744288921356201172e-01 9.972431063652038574e-01 9.998962283134460449e-01 9.999887943267822266e-01 9.999995827674865723e-01 0.000000000000000000e+00
9.877840280532836914e-01 9.990506172180175781e-01 9.999720454216003418e-01 9.999992251396179199e-01 1.000000000000000000e+00 0.000000000000000000e+00
9.839697480201721191e-01 9.992085695266723633e-01 9.999696612358093262e-01 9.999986290931701660e-01 1.000000000000000000e+00 0.000000000000000000e+00
9.722082018852233887e-01 9.981644153594970703e-01 9.999557137489318848e-01 9.999983906745910645e-01 1.000000000000000000e+00 0.000000000000000000e+00
9.729252457618713379e-01 9.919790029525756836e-01 9.995218515396118164e-01 9.999687671661376953e-01 9.999992847442626953e-01 0.000000000000000000e+00
9.911314249038696289e-01 9.999435544013977051e-01 9.999980926513671875e-01 1.000000000000000000e+00 1.000000000000000000e+00 0.000000000000000000e+00
9.922317862510681152e-01 9.997280240058898926e-01 9.999967813491821289e-01 9.999999403953552246e-01 1.000000000000000000e+00 0.000000000000000000e+00
9.811543822288513184e-01 9.997681975364685059e-01 9.999958276748657227e-01 9.999998807907104492e-01 1.000000000000000000e+00 0.000000000000000000e+00
9.915423393249511719e-01 9.998108148574829102e-01 9.999970793724060059e-01 1.000000000000000000e+00 1.000000000000000000e+00 0.000000000000000000e+00
9.861842989921569824e-01 9.994850158691406250e-01 9.999964833259582520e-01 9.999999403953552246e-01 1.000000000000000000e+00 0.000000000000000000e+00
9.984257221221923828e-01 9.999408721923828125e-01 9.999998211860656738e-01 1.000000000000000000e+00 1.000000000000000000e+00 0.000000000000000000e+00
9.985073208808898926e-01 9.999915361404418945e-01 9.999999403953552246e-01 1.000000000000000000e+00 1.000000000000000000e+00 0.000000000000000000e+00
9.591331481933593750e-01 9.972226619720458984e-01 9.994777441024780273e-01 9.999594092369079590e-01 9.999980330467224121e-01 0.000000000000000000e+00
9.798331856727600098e-01 9.973844289779663086e-01 9.998582005500793457e-01 9.999969005584716797e-01 9.999999403953552246e-01 0.000000000000000000e+00
9.994491934776306152e-01 9.999481439590454102e-01 9.999997615814208984e-01 1.000000000000000000e+00 1.000000000000000000e+00 0.000000000000000000e+00
9.807456731796264648e-01 9.998667240142822266e-01 9.999960064888000488e-01 1.000000000000000000e+00 1.000000000000000000e+00 0.000000000000000000e+00
9.863768815994262695e-01 9.994283914566040039e-01 9.999532103538513184e-01 9.999993443489074707e-01 1.000000000000000000e+00 0.000000000000000000e+00
9.830909371376037598e-01 9.986901879310607910e-01 9.999404549598693848e-01 9.999990463256835938e-01 1.000000000000000000e+00 0.000000000000000000e+00
9.494507908821105957e-01 9.994411468505859375e-01 9.999940395355224609e-01 9.999998807907104492e-01 1.000000000000000000e+00 0.000000000000000000e+00
9.826374650001525879e-01 9.999263882637023926e-01 9.999992251396179199e-01 1.000000000000000000e+00 1.000000000000000000e+00 1.000000000000000000e+00
9.751427173614501953e-01 9.990561604499816895e-01 9.999908804893493652e-01 1.000000000000000000e+00 1.000000000000000000e+00 2.000000000000000000e+00
9.826374650001525879e-01 9.999263882637023926e-01 9.999992251396179199e-01 1.000000000000000000e+00 1.000000000000000000e+00 1.000000000000000000e+00
9.751427173614501953e-01 9.990561604499816895e-01 9.999908804893493652e-01 1.000000000000000000e+00 1.000000000000000000e+00 2.000000000000000000e+00
9.826374650001525879e-01 9.999263882637023926e-01 9.999992251396179199e-01 1.000000000000000000e+00 1.000000000000000000e+00 1.000000000000000000e+00
9.751427173614501953e-01 9.990561604499816895e-01 9.999908804893493652e-01 1.000000000000000000e+00 1.000000000000000000e+00 2.000000000000000000e+00
9.826374650001525879e-01 9.999263882637023926e-01 9.999992251396179199e-01 1.000000000000000000e+00 1.000000000000000000e+00 1.000000000000000000e+00
9.751427173614501953e-01 9.990561604499816895e-01 9.999908804893493652e-01 1.000000000000000000e+00 1.000000000000000000e+00 2.000000000000000000e+00
9.826374650001525879e-01 9.999263882637023926e-01 9.999992251396179199e-01 1.000000000000000000e+00 1.000000000000000000e+00 1.000000000000000000e+00
9.751427173614501953e-01 9.990561604499816895e-01 9.999908804893493652e-01 1.000000000000000000e+00 1.000000000000000000e+00 2.000000000000000000e+00
9.826374650001525879e-01 9.999263882637023926e-01 9.999992251396179199e-01 1.000000000000000000e+00 1.000000000000000000e+00 1.000000000000000000e+00
9.751427173614501953e-01 9.990561604499816895e-01 9.999908804893493652e-01 1.000000000000000000e+00 1.000000000000000000e+00 2.000000000000000000e+00
9.826374650001525879e-01 9.999263882637023926e-01 9.999992251396179199e-01 1.000000000000000000e+00 1.000000000000000000e+00 1.000000000000000000e+00
9.751427173614501953e-01 9.990561604499816895e-01 9.999908804893493652e-01 1.000000000000000000e+00 1.000000000000000000e+00 2.000000000000000000e+00
9.826374650001525879e-01 9.999263882637023926e-01 9.999992251396179199e-01 1.000000000000000000e+00 1.000000000000000000e+00 1.000000000000000000e+00
9.751427173614501953e-01 9.990561604499816895e-01 9.999908804893493652e-01 1.000000000000000000e+00 1.000000000000000000e+00 2.000000000000000000e+00
9.826374650001525879e-01 9.999263882637023926e-01 9.999992251396179199e-01 1.000000000000000000e+00 1.000000000000000000e+00 1.000000000000000000e+00
9.751427173614501953e-01 9.990561604499816895e-01 9.999908804893493652e-01 1.000000000000000000e+00 1.000000000000000000e+00 2.000000000000000000e+00
9.826374650001525879e-01 9.999263882637023926e-01 9.999992251396179199e-01 1.000000000000000000e+00 1.000000000000000000e+00 1.000000000000000000e+00
9.751427173614501953e-01 9.990561604499816895e-01 9.999908804893493652e-01 1.000000000000000000e+00 1.000000000000000000e+00 2.000000000000000000e+00
8.693746924400329590e-01 9.660329222679138184e-01 9.951856136322021484e-01 9.995554685592651367e-01 9.999509453773498535e-01 0.000000000000000000e+00
8.184002637863159180e-01 8.617669343948364258e-01 9.883725643157958984e-01 9.914898872375488281e-01 9.956974387168884277e-01 0.000000000000000000e+00
9.280245900154113770e-01 9.752053022384643555e-01 9.968000054359436035e-01 9.977805614471435547e-01 9.998844265937805176e-01 0.000000000000000000e+00
8.848884105682373047e-01 9.782192707061767578e-01 9.981625080108642578e-01 9.998643994331359863e-01 9.999985694885253906e-01 0.000000000000000000e+00
8.566756248474121094e-01 9.698557257652282715e-01 9.955811500549316406e-01 9.995903372764587402e-01 9.999367594718933105e-01 0.000000000000000000e+00
8.610333800315856934e-01 9.638717770576477051e-01 9.965685606002807617e-01 9.996609091758728027e-01 9.999715089797973633e-01 0.000000000000000000e+00
7.414889931678771973e-01 9.765822887420654297e-01 9.947763681411743164e-01 9.998847842216491699e-01 9.999887347221374512e-01 0.000000000000000000e+00
9.978170394897460938e-01 9.999946951866149902e-01 9.999999403953552246e-01 1.000000000000000000e+00 1.000000000000000000e+00 0.000000000000000000e+00
9.884963035583496094e-01 9.999943375587463379e-01 9.999996423721313477e-01 1.000000000000000000e+00 1.000000000000000000e+00 0.000000000000000000e+00
9.563077092170715332e-01 9.998295903205871582e-01 9.999806284904479980e-01 9.999998211860656738e-01 1.000000000000000000e+00 0.000000000000000000e+00
9.479205012321472168e-01 9.995269179344177246e-01 9.999088644981384277e-01 9.999998211860656738e-01 1.000000000000000000e+00 0.000000000000000000e+00
9.999380111694335938e-01 9.999930858612060547e-01 9.999999403953552246e-01 1.000000000000000000e+00 1.000000000000000000e+00 0.000000000000000000e+00
9.983752369880676270e-01 9.999675750732421875e-01 9.999999403953552246e-01 1.000000000000000000e+00 1.000000000000000000e+00 1.000000000000000000e+00
9.994143247604370117e-01 9.999913573265075684e-01 1.000000000000000000e+00 1.000000000000000000e+00 1.000000000000000000e+00 2.000000000000000000e+00
9.983752369880676270e-01 9.999675750732421875e-01 9.999999403953552246e-01 1.000000000000000000e+00 1.000000000000000000e+00 1.000000000000000000e+00
9.994143247604370117e-01 9.999913573265075684e-01 1.000000000000000000e+00 1.000000000000000000e+00 1.000000000000000000e+00 2.000000000000000000e+00
9.983752369880676270e-01 9.999675750732421875e-01 9.999999403953552246e-01 1.000000000000000000e+00 1.000000000000000000e+00 1.000000000000000000e+00
9.994143247604370117e-01 9.999913573265075684e-01 1.000000000000000000e+00 1.000000000000000000e+00 1.000000000000000000e+00 2.000000000000000000e+00
9.983752369880676270e-01 9.999675750732421875e-01 9.999999403953552246e-01 1.000000000000000000e+00 1.000000000000000000e+00 1.000000000000000000e+00
9.994143247604370117e-01 9.999913573265075684e-01 1.000000000000000000e+00 1.000000000000000000e+00 1.000000000000000000e+00 2.000000000000000000e+00
9.983752369880676270e-01 9.999675750732421875e-01 9.999999403953552246e-01 1.000000000000000000e+00 1.000000000000000000e+00 1.000000000000000000e+00
9.994143247604370117e-01 9.999913573265075684e-01 1.000000000000000000e+00 1.000000000000000000e+00 1.000000000000000000e+00 2.000000000000000000e+00
9.983752369880676270e-01 9.999675750732421875e-01 9.999999403953552246e-01 1.000000000000000000e+00 1.000000000000000000e+00 1.000000000000000000e+00
9.994143247604370117e-01 9.999913573265075684e-01 1.000000000000000000e+00 1.000000000000000000e+00 1.000000000000000000e+00 2.000000000000000000e+00
9.983752369880676270e-01 9.999675750732421875e-01 9.999999403953552246e-01 1.000000000000000000e+00 1.000000000000000000e+00 1.000000000000000000e+00
9.994143247604370117e-01 9.999913573265075684e-01 1.000000000000000000e+00 1.000000000000000000e+00 1.000000000000000000e+00 2.000000000000000000e+00
9.983752369880676270e-01 9.999675750732421875e-01 9.999999403953552246e-01 1.000000000000000000e+00 1.000000000000000000e+00 1.000000000000000000e+00
9.994143247604370117e-01 9.999913573265075684e-01 1.000000000000000000e+00 1.000000000000000000e+00 1.000000000000000000e+00 2.000000000000000000e+00
9.983752369880676270e-01 9.999675750732421875e-01 9.999999403953552246e-01 1.000000000000000000e+00 1.000000000000000000e+00 1.000000000000000000e+00
9.994143247604370117e-01 9.999913573265075684e-01 1.000000000000000000e+00 1.000000000000000000e+00 1.000000000000000000e+00 2.000000000000000000e+00
9.983752369880676270e-01 9.999675750732421875e-01 9.999999403953552246e-01 1.000000000000000000e+00 1.000000000000000000e+00 1.000000000000000000e+00
9.994143247604370117e-01 9.999913573265075684e-01 1.000000000000000000e+00 1.000000000000000000e+00 1.000000000000000000e+00 2.000000000000000000e+00
9.746257066726684570e-01 9.920520186424255371e-01 9.994915127754211426e-01 9.999783635139465332e-01 9.999986886978149414e-01 0.000000000000000000e+00
9.264555573463439941e-01 9.621247649192810059e-01 9.927397370338439941e-01 9.989024996757507324e-01 9.997775554656982422e-01 0.000000000000000000e+00
9.446985125541687012e-01 9.750416278839111328e-01 9.894611835479736328e-01 9.994775652885437012e-01 9.999341368675231934e-01 0.000000000000000000e+00
9.123628735542297363e-01 9.570248126983642578e-01 9.917029738426208496e-01 9.978735446929931641e-01 9.993916749954223633e-01 0.000000000000000000e+00
9.380098581314086914e-01 9.909251332283020020e-01 9.993642568588256836e-01 9.998594522476196289e-01 9.999861717224121094e-01 0.000000000000000000e+00
1.701407879590988159e-01 -7.935005426406860352e-01 -9.829516410827636719e-01 -9.992864727973937988e-01 -9.999551773071289062e-01 1.000000000000000000e+00
9.712683558464050293e-01 9.927887320518493652e-01 9.987918734550476074e-01 9.996578693389892578e-01 9.999653100967407227e-01 2.000000000000000000e+00
1.701407879590988159e-01 -7.935005426406860352e-01 -9.829516410827636719e-01 -9.992864727973937988e-01 -9.999551773071289062e-01 1.000000000000000000e+00
9.712683558464050293e-01 9.927887320518493652e-01 9.987918734550476074e-01 9.996578693389892578e-01 9.999653100967407227e-01 2.000000000000000000e+00
1.701407879590988159e-01 -7.935005426406860352e-01 -9.829516410827636719e-01 -9.992864727973937988e-01 -9.999551773071289062e-01 1.000000000000000000e+00
9.712683558464050293e-01 9.927887320518493652e-01 9.987918734550476074e-01 9.996578693389892578e-01 9.999653100967407227e-01 2.000000000000000000e+00
1.701407879590988159e-01 -7.935005426406860352e-01 -9.829516410827636719e-01 -9.992864727973937988e-01 -9.999551773071289062e-01 1.000000000000000000e+00
9.712683558464050293e-01 9.927887320518493652e-01 9.987918734550476074e-01 9.996578693389892578e-01 9.999653100967407227e-01 2.000000000000000000e+00
1.701407879590988159e-01 -7.935005426406860352e-01 -9.829516410827636719e-01 -9.992864727973937988e-01 -9.999551773071289062e-01 1.000000000000000000e+00
9.712683558464050293e-01 9.927887320518493652e-01 9.987918734550476074e-01 9.996578693389892578e-01 9.999653100967407227e-01 2.000000000000000000e+00
1.701407879590988159e-01 -7.935005426406860352e-01 -9.829516410827636719e-01 -9.992864727973937988e-01 -9.999551773071289062e-01 1.000000000000000000e+00
9.712683558464050293e-01 9.927887320518493652e-01 9.987918734550476074e-01 9.996578693389892578e-01 9.999653100967407227e-01 2.000000000000000000e+00
1.701407879590988159e-01 -7.935005426406860352e-01 -9.829516410827636719e-01 -9.992864727973937988e-01 -9.999551773071289062e-01 1.000000000000000000e+00
9.712683558464050293e-01 9.927887320518493652e-01 9.987918734550476074e-01 9.996578693389892578e-01 9.999653100967407227e-01 2.000000000000000000e+00
1.701407879590988159e-01 -7.935005426406860352e-01 -9.829516410827636719e-01 -9.992864727973937988e-01 -9.999551773071289062e-01 1.000000000000000000e+00
9.712683558464050293e-01 9.927887320518493652e-01 9.987918734550476074e-01 9.996578693389892578e-01 9.999653100967407227e-01 2.000000000000000000e+00
1.701407879590988159e-01 -7.935005426406860352e-01 -9.829516410827636719e-01 -9.992864727973937988e-01 -9.999551773071289062e-01 1.000000000000000000e+00
9.712683558464050293e-01 9.927887320518493652e-01 9.987918734550476074e-01 9.996578693389892578e-01 9.999653100967407227e-01 2.000000000000000000e+00
1.701407879590988159e-01 -7.935005426406860352e-01 -9.829516410827636719e-01 -9.992864727973937988e-01 -9.999551773071289062e-01 1.000000000000000000e+00
9.712683558464050293e-01 9.927887320518493652e-01 9.987918734550476074e-01 9.996578693389892578e-01 9.999653100967407227e-01 2.000000000000000000e+00
8.444657325744628906e-01 9.520409703254699707e-01 9.810255169868469238e-01 9.944586753845214844e-01 9.979069828987121582e-01 0.000000000000000000e+00
7.815170288085937500e-01 9.101917743682861328e-01 9.614281058311462402e-01 9.743878245353698730e-01 9.825781583786010742e-01 0.000000000000000000e+00
9.827288985252380371e-01 9.980311989784240723e-01 9.997598528861999512e-01 9.999688863754272461e-01 9.999921917915344238e-01 0.000000000000000000e+00
9.623868465423583984e-01 9.975057244300842285e-01 9.999436140060424805e-01 9.999967217445373535e-01 9.999997019767761230e-01 0.000000000000000000e+00
9.334150552749633789e-01 9.981417655944824219e-01 9.995834231376647949e-01 9.999448657035827637e-01 9.999973773956298828e-01 0.000000000000000000e+00
9.983819127082824707e-01 9.997112751007080078e-01 9.999884366989135742e-01 9.999995827674865723e-01 1.000000000000000000e+00 0.000000000000000000e+00
9.634297490119934082e-01 9.939572215080261230e-01 9.993793368339538574e-01 9.999799728393554688e-01 9.999994039535522461e-01 0.000000000000000000e+00
6.043379306793212891e-01 7.776468992233276367e-01 8.359705209732055664e-01 8.669031858444213867e-01 8.926529288291931152e-01 0.000000000000000000e+00
6.549291610717773438e-01 8.712432384490966797e-01 9.100632667541503906e-01 9.614925980567932129e-01 9.754693508148193359e-01 0.000000000000000000e+00
7.981644868850708008e-01 9.348695874214172363e-01 9.779285788536071777e-01 9.934525489807128906e-01 9.972260594367980957e-01 0.000000000000000000e+00
-9.840847253799438477e-01 -9.968966841697692871e-01 -9.998688697814941406e-01 -9.999799728393554688e-01 -9.999998807907104492e-01 0.000000000000000000e+00
-9.996433854103088379e-01 -9.976994395256042480e-01 -9.994841217994689941e-01 -9.999478459358215332e-01 -9.999998807907104492e-01 0.000000000000000000e+00
-2.014164924621582031e-01 -4.800568819046020508e-01 -9.686654806137084961e-01 -9.944817423820495605e-01 -9.999083280563354492e-01 0.000000000000000000e+00
7.442589998245239258e-01 -2.172780483961105347e-01 -7.228713035583496094e-01 -9.368946552276611328e-01 -9.866814017295837402e-01 0.000000000000000000e+00
9.991335272789001465e-01 9.999849200248718262e-01 1.000000000000000000e+00 1.000000000000000000e+00 1.000000000000000000e+00 0.000000000000000000e+00
9.997091293334960938e-01 9.999996423721313477e-01 1.000000000000000000e+00 1.000000000000000000e+00 1.000000000000000000e+00 0.000000000000000000e+00
9.998059272766113281e-01 9.999927282333374023e-01 9.999999403953552246e-01 1.000000000000000000e+00 1.000000000000000000e+00 0.000000000000000000e+00
9.996308684349060059e-01 9.999944567680358887e-01 1.000000000000000000e+00 1.000000000000000000e+00 1.000000000000000000e+00 0.000000000000000000e+00
9.969744086265563965e-01 9.998653531074523926e-01 9.999993443489074707e-01 1.000000000000000000e+00 1.000000000000000000e+00 0.000000000000000000e+00
9.998791217803955078e-01 9.999999403953552246e-01 1.000000000000000000e+00 1.000000000000000000e+00 1.000000000000000000e+00 0.000000000000000000e+00
9.997309446334838867e-01 9.999946951866149902e-01 1.000000000000000000e+00 1.000000000000000000e+00 1.000000000000000000e+00 0.000000000000000000e+00
9.713152050971984863e-01 9.869029521942138672e-01 9.988036155700683594e-01 9.999567270278930664e-01 9.999983310699462891e-01 0.000000000000000000e+00
8.348573446273803711e-01 9.231969118118286133e-01 9.637603163719177246e-01 9.900032281875610352e-01 9.989397525787353516e-01 0.000000000000000000e+00
9.396803379058837891e-01 9.880558252334594727e-01 9.967249035835266113e-01 9.989747405052185059e-01 9.998049736022949219e-01 0.000000000000000000e+00
9.888063669204711914e-01 9.996372461318969727e-01 9.999597072601318359e-01 9.999973177909851074e-01 9.999999403953552246e-01 0.000000000000000000e+00
9.899371862411499023e-01 9.966817498207092285e-01 9.998283386230468750e-01 9.999725818634033203e-01 9.999982714653015137e-01 0.000000000000000000e+00
9.898866415023803711e-01 9.996338486671447754e-01 9.999935030937194824e-01 9.999998211860656738e-01 1.000000000000000000e+00 0.000000000000000000e+00
9.684567451477050781e-01 9.970490932464599609e-01 9.998906850814819336e-01 9.999961853027343750e-01 9.999999403953552246e-01 0.000000000000000000e+00
1.926408410072326660e-01 6.941332817077636719e-01 9.255607128143310547e-01 9.784800410270690918e-01 9.980777502059936523e-01 0.000000000000000000e+00
8.138325810432434082e-01 9.421942234039306641e-01 9.975126385688781738e-01 9.999865293502807617e-01 9.999912381172180176e-01 0.000000000000000000e+00
3.120052516460418701e-01 5.481679439544677734e-01 9.524341821670532227e-01 9.695456027984619141e-01 9.884998202323913574e-01 0.000000000000000000e+00
8.357746601104736328e-01 9.056959748268127441e-01 9.749439358711242676e-01 9.892461299896240234e-01 9.978660345077514648e-01 0.000000000000000000e+00
6.410161852836608887e-01 7.241400480270385742e-01 8.901829719543457031e-01 9.719403982162475586e-01 9.951189756393432617e-01 0.000000000000000000e+00
8.432227373123168945e-01 9.415668845176696777e-01 9.818545579910278320e-01 9.889796972274780273e-01 9.975939393043518066e-01 0.000000000000000000e+00
8.911036849021911621e-01 9.853147864341735840e-01 9.970631003379821777e-01 9.996461272239685059e-01 9.999530315399169922e-01 0.000000000000000000e+00
-6.345928907394409180e-01 -6.957930326461791992e-01 -5.026124119758605957e-01 1.955736279487609863e-01 3.801425397396087646e-01 0.000000000000000000e+00
7.827908396720886230e-01 8.535709381103515625e-01 9.318228960037231445e-01 9.404453635215759277e-01 9.215722680091857910e-01 0.000000000000000000e+00
9.177187681198120117e-01 9.911640882492065430e-01 9.992345571517944336e-01 9.999271035194396973e-01 9.999972581863403320e-01 0.000000000000000000e+00
9.581978321075439453e-01 9.953130483627319336e-01 9.998194575309753418e-01 9.999598264694213867e-01 9.999958276748657227e-01 0.000000000000000000e+00
9.214359521865844727e-01 9.834102392196655273e-01 9.964630603790283203e-01 9.997794032096862793e-01 9.999846220016479492e-01 0.000000000000000000e+00
9.135944247245788574e-01 9.904088377952575684e-01 9.988405108451843262e-01 9.998073577880859375e-01 9.999825954437255859e-01 0.000000000000000000e+00
-9.673681259155273438e-01 -9.888603687286376953e-01 -9.991633892059326172e-01 -9.994261860847473145e-01 -9.969563484191894531e-01 1.000000000000000000e+00
-1.257460713386535645e-01 -3.583705425262451172e-01 -7.233992218971252441e-01 -9.264097213745117188e-01 -9.812653064727783203e-01 2.000000000000000000e+00
-9.673681259155273438e-01 -9.888603687286376953e-01 -9.991633892059326172e-01 -9.994261860847473145e-01 -9.969563484191894531e-01 1.000000000000000000e+00
-1.257460713386535645e-01 -3.583705425262451172e-01 -7.233992218971252441e-01 -9.264097213745117188e-01 -9.812653064727783203e-01 2.000000000000000000e+00
-9.673681259155273438e-01 -9.888603687286376953e-01 -9.991633892059326172e-01 -9.994261860847473145e-01 -9.969563484191894531e-01 1.000000000000000000e+00
-1.257460713386535645e-01 -3.583705425262451172e-01 -7.233992218971252441e-01 -9.264097213745117188e-01 -9.812653064727783203e-01 2.000000000000000000e+00
-9.673681259155273438e-01 -9.888603687286376953e-01 -9.991633892059326172e-01 -9.994261860847473145e-01 -9.969563484191894531e-01 1.000000000000000000e+00
-1.257460713386535645e-01 -3.583705425262451172e-01 -7.233992218971252441e-01 -9.264097213745117188e-01 -9.812653064727783203e-01 2.000000000000000000e+00
-9.673681259155273438e-01 -9.888603687286376953e-01 -9.991633892059326172e-01 -9.994261860847473145e-01 -9.969563484191894531e-01 1.000000000000000000e+00
-1.257460713386535645e-01 -3.583705425262451172e-01 -7.233992218971252441e-01 -9.264097213745117188e-01 -9.812653064727783203e-01 2.000000000000000000e+00
-9.673681259155273438e-01 -9.888603687286376953e-01 -9.991633892059326172e-01 -9.994261860847473145e-01 -9.969563484191894531e-01 1.000000000000000000e+00
-1.257460713386535645e-01 -3.583705425262451172e-01 -7.233992218971252441e-01 -9.264097213745117188e-01 -9.812653064727783203e-01 2.000000000000000000e+00
-9.673681259155273438e-01 -9.888603687286376953e-01 -9.991633892059326172e-01 -9.994261860847473145e-01 -9.969563484191894531e-01 1.000000000000000000e+00
-1.257460713386535645e-01 -3.583705425262451172e-01 -7.233992218971252441e-01 -9.264097213745117188e-01 -9.812653064727783203e-01 2.000000000000000000e+00
-9.673681259155273438e-01 -9.888603687286376953e-01 -9.991633892059326172e-01 -9.994261860847473145e-01 -9.969563484191894531e-01 1.000000000000000000e+00
-1.257460713386535645e-01 -3.583705425262451172e-01 -7.233992218971252441e-01 -9.264097213745117188e-01 -9.812653064727783203e-01 2.000000000000000000e+00
-9.673681259155273438e-01 -9.888603687286376953e-01 -9.991633892059326172e-01 -9.994261860847473145e-01 -9.969563484191894531e-01 1.000000000000000000e+00
-1.257460713386535645e-01 -3.583705425262451172e-01 -7.233992218971252441e-01 -9.264097213745117188e-01 -9.812653064727783203e-01 2.000000000000000000e+00
-9.673681259155273438e-01 -9.888603687286376953e-01 -9.991633892059326172e-01 -9.994261860847473145e-01 -9.969563484191894531e-01 1.000000000000000000e+00
-1.257460713386535645e-01 -3.583705425262451172e-01 -7.233992218971252441e-01 -9.264097213745117188e-01 -9.812653064727783203e-01 2.000000000000000000e+00
8.728079795837402344e-01 9.441227316856384277e-01 9.807721376419067383e-01 9.911521077156066895e-01 9.974772334098815918e-01 0.000000000000000000e+00
8.554847240447998047e-01 9.491927623748779297e-01 9.880066514015197754e-01 9.978252053260803223e-01 9.996787905693054199e-01 0.000000000000000000e+00
8.528686761856079102e-01 9.379639625549316406e-01 9.865980744361877441e-01 9.969376921653747559e-01 9.994201064109802246e-01 0.000000000000000000e+00
8.172447085380554199e-01 9.002767801284790039e-01 9.609754681587219238e-01 9.847995042800903320e-01 9.945499300956726074e-01 0.000000000000000000e+00
7.829071283340454102e-01 9.142741560935974121e-01 9.720794558525085449e-01 9.889416694641113281e-01 9.982861876487731934e-01 0.000000000000000000e+00
7.257997989654541016e-01 8.400118947029113770e-01 9.202619194984436035e-01 9.630811214447021484e-01 9.882061481475830078e-01 0.000000000000000000e+00
7.901645302772521973e-01 9.470117092132568359e-01 9.855353832244873047e-01 9.956586360931396484e-01 9.977738857269287109e-01 0.000000000000000000e+00
9.879208803176879883e-01 9.988791346549987793e-01 9.999918937683105469e-01 9.999999403953552246e-01 1.000000000000000000e+00 0.000000000000000000e+00
9.954944849014282227e-01 9.999353289604187012e-01 9.999985098838806152e-01 1.000000000000000000e+00 1.000000000000000000e+00 0.000000000000000000e+00
9.988014101982116699e-01 9.999776482582092285e-01 1.000000000000000000e+00 1.000000000000000000e+00 1.000000000000000000e+00 0.000000000000000000e+00
9.959369897842407227e-01 9.998717904090881348e-01 9.999973773956298828e-01 1.000000000000000000e+00 1.000000000000000000e+00 0.000000000000000000e+00
8.590465188026428223e-01 9.596903920173645020e-01 9.933917522430419922e-01 9.994890093803405762e-01 9.999788403511047363e-01 0.000000000000000000e+00
9.512885808944702148e-01 9.945510029792785645e-01 9.991788268089294434e-01 9.999598860740661621e-01 9.999959468841552734e-01 0.000000000000000000e+00
9.477183222770690918e-01 9.916018843650817871e-01 9.988759160041809082e-01 9.999414086341857910e-01 9.999970197677612305e-01 0.000000000000000000e+00
9.846877455711364746e-01 9.989638328552246094e-01 9.999417662620544434e-01 9.999984502792358398e-01 1.000000000000000000e+00 0.000000000000000000e+00
9.988096952438354492e-01 9.999836087226867676e-01 9.999996423721313477e-01 1.000000000000000000e+00 1.000000000000000000e+00 0.000000000000000000e+00
9.985919594764709473e-01 9.999884366989135742e-01 9.999997019767761230e-01 1.000000000000000000e+00 1.000000000000000000e+00 0.000000000000000000e+00
9.734716415405273438e-01 9.984880685806274414e-01 9.999741315841674805e-01 9.999996423721313477e-01 1.000000000000000000e+00 0.000000000000000000e+00
9.957145452499389648e-01 9.999584555625915527e-01 9.999977946281433105e-01 9.999998211860656738e-01 1.000000000000000000e+00 0.000000000000000000e+00
9.970790743827819824e-01 9.999824166297912598e-01 9.999994039535522461e-01 1.000000000000000000e+00 1.000000000000000000e+00 0.000000000000000000e+00
9.999343156814575195e-01 9.999971389770507812e-01 1.000000000000000000e+00 1.000000000000000000e+00 1.000000000000000000e+00 0.000000000000000000e+00
8.806518912315368652e-01 9.559757113456726074e-01 9.941055178642272949e-01 9.978045225143432617e-01 9.995034933090209961e-01 0.000000000000000000e+00
9.354971647262573242e-01 9.867683649063110352e-01 9.975612759590148926e-01 9.999410510063171387e-01 9.999950528144836426e-01 0.000000000000000000e+00
9.873619079589843750e-01 9.977097511291503906e-01 9.992634654045104980e-01 9.999620318412780762e-01 9.999992251396179199e-01 0.000000000000000000e+00
8.832623958587646484e-01 9.952526688575744629e-01 9.984458684921264648e-01 9.997239708900451660e-01 9.999684095382690430e-01 0.000000000000000000e+00
8.991248607635498047e-01 9.834372997283935547e-01 9.996925592422485352e-01 9.999932646751403809e-01 9.999994039535522461e-01 0.000000000000000000e+00
7.740710377693176270e-01 9.808677434921264648e-01 9.979718923568725586e-01 9.999287724494934082e-01 9.999974370002746582e-01 0.000000000000000000e+00
9.477407932281494141e-01 9.963517189025878906e-01 9.994102120399475098e-01 9.999138116836547852e-01 9.999847412109375000e-01 0.000000000000000000e+00
9.949879050254821777e-01 9.999834299087524414e-01 9.999998807907104492e-01 1.000000000000000000e+00 1.000000000000000000e+00 0.000000000000000000e+00
9.957304000854492188e-01 9.999007582664489746e-01 9.999933838844299316e-01 9.999998807907104492e-01 1.000000000000000000e+00 0.000000000000000000e+00
9.972082972526550293e-01 9.999071955680847168e-01 9.999997019767761230e-01 1.000000000000000000e+00 1.000000000000000000e+00 0.000000000000000000e+00
9.927833080291748047e-01 9.997271299362182617e-01 9.999919533729553223e-01 9.999999403953552246e-01 1.000000000000000000e+00 0.000000000000000000e+00
9.776880145072937012e-01 9.988076686859130859e-01 9.999226927757263184e-01 9.999690055847167969e-01 9.999994039535522461e-01 0.000000000000000000e+00
9.975043535232543945e-01 9.999729990959167480e-01 9.999969005584716797e-01 9.999995827674865723e-01 1.000000000000000000e+00 0.000000000000000000e+00
9.978130459785461426e-01 9.999572038650512695e-01 9.999997019767761230e-01 1.000000000000000000e+00 1.000000000000000000e+00 0.000000000000000000e+00
9.849988222122192383e-01 9.967734813690185547e-01 9.999018311500549316e-01 9.999978542327880859e-01 9.999999403953552246e-01 0.000000000000000000e+00
7.829507589340209961e-01 9.663441181182861328e-01 9.969130754470825195e-01 9.998930096626281738e-01 9.999945163726806641e-01 0.000000000000000000e+00
9.931593537330627441e-01 9.998956918716430664e-01 9.999988675117492676e-01 9.999998807907104492e-01 1.000000000000000000e+00 0.000000000000000000e+00
9.996023178100585938e-01 9.999964237213134766e-01 9.999999403953552246e-01 1.000000000000000000e+00 1.000000000000000000e+00 0.000000000000000000e+00
9.778516292572021484e-01 9.998776316642761230e-01 9.999993443489074707e-01 1.000000000000000000e+00 1.000000000000000000e+00 0.000000000000000000e+00
9.983893036842346191e-01 9.999776482582092285e-01 9.999999403953552246e-01 1.000000000000000000e+00 1.000000000000000000e+00 0.000000000000000000e+00
9.970508813858032227e-01 9.997185468673706055e-01 9.999995827674865723e-01 1.000000000000000000e+00 1.000000000000000000e+00 0.000000000000000000e+00
7.589005231857299805e-01 8.932373523712158203e-01 9.625688791275024414e-01 9.860746860504150391e-01 9.958859086036682129e-01 1.000000000000000000e+00
9.182633757591247559e-01 9.917970895767211914e-01 9.988639950752258301e-01 9.999107122421264648e-01 9.999936819076538086e-01 2.000000000000000000e+00
7.589005231857299805e-01 8.932373523712158203e-01 9.625688791275024414e-01 9.860746860504150391e-01 9.958859086036682129e-01 1.000000000000000000e+00
9.182633757591247559e-01 9.917970895767211914e-01 9.988639950752258301e-01 9.999107122421264648e-01 9.999936819076538086e-01 2.000000000000000000e+00
7.589005231857299805e-01 8.932373523712158203e-01 9.625688791275024414e-01 9.860746860504150391e-01 9.958859086036682129e-01 1.000000000000000000e+00
9.182633757591247559e-01 9.917970895767211914e-01 9.988639950752258301e-01 9.999107122421264648e-01 9.999936819076538086e-01 2.000000000000000000e+00
7.589005231857299805e-01 8.932373523712158203e-01 9.625688791275024414e-01 9.860746860504150391e-01 9.958859086036682129e-01 1.000000000000000000e+00
9.182633757591247559e-01 9.917970895767211914e-01 9.988639950752258301e-01 9.999107122421264648e-01 9.999936819076538086e-01 2.000000000000000000e+00
7.589005231857299805e-01 8.932373523712158203e-01 9.625688791275024414e-01 9.860746860504150391e-01 9.958859086036682129e-01 1.000000000000000000e+00
9.182633757591247559e-01 9.917970895767211914e-01 9.988639950752258301e-01 9.999107122421264648e-01 9.999936819076538086e-01 2.000000000000000000e+00
7.589005231857299805e-01 8.932373523712158203e-01 9.625688791275024414e-01 9.860746860504150391e-01 9.958859086036682129e-01 1.000000000000000000e+00
9.182633757591247559e-01 9.917970895767211914e-01 9.988639950752258301e-01 9.999107122421264648e-01 9.999936819076538086e-01 2.000000000000000000e+00
7.589005231857299805e-01 8.932373523712158203e-01 9.625688791275024414e-01 9.860746860504150391e-01 9.958859086036682129e-01 1.000000000000000000e+00
9.182633757591247559e-01 9.917970895767211914e-01 9.988639950752258301e-01 9.999107122421264648e-01 9.999936819076538086e-01 2.000000000000000000e+00
7.589005231857299805e-01 8.932373523712158203e-01 9.625688791275024414e-01 9.860746860504150391e-01 9.958859086036682129e-01 1.000000000000000000e+00
9.182633757591247559e-01 9.917970895767211914e-01 9.988639950752258301e-01 9.999107122421264648e-01 9.999936819076538086e-01 2.000000000000000000e+00
7.589005231857299805e-01 8.932373523712158203e-01 9.625688791275024414e-01 9.860746860504150391e-01 9.958859086036682129e-01 1.000000000000000000e+00
9.182633757591247559e-01 9.917970895767211914e-01 9.988639950752258301e-01 9.999107122421264648e-01 9.999936819076538086e-01 2.000000000000000000e+00
7.589005231857299805e-01 8.932373523712158203e-01 9.625688791275024414e-01 9.860746860504150391e-01 9.958859086036682129e-01 1.000000000000000000e+00
9.182633757591247559e-01 9.917970895767211914e-01 9.988639950752258301e-01 9.999107122421264648e-01 9.999936819076538086e-01 2.000000000000000000e+00
9.924623966217041016e-01 9.973655939102172852e-01 9.998616576194763184e-01 9.999846816062927246e-01 9.999994039535522461e-01 0.000000000000000000e+00
9.711433053016662598e-01 9.990953803062438965e-01 9.999867081642150879e-01 9.999991059303283691e-01 1.000000000000000000e+00 0.000000000000000000e+00
9.988147020339965820e-01 9.999864101409912109e-01 9.999998211860656738e-01 1.000000000000000000e+00 1.000000000000000000e+00 0.000000000000000000e+00
9.567342996597290039e-01 9.904771447181701660e-01 9.996178150177001953e-01 9.999908804893493652e-01 1.000000000000000000e+00 0.000000000000000000e+00
9.957832694053649902e-01 9.997507929801940918e-01 9.999943375587463379e-01 9.999999403953552246e-01 1.000000000000000000e+00 0.000000000000000000e+00
9.986376166343688965e-01 9.995535016059875488e-01 9.999907612800598145e-01 9.999998211860656738e-01 1.000000000000000000e+00 0.000000000000000000e+00
9.994118213653564453e-01 9.999602437019348145e-01 9.999999403953552246e-01 1.000000000000000000e+00 1.000000000000000000e+00 0.000000000000000000e+00
9.240965247154235840e-01 9.712375998497009277e-01 9.961885213851928711e-01 9.941329360008239746e-01 9.984524250030517578e-01 1.000000000000000000e+00
9.089480638504028320e-01 9.632771611213684082e-01 9.950187802314758301e-01 9.983559846878051758e-01 9.999073147773742676e-01 2.000000000000000000e+00
9.240965247154235840e-01 9.712375998497009277e-01 9.961885213851928711e-01 9.941329360008239746e-01 9.984524250030517578e-01 1.000000000000000000e+00
9.089480638504028320e-01 9.632771611213684082e-01 9.950187802314758301e-01 9.983559846878051758e-01 9.999073147773742676e-01 2.000000000000000000e+00
9.240965247154235840e-01 9.712375998497009277e-01 9.961885213851928711e-01 9.941329360008239746e-01 9.984524250030517578e-01 1.000000000000000000e+00
9.089480638504028320e-01 9.632771611213684082e-01 9.950187802314758301e-01 9.983559846878051758e-01 9.999073147773742676e-01 2.000000000000000000e+00
9.240965247154235840e-01 9.712375998497009277e-01 9.961885213851928711e-01 9.941329360008239746e-01 9.984524250030517578e-01 1.000000000000000000e+00
9.089480638504028320e-01 9.632771611213684082e-01 9.950187802314758301e-01 9.983559846878051758e-01 9.999073147773742676e-01 2.000000000000000000e+00
9.240965247154235840e-01 9.712375998497009277e-01 9.961885213851928711e-01 9.941329360008239746e-01 9.984524250030517578e-01 1.000000000000000000e+00
9.089480638504028320e-01 9.632771611213684082e-01 9.950187802314758301e-01 9.983559846878051758e-01 9.999073147773742676e-01 2.000000000000000000e+00
9.240965247154235840e-01 9.712375998497009277e-01 9.961885213851928711e-01 9.941329360008239746e-01 9.984524250030517578e-01 1.000000000000000000e+00
9.089480638504028320e-01 9.632771611213684082e-01 9.950187802314758301e-01 9.983559846878051758e-01 9.999073147773742676e-01 2.000000000000000000e+00
9.240965247154235840e-01 9.712375998497009277e-01 9.961885213851928711e-01 9.941329360008239746e-01 9.984524250030517578e-01 1.000000000000000000e+00
9.089480638504028320e-01 9.632771611213684082e-01 9.950187802314758301e-01 9.983559846878051758e-01 9.999073147773742676e-01 2.000000000000000000e+00
9.240965247154235840e-01 9.712375998497009277e-01 9.961885213851928711e-01 9.941329360008239746e-01 9.984524250030517578e-01 1.000000000000000000e+00
9.089480638504028320e-01 9.632771611213684082e-01 9.950187802314758301e-01 9.983559846878051758e-01 9.999073147773742676e-01 2.000000000000000000e+00
9.240965247154235840e-01 9.712375998497009277e-01 9.961885213851928711e-01 9.941329360008239746e-01 9.984524250030517578e-01 1.000000000000000000e+00
9.089480638504028320e-01 9.632771611213684082e-01 9.950187802314758301e-01 9.983559846878051758e-01 9.999073147773742676e-01 2.000000000000000000e+00
9.240965247154235840e-01 9.712375998497009277e-01 9.961885213851928711e-01 9.941329360008239746e-01 9.984524250030517578e-01 1.000000000000000000e+00
9.089480638504028320e-01 9.632771611213684082e-01 9.950187802314758301e-01 9.983559846878051758e-01 9.999073147773742676e-01 2.000000000000000000e+00
9.951667785644531250e-01 9.988183975219726562e-01 9.998957514762878418e-01 9.999942183494567871e-01 9.999992847442626953e-01 0.000000000000000000e+00
9.756167531013488770e-01 9.968230128288269043e-01 9.997472763061523438e-01 9.999972581863403320e-01 1.000000000000000000e+00 0.000000000000000000e+00
7.410091161727905273e-01 9.245642423629760742e-01 9.838070869445800781e-01 9.970971941947937012e-01 9.994291663169860840e-01 0.000000000000000000e+00
1.713933981955051422e-02 7.040883898735046387e-01 9.405900835990905762e-01 9.887422919273376465e-01 9.975490570068359375e-01 0.000000000000000000e+00
7.001301050186157227e-01 2.800427675247192383e-01 -2.806812822818756104e-01 -8.456333875656127930e-01 -7.691146135330200195e-01 0.000000000000000000e+00
7.836723923683166504e-01 9.450712203979492188e-01 9.924888610839843750e-01 9.998158216476440430e-01 9.999954104423522949e-01 0.000000000000000000e+00
7.198183536529541016e-01 8.624760508537292480e-01 8.970946073532104492e-01 9.398044347763061523e-01 9.929645657539367676e-01 0.000000000000000000e+00
9.678943753242492676e-01 9.979608654975891113e-01 9.998115897178649902e-01 9.999986886978149414e-01 9.999999403953552246e-01 0.000000000000000000e+00
5.608704090118408203e-01 9.024608135223388672e-01 9.945420026779174805e-01 9.998117089271545410e-01 9.999835491180419922e-01 0.000000000000000000e+00
9.439668059349060059e-01 9.963330626487731934e-01 9.990462660789489746e-01 9.999074339866638184e-01 9.999962449073791504e-01 0.000000000000000000e+00
9.344673752784729004e-01 9.942423105239868164e-01 9.996622204780578613e-01 9.999620318412780762e-01 9.999979734420776367e-01 0.000000000000000000e+00
9.579748511314392090e-01 9.965981245040893555e-01 9.999028444290161133e-01 9.999841451644897461e-01 9.999997615814208984e-01 0.000000000000000000e+00
9.395797848701477051e-01 9.859731197357177734e-01 9.992269873619079590e-01 9.999732971191406250e-01 9.999997019767761230e-01 0.000000000000000000e+00
9.513579607009887695e-01 9.794800281524658203e-01 9.973672628402709961e-01 9.994004368782043457e-01 9.999295473098754883e-01 0.000000000000000000e+00
-5.908737704157829285e-02 -6.104128360748291016e-01 -1.215713247656822205e-01 9.535399079322814941e-01 9.979978799819946289e-01 0.000000000000000000e+00
-4.112063050270080566e-01 1.050872653722763062e-01 8.299883604049682617e-01 9.207710623741149902e-01 9.068944454193115234e-01 0.000000000000000000e+00
8.795474171638488770e-01 9.715377092361450195e-01 9.924164414405822754e-01 9.977099299430847168e-01 9.997970461845397949e-01 0.000000000000000000e+00
9.741008281707763672e-01 9.991987943649291992e-01 9.999876618385314941e-01 9.999994635581970215e-01 1.000000000000000000e+00 0.000000000000000000e+00
9.769504666328430176e-01 9.977558255195617676e-01 9.997909665107727051e-01 9.999961256980895996e-01 9.999998807907104492e-01 0.000000000000000000e+00
9.886488914489746094e-01 9.990383386611938477e-01 9.999682307243347168e-01 9.999995827674865723e-01 1.000000000000000000e+00 0.000000000000000000e+00
9.695295691490173340e-01 9.968292117118835449e-01 9.999157190322875977e-01 9.999939203262329102e-01 9.999998211860656738e-01 0.000000000000000000e+00
9.921512007713317871e-01 9.995545744895935059e-01 9.999985098838806152e-01 1.000000000000000000e+00 1.000000000000000000e+00 0.000000000000000000e+00
9.012591838836669922e-01 9.917774200439453125e-01 9.984503388404846191e-01 9.999690055847167969e-01 9.999989271163940430e-01 0.000000000000000000e+00
-1.736453175544738770e-01 7.493602037429809570e-01 9.169166088104248047e-01 9.766265749931335449e-01 9.929027557373046875e-01 0.000000000000000000e+00
6.799081563949584961e-01 9.094510078430175781e-01 9.796650409698486328e-01 9.953920841217041016e-01 9.996185898780822754e-01 0.000000000000000000e+00
9.397369027137756348e-01 9.670868515968322754e-01 9.957875013351440430e-01 9.983530640602111816e-01 9.994685053825378418e-01 0.000000000000000000e+00
8.098367452621459961e-01 9.973053932189941406e-01 9.994319677352905273e-01 9.999863505363464355e-01 9.999992847442626953e-01 0.000000000000000000e+00
9.785729050636291504e-01 9.801954030990600586e-01 9.948968291282653809e-01 9.974496364593505859e-01 9.998967051506042480e-01 0.000000000000000000e+00
9.997910261154174805e-01 9.999990463256835938e-01 1.000000000000000000e+00 1.000000000000000000e+00 1.000000000000000000e+00 0.000000000000000000e+00
9.523256421089172363e-01 9.997720718383789062e-01 9.999967813491821289e-01 9.999999403953552246e-01 1.000000000000000000e+00 0.000000000000000000e+00
9.897271990776062012e-01 9.999806880950927734e-01 9.999995827674865723e-01 1.000000000000000000e+00 1.000000000000000000e+00 0.000000000000000000e+00
9.079462885856628418e-01 9.977049231529235840e-01 9.999996423721313477e-01 1.000000000000000000e+00 1.000000000000000000e+00 0.000000000000000000e+00
9.685390591621398926e-01 9.998537898063659668e-01 9.999777674674987793e-01 9.999998807907104492e-01 1.000000000000000000e+00 0.000000000000000000e+00
9.308997392654418945e-01 9.963604211807250977e-01 9.998475909233093262e-01 9.999905228614807129e-01 9.999997019767761230e-01 0.000000000000000000e+00
9.977045655250549316e-01 9.999957084655761719e-01 1.000000000000000000e+00 1.000000000000000000e+00 1.000000000000000000e+00 0.000000000000000000e+00
7.331256270408630371e-01 9.249963760375976562e-01 9.609857201576232910e-01 9.872134327888488770e-01 9.967537522315979004e-01 0.000000000000000000e+00
9.472225904464721680e-01 9.855602979660034180e-01 9.926739335060119629e-01 9.978264570236206055e-01 9.991522431373596191e-01 0.000000000000000000e+00
7.524917125701904297e-01 7.106205821037292480e-01 9.149530529975891113e-01 9.194856286048889160e-01 9.629905819892883301e-01 0.000000000000000000e+00
3.921262621879577637e-01 7.287581562995910645e-01 8.642925024032592773e-01 9.372558593750000000e-01 9.781036972999572754e-01 0.000000000000000000e+00
-8.847637772560119629e-01 -9.968038201332092285e-01 -9.999768733978271484e-01 -9.999997615814208984e-01 -1.000000000000000000e+00 0.000000000000000000e+00
9.324387311935424805e-01 9.943215847015380859e-01 9.978625774383544922e-01 9.997147321701049805e-01 9.997892975807189941e-01 0.000000000000000000e+00
