5.775834247469902039e-02 -9.221612475812435150e-03 -7.194755971431732178e-02 -1.191775649785995483e-01 -1.461356580257415771e-01 0.000000000000000000e+00
-1.016017645597457886e-01 2.853726148605346680e-01 4.200973212718963623e-01 3.017565310001373291e-01 3.185365796089172363e-01 0.000000000000000000e+00
2.941658198833465576e-01 3.333217501640319824e-01 1.366723924875259399e-01 5.406741425395011902e-02 -3.888184204697608948e-02 0.000000000000000000e+00
8.161414414644241333e-02 1.145151928067207336e-01 2.692404389381408691e-01 3.566491901874542236e-01 3.154964745044708252e-01 0.000000000000000000e+00
4.096743464469909668e-01 4.680795371532440186e-01 4.961125850677490234e-01 5.676968097686767578e-01 4.966516792774200439e-01 0.000000000000000000e+00
6.105709075927734375e-01 7.576026916503906250e-01 9.051893949508666992e-01 8.768492937088012695e-01 8.150719404220581055e-01 0.000000000000000000e+00
4.236810505390167236e-01 5.219264030456542969e-01 6.952476501464843750e-01 7.960492372512817383e-01 8.387339115142822266e-01 0.000000000000000000e+00
4.240980744361877441e-01 3.638197779655456543e-01 2.812271714210510254e-01 1.102425530552864075e-01 -4.147048294544219971e-02 0.000000000000000000e+00
4.121781885623931885e-01 5.406641960144042969e-01 5.459655523300170898e-01 5.252597928047180176e-01 5.872566103935241699e-01 0.000000000000000000e+00
2.706243991851806641e-01 3.284913897514343262e-01 2.658357322216033936e-01 2.714367210865020752e-01 3.372808098793029785e-01 0.000000000000000000e+00
4.892885386943817139e-01 4.899214804172515869e-01 4.371917545795440674e-01 4.237223863601684570e-01 3.749648034572601318e-01 0.000000000000000000e+00
1.478691995143890381e-01 9.600839763879776001e-02 5.407918989658355713e-02 2.805068492889404297e-01 3.787030577659606934e-01 0.000000000000000000e+00
9.186024963855743408e-02 -7.569455355405807495e-02 -8.608531951904296875e-02 -1.014453396201133728e-01 1.617059670388698578e-02 0.000000000000000000e+00
2.125967144966125488e-01 1.124540250748395920e-02 -1.119250506162643433e-01 -1.546521186828613281e-01 -1.784872859716415405e-01 0.000000000000000000e+00
3.571702539920806885e-01 6.787971854209899902e-01 7.776626944541931152e-01 8.030855655670166016e-01 8.986607193946838379e-01 0.000000000000000000e+00
-1.664676517248153687e-02 1.463539749383926392e-01 2.183770388364791870e-01 3.714326918125152588e-01 5.881379842758178711e-01 0.000000000000000000e+00
1.998843550682067871e-01 3.163045644760131836e-01 3.049630522727966309e-01 2.723800539970397949e-01 5.015258193016052246e-01 0.000000000000000000e+00
1.787131279706954956e-01 3.392414152622222900e-01 1.900411248207092285e-01 1.951579451560974121e-01 2.283247709274291992e-01 0.000000000000000000e+00
6.172141432762145996e-01 8.653098344802856445e-01 8.781750202178955078e-01 8.988594412803649902e-01 8.480968475341796875e-01 0.000000000000000000e+00
4.877065718173980713e-01 7.985566258430480957e-01 7.927595973014831543e-01 8.622823357582092285e-01 9.566775560379028320e-01 0.000000000000000000e+00
5.122279524803161621e-01 7.078313827514648438e-01 7.896460294723510742e-01 8.137252330780029297e-01 8.282916545867919922e-01 0.000000000000000000e+00
4.578993618488311768e-01 4.793093800544738770e-01 4.588859379291534424e-01 6.085622310638427734e-01 5.989640355110168457e-01 0.000000000000000000e+00
1.113996952772140503e-01 3.039775788784027100e-01 5.641492009162902832e-01 5.565003156661987305e-01 6.351553201675415039e-01 0.000000000000000000e+00
-5.870444700121879578e-02 -1.280215233564376831e-01 -1.693470180034637451e-01 -1.763906776905059814e-01 -1.679323464632034302e-01 0.000000000000000000e+00
2.385743893682956696e-02 -5.481973662972450256e-02 -1.512925475835800171e-01 -1.520714312791824341e-01 -1.671374291181564331e-01 0.000000000000000000e+00
8.793758600950241089e-02 2.909948229789733887e-01 2.562990188598632812e-01 2.095453441143035889e-01 8.609344810247421265e-02 0.000000000000000000e+00
4.734095931053161621e-01 7.441655397415161133e-01 8.643618226051330566e-01 8.334779143333435059e-01 7.336021661758422852e-01 0.000000000000000000e+00
4.421660602092742920e-01 6.468695402145385742e-01 6.480892896652221680e-01 7.017669677734375000e-01 7.482086420059204102e-01 0.000000000000000000e+00
-7.487630844116210938e-02 2.243593335151672363e-01 5.129703283309936523e-01 6.407546401023864746e-01 7.933539152145385742e-01 0.000000000000000000e+00
5.168309211730957031e-01 8.201924562454223633e-01 8.425291776657104492e-01 8.134407401084899902e-01 9.504526853561401367e-01 0.000000000000000000e+00
6.269349455833435059e-01 8.956290483474731445e-01 9.610654115676879883e-01 9.096985459327697754e-01 9.301712512969970703e-01 0.000000000000000000e+00
2.294631600379943848e-01 7.466695308685302734e-01 8.446128368377685547e-01 8.988671302795410156e-01 8.538390994071960449e-01 0.000000000000000000e+00
8.779529482126235962e-02 1.002418994903564453e-01 6.325022876262664795e-02 3.996555507183074951e-01 8.253827691078186035e-01 0.000000000000000000e+00
1.568517275154590607e-02 3.162624537944793701e-01 3.515695631504058838e-01 1.775819212198257446e-01 7.097585499286651611e-02 0.000000000000000000e+00
4.088325798511505127e-01 5.379420518875122070e-01 6.358066201210021973e-01 6.766478419303894043e-01 5.778043270111083984e-01 0.000000000000000000e+00
7.174764871597290039e-01 8.908999562263488770e-01 9.306364059448242188e-01 9.634439349174499512e-01 9.376105070114135742e-01 0.000000000000000000e+00
3.403710424900054932e-01 7.199112176895141602e-01 9.383048415184020996e-01 9.706633687019348145e-01 9.865266084671020508e-01 0.000000000000000000e+00
7.210263609886169434e-01 9.436643719673156738e-01 9.797218441963195801e-01 9.868659377098083496e-01 9.816713333129882812e-01 0.000000000000000000e+00
3.736622631549835205e-01 5.854807496070861816e-01 6.761389970779418945e-01 8.954620361328125000e-01 9.266675710678100586e-01 0.000000000000000000e+00
5.436915755271911621e-01 6.115031242370605469e-01 6.219267845153808594e-01 7.203977108001708984e-01 7.292327880859375000e-01 0.000000000000000000e+00
-1.190567985177040100e-01 4.584782123565673828e-01 6.935929059982299805e-01 7.419373989105224609e-01 8.122779130935668945e-01 0.000000000000000000e+00
8.028913736343383789e-01 9.752085804939270020e-01 9.336404800415039062e-01 9.464988708496093750e-01 9.263799786567687988e-01 0.000000000000000000e+00
3.467225432395935059e-01 5.172936916351318359e-01 6.652634739875793457e-01 4.200613796710968018e-01 2.576604485511779785e-01 1.000000000000000000e+00
4.283028542995452881e-01 7.091747522354125977e-01 8.358132839202880859e-01 8.699176907539367676e-01 8.650447130203247070e-01 2.000000000000000000e+00
3.467225432395935059e-01 5.172936916351318359e-01 6.652634739875793457e-01 4.200613796710968018e-01 2.576604485511779785e-01 1.000000000000000000e+00
4.283028542995452881e-01 7.091747522354125977e-01 8.358132839202880859e-01 8.699176907539367676e-01 8.650447130203247070e-01 2.000000000000000000e+00
3.467225432395935059e-01 5.172936916351318359e-01 6.652634739875793457e-01 4.200613796710968018e-01 2.576604485511779785e-01 1.000000000000000000e+00
4.283028542995452881e-01 7.091747522354125977e-01 8.358132839202880859e-01 8.699176907539367676e-01 8.650447130203247070e-01 2.000000000000000000e+00
3.467225432395935059e-01 5.172936916351318359e-01 6.652634739875793457e-01 4.200613796710968018e-01 2.576604485511779785e-01 1.000000000000000000e+00
4.283028542995452881e-01 7.091747522354125977e-01 8.358132839202880859e-01 8.699176907539367676e-01 8.650447130203247070e-01 2.000000000000000000e+00
3.467225432395935059e-01 5.172936916351318359e-01 6.652634739875793457e-01 4.200613796710968018e-01 2.576604485511779785e-01 1.000000000000000000e+00
4.283028542995452881e-01 7.091747522354125977e-01 8.358132839202880859e-01 8.699176907539367676e-01 8.650447130203247070e-01 2.000000000000000000e+00
3.467225432395935059e-01 5.172936916351318359e-01 6.652634739875793457e-01 4.200613796710968018e-01 2.576604485511779785e-01 1.000000000000000000e+00
4.283028542995452881e-01 7.091747522354125977e-01 8.358132839202880859e-01 8.699176907539367676e-01 8.650447130203247070e-01 2.000000000000000000e+00
3.467225432395935059e-01 5.172936916351318359e-01 6.652634739875793457e-01 4.200613796710968018e-01 2.576604485511779785e-01 1.000000000000000000e+00
4.283028542995452881e-01 7.091747522354125977e-01 8.358132839202880859e-01 8.699176907539367676e-01 8.650447130203247070e-01 2.000000000000000000e+00
3.467225432395935059e-01 5.172936916351318359e-01 6.652634739875793457e-01 4.200613796710968018e-01 2.576604485511779785e-01 1.000000000000000000e+00
4.283028542995452881e-01 7.091747522354125977e-01 8.358132839202880859e-01 8.699176907539367676e-01 8.650447130203247070e-01 2.000000000000000000e+00
3.467225432395935059e-01 5.172936916351318359e-01 6.652634739875793457e-01 4.200613796710968018e-01 2.576604485511779785e-01 1.000000000000000000e+00
4.283028542995452881e-01 7.091747522354125977e-01 8.358132839202880859e-01 8.699176907539367676e-01 8.650447130203247070e-01 2.000000000000000000e+00
3.467225432395935059e-01 5.172936916351318359e-01 6.652634739875793457e-01 4.200613796710968018e-01 2.576604485511779785e-01 1.000000000000000000e+00
4.283028542995452881e-01 7.091747522354125977e-01 8.358132839202880859e-01 8.699176907539367676e-01 8.650447130203247070e-01 2.000000000000000000e+00
3.218425512313842773e-01 8.992546200752258301e-01 9.573403596878051758e-01 9.830116033554077148e-01 9.854028224945068359e-01 0.000000000000000000e+00
5.988907814025878906e-01 6.573747396469116211e-01 8.526353836059570312e-01 9.240069985389709473e-01 9.076324105262756348e-01 0.000000000000000000e+00
2.360164970159530640e-01 6.885143518447875977e-01 8.781399726867675781e-01 8.986627459526062012e-01 9.235095381736755371e-01 0.000000000000000000e+00
2.562193870544433594e-01 4.001423716545104980e-01 4.254058599472045898e-01 6.936895847320556641e-01 6.741806268692016602e-01 0.000000000000000000e+00
9.330590814352035522e-02 4.767704308032989502e-01 5.831483602523803711e-01 6.943428516387939453e-01 8.430286645889282227e-01 0.000000000000000000e+00
4.475811719894409180e-01 5.826954841613769531e-01 7.748742103576660156e-01 9.087135791778564453e-01 8.994338512420654297e-01 0.000000000000000000e+00
6.852657794952392578e-01 6.920933127403259277e-01 8.199793100357055664e-01 8.848078250885009766e-01 8.461807966232299805e-01 0.000000000000000000e+00
8.253346681594848633e-01 9.474564790725708008e-01 9.672912359237670898e-01 9.942167401313781738e-01 9.850844740867614746e-01 0.000000000000000000e+00
8.592616319656372070e-01 9.632222652435302734e-01 9.815742969512939453e-01 9.894860386848449707e-01 9.933814406394958496e-01 0.000000000000000000e+00
9.762672185897827148e-01 9.976094365119934082e-01 9.994245767593383789e-01 9.992665648460388184e-01 9.982087016105651855e-01 0.000000000000000000e+00
9.064874053001403809e-01 9.790323972702026367e-01 9.925070405006408691e-01 9.983322024345397949e-01 9.996655583381652832e-01 0.000000000000000000e+00
9.327658414840698242e-01 9.827704429626464844e-01 9.918082356452941895e-01 9.968292713165283203e-01 9.983462691307067871e-01 0.000000000000000000e+00
9.320118427276611328e-01 9.867895245552062988e-01 9.961578845977783203e-01 9.984274506568908691e-01 9.991750717163085938e-01 0.000000000000000000e+00
9.257379770278930664e-01 9.864456653594970703e-01 9.959599971771240234e-01 9.985356926918029785e-01 9.993050098419189453e-01 0.000000000000000000e+00
2.335421741008758545e-01 5.546015501022338867e-01 8.923307657241821289e-01 9.439572095870971680e-01 9.154725670814514160e-01 0.000000000000000000e+00
4.858292341232299805e-01 5.758849978446960449e-01 6.149659156799316406e-01 4.875838756561279297e-01 4.726957082748413086e-01 0.000000000000000000e+00
3.267602026462554932e-01 8.021937608718872070e-01 6.312401294708251953e-01 5.610626935958862305e-01 5.298584699630737305e-01 0.000000000000000000e+00
1.267536133527755737e-01 5.855199098587036133e-01 3.539269268512725830e-01 6.085318922996520996e-01 7.265820503234863281e-01 0.000000000000000000e+00
6.482239365577697754e-01 7.213723659515380859e-01 8.252249956130981445e-01 8.804050683975219727e-01 8.055389523506164551e-01 0.000000000000000000e+00
-8.566201478242874146e-02 -1.376915425062179565e-01 -1.916126310825347900e-01 -1.064646616578102112e-01 -1.665217429399490356e-01 1.000000000000000000e+00
9.774455428123474121e-02 2.738506793975830078e-01 5.503025650978088379e-01 3.063580393791198730e-01 1.401558369398117065e-01 2.000000000000000000e+00
-8.566201478242874146e-02 -1.376915425062179565e-01 -1.916126310825347900e-01 -1.064646616578102112e-01 -1.665217429399490356e-01 1.000000000000000000e+00
9.774455428123474121e-02 2.738506793975830078e-01 5.503025650978088379e-01 3.063580393791198730e-01 1.401558369398117065e-01 2.000000000000000000e+00
-8.566201478242874146e-02 -1.376915425062179565e-01 -1.916126310825347900e-01 -1.064646616578102112e-01 -1.665217429399490356e-01 1.000000000000000000e+00
9.774455428123474121e-02 2.738506793975830078e-01 5.503025650978088379e-01 3.063580393791198730e-01 1.401558369398117065e-01 2.000000000000000000e+00
-8.566201478242874146e-02 -1.376915425062179565e-01 -1.916126310825347900e-01 -1.064646616578102112e-01 -1.665217429399490356e-01 1.000000000000000000e+00
9.774455428123474121e-02 2.738506793975830078e-01 5.503025650978088379e-01 3.063580393791198730e-01 1.401558369398117065e-01 2.000000000000000000e+00
-8.566201478242874146e-02 -1.376915425062179565e-01 -1.916126310825347900e-01 -1.064646616578102112e-01 -1.665217429399490356e-01 1.000000000000000000e+00
9.774455428123474121e-02 2.738506793975830078e-01 5.503025650978088379e-01 3.063580393791198730e-01 1.401558369398117065e-01 2.000000000000000000e+00
-8.566201478242874146e-02 -1.376915425062179565e-01 -1.916126310825347900e-01 -1.064646616578102112e-01 -1.665217429399490356e-01 1.000000000000000000e+00
9.774455428123474121e-02 2.738506793975830078e-01 5.503025650978088379e-01 3.063580393791198730e-01 1.401558369398117065e-01 2.000000000000000000e+00
-8.566201478242874146e-02 -1.376915425062179565e-01 -1.916126310825347900e-01 -1.064646616578102112e-01 -1.665217429399490356e-01 1.000000000000000000e+00
9.774455428123474121e-02 2.738506793975830078e-01 5.503025650978088379e-01 3.063580393791198730e-01 1.401558369398117065e-01 2.000000000000000000e+00
-8.566201478242874146e-02 -1.376915425062179565e-01 -1.916126310825347900e-01 -1.064646616578102112e-01 -1.665217429399490356e-01 1.000000000000000000e+00
9.774455428123474121e-02 2.738506793975830078e-01 5.503025650978088379e-01 3.063580393791198730e-01 1.401558369398117065e-01 2.000000000000000000e+00
-8.566201478242874146e-02 -1.376915425062179565e-01 -1.916126310825347900e-01 -1.064646616578102112e-01 -1.665217429399490356e-01 1.000000000000000000e+00
9.774455428123474121e-02 2.738506793975830078e-01 5.503025650978088379e-01 3.063580393791198730e-01 1.401558369398117065e-01 2.000000000000000000e+00
-8.566201478242874146e-02 -1.376915425062179565e-01 -1.916126310825347900e-01 -1.064646616578102112e-01 -1.665217429399490356e-01 1.000000000000000000e+00
9.774455428123474121e-02 2.738506793975830078e-01 5.503025650978088379e-01 3.063580393791198730e-01 1.401558369398117065e-01 2.000000000000000000e+00
9.828143566846847534e-02 1.421598047018051147e-01 2.638145387172698975e-01 6.060047149658203125e-01 7.403181195259094238e-01 0.000000000000000000e+00
8.353021740913391113e-02 3.272896409034729004e-01 3.897761702537536621e-01 4.907602369785308838e-01 4.850325882434844971e-01 0.000000000000000000e+00
6.967178583145141602e-01 7.392069101333618164e-01 8.443560600280761719e-01 8.796811103820800781e-01 7.755037546157836914e-01 0.000000000000000000e+00
7.414503097534179688e-01 7.858142852783203125e-01 8.938071727752685547e-01 9.350033998489379883e-01 9.434556365013122559e-01 0.000000000000000000e+00
9.689533710479736328e-01 9.826533794403076172e-01 9.862099289894104004e-01 9.913517236709594727e-01 9.847227334976196289e-01 0.000000000000000000e+00
6.013013720512390137e-01 7.165403366088867188e-01 7.615562677383422852e-01 7.472968101501464844e-01 8.547819256782531738e-01 1.000000000000000000e+00
3.720201849937438965e-01 4.986366331577301025e-01 7.037497758865356445e-01 6.634987592697143555e-01 6.772783994674682617e-01 2.000000000000000000e+00
6.013013720512390137e-01 7.165403366088867188e-01 7.615562677383422852e-01 7.472968101501464844e-01 8.547819256782531738e-01 1.000000000000000000e+00
3.720201849937438965e-01 4.986366331577301025e-01 7.037497758865356445e-01 6.634987592697143555e-01 6.772783994674682617e-01 2.000000000000000000e+00
6.013013720512390137e-01 7.165403366088867188e-01 7.615562677383422852e-01 7.472968101501464844e-01 8.547819256782531738e-01 1.000000000000000000e+00
3.720201849937438965e-01 4.986366331577301025e-01 7.037497758865356445e-01 6.634987592697143555e-01 6.772783994674682617e-01 2.000000000000000000e+00
6.013013720512390137e-01 7.165403366088867188e-01 7.615562677383422852e-01 7.472968101501464844e-01 8.547819256782531738e-01 1.000000000000000000e+00
3.720201849937438965e-01 4.986366331577301025e-01 7.037497758865356445e-01 6.634987592697143555e-01 6.772783994674682617e-01 2.000000000000000000e+00
6.013013720512390137e-01 7.165403366088867188e-01 7.615562677383422852e-01 7.472968101501464844e-01 8.547819256782531738e-01 1.000000000000000000e+00
3.720201849937438965e-01 4.986366331577301025e-01 7.037497758865356445e-01 6.634987592697143555e-01 6.772783994674682617e-01 2.000000000000000000e+00
6.013013720512390137e-01 7.165403366088867188e-01 7.615562677383422852e-01 7.472968101501464844e-01 8.547819256782531738e-01 1.000000000000000000e+00
3.720201849937438965e-01 4.986366331577301025e-01 7.037497758865356445e-01 6.634987592697143555e-01 6.772783994674682617e-01 2.000000000000000000e+00
6.013013720512390137e-01 7.165403366088867188e-01 7.615562677383422852e-01 7.472968101501464844e-01 8.547819256782531738e-01 1.000000000000000000e+00
3.720201849937438965e-01 4.986366331577301025e-01 7.037497758865356445e-01 6.634987592697143555e-01 6.772783994674682617e-01 2.000000000000000000e+00
6.013013720512390137e-01 7.165403366088867188e-01 7.615562677383422852e-01 7.472968101501464844e-01 8.547819256782531738e-01 1.000000000000000000e+00
3.720201849937438965e-01 4.986366331577301025e-01 7.037497758865356445e-01 6.634987592697143555e-01 6.772783994674682617e-01 2.000000000000000000e+00
6.013013720512390137e-01 7.165403366088867188e-01 7.615562677383422852e-01 7.472968101501464844e-01 8.547819256782531738e-01 1.000000000000000000e+00
3.720201849937438965e-01 4.986366331577301025e-01 7.037497758865356445e-01 6.634987592697143555e-01 6.772783994674682617e-01 2.000000000000000000e+00
6.013013720512390137e-01 7.165403366088867188e-01 7.615562677383422852e-01 7.472968101501464844e-01 8.547819256782531738e-01 1.000000000000000000e+00
3.720201849937438965e-01 4.986366331577301025e-01 7.037497758865356445e-01 6.634987592697143555e-01 6.772783994674682617e-01 2.000000000000000000e+00
6.191093921661376953e-01 6.411937475204467773e-01 7.052968740463256836e-01 7.939350008964538574e-01 8.220733404159545898e-01 0.000000000000000000e+00
3.537864089012145996e-01 5.641136765480041504e-01 5.921308994293212891e-01 5.493903756141662598e-01 5.715566873550415039e-01 0.000000000000000000e+00
7.020845413208007812e-01 8.788405060768127441e-01 8.046004772186279297e-01 7.156310081481933594e-01 7.537090778350830078e-01 0.000000000000000000e+00
5.602675676345825195e-01 8.149321079254150391e-01 7.731898427009582520e-01 8.164237737655639648e-01 9.112716913223266602e-01 0.000000000000000000e+00
5.383004546165466309e-01 7.462884783744812012e-01 7.865151762962341309e-01 7.351274490356445312e-01 7.553384900093078613e-01 0.000000000000000000e+00
5.959725379943847656e-01 7.575323581695556641e-01 7.603924870491027832e-01 8.151929378509521484e-01 8.610687255859375000e-01 0.000000000000000000e+00
3.060664534568786621e-01 4.177390336990356445e-01 5.696182250976562500e-01 7.322553396224975586e-01 7.956253886222839355e-01 0.000000000000000000e+00
7.513124942779541016e-01 9.244701266288757324e-01 9.525149464607238770e-01 9.178799986839294434e-01 9.757081866264343262e-01 0.000000000000000000e+00
5.273309350013732910e-01 7.474113702774047852e-01 8.353400230407714844e-01 9.553855657577514648e-01 9.626050591468811035e-01 0.000000000000000000e+00
-5.549266352318227291e-04 1.232000291347503662e-01 3.597020208835601807e-01 6.697031855583190918e-01 7.248854637145996094e-01 0.000000000000000000e+00
-7.718785107135772705e-02 1.872193664312362671e-01 2.093461602926254272e-01 3.191389739513397217e-01 1.507059931755065918e-01 0.000000000000000000e+00
-3.604512661695480347e-02 6.133841276168823242e-01 6.972290277481079102e-01 5.415222644805908203e-01 4.045717120170593262e-01 0.000000000000000000e+00
1.705717593431472778e-01 5.989562273025512695e-01 5.968531370162963867e-01 5.623201131820678711e-01 6.320811510086059570e-01 0.000000000000000000e+00
2.788473665714263916e-01 5.580412149429321289e-01 5.265349745750427246e-01 6.273947954177856445e-01 5.359872579574584961e-01 0.000000000000000000e+00
5.854331254959106445e-01 6.468989849090576172e-01 7.860259413719177246e-01 8.075107336044311523e-01 8.329212069511413574e-01 0.000000000000000000e+00
2.514322996139526367e-01 3.895213305950164795e-01 6.670603156089782715e-01 7.680140733718872070e-01 8.314944505691528320e-01 0.000000000000000000e+00
1.960793882608413696e-01 1.464941054582595825e-01 3.405411243438720703e-01 4.670875966548919678e-01 4.517792165279388428e-01 0.000000000000000000e+00
6.005343198776245117e-01 7.045913338661193848e-01 7.931038141250610352e-01 7.752801179885864258e-01 7.676052451133728027e-01 0.000000000000000000e+00
1.261842995882034302e-01 2.148239910602569580e-01 3.304979503154754639e-01 3.896356821060180664e-01 6.075450181961059570e-01 0.000000000000000000e+00
4.011826515197753906e-01 5.811740159988403320e-01 6.911946535110473633e-01 6.348413228988647461e-01 6.126371622085571289e-01 0.000000000000000000e+00
3.594384789466857910e-01 4.611903131008148193e-01 4.822802841663360596e-01 5.915197134017944336e-01 6.257808208465576172e-01 0.000000000000000000e+00
4.402653574943542480e-01 7.126482725143432617e-01 8.869438767433166504e-01 9.171541333198547363e-01 8.835757970809936523e-01 0.000000000000000000e+00
4.290468096733093262e-01 5.441107749938964844e-01 7.863564491271972656e-01 7.859380841255187988e-01 7.808914780616760254e-01 0.000000000000000000e+00
2.996570765972137451e-01 7.034667134284973145e-01 7.872351408004760742e-01 8.830849528312683105e-01 8.951470255851745605e-01 0.000000000000000000e+00
5.246276259422302246e-01 8.727123141288757324e-01 8.493916988372802734e-01 8.501783609390258789e-01 8.767814636230468750e-01 0.000000000000000000e+00
6.576570272445678711e-01 7.788935303688049316e-01 9.640029668807983398e-01 9.628561139106750488e-01 9.382864832878112793e-01 0.000000000000000000e+00
6.384096145629882812e-01 8.884084224700927734e-01 9.143756628036499023e-01 8.791535496711730957e-01 9.298279881477355957e-01 0.000000000000000000e+00
1.086786314845085144e-01 2.209413945674896240e-01 5.223801732063293457e-02 2.814852595329284668e-01 3.671555817127227783e-01 1.000000000000000000e+00
1.598257273435592651e-01 5.376957654953002930e-01 6.461496949195861816e-01 8.199764490127563477e-01 8.174756765365600586e-01 2.000000000000000000e+00
1.086786314845085144e-01 2.209413945674896240e-01 5.223801732063293457e-02 2.814852595329284668e-01 3.671555817127227783e-01 1.000000000000000000e+00
1.598257273435592651e-01 5.376957654953002930e-01 6.461496949195861816e-01 8.199764490127563477e-01 8.174756765365600586e-01 2.000000000000000000e+00
1.086786314845085144e-01 2.209413945674896240e-01 5.223801732063293457e-02 2.814852595329284668e-01 3.671555817127227783e-01 1.000000000000000000e+00
1.598257273435592651e-01 5.376957654953002930e-01 6.461496949195861816e-01 8.199764490127563477e-01 8.174756765365600586e-01 2.000000000000000000e+00
1.086786314845085144e-01 2.209413945674896240e-01 5.223801732063293457e-02 2.814852595329284668e-01 3.671555817127227783e-01 1.000000000000000000e+00
1.598257273435592651e-01 5.376957654953002930e-01 6.461496949195861816e-01 8.199764490127563477e-01 8.174756765365600586e-01 2.000000000000000000e+00
1.086786314845085144e-01 2.209413945674896240e-01 5.223801732063293457e-02 2.814852595329284668e-01 3.671555817127227783e-01 1.000000000000000000e+00
1.598257273435592651e-01 5.376957654953002930e-01 6.461496949195861816e-01 8.199764490127563477e-01 8.174756765365600586e-01 2.000000000000000000e+00
1.086786314845085144e-01 2.209413945674896240e-01 5.223801732063293457e-02 2.814852595329284668e-01 3.671555817127227783e-01 1.000000000000000000e+00
1.598257273435592651e-01 5.376957654953002930e-01 6.461496949195861816e-01 8.199764490127563477e-01 8.174756765365600586e-01 2.000000000000000000e+00
1.086786314845085144e-01 2.209413945674896240e-01 5.223801732063293457e-02 2.814852595329284668e-01 3.671555817127227783e-01 1.000000000000000000e+00
1.598257273435592651e-01 5.376957654953002930e-01 6.461496949195861816e-01 8.199764490127563477e-01 8.174756765365600586e-01 2.000000000000000000e+00
1.086786314845085144e-01 2.209413945674896240e-01 5.223801732063293457e-02 2.814852595329284668e-01 3.671555817127227783e-01 1.000000000000000000e+00
1.598257273435592651e-01 5.376957654953002930e-01 6.461496949195861816e-01 8.199764490127563477e-01 8.174756765365600586e-01 2.000000000000000000e+00
1.086786314845085144e-01 2.209413945674896240e-01 5.223801732063293457e-02 2.814852595329284668e-01 3.671555817127227783e-01 1.000000000000000000e+00
1.598257273435592651e-01 5.376957654953002930e-01 6.461496949195861816e-01 8.199764490127563477e-01 8.174756765365600586e-01 2.000000000000000000e+00
1.086786314845085144e-01 2.209413945674896240e-01 5.223801732063293457e-02 2.814852595329284668e-01 3.671555817127227783e-01 1.000000000000000000e+00
1.598257273435592651e-01 5.376957654953002930e-01 6.461496949195861816e-01 8.199764490127563477e-01 8.174756765365600586e-01 2.000000000000000000e+00
5.998444557189941406e-01 5.749462842941284180e-01 6.223716735839843750e-01 5.790072083473205566e-01 5.376002788543701172e-01 0.000000000000000000e+00
1.435898691415786743e-01 3.797011375427246094e-01 5.624567866325378418e-01 7.082190513610839844e-01 7.012001276016235352e-01 0.000000000000000000e+00
6.097608804702758789e-01 7.464809417724609375e-01 8.026321530342102051e-01 7.511681318283081055e-01 6.301891803741455078e-01 0.000000000000000000e+00
3.703885674476623535e-01 4.420032501220703125e-01 5.020394921302795410e-01 5.335049033164978027e-01 5.985308289527893066e-01 0.000000000000000000e+00
6.100300550460815430e-01 6.327488422393798828e-01 7.786239385604858398e-01 8.728994131088256836e-01 8.254983425140380859e-01 0.000000000000000000e+00
5.969109535217285156e-01 6.843523383140563965e-01 7.738322019577026367e-01 7.253134846687316895e-01 7.543721795082092285e-01 0.000000000000000000e+00
8.209685981273651123e-02 1.162258088588714600e-01 1.218313500285148621e-01 1.793580353260040283e-01 4.857602715492248535e-01 0.000000000000000000e+00
5.776226520538330078e-01 4.690354466438293457e-01 6.525987982749938965e-01 6.612197160720825195e-01 6.021938323974609375e-01 0.000000000000000000e+00
-6.910128891468048096e-02 -1.483740359544754028e-01 -1.259544938802719116e-01 -5.829858034849166870e-02 5.321874618530273438e-01 0.000000000000000000e+00
1.812795102596282959e-01 9.895940870046615601e-02 3.236477077007293701e-01 3.992587924003601074e-01 5.169349312782287598e-01 0.000000000000000000e+00
3.782358467578887939e-01 4.654989838600158691e-01 4.834766983985900879e-01 5.457726716995239258e-01 3.803049921989440918e-01 0.000000000000000000e+00
4.263882637023925781e-01 4.238544404506683350e-01 3.996793925762176514e-01 4.066423475742340088e-01 4.374248683452606201e-01 0.000000000000000000e+00
-1.408358961343765259e-01 -1.948649138212203979e-01 -2.182964235544204712e-01 2.247823774814605713e-01 3.063849806785583496e-01 0.000000000000000000e+00
-1.875174194574356079e-01 -2.152908295392990112e-01 -5.383574217557907104e-02 -1.472923606634140015e-01 -1.570864915847778320e-01 0.000000000000000000e+00
2.609795033931732178e-01 4.704808890819549561e-01 5.700160861015319824e-01 8.892641663551330566e-01 8.135730624198913574e-01 0.000000000000000000e+00
4.403641521930694580e-01 6.232882738113403320e-01 6.460934877395629883e-01 6.435563564300537109e-01 7.186539173126220703e-01 0.000000000000000000e+00
4.563426971435546875e-01 6.402865052223205566e-01 7.375868558883666992e-01 8.363669514656066895e-01 8.425434231758117676e-01 0.000000000000000000e+00
3.050672709941864014e-01 2.080993205308914185e-01 5.089292526245117188e-01 5.892281532287597656e-01 6.368249058723449707e-01 0.000000000000000000e+00
-4.378056153655052185e-02 8.498509228229522705e-02 7.558007538318634033e-02 2.559947669506072998e-01 4.829366207122802734e-01 0.000000000000000000e+00
4.631657004356384277e-01 3.478631079196929932e-01 1.227633655071258545e-01 3.675537928938865662e-02 -1.304227858781814575e-01 0.000000000000000000e+00
3.948750793933868408e-01 4.697712659835815430e-01 5.197265148162841797e-01 5.614504218101501465e-01 6.397583484649658203e-01 0.000000000000000000e+00
1.059135422110557556e-01 3.866982460021972656e-01 5.305726528167724609e-01 5.520141720771789551e-01 6.109240055084228516e-01 0.000000000000000000e+00
9.825544804334640503e-02 5.948527902364730835e-02 2.434430457651615143e-02 6.594802439212799072e-02 3.389932215213775635e-01 0.000000000000000000e+00
-5.675875768065452576e-02 4.034242033958435059e-01 4.872505664825439453e-01 5.908915996551513672e-01 6.985279321670532227e-01 0.000000000000000000e+00
-9.866543114185333252e-02 -1.808011531829833984e-02 2.183371037244796753e-01 2.077017426490783691e-01 2.178666591644287109e-01 0.000000000000000000e+00
6.113551184535026550e-02 3.087279852479696274e-03 1.118901893496513367e-01 2.665906846523284912e-01 2.248904705047607422e-01 0.000000000000000000e+00
-1.612867712974548340e-01 2.504411041736602783e-01 3.745536506175994873e-01 3.258693814277648926e-01 2.674226164817810059e-01 0.000000000000000000e+00
7.642493396997451782e-02 2.406996786594390869e-01 1.693376451730728149e-01 1.909749954938888550e-01 4.672671556472778320e-01 0.000000000000000000e+00
6.695652008056640625e-01 9.361261129379272461e-01 9.303612112998962402e-01 9.349511265754699707e-01 9.792526364326477051e-01 0.000000000000000000e+00
8.900929689407348633e-01 9.208948016166687012e-01 9.525400400161743164e-01 9.379325509071350098e-01 9.697021842002868652e-01 0.000000000000000000e+00
9.461227655410766602e-01 9.592209458351135254e-01 9.846466779708862305e-01 9.952262639999389648e-01 9.969856142997741699e-01 0.000000000000000000e+00
5.178447365760803223e-01 5.142071843147277832e-01 6.624490618705749512e-01 8.357964754104614258e-01 9.788437485694885254e-01 0.000000000000000000e+00
2.720182538032531738e-01 5.925533771514892578e-01 6.509227752685546875e-01 7.416629791259765625e-01 8.358584642410278320e-01 0.000000000000000000e+00
-9.634348750114440918e-02 2.097639143466949463e-01 3.417106866836547852e-01 4.850738346576690674e-01 5.139171481132507324e-01 0.000000000000000000e+00
2.469752281904220581e-01 3.507954180240631104e-01 4.440104067325592041e-01 4.457813799381256104e-01 6.098470687866210938e-01 0.000000000000000000e+00
5.932823419570922852e-01 7.491590976715087891e-01 8.004177212715148926e-01 8.769927620887756348e-01 8.632686138153076172e-01 0.000000000000000000e+00
6.762431859970092773e-01 8.660804033279418945e-01 9.059979915618896484e-01 9.181519150733947754e-01 9.471629261970520020e-01 0.000000000000000000e+00
5.976750254631042480e-01 7.691799998283386230e-01 8.173171877861022949e-01 9.010294675827026367e-01 9.222515821456909180e-01 0.000000000000000000e+00
7.082957029342651367e-01 8.238147497177124023e-01 8.385471701622009277e-01 8.877673149108886719e-01 9.020020961761474609e-01 0.000000000000000000e+00
7.620527148246765137e-01 8.764896392822265625e-01 9.380556344985961914e-01 9.664108157157897949e-01 9.701250791549682617e-01 0.000000000000000000e+00
7.619367837905883789e-01 8.582786917686462402e-01 9.333513975143432617e-01 9.718561768531799316e-01 9.817453622817993164e-01 0.000000000000000000e+00
6.098515987396240234e-01 7.505005598068237305e-01 8.919051885604858398e-01 9.532453417778015137e-01 9.692859053611755371e-01 0.000000000000000000e+00
5.218560695648193359e-01 7.098389863967895508e-01 8.593330979347229004e-01 9.230345487594604492e-01 9.093472361564636230e-01 0.000000000000000000e+00
4.314493536949157715e-01 6.109879016876220703e-01 8.081166744232177734e-01 7.924478054046630859e-01 8.269107341766357422e-01 0.000000000000000000e+00
2.851562798023223877e-01 4.765338599681854248e-01 7.384333610534667969e-01 6.712387204170227051e-01 6.139826178550720215e-01 0.000000000000000000e+00
5.103667378425598145e-01 5.740793347358703613e-01 5.352082252502441406e-01 4.496062994003295898e-01 5.586591362953186035e-01 0.000000000000000000e+00
3.986505270004272461e-01 4.626329541206359863e-01 4.730606675148010254e-01 6.797517538070678711e-01 6.596370339393615723e-01 0.000000000000000000e+00
5.097689032554626465e-01 5.760785341262817383e-01 7.841888070106506348e-01 8.213979005813598633e-01 8.433868288993835449e-01 0.000000000000000000e+00
5.692815184593200684e-01 7.483860254287719727e-01 7.978419065475463867e-01 8.052138090133666992e-01 7.959215641021728516e-01 0.000000000000000000e+00
2.463989853858947754e-01 4.500592350959777832e-01 3.329396843910217285e-01 4.790500700473785400e-01 5.539258718490600586e-01 0.000000000000000000e+00
5.626486986875534058e-02 3.008928596973419189e-01 5.146821141242980957e-01 6.690644621849060059e-01 8.003978729248046875e-01 0.000000000000000000e+00
3.819503784179687500e-01 8.238620162010192871e-01 9.057195782661437988e-01 8.565255999565124512e-01 8.670145273208618164e-01 0.000000000000000000e+00
6.410090923309326172e-01 9.086964726448059082e-01 9.082292318344116211e-01 8.264634013175964355e-01 9.141027331352233887e-01 0.000000000000000000e+00
3.506045639514923096e-01 6.297947764396667480e-01 9.137613177299499512e-01 9.430785179138183594e-01 9.612176418304443359e-01 0.000000000000000000e+00
5.538884401321411133e-01 4.528438150882720947e-01 6.823384165763854980e-01 7.982044219970703125e-01 7.777513265609741211e-01 0.000000000000000000e+00
2.558786869049072266e-01 5.988410711288452148e-01 5.696298480033874512e-01 7.208273410797119141e-01 8.476427793502807617e-01 0.000000000000000000e+00
4.004952907562255859e-01 5.512040853500366211e-01 7.302485108375549316e-01 6.919300556182861328e-01 6.653008460998535156e-01 0.000000000000000000e+00
3.118744492530822754e-01 4.145167469978332520e-01 4.810893535614013672e-01 6.111369729042053223e-01 7.046070098876953125e-01 0.000000000000000000e+00
4.771788716316223145e-01 7.535238265991210938e-01 8.311400413513183594e-01 8.983155488967895508e-01 8.471935987472534180e-01 0.000000000000000000e+00
5.028129220008850098e-01 5.409825444221496582e-01 5.880177021026611328e-01 6.370929479598999023e-01 6.507492661476135254e-01 0.000000000000000000e+00
2.374364137649536133e-01 5.419108271598815918e-01 5.883202552795410156e-01 7.644790410995483398e-01 9.217440485954284668e-01 0.000000000000000000e+00
6.531169414520263672e-01 7.275846004486083984e-01 7.348155975341796875e-01 8.252717256546020508e-01 7.507353425025939941e-01 0.000000000000000000e+00
5.139488726854324341e-02 2.713111639022827148e-01 3.886335790157318115e-01 3.666392564773559570e-01 5.947884321212768555e-01 0.000000000000000000e+00
1.623484492301940918e-01 4.276970773935317993e-02 -6.662812083959579468e-02 -8.106795698404312134e-02 -1.009654924273490906e-01 0.000000000000000000e+00
8.368417620658874512e-02 -1.700501143932342529e-02 -8.316042274236679077e-02 -1.229511573910713196e-01 -1.290556341409683228e-01 0.000000000000000000e+00
4.301403835415840149e-02 -6.200105324387550354e-02 -9.636458754539489746e-02 -1.110967174172401428e-01 -1.273084878921508789e-01 0.000000000000000000e+00
2.117156535387039185e-01 1.974482834339141846e-01 5.771035701036453247e-02 -5.172748863697052002e-02 -1.071226373314857483e-01 0.000000000000000000e+00
1.819868385791778564e-01 1.518772542476654053e-01 4.044198989868164062e-02 -3.187307342886924744e-02 3.566391021013259888e-02 0.000000000000000000e+00
2.302020341157913208e-01 1.415888667106628418e-01 6.817901134490966797e-02 1.449818164110183716e-01 1.566433310508728027e-01 0.000000000000000000e+00
1.039789840579032898e-01 3.086667135357856750e-02 1.438190694898366928e-02 5.049464106559753418e-02 -3.465507552027702332e-02 0.000000000000000000e+00
5.896391868591308594e-01 6.848967075347900391e-01 8.277178406715393066e-01 8.473791480064392090e-01 8.866019248962402344e-01 0.000000000000000000e+00
2.310090214014053345e-01 2.465367168188095093e-01 4.617337584495544434e-01 5.485489368438720703e-01 6.403049230575561523e-01 0.000000000000000000e+00
-7.096840441226959229e-02 4.617398083209991455e-01 4.430558383464813232e-01 4.465387761592864990e-01 5.507391095161437988e-01 0.000000000000000000e+00
-1.136308461427688599e-01 -1.456614583730697632e-01 4.155012592673301697e-02 -1.493659019470214844e-01 -1.775003373622894287e-01 0.000000000000000000e+00
2.551193833351135254e-01 2.530995011329650879e-01 1.351425051689147949e-01 -5.335259437561035156e-02 1.581361144781112671e-01 0.000000000000000000e+00
-1.776782274246215820e-01 -2.118691205978393555e-01 -2.636320590972900391e-01 -2.637342512607574463e-01 -2.616852819919586182e-01 0.000000000000000000e+00
2.019044011831283569e-01 2.124772816896438599e-01 8.675333112478256226e-02 -1.596857905387878418e-01 -1.203120648860931396e-01 0.000000000000000000e+00
2.679548859596252441e-01 4.917653799057006836e-01 5.151425600051879883e-01 5.830055475234985352e-01 6.581144928932189941e-01 0.000000000000000000e+00
4.076061397790908813e-02 2.128277868032455444e-01 3.064000606536865234e-01 3.284372091293334961e-01 2.051409333944320679e-01 0.000000000000000000e+00
4.478627741336822510e-01 7.004699110984802246e-01 6.966294050216674805e-01 7.519311904907226562e-01 7.535004615783691406e-01 0.000000000000000000e+00
-4.198737442493438721e-02 1.670950800180435181e-01 6.743201613426208496e-01 6.572385430335998535e-01 6.133518815040588379e-01 0.000000000000000000e+00
-4.326444119215011597e-02 5.879207327961921692e-02 3.401049077510833740e-01 4.038560986518859863e-01 3.943329751491546631e-01 0.000000000000000000e+00
3.037088513374328613e-01 5.089527964591979980e-01 7.034677267074584961e-01 7.990924119949340820e-01 8.418555855751037598e-01 0.000000000000000000e+00
3.822366893291473389e-01 6.179476976394653320e-01 6.546452641487121582e-01 4.966832995414733887e-01 4.233488738536834717e-01 0.000000000000000000e+00
4.145883023738861084e-01 3.705529272556304932e-01 3.078336119651794434e-01 5.807722806930541992e-01 6.220372915267944336e-01 0.000000000000000000e+00
3.261175155639648438e-01 4.634458720684051514e-01 4.925005435943603516e-01 5.580018758773803711e-01 4.855665862560272217e-01 0.000000000000000000e+00
3.233608603477478027e-01 4.004432857036590576e-01 4.738530516624450684e-01 4.435691237449645996e-01 4.562205374240875244e-01 0.000000000000000000e+00
1.532301008701324463e-01 3.629057109355926514e-01 6.793450117111206055e-01 7.301924228668212891e-01 7.066736221313476562e-01 0.000000000000000000e+00
3.043850883841514587e-03 -9.132896363735198975e-02 -1.605799943208694458e-01 -1.920776963233947754e-01 6.177974864840507507e-02 0.000000000000000000e+00
-2.037477865815162659e-02 1.058755442500114441e-01 5.970725417137145996e-02 2.055575251579284668e-01 2.623438090085983276e-02 0.000000000000000000e+00
-1.871076822280883789e-01 -2.474790960550308228e-01 -2.644687294960021973e-01 -2.678473293781280518e-01 -2.403873056173324585e-01 0.000000000000000000e+00
6.140605807304382324e-01 8.090580105781555176e-01 8.759923577308654785e-01 9.074314832687377930e-01 9.151826500892639160e-01 0.000000000000000000e+00
5.349077582359313965e-01 6.733267903327941895e-01 8.410880565643310547e-01 9.369577765464782715e-01 9.623956680297851562e-01 0.000000000000000000e+00
6.772775053977966309e-01 8.383710384368896484e-01 9.126368761062622070e-01 9.101656675338745117e-01 9.187078475952148438e-01 0.000000000000000000e+00
3.501168787479400635e-01 5.964896082878112793e-01 6.865200996398925781e-01 7.816625833511352539e-01 8.432641625404357910e-01 0.000000000000000000e+00
5.475267171859741211e-01 8.522894382476806641e-01 8.660475611686706543e-01 8.298235535621643066e-01 8.290350437164306641e-01 0.000000000000000000e+00
6.658892631530761719e-01 7.089373469352722168e-01 8.911885023117065430e-01 8.253275752067565918e-01 8.936848044395446777e-01 0.000000000000000000e+00
1.938498914241790771e-01 4.075304269790649414e-01 6.600536108016967773e-01 7.205359339714050293e-01 8.198279142379760742e-01 0.000000000000000000e+00
4.719828963279724121e-01 6.408784389495849609e-01 6.388003230094909668e-01 7.236413955688476562e-01 7.646403312683105469e-01 0.000000000000000000e+00
6.124655604362487793e-01 7.887500524520874023e-01 8.153059482574462891e-01 8.507369756698608398e-01 8.397734165191650391e-01 0.000000000000000000e+00
7.134057283401489258e-01 8.298528790473937988e-01 8.768561482429504395e-01 9.182683825492858887e-01 9.242153167724609375e-01 0.000000000000000000e+00
6.388137340545654297e-01 8.130885362625122070e-01 8.812515735626220703e-01 9.220820665359497070e-01 9.505807161331176758e-01 0.000000000000000000e+00
6.515403985977172852e-01 7.941329479217529297e-01 8.700605630874633789e-01 9.102175831794738770e-01 9.331411719322204590e-01 0.000000000000000000e+00
6.451470851898193359e-01 7.963468432426452637e-01 8.504315614700317383e-01 8.821762800216674805e-01 9.081193804740905762e-01 0.000000000000000000e+00
6.158754825592041016e-01 7.688192725181579590e-01 8.561397194862365723e-01 8.972814083099365234e-01 9.192160964012145996e-01 0.000000000000000000e+00
1.330170333385467529e-01 6.585403680801391602e-01 7.404344081878662109e-01 5.771540403366088867e-01 5.694118738174438477e-01 0.000000000000000000e+00
-1.571741886436939240e-02 -1.419022232294082642e-01 3.867096602916717529e-01 3.926125168800354004e-01 5.277610421180725098e-01 0.000000000000000000e+00
2.971241474151611328e-01 7.684102654457092285e-01 6.185884475708007812e-01 5.840325355529785156e-01 6.485323905944824219e-01 0.000000000000000000e+00
1.457075495272874832e-02 1.555228382349014282e-01 2.301756888628005981e-01 3.740193843841552734e-01 4.062884747982025146e-01 0.000000000000000000e+00
-1.478545367717742920e-01 2.746568322181701660e-01 3.110692203044891357e-01 3.155589103698730469e-01 4.190433323383331299e-01 0.000000000000000000e+00
1.485527455806732178e-01 2.540615200996398926e-01 5.862054824829101562e-01 5.398677587509155273e-01 6.198023557662963867e-01 0.000000000000000000e+00
6.682680845260620117e-01 7.414963245391845703e-01 7.730001211166381836e-01 6.945165395736694336e-01 6.461477279663085938e-01 0.000000000000000000e+00
-8.694437146186828613e-02 -1.741598993539810181e-01 -8.269537985324859619e-02 -1.190073788166046143e-01 -1.565303355455398560e-01 1.000000000000000000e+00
3.452008366584777832e-01 2.878206074237823486e-01 6.915529370307922363e-01 6.586920022964477539e-01 5.779658555984497070e-01 2.000000000000000000e+00
-8.694437146186828613e-02 -1.741598993539810181e-01 -8.269537985324859619e-02 -1.190073788166046143e-01 -1.565303355455398560e-01 1.000000000000000000e+00
3.452008366584777832e-01 2.878206074237823486e-01 6.915529370307922363e-01 6.586920022964477539e-01 5.779658555984497070e-01 2.000000000000000000e+00
-8.694437146186828613e-02 -1.741598993539810181e-01 -8.269537985324859619e-02 -1.190073788166046143e-01 -1.565303355455398560e-01 1.000000000000000000e+00
3.452008366584777832e-01 2.878206074237823486e-01 6.915529370307922363e-01 6.586920022964477539e-01 5.779658555984497070e-01 2.000000000000000000e+00
-8.694437146186828613e-02 -1.741598993539810181e-01 -8.269537985324859619e-02 -1.190073788166046143e-01 -1.565303355455398560e-01 1.000000000000000000e+00
3.452008366584777832e-01 2.878206074237823486e-01 6.915529370307922363e-01 6.586920022964477539e-01 5.779658555984497070e-01 2.000000000000000000e+00
-8.694437146186828613e-02 -1.741598993539810181e-01 -8.269537985324859619e-02 -1.190073788166046143e-01 -1.565303355455398560e-01 1.000000000000000000e+00
3.452008366584777832e-01 2.878206074237823486e-01 6.915529370307922363e-01 6.586920022964477539e-01 5.779658555984497070e-01 2.000000000000000000e+00
-8.694437146186828613e-02 -1.741598993539810181e-01 -8.269537985324859619e-02 -1.190073788166046143e-01 -1.565303355455398560e-01 1.000000000000000000e+00
3.452008366584777832e-01 2.878206074237823486e-01 6.915529370307922363e-01 6.586920022964477539e-01 5.779658555984497070e-01 2.000000000000000000e+00
-8.694437146186828613e-02 -1.741598993539810181e-01 -8.269537985324859619e-02 -1.190073788166046143e-01 -1.565303355455398560e-01 1.000000000000000000e+00
3.452008366584777832e-01 2.878206074237823486e-01 6.915529370307922363e-01 6.586920022964477539e-01 5.779658555984497070e-01 2.000000000000000000e+00
-8.694437146186828613e-02 -1.741598993539810181e-01 -8.269537985324859619e-02 -1.190073788166046143e-01 -1.565303355455398560e-01 1.000000000000000000e+00
3.452008366584777832e-01 2.878206074237823486e-01 6.915529370307922363e-01 6.586920022964477539e-01 5.779658555984497070e-01 2.000000000000000000e+00
-8.694437146186828613e-02 -1.741598993539810181e-01 -8.269537985324859619e-02 -1.190073788166046143e-01 -1.565303355455398560e-01 1.000000000000000000e+00
3.452008366584777832e-01 2.878206074237823486e-01 6.915529370307922363e-01 6.586920022964477539e-01 5.779658555984497070e-01 2.000000000000000000e+00
-8.694437146186828613e-02 -1.741598993539810181e-01 -8.269537985324859619e-02 -1.190073788166046143e-01 -1.565303355455398560e-01 1.000000000000000000e+00
3.452008366584777832e-01 2.878206074237823486e-01 6.915529370307922363e-01 6.586920022964477539e-01 5.779658555984497070e-01 2.000000000000000000e+00
3.937802910804748535e-01 5.112135410308837891e-01 4.621238112449645996e-01 5.136633515357971191e-01 5.263772010803222656e-01 0.000000000000000000e+00
4.292370080947875977e-01 4.221789240837097168e-01 3.696789443492889404e-01 4.656361043453216553e-01 4.890895187854766846e-01 0.000000000000000000e+00
4.576443731784820557e-01 5.440074801445007324e-01 5.985026359558105469e-01 5.039818286895751953e-01 5.007560253143310547e-01 0.000000000000000000e+00
3.037560284137725830e-01 2.532526850700378418e-01 2.641424238681793213e-01 3.959378600120544434e-01 4.633155763149261475e-01 0.000000000000000000e+00
3.962507843971252441e-01 3.345473408699035645e-01 3.052788376808166504e-01 3.018312454223632812e-01 3.061475455760955811e-01 0.000000000000000000e+00
2.061110287904739380e-01 2.365184575319290161e-01 2.255795598030090332e-01 2.660504877567291260e-01 3.103590905666351318e-01 0.000000000000000000e+00
2.985765635967254639e-01 1.379522383213043213e-01 2.212971597909927368e-01 2.467300593852996826e-01 2.481683343648910522e-01 0.000000000000000000e+00
6.323260068893432617e-01 8.852403163909912109e-01 9.735476970672607422e-01 9.737310409545898438e-01 9.594948291778564453e-01 0.000000000000000000e+00
7.108728885650634766e-01 7.926636934280395508e-01 8.707795739173889160e-01 9.018915891647338867e-01 9.321032166481018066e-01 0.000000000000000000e+00
7.265659570693969727e-01 8.858526945114135742e-01 8.997014760971069336e-01 8.481823205947875977e-01 8.942468166351318359e-01 0.000000000000000000e+00
6.389849185943603516e-01 7.202619314193725586e-01 9.205060601234436035e-01 9.376140236854553223e-01 9.065173864364624023e-01 0.000000000000000000e+00
4.872755408287048340e-01 7.238877415657043457e-01 8.568062782287597656e-01 9.056894779205322266e-01 8.947217464447021484e-01 0.000000000000000000e+00
6.573205590248107910e-01 6.649432182312011719e-01 8.704636096954345703e-01 8.581796884536743164e-01 7.923785448074340820e-01 0.000000000000000000e+00
1.929244399070739746e-01 3.439503610134124756e-01 4.883684813976287842e-01 4.557397365570068359e-01 5.587610602378845215e-01 0.000000000000000000e+00
4.124218523502349854e-01 4.692455530166625977e-01 5.161888599395751953e-01 4.542531967163085938e-01 2.883399724960327148e-01 0.000000000000000000e+00
3.719710111618041992e-01 5.437895059585571289e-01 5.688845515251159668e-01 5.797750353813171387e-01 5.344943404197692871e-01 0.000000000000000000e+00
1.385031938552856445e-01 9.891558438539505005e-02 2.445310205221176147e-01 2.627848088741302490e-01 3.390488028526306152e-01 0.000000000000000000e+00
3.516642153263092041e-01 2.563705444335937500e-01 1.948229670524597168e-01 2.770745158195495605e-01 2.188612967729568481e-01 0.000000000000000000e+00
4.717602729797363281e-01 5.844573378562927246e-01 6.938986778259277344e-01 6.828095912933349609e-01 6.973637342453002930e-01 0.000000000000000000e+00
5.886636972427368164e-01 6.456893682479858398e-01 6.821611523628234863e-01 8.150101304054260254e-01 7.965717315673828125e-01 0.000000000000000000e+00
4.704026579856872559e-01 6.590430736541748047e-01 7.363803982734680176e-01 8.189635276794433594e-01 8.121517896652221680e-01 0.000000000000000000e+00
8.901526927947998047e-01 9.603495001792907715e-01 9.758340120315551758e-01 9.921448230743408203e-01 9.856124520301818848e-01 0.000000000000000000e+00
7.267116308212280273e-01 9.005608558654785156e-01 9.338349103927612305e-01 9.655466079711914062e-01 9.872724413871765137e-01 0.000000000000000000e+00
9.569162130355834961e-01 9.822843670845031738e-01 9.883829355239868164e-01 9.900090694427490234e-01 9.965314269065856934e-01 0.000000000000000000e+00
9.526402354240417480e-01 9.849078059196472168e-01 9.906417727470397949e-01 9.990957975387573242e-01 9.993859529495239258e-01 0.000000000000000000e+00
8.781098723411560059e-01 9.795506000518798828e-01 9.955482482910156250e-01 9.977145791053771973e-01 9.984750151634216309e-01 0.000000000000000000e+00
7.603402733802795410e-01 7.825971245765686035e-01 8.276931047439575195e-01 8.877260684967041016e-01 9.185555577278137207e-01 0.000000000000000000e+00
6.342719793319702148e-01 8.313995003700256348e-01 9.337235689163208008e-01 9.685097932815551758e-01 9.711563587188720703e-01 0.000000000000000000e+00
1.948026716709136963e-01 6.094433069229125977e-01 7.611889243125915527e-01 8.694427013397216797e-01 9.181942343711853027e-01 0.000000000000000000e+00
5.309603214263916016e-01 7.542313933372497559e-01 8.070191740989685059e-01 8.650797605514526367e-01 8.315768241882324219e-01 0.000000000000000000e+00
4.941448271274566650e-01 7.870076894760131836e-01 9.093743562698364258e-01 9.218003153800964355e-01 9.118862748146057129e-01 0.000000000000000000e+00
7.402459383010864258e-01 8.975196480751037598e-01 8.872244358062744141e-01 8.871197104454040527e-01 9.249126911163330078e-01 0.000000000000000000e+00
7.474822998046875000e-01 8.089054226875305176e-01 8.838512301445007324e-01 9.428714513778686523e-01 9.800357222557067871e-01 0.000000000000000000e+00
6.252918243408203125e-01 8.988172411918640137e-01 9.558422565460205078e-01 9.639779925346374512e-01 9.487367868423461914e-01 0.000000000000000000e+00
8.363691568374633789e-01 8.931508064270019531e-01 8.971221446990966797e-01 8.881472945213317871e-01 9.293628334999084473e-01 0.000000000000000000e+00
6.897223591804504395e-01 8.271653652191162109e-01 8.423932790756225586e-01 8.870753645896911621e-01 8.995968103408813477e-01 1.000000000000000000e+00
5.410269498825073242e-01 8.644247055053710938e-01 9.354662299156188965e-01 9.626433849334716797e-01 9.588950276374816895e-01 2.000000000000000000e+00
6.897223591804504395e-01 8.271653652191162109e-01 8.423932790756225586e-01 8.870753645896911621e-01 8.995968103408813477e-01 1.000000000000000000e+00
5.410269498825073242e-01 8.644247055053710938e-01 9.354662299156188965e-01 9.626433849334716797e-01 9.588950276374816895e-01 2.000000000000000000e+00
6.897223591804504395e-01 8.271653652191162109e-01 8.423932790756225586e-01 8.870753645896911621e-01 8.995968103408813477e-01 1.000000000000000000e+00
5.410269498825073242e-01 8.644247055053710938e-01 9.354662299156188965e-01 9.626433849334716797e-01 9.588950276374816895e-01 2.000000000000000000e+00
6.897223591804504395e-01 8.271653652191162109e-01 8.423932790756225586e-01 8.870753645896911621e-01 8.995968103408813477e-01 1.000000000000000000e+00
5.410269498825073242e-01 8.644247055053710938e-01 9.354662299156188965e-01 9.626433849334716797e-01 9.588950276374816895e-01 2.000000000000000000e+00
6.897223591804504395e-01 8.271653652191162109e-01 8.423932790756225586e-01 8.870753645896911621e-01 8.995968103408813477e-01 1.000000000000000000e+00
5.410269498825073242e-01 8.644247055053710938e-01 9.354662299156188965e-01 9.626433849334716797e-01 9.588950276374816895e-01 2.000000000000000000e+00
6.897223591804504395e-01 8.271653652191162109e-01 8.423932790756225586e-01 8.870753645896911621e-01 8.995968103408813477e-01 1.000000000000000000e+00
5.410269498825073242e-01 8.644247055053710938e-01 9.354662299156188965e-01 9.626433849334716797e-01 9.588950276374816895e-01 2.000000000000000000e+00
6.897223591804504395e-01 8.271653652191162109e-01 8.423932790756225586e-01 8.870753645896911621e-01 8.995968103408813477e-01 1.000000000000000000e+00
5.410269498825073242e-01 8.644247055053710938e-01 9.354662299156188965e-01 9.626433849334716797e-01 9.588950276374816895e-01 2.000000000000000000e+00
6.897223591804504395e-01 8.271653652191162109e-01 8.423932790756225586e-01 8.870753645896911621e-01 8.995968103408813477e-01 1.000000000000000000e+00
5.410269498825073242e-01 8.644247055053710938e-01 9.354662299156188965e-01 9.626433849334716797e-01 9.588950276374816895e-01 2.000000000000000000e+00
6.897223591804504395e-01 8.271653652191162109e-01 8.423932790756225586e-01 8.870753645896911621e-01 8.995968103408813477e-01 1.000000000000000000e+00
5.410269498825073242e-01 8.644247055053710938e-01 9.354662299156188965e-01 9.626433849334716797e-01 9.588950276374816895e-01 2.000000000000000000e+00
6.897223591804504395e-01 8.271653652191162109e-01 8.423932790756225586e-01 8.870753645896911621e-01 8.995968103408813477e-01 1.000000000000000000e+00
5.410269498825073242e-01 8.644247055053710938e-01 9.354662299156188965e-01 9.626433849334716797e-01 9.588950276374816895e-01 2.000000000000000000e+00
1.754979789257049561e-01 8.042500913143157959e-02 2.494852244853973389e-02 7.411660999059677124e-02 3.403194248676300049e-01 0.000000000000000000e+00
1.636817902326583862e-01 3.295080736279487610e-02 3.931764960289001465e-01 2.996676564216613770e-01 2.331618070602416992e-01 0.000000000000000000e+00
4.538664221763610840e-01 4.505730569362640381e-01 3.427702188491821289e-01 4.204443097114562988e-01 3.980461061000823975e-01 0.000000000000000000e+00
4.561140835285186768e-01 6.546157002449035645e-01 7.529053092002868652e-01 7.381601929664611816e-01 7.447407245635986328e-01 0.000000000000000000e+00
3.861581981182098389e-01 7.278491258621215820e-01 7.259311676025390625e-01 8.407900333404541016e-01 8.439874649047851562e-01 0.000000000000000000e+00
-1.095717549324035645e-01 2.118863016366958618e-01 4.134739935398101807e-01 6.853792667388916016e-01 7.422330379486083984e-01 0.000000000000000000e+00
1.154925022274255753e-02 1.980661451816558838e-01 3.904766142368316650e-01 6.736831068992614746e-01 7.096426486968994141e-01 0.000000000000000000e+00
5.435813665390014648e-01 6.429241895675659180e-01 6.930056810379028320e-01 7.932481765747070312e-01 8.108904361724853516e-01 0.000000000000000000e+00
2.558008134365081787e-01 3.115216791629791260e-01 3.487192094326019287e-01 4.586451053619384766e-01 5.042129158973693848e-01 0.000000000000000000e+00
2.091621607542037964e-01 8.122745752334594727e-01 9.233413934707641602e-01 8.801358938217163086e-01 8.517072200775146484e-01 0.000000000000000000e+00
-6.441021710634231567e-02 3.819451481103897095e-02 5.854014679789543152e-02 -5.799312517046928406e-02 1.612290740013122559e-01 0.000000000000000000e+00
2.047889381647109985e-01 3.382422327995300293e-01 4.467718005180358887e-01 4.735276997089385986e-01 4.845126867294311523e-01 0.000000000000000000e+00
5.795106887817382812e-01 6.486741304397583008e-01 6.346008777618408203e-01 6.851006746292114258e-01 7.233704328536987305e-01 1.000000000000000000e+00
5.593729019165039062e-01 6.271586418151855469e-01 7.385834455490112305e-01 8.039146661758422852e-01 8.657039403915405273e-01 2.000000000000000000e+00
5.795106887817382812e-01 6.486741304397583008e-01 6.346008777618408203e-01 6.851006746292114258e-01 7.233704328536987305e-01 1.000000000000000000e+00
5.593729019165039062e-01 6.271586418151855469e-01 7.385834455490112305e-01 8.039146661758422852e-01 8.657039403915405273e-01 2.000000000000000000e+00
5.795106887817382812e-01 6.486741304397583008e-01 6.346008777618408203e-01 6.851006746292114258e-01 7.233704328536987305e-01 1.000000000000000000e+00
5.593729019165039062e-01 6.271586418151855469e-01 7.385834455490112305e-01 8.039146661758422852e-01 8.657039403915405273e-01 2.000000000000000000e+00
5.795106887817382812e-01 6.486741304397583008e-01 6.346008777618408203e-01 6.851006746292114258e-01 7.233704328536987305e-01 1.000000000000000000e+00
5.593729019165039062e-01 6.271586418151855469e-01 7.385834455490112305e-01 8.039146661758422852e-01 8.657039403915405273e-01 2.000000000000000000e+00
5.795106887817382812e-01 6.486741304397583008e-01 6.346008777618408203e-01 6.851006746292114258e-01 7.233704328536987305e-01 1.000000000000000000e+00
5.593729019165039062e-01 6.271586418151855469e-01 7.385834455490112305e-01 8.039146661758422852e-01 8.657039403915405273e-01 2.000000000000000000e+00
5.795106887817382812e-01 6.486741304397583008e-01 6.346008777618408203e-01 6.851006746292114258e-01 7.233704328536987305e-01 1.000000000000000000e+00
5.593729019165039062e-01 6.271586418151855469e-01 7.385834455490112305e-01 8.039146661758422852e-01 8.657039403915405273e-01 2.000000000000000000e+00
5.795106887817382812e-01 6.486741304397583008e-01 6.346008777618408203e-01 6.851006746292114258e-01 7.233704328536987305e-01 1.000000000000000000e+00
5.593729019165039062e-01 6.271586418151855469e-01 7.385834455490112305e-01 8.039146661758422852e-01 8.657039403915405273e-01 2.000000000000000000e+00
5.795106887817382812e-01 6.486741304397583008e-01 6.346008777618408203e-01 6.851006746292114258e-01 7.233704328536987305e-01 1.000000000000000000e+00
5.593729019165039062e-01 6.271586418151855469e-01 7.385834455490112305e-01 8.039146661758422852e-01 8.657039403915405273e-01 2.000000000000000000e+00
5.795106887817382812e-01 6.486741304397583008e-01 6.346008777618408203e-01 6.851006746292114258e-01 7.233704328536987305e-01 1.000000000000000000e+00
5.593729019165039062e-01 6.271586418151855469e-01 7.385834455490112305e-01 8.039146661758422852e-01 8.657039403915405273e-01 2.000000000000000000e+00
5.795106887817382812e-01 6.486741304397583008e-01 6.346008777618408203e-01 6.851006746292114258e-01 7.233704328536987305e-01 1.000000000000000000e+00
5.593729019165039062e-01 6.271586418151855469e-01 7.385834455490112305e-01 8.039146661758422852e-01 8.657039403915405273e-01 2.000000000000000000e+00
2.193911373615264893e-01 3.609127551317214966e-02 8.617299050092697144e-02 4.238027632236480713e-01 6.182366609573364258e-01 0.000000000000000000e+00
5.524985194206237793e-01 2.407741397619247437e-01 4.148740172386169434e-01 2.330317050218582153e-01 2.857022285461425781e-01 0.000000000000000000e+00
2.136776894330978394e-01 3.241284191608428955e-01 3.739380240440368652e-01 8.386251330375671387e-01 8.332973718643188477e-01 0.000000000000000000e+00
4.893065392971038818e-01 5.865879058837890625e-01 6.265552043914794922e-01 5.582529306411743164e-01 6.327199339866638184e-01 0.000000000000000000e+00
6.153610944747924805e-01 7.305034399032592773e-01 6.603200435638427734e-01 6.917573809623718262e-01 7.618529796600341797e-01 0.000000000000000000e+00
-1.381402909755706787e-01 -1.684067249298095703e-01 -1.567211002111434937e-01 -1.338339596986770630e-01 -1.536626964807510376e-01 1.000000000000000000e+00
2.493640929460525513e-01 5.742972344160079956e-02 1.607241481542587280e-01 3.162883520126342773e-01 5.232576280832290649e-02 2.000000000000000000e+00
-1.381402909755706787e-01 -1.684067249298095703e-01 -1.567211002111434937e-01 -1.338339596986770630e-01 -1.536626964807510376e-01 1.000000000000000000e+00
2.493640929460525513e-01 5.742972344160079956e-02 1.607241481542587280e-01 3.162883520126342773e-01 5.232576280832290649e-02 2.000000000000000000e+00
-1.381402909755706787e-01 -1.684067249298095703e-01 -1.567211002111434937e-01 -1.338339596986770630e-01 -1.536626964807510376e-01 1.000000000000000000e+00
2.493640929460525513e-01 5.742972344160079956e-02 1.607241481542587280e-01 3.162883520126342773e-01 5.232576280832290649e-02 2.000000000000000000e+00
-1.381402909755706787e-01 -1.684067249298095703e-01 -1.567211002111434937e-01 -1.338339596986770630e-01 -1.536626964807510376e-01 1.000000000000000000e+00
2.493640929460525513e-01 5.742972344160079956e-02 1.607241481542587280e-01 3.162883520126342773e-01 5.232576280832290649e-02 2.000000000000000000e+00
-1.381402909755706787e-01 -1.684067249298095703e-01 -1.567211002111434937e-01 -1.338339596986770630e-01 -1.536626964807510376e-01 1.000000000000000000e+00
2.493640929460525513e-01 5.742972344160079956e-02 1.607241481542587280e-01 3.162883520126342773e-01 5.232576280832290649e-02 2.000000000000000000e+00
-1.381402909755706787e-01 -1.684067249298095703e-01 -1.567211002111434937e-01 -1.338339596986770630e-01 -1.536626964807510376e-01 1.000000000000000000e+00
2.493640929460525513e-01 5.742972344160079956e-02 1.607241481542587280e-01 3.162883520126342773e-01 5.232576280832290649e-02 2.000000000000000000e+00
-1.381402909755706787e-01 -1.684067249298095703e-01 -1.567211002111434937e-01 -1.338339596986770630e-01 -1.536626964807510376e-01 1.000000000000000000e+00
2.493640929460525513e-01 5.742972344160079956e-02 1.607241481542587280e-01 3.162883520126342773e-01 5.232576280832290649e-02 2.000000000000000000e+00
-1.381402909755706787e-01 -1.684067249298095703e-01 -1.567211002111434937e-01 -1.338339596986770630e-01 -1.536626964807510376e-01 1.000000000000000000e+00
2.493640929460525513e-01 5.742972344160079956e-02 1.607241481542587280e-01 3.162883520126342773e-01 5.232576280832290649e-02 2.000000000000000000e+00
-1.381402909755706787e-01 -1.684067249298095703e-01 -1.567211002111434937e-01 -1.338339596986770630e-01 -1.536626964807510376e-01 1.000000000000000000e+00
2.493640929460525513e-01 5.742972344160079956e-02 1.607241481542587280e-01 3.162883520126342773e-01 5.232576280832290649e-02 2.000000000000000000e+00
-1.381402909755706787e-01 -1.684067249298095703e-01 -1.567211002111434937e-01 -1.338339596986770630e-01 -1.536626964807510376e-01 1.000000000000000000e+00
2.493640929460525513e-01 5.742972344160079956e-02 1.607241481542587280e-01 3.162883520126342773e-01 5.232576280832290649e-02 2.000000000000000000e+00
4.302240610122680664e-01 5.444112420082092285e-01 6.477979421615600586e-01 5.889290571212768555e-01 6.480855345726013184e-01 0.000000000000000000e+00
6.230955719947814941e-01 4.925213456153869629e-01 6.676445007324218750e-01 7.066396474838256836e-01 7.691577076911926270e-01 0.000000000000000000e+00
5.060582756996154785e-01 5.542417764663696289e-01 5.862073898315429688e-01 5.219676494598388672e-01 5.823171138763427734e-01 0.000000000000000000e+00
1.217173784971237183e-01 1.583421528339385986e-01 6.387222558259963989e-02 1.145187988877296448e-01 1.305575519800186157e-01 0.000000000000000000e+00
1.781746149063110352e-01 2.181736566126346588e-02 -1.430583149194717407e-01 -1.643435060977935791e-01 -1.807100772857666016e-01 0.000000000000000000e+00
-5.576060712337493896e-02 4.824971035122871399e-02 2.236559428274631500e-02 -1.380356848239898682e-01 -1.063535213470458984e-01 0.000000000000000000e+00
2.239012718200683594e-01 4.063698947429656982e-01 5.333916544914245605e-01 4.823795258998870850e-01 4.927911460399627686e-01 0.000000000000000000e+00
4.020653367042541504e-01 6.570598483085632324e-01 7.695407271385192871e-01 8.178106546401977539e-01 8.887583613395690918e-01 0.000000000000000000e+00
2.308224141597747803e-01 2.700855731964111328e-01 1.538312733173370361e-01 5.153203606605529785e-01 6.595283746719360352e-01 0.000000000000000000e+00
3.119181394577026367e-01 2.062185108661651611e-01 1.300126034766435623e-02 -9.672705084085464478e-02 -6.496946513652801514e-02 0.000000000000000000e+00
4.674282073974609375e-01 4.670642316341400146e-01 5.053995251655578613e-01 5.676352977752685547e-01 5.819336175918579102e-01 0.000000000000000000e+00
4.198757410049438477e-01 4.853273928165435791e-01 4.640259444713592529e-01 7.465659379959106445e-01 6.493613719940185547e-01 0.000000000000000000e+00
4.173870012164115906e-02 1.842423826456069946e-01 2.882173359394073486e-01 2.769227325916290283e-01 1.848743855953216553e-01 0.000000000000000000e+00
2.422683387994766235e-01 3.529100716114044189e-01 1.714440435171127319e-01 4.254496097564697266e-02 5.780349671840667725e-02 0.000000000000000000e+00
4.871263802051544189e-01 5.680770874023437500e-01 5.532951354980468750e-01 5.209928154945373535e-01 6.720401048660278320e-01 0.000000000000000000e+00
5.767394304275512695e-01 5.459952354431152344e-01 5.876243114471435547e-01 6.080958843231201172e-01 7.443289160728454590e-01 0.000000000000000000e+00
8.094547390937805176e-01 8.968684673309326172e-01 9.647500514984130859e-01 9.499171376228332520e-01 9.550075531005859375e-01 0.000000000000000000e+00
6.752189993858337402e-01 8.699007630348205566e-01 9.243925809860229492e-01 9.818505644798278809e-01 9.833095669746398926e-01 0.000000000000000000e+00
7.701292037963867188e-01 8.530135154724121094e-01 8.984859585762023926e-01 8.671658039093017578e-01 9.052797555923461914e-01 0.000000000000000000e+00
6.050660610198974609e-01 7.398555874824523926e-01 8.181463479995727539e-01 9.215595126152038574e-01 9.561523795127868652e-01 0.000000000000000000e+00
3.958689570426940918e-01 7.157754302024841309e-01 7.926944494247436523e-01 8.983367681503295898e-01 8.891721367835998535e-01 0.000000000000000000e+00
4.735309183597564697e-01 6.464069485664367676e-01 7.956759929656982422e-01 6.781353950500488281e-01 5.921194553375244141e-01 0.000000000000000000e+00
3.432438075542449951e-01 4.928025603294372559e-01 5.764371752738952637e-01 4.234277307987213135e-01 4.414007663726806641e-01 0.000000000000000000e+00
6.814048290252685547e-01 6.837113499641418457e-01 7.886140942573547363e-01 7.324696779251098633e-01 6.497833728790283203e-01 0.000000000000000000e+00
5.652347207069396973e-01 5.213510394096374512e-01 6.565828919410705566e-01 8.035008311271667480e-01 8.497375845909118652e-01 0.000000000000000000e+00
4.486059844493865967e-01 5.804896354675292969e-01 7.484580278396606445e-01 8.123543858528137207e-01 7.987435460090637207e-01 0.000000000000000000e+00
7.561773657798767090e-01 8.210792541503906250e-01 9.170154929161071777e-01 9.053598642349243164e-01 8.880907893180847168e-01 0.000000000000000000e+00
8.788717985153198242e-01 9.547752141952514648e-01 9.440116286277770996e-01 9.370787739753723145e-01 9.655097723007202148e-01 0.000000000000000000e+00
-1.466790139675140381e-01 1.018267720937728882e-01 -1.152469366788864136e-01 1.342133730649948120e-01 3.225445151329040527e-01 0.000000000000000000e+00
3.503695428371429443e-01 7.880400419235229492e-01 9.013201594352722168e-01 9.193441867828369141e-01 8.338463306427001953e-01 0.000000000000000000e+00
9.693775326013565063e-02 1.999593973159790039e-01 3.645213544368743896e-01 4.945368468761444092e-01 5.808048248291015625e-01 0.000000000000000000e+00
1.270517408847808838e-01 1.758033037185668945e-01 3.243835866451263428e-01 4.068990051746368408e-01 3.647963404655456543e-01 0.000000000000000000e+00
-5.326075851917266846e-02 -4.393990337848663330e-02 -1.533838659524917603e-01 1.769966632127761841e-01 2.465931922197341919e-01 0.000000000000000000e+00
3.607071340084075928e-01 2.737197875976562500e-01 2.747845351696014404e-01 4.636063575744628906e-01 4.942486286163330078e-01 0.000000000000000000e+00
2.851364016532897949e-01 3.084433078765869141e-01 2.694712281227111816e-01 3.851335048675537109e-01 2.965743243694305420e-01 0.000000000000000000e+00
-1.030953750014305115e-01 -2.570133209228515625e-01 -2.531471252441406250e-01 -2.414658516645431519e-01 -2.516067028045654297e-01 0.000000000000000000e+00
5.421732738614082336e-02 1.716666668653488159e-01 1.211295127868652344e-01 -2.055734992027282715e-01 -2.481273263692855835e-01 0.000000000000000000e+00
3.197327852249145508e-01 3.189168870449066162e-01 3.195673227310180664e-01 2.359240204095840454e-01 5.952311754226684570e-01 0.000000000000000000e+00
1.809687167406082153e-01 4.386176764965057373e-01 5.140708684921264648e-01 7.563682794570922852e-01 8.283727169036865234e-01 0.000000000000000000e+00
6.687563657760620117e-01 7.803190946578979492e-01 7.341142892837524414e-01 6.928406953811645508e-01 8.270927667617797852e-01 0.000000000000000000e+00
7.683078646659851074e-01 8.307121992111206055e-01 8.776392936706542969e-01 8.554006218910217285e-01 8.846942782402038574e-01 0.000000000000000000e+00
-1.716004163026809692e-01 -1.643614172935485840e-01 -1.994445323944091797e-01 -3.724441304802894592e-02 5.778999626636505127e-02 1.000000000000000000e+00
-2.651096880435943604e-01 -3.037044107913970947e-01 -2.919658720493316650e-01 -3.019353151321411133e-01 -2.881092131137847900e-01 2.000000000000000000e+00
-1.716004163026809692e-01 -1.643614172935485840e-01 -1.994445323944091797e-01 -3.724441304802894592e-02 5.778999626636505127e-02 1.000000000000000000e+00
-2.651096880435943604e-01 -3.037044107913970947e-01 -2.919658720493316650e-01 -3.019353151321411133e-01 -2.881092131137847900e-01 2.000000000000000000e+00
-1.716004163026809692e-01 -1.643614172935485840e-01 -1.994445323944091797e-01 -3.724441304802894592e-02 5.778999626636505127e-02 1.000000000000000000e+00
-2.651096880435943604e-01 -3.037044107913970947e-01 -2.919658720493316650e-01 -3.019353151321411133e-01 -2.881092131137847900e-01 2.000000000000000000e+00
-1.716004163026809692e-01 -1.643614172935485840e-01 -1.994445323944091797e-01 -3.724441304802894592e-02 5.778999626636505127e-02 1.000000000000000000e+00
-2.651096880435943604e-01 -3.037044107913970947e-01 -2.919658720493316650e-01 -3.019353151321411133e-01 -2.881092131137847900e-01 2.000000000000000000e+00
-1.716004163026809692e-01 -1.643614172935485840e-01 -1.994445323944091797e-01 -3.724441304802894592e-02 5.778999626636505127e-02 1.000000000000000000e+00
-2.651096880435943604e-01 -3.037044107913970947e-01 -2.919658720493316650e-01 -3.019353151321411133e-01 -2.881092131137847900e-01 2.000000000000000000e+00
-1.716004163026809692e-01 -1.643614172935485840e-01 -1.994445323944091797e-01 -3.724441304802894592e-02 5.778999626636505127e-02 1.000000000000000000e+00
-2.651096880435943604e-01 -3.037044107913970947e-01 -2.919658720493316650e-01 -3.019353151321411133e-01 -2.881092131137847900e-01 2.000000000000000000e+00
-1.716004163026809692e-01 -1.643614172935485840e-01 -1.994445323944091797e-01 -3.724441304802894592e-02 5.778999626636505127e-02 1.000000000000000000e+00
-2.651096880435943604e-01 -3.037044107913970947e-01 -2.919658720493316650e-01 -3.019353151321411133e-01 -2.881092131137847900e-01 2.000000000000000000e+00
-1.716004163026809692e-01 -1.643614172935485840e-01 -1.994445323944091797e-01 -3.724441304802894592e-02 5.778999626636505127e-02 1.000000000000000000e+00
-2.651096880435943604e-01 -3.037044107913970947e-01 -2.919658720493316650e-01 -3.019353151321411133e-01 -2.881092131137847900e-01 2.000000000000000000e+00
-1.716004163026809692e-01 -1.643614172935485840e-01 -1.994445323944091797e-01 -3.724441304802894592e-02 5.778999626636505127e-02 1.000000000000000000e+00
-2.651096880435943604e-01 -3.037044107913970947e-01 -2.919658720493316650e-01 -3.019353151321411133e-01 -2.881092131137847900e-01 2.000000000000000000e+00
-1.716004163026809692e-01 -1.643614172935485840e-01 -1.994445323944091797e-01 -3.724441304802894592e-02 5.778999626636505127e-02 1.000000000000000000e+00
-2.651096880435943604e-01 -3.037044107913970947e-01 -2.919658720493316650e-01 -3.019353151321411133e-01 -2.881092131137847900e-01 2.000000000000000000e+00
6.917799115180969238e-01 8.527402877807617188e-01 8.069526553153991699e-01 8.116445541381835938e-01 7.675334215164184570e-01 0.000000000000000000e+00
6.631984710693359375e-01 7.572960257530212402e-01 8.417933583259582520e-01 8.840116262435913086e-01 9.171215295791625977e-01 0.000000000000000000e+00
6.548650264739990234e-01 6.780869960784912109e-01 7.774355411529541016e-01 8.290428519248962402e-01 8.952971100807189941e-01 0.000000000000000000e+00
5.894749164581298828e-01 5.964616537094116211e-01 7.479067444801330566e-01 7.987285852432250977e-01 8.147395849227905273e-01 0.000000000000000000e+00
6.046661138534545898e-01 8.742260932922363281e-01 8.876773715019226074e-01 8.675134181976318359e-01 8.450769186019897461e-01 0.000000000000000000e+00
4.490606188774108887e-01 4.352703392505645752e-01 6.655799150466918945e-01 6.360410451889038086e-01 6.687831878662109375e-01 0.000000000000000000e+00
3.943565487861633301e-01 5.328774452209472656e-01 5.416284799575805664e-01 5.832964181900024414e-01 5.377576947212219238e-01 0.000000000000000000e+00
-4.475766420364379883e-02 3.309749066829681396e-01 2.939820587635040283e-01 4.332616925239562988e-01 6.387982368469238281e-01 0.000000000000000000e+00
1.393584609031677246e-01 4.552205204963684082e-01 3.014996051788330078e-01 2.947358191013336182e-01 4.268854260444641113e-01 0.000000000000000000e+00
1.414026021957397461e-01 3.659982383251190186e-01 4.739853441715240479e-01 7.428224086761474609e-01 8.399502038955688477e-01 0.000000000000000000e+00
4.654902964830398560e-03 -7.100175321102142334e-02 -1.502782851457595825e-01 -1.730247735977172852e-01 -1.346778124570846558e-01 0.000000000000000000e+00
-7.391957193613052368e-02 -1.145399585366249084e-01 -1.165986731648445129e-01 -1.606222540140151978e-01 -1.976130343973636627e-02 0.000000000000000000e+00
4.564398154616355896e-02 2.010517716407775879e-01 2.399660646915435791e-01 -4.963697120547294617e-02 -1.692705452442169189e-01 0.000000000000000000e+00
1.643024086952209473e-01 1.079579815268516541e-01 4.393574967980384827e-02 -3.840015083551406860e-02 -1.253461837768554688e-01 0.000000000000000000e+00
7.381372153759002686e-02 -5.543135851621627808e-02 6.606330722570419312e-02 3.830346167087554932e-01 3.264191150665283203e-01 0.000000000000000000e+00
1.872846186161041260e-01 -9.794997423887252808e-02 -6.401419639587402344e-02 -5.653657764196395874e-02 -1.166833043098449707e-01 0.000000000000000000e+00
2.285585701465606689e-01 4.186947345733642578e-01 4.319130182266235352e-01 3.479039072990417480e-01 1.180717796087265015e-01 0.000000000000000000e+00
3.552017211914062500e-01 4.900187849998474121e-01 3.528217375278472900e-01 4.658547341823577881e-01 4.369859099388122559e-01 0.000000000000000000e+00
2.801141142845153809e-01 4.549336433410644531e-01 4.419571459293365479e-01 3.673800230026245117e-01 3.353289067745208740e-01 0.000000000000000000e+00
-1.015925481915473938e-01 -1.271876692771911621e-01 -1.197710111737251282e-01 -7.619874179363250732e-02 1.808959543704986572e-01 0.000000000000000000e+00
1.583589166402816772e-01 2.485499233007431030e-01 4.387814700603485107e-01 1.868110001087188721e-01 2.783479392528533936e-01 0.000000000000000000e+00
5.285496711730957031e-01 6.211935281753540039e-01 6.613997220993041992e-01 7.302738428115844727e-01 8.964714407920837402e-01 0.000000000000000000e+00
4.687231481075286865e-01 6.037552952766418457e-01 7.202082276344299316e-01 6.457896232604980469e-01 6.723152399063110352e-01 0.000000000000000000e+00
4.450412094593048096e-01 5.981965065002441406e-01 6.925465464591979980e-01 8.126711249351501465e-01 8.236173391342163086e-01 0.000000000000000000e+00
4.047956168651580811e-01 4.382103085517883301e-01 5.542438030242919922e-01 7.315124273300170898e-01 7.226171493530273438e-01 0.000000000000000000e+00
6.792572736740112305e-01 7.541437745094299316e-01 6.969200372695922852e-01 8.379024267196655273e-01 8.585875034332275391e-01 0.000000000000000000e+00
5.744367241859436035e-01 5.518422126770019531e-01 7.428498268127441406e-01 8.383433818817138672e-01 8.811608552932739258e-01 0.000000000000000000e+00
4.161967337131500244e-01 4.287976622581481934e-01 6.888615489006042480e-01 7.983970642089843750e-01 7.981456518173217773e-01 0.000000000000000000e+00
2.280092686414718628e-01 2.553927302360534668e-01 4.402357935905456543e-01 4.421340227127075195e-01 4.227495491504669189e-01 0.000000000000000000e+00
3.787345588207244873e-01 5.119820833206176758e-01 4.518644511699676514e-01 6.041005849838256836e-01 5.884631276130676270e-01 0.000000000000000000e+00
5.971823930740356445e-01 6.569005846977233887e-01 6.735894083976745605e-01 6.443305611610412598e-01 6.293569803237915039e-01 0.000000000000000000e+00
3.460480868816375732e-01 3.906190097332000732e-01 4.957497119903564453e-01 5.610150098800659180e-01 7.153029441833496094e-01 0.000000000000000000e+00
1.562934815883636475e-01 1.594715714454650879e-01 5.508231744170188904e-02 3.584405779838562012e-01 5.514807701110839844e-01 0.000000000000000000e+00
1.571511477231979370e-01 3.935238122940063477e-01 6.311038136482238770e-01 6.419062614440917969e-01 5.482201576232910156e-01 0.000000000000000000e+00
3.869825005531311035e-01 6.982914209365844727e-01 8.129037618637084961e-01 8.866171240806579590e-01 8.114753961563110352e-01 0.000000000000000000e+00
5.046338438987731934e-01 7.572287321090698242e-01 8.190214037895202637e-01 8.645595312118530273e-01 8.787736892700195312e-01 0.000000000000000000e+00
5.738525390625000000e-01 8.262301683425903320e-01 8.128578066825866699e-01 8.787299394607543945e-01 8.402930498123168945e-01 0.000000000000000000e+00
8.773365616798400879e-01 9.502194523811340332e-01 9.275358915328979492e-01 9.410791397094726562e-01 9.386955499649047852e-01 0.000000000000000000e+00
5.698993206024169922e-01 7.417296767234802246e-01 7.952409982681274414e-01 8.678705096244812012e-01 9.032241702079772949e-01 0.000000000000000000e+00
7.216404080390930176e-01 8.242393732070922852e-01 8.693657517433166504e-01 8.912928104400634766e-01 9.289900660514831543e-01 0.000000000000000000e+00
7.440083622932434082e-01 8.706156015396118164e-01 9.449962973594665527e-01 9.470372796058654785e-01 9.434165358543395996e-01 0.000000000000000000e+00
6.855106353759765625e-01 9.025254845619201660e-01 9.407081604003906250e-01 9.398086071014404297e-01 9.466667175292968750e-01 0.000000000000000000e+00
7.839453220367431641e-01 7.402052879333496094e-01 8.849798440933227539e-01 9.103494286537170410e-01 9.318164587020874023e-01 1.000000000000000000e+00
4.218838214874267578e-01 7.263246774673461914e-01 7.971396446228027344e-01 8.463274836540222168e-01 8.469389677047729492e-01 2.000000000000000000e+00
7.839453220367431641e-01 7.402052879333496094e-01 8.849798440933227539e-01 9.103494286537170410e-01 9.318164587020874023e-01 1.000000000000000000e+00
4.218838214874267578e-01 7.263246774673461914e-01 7.971396446228027344e-01 8.463274836540222168e-01 8.469389677047729492e-01 2.000000000000000000e+00
7.839453220367431641e-01 7.402052879333496094e-01 8.849798440933227539e-01 9.103494286537170410e-01 9.318164587020874023e-01 1.000000000000000000e+00
4.218838214874267578e-01 7.263246774673461914e-01 7.971396446228027344e-01 8.463274836540222168e-01 8.469389677047729492e-01 2.000000000000000000e+00
7.839453220367431641e-01 7.402052879333496094e-01 8.849798440933227539e-01 9.103494286537170410e-01 9.318164587020874023e-01 1.000000000000000000e+00
4.218838214874267578e-01 7.263246774673461914e-01 7.971396446228027344e-01 8.463274836540222168e-01 8.469389677047729492e-01 2.000000000000000000e+00
7.839453220367431641e-01 7.402052879333496094e-01 8.849798440933227539e-01 9.103494286537170410e-01 9.318164587020874023e-01 1.000000000000000000e+00
4.218838214874267578e-01 7.263246774673461914e-01 7.971396446228027344e-01 8.463274836540222168e-01 8.469389677047729492e-01 2.000000000000000000e+00
7.839453220367431641e-01 7.402052879333496094e-01 8.849798440933227539e-01 9.103494286537170410e-01 9.318164587020874023e-01 1.000000000000000000e+00
4.218838214874267578e-01 7.263246774673461914e-01 7.971396446228027344e-01 8.463274836540222168e-01 8.469389677047729492e-01 2.000000000000000000e+00
7.839453220367431641e-01 7.402052879333496094e-01 8.849798440933227539e-01 9.103494286537170410e-01 9.318164587020874023e-01 1.000000000000000000e+00
4.218838214874267578e-01 7.263246774673461914e-01 7.971396446228027344e-01 8.463274836540222168e-01 8.469389677047729492e-01 2.000000000000000000e+00
7.839453220367431641e-01 7.402052879333496094e-01 8.849798440933227539e-01 9.103494286537170410e-01 9.318164587020874023e-01 1.000000000000000000e+00
4.218838214874267578e-01 7.263246774673461914e-01 7.971396446228027344e-01 8.463274836540222168e-01 8.469389677047729492e-01 2.000000000000000000e+00
7.839453220367431641e-01 7.402052879333496094e-01 8.849798440933227539e-01 9.103494286537170410e-01 9.318164587020874023e-01 1.000000000000000000e+00
4.218838214874267578e-01 7.263246774673461914e-01 7.971396446228027344e-01 8.463274836540222168e-01 8.469389677047729492e-01 2.000000000000000000e+00
7.839453220367431641e-01 7.402052879333496094e-01 8.849798440933227539e-01 9.103494286537170410e-01 9.318164587020874023e-01 1.000000000000000000e+00
4.218838214874267578e-01 7.263246774673461914e-01 7.971396446228027344e-01 8.463274836540222168e-01 8.469389677047729492e-01 2.000000000000000000e+00
6.555213928222656250e-01 8.002228140830993652e-01 8.179666996002197266e-01 8.564439415931701660e-01 8.060560226440429688e-01 0.000000000000000000e+00
3.110152482986450195e-01 6.089885830879211426e-01 8.199603557586669922e-01 8.539341092109680176e-01 8.670665025711059570e-01 0.000000000000000000e+00
8.737428486347198486e-02 4.942731559276580811e-01 7.710689306259155273e-01 8.913882374763488770e-01 8.961971998214721680e-01 0.000000000000000000e+00
4.767484366893768311e-01 6.798764467239379883e-01 8.163141608238220215e-01 8.545421361923217773e-01 8.545016050338745117e-01 0.000000000000000000e+00
-2.133709751069545746e-02 1.990043222904205322e-01 6.660212278366088867e-01 7.204158306121826172e-01 8.560997247695922852e-01 0.000000000000000000e+00
1.107552200555801392e-01 1.537256240844726562e-01 4.406529366970062256e-01 4.829091131687164307e-01 3.721083104610443115e-01 0.000000000000000000e+00
1.442494243383407593e-01 4.012633860111236572e-01 4.316829741001129150e-01 6.757628321647644043e-01 6.083005070686340332e-01 0.000000000000000000e+00
2.491804510354995728e-01 7.469977140426635742e-01 9.148252010345458984e-01 9.148555994033813477e-01 8.693531751632690430e-01 1.000000000000000000e+00
6.532772779464721680e-01 7.651092410087585449e-01 7.658911943435668945e-01 9.242375493049621582e-01 9.225024580955505371e-01 2.000000000000000000e+00
2.491804510354995728e-01 7.469977140426635742e-01 9.148252010345458984e-01 9.148555994033813477e-01 8.693531751632690430e-01 1.000000000000000000e+00
6.532772779464721680e-01 7.651092410087585449e-01 7.658911943435668945e-01 9.242375493049621582e-01 9.225024580955505371e-01 2.000000000000000000e+00
2.491804510354995728e-01 7.469977140426635742e-01 9.148252010345458984e-01 9.148555994033813477e-01 8.693531751632690430e-01 1.000000000000000000e+00
6.532772779464721680e-01 7.651092410087585449e-01 7.658911943435668945e-01 9.242375493049621582e-01 9.225024580955505371e-01 2.000000000000000000e+00
2.491804510354995728e-01 7.469977140426635742e-01 9.148252010345458984e-01 9.148555994033813477e-01 8.693531751632690430e-01 1.000000000000000000e+00
6.532772779464721680e-01 7.651092410087585449e-01 7.658911943435668945e-01 9.242375493049621582e-01 9.225024580955505371e-01 2.000000000000000000e+00
2.491804510354995728e-01 7.469977140426635742e-01 9.148252010345458984e-01 9.148555994033813477e-01 8.693531751632690430e-01 1.000000000000000000e+00
6.532772779464721680e-01 7.651092410087585449e-01 7.658911943435668945e-01 9.242375493049621582e-01 9.225024580955505371e-01 2.000000000000000000e+00
2.491804510354995728e-01 7.469977140426635742e-01 9.148252010345458984e-01 9.148555994033813477e-01 8.693531751632690430e-01 1.000000000000000000e+00
6.532772779464721680e-01 7.651092410087585449e-01 7.658911943435668945e-01 9.242375493049621582e-01 9.225024580955505371e-01 2.000000000000000000e+00
2.491804510354995728e-01 7.469977140426635742e-01 9.148252010345458984e-01 9.148555994033813477e-01 8.693531751632690430e-01 1.000000000000000000e+00
6.532772779464721680e-01 7.651092410087585449e-01 7.658911943435668945e-01 9.242375493049621582e-01 9.225024580955505371e-01 2.000000000000000000e+00
2.491804510354995728e-01 7.469977140426635742e-01 9.148252010345458984e-01 9.148555994033813477e-01 8.693531751632690430e-01 1.000000000000000000e+00
6.532772779464721680e-01 7.651092410087585449e-01 7.658911943435668945e-01 9.242375493049621582e-01 9.225024580955505371e-01 2.000000000000000000e+00
2.491804510354995728e-01 7.469977140426635742e-01 9.148252010345458984e-01 9.148555994033813477e-01 8.693531751632690430e-01 1.000000000000000000e+00
6.532772779464721680e-01 7.651092410087585449e-01 7.658911943435668945e-01 9.242375493049621582e-01 9.225024580955505371e-01 2.000000000000000000e+00
2.491804510354995728e-01 7.469977140426635742e-01 9.148252010345458984e-01 9.148555994033813477e-01 8.693531751632690430e-01 1.000000000000000000e+00
6.532772779464721680e-01 7.651092410087585449e-01 7.658911943435668945e-01 9.242375493049621582e-01 9.225024580955505371e-01 2.000000000000000000e+00
4.649909138679504395e-01 6.605982780456542969e-01 7.742936611175537109e-01 8.881434798240661621e-01 9.284330010414123535e-01 0.000000000000000000e+00
3.590776622295379639e-01 4.555150568485260010e-01 7.812448143959045410e-01 8.920183777809143066e-01 9.020900726318359375e-01 0.000000000000000000e+00
2.171104401350021362e-01 4.771295189857482910e-01 7.135613560676574707e-01 7.569396495819091797e-01 8.593915700912475586e-01 0.000000000000000000e+00
4.715316593647003174e-01 5.947343707084655762e-01 6.162996292114257812e-01 6.738115549087524414e-01 5.673881769180297852e-01 0.000000000000000000e+00
5.509593486785888672e-01 8.111987113952636719e-01 8.967932462692260742e-01 9.040636420249938965e-01 9.260227680206298828e-01 0.000000000000000000e+00
3.552629947662353516e-01 6.896116733551025391e-01 7.382327318191528320e-01 5.948605537414550781e-01 5.558953285217285156e-01 0.000000000000000000e+00
4.471936523914337158e-01 8.371108770370483398e-01 8.773477077484130859e-01 8.982257843017578125e-01 8.628854751586914062e-01 0.000000000000000000e+00
-7.242754101753234863e-02 2.717875242233276367e-01 5.066605210304260254e-01 5.417590141296386719e-01 5.792422890663146973e-01 0.000000000000000000e+00
-9.665269404649734497e-02 3.771674931049346924e-01 1.456978172063827515e-01 2.998769879341125488e-01 6.171827912330627441e-01 0.000000000000000000e+00
4.596216678619384766e-01 7.513204813003540039e-01 5.767498016357421875e-01 5.496562719345092773e-01 4.705342948436737061e-01 0.000000000000000000e+00
-1.575349420309066772e-01 -1.045719459652900696e-01 1.870590150356292725e-01 5.346593856811523438e-01 6.699090600013732910e-01 0.000000000000000000e+00
5.139774829149246216e-02 -1.141965240240097046e-01 -1.998784393072128296e-01 -1.738379299640655518e-01 -1.973154842853546143e-01 0.000000000000000000e+00
4.782941937446594238e-01 4.205780923366546631e-01 5.851432085037231445e-01 7.560332417488098145e-01 7.151224613189697266e-01 0.000000000000000000e+00
2.880574166774749756e-01 4.703308045864105225e-01 5.410942435264587402e-01 5.744519233703613281e-01 6.549254655838012695e-01 0.000000000000000000e+00
1.202006079256534576e-02 -9.769004583358764648e-02 -2.193752974271774292e-01 -1.855485141277313232e-01 -1.514375954866409302e-01 0.000000000000000000e+00
-1.796363592147827148e-01 -2.243367731571197510e-01 -2.751920819282531738e-01 -2.825011909008026123e-01 -3.470166325569152832e-01 0.000000000000000000e+00
2.360818982124328613e-01 2.054494619369506836e-01 2.556665241718292236e-01 1.815123558044433594e-01 2.603846192359924316e-01 0.000000000000000000e+00
3.513166308403015137e-01 3.549152910709381104e-01 5.857881307601928711e-01 8.061577081680297852e-01 8.004435300827026367e-01 0.000000000000000000e+00
4.602672457695007324e-01 7.205386757850646973e-01 7.152416706085205078e-01 6.340559124946594238e-01 6.113143563270568848e-01 0.000000000000000000e+00
5.528274178504943848e-01 6.837854385375976562e-01 7.341950535774230957e-01 7.249622941017150879e-01 7.247034907341003418e-01 0.000000000000000000e+00
3.792102038860321045e-01 3.468205928802490234e-01 4.312785565853118896e-01 6.072922945022583008e-01 5.721036195755004883e-01 0.000000000000000000e+00
-8.010999858379364014e-02 3.843954205513000488e-01 3.835120499134063721e-01 5.701243877410888672e-01 6.212150454521179199e-01 0.000000000000000000e+00
2.726101316511631012e-02 2.015674710273742676e-01 4.233338534832000732e-01 2.881571054458618164e-01 4.152104854583740234e-01 0.000000000000000000e+00
3.437488675117492676e-01 5.632814764976501465e-01 4.899898469448089600e-01 6.281009912490844727e-01 4.149997532367706299e-01 0.000000000000000000e+00
3.493755459785461426e-01 6.175596714019775391e-01 7.865054011344909668e-01 7.726506590843200684e-01 8.137799501419067383e-01 0.000000000000000000e+00
1.774485707283020020e-01 3.955280482769012451e-01 5.173532366752624512e-01 5.967029333114624023e-01 5.821528434753417969e-01 0.000000000000000000e+00
2.030735611915588379e-01 3.370309472084045410e-01 4.395359456539154053e-01 5.654832124710083008e-01 3.965184688568115234e-01 0.000000000000000000e+00
4.717006385326385498e-01 5.209363102912902832e-01 5.782979726791381836e-01 6.479300260543823242e-01 7.340509891510009766e-01 0.000000000000000000e+00
7.141596078872680664e-01 7.370074987411499023e-01 8.830609321594238281e-01 8.400709629058837891e-01 8.035061955451965332e-01 0.000000000000000000e+00
8.058274388313293457e-01 9.276522994041442871e-01 9.345196485519409180e-01 9.543375372886657715e-01 9.601933956146240234e-01 0.000000000000000000e+00
7.117641568183898926e-01 8.077069520950317383e-01 7.845196723937988281e-01 8.318768143653869629e-01 8.185784816741943359e-01 0.000000000000000000e+00
4.225805103778839111e-01 6.230955123901367188e-01 7.776827812194824219e-01 8.764817118644714355e-01 9.372665286064147949e-01 0.000000000000000000e+00
3.002203814685344696e-02 2.121307421475648880e-03 -7.361947745084762573e-02 -2.937319129705429077e-02 2.336125075817108154e-01 0.000000000000000000e+00
3.350461721420288086e-01 2.516531348228454590e-01 2.914003655314445496e-02 6.794809550046920776e-02 -3.636684641242027283e-02 0.000000000000000000e+00
-3.695131465792655945e-02 1.602902561426162720e-01 -1.087799593806266785e-01 -1.341308504343032837e-01 3.166994452476501465e-01 0.000000000000000000e+00
2.740106284618377686e-01 3.152227401733398438e-01 3.227692246437072754e-01 3.532971441745758057e-01 4.647538363933563232e-01 0.000000000000000000e+00
3.825145661830902100e-01 4.047484099864959717e-01 4.757442772388458252e-01 5.745370984077453613e-01 5.079656839370727539e-01 0.000000000000000000e+00
1.760071814060211182e-01 1.635075360536575317e-01 9.223804622888565063e-02 1.521417647600173950e-01 1.725267171859741211e-01 0.000000000000000000e+00
3.238956034183502197e-01 3.178215324878692627e-01 3.817779421806335449e-01 3.646146953105926514e-01 2.693285048007965088e-01 0.000000000000000000e+00
2.794429063796997070e-01 2.729685306549072266e-01 9.955970197916030884e-02 2.274928539991378784e-01 2.872142791748046875e-01 0.000000000000000000e+00
3.201449811458587646e-01 2.355803251266479492e-01 1.149216741323471069e-01 -9.542513638734817505e-02 -7.166360039263963699e-03 0.000000000000000000e+00
