1.009405374526977539e+00 1.000000476837158203e+00 1.000000000000000000e+00 1.000000000000000000e+00 0.000000000000000000e+00
1.154214739799499512e+00 1.000250577926635742e+00 1.000000000000000000e+00 1.000000000000000000e+00 0.000000000000000000e+00
1.435154557228088379e+00 1.807520627975463867e+00 1.007718801498413086e+00 1.000716328620910645e+00 0.000000000000000000e+00
1.846251845359802246e+00 1.003708839416503906e+00 1.000255227088928223e+00 1.000001072883605957e+00 0.000000000000000000e+00
3.558795928955078125e+00 4.499413967132568359e+00 1.238789796829223633e+00 1.002490758895874023e+00 0.000000000000000000e+00
1.040895938873291016e+00 1.000567197799682617e+00 1.000087499618530273e+00 1.000151157379150391e+00 0.000000000000000000e+00
1.410346984863281250e+00 1.075152158737182617e+00 1.007685899734497070e+00 1.000025629997253418e+00 0.000000000000000000e+00
1.002174615859985352e+00 1.000006437301635742e+00 1.000000000000000000e+00 1.000000000000000000e+00 0.000000000000000000e+00
1.000015497207641602e+00 1.000000000000000000e+00 1.000000000000000000e+00 1.000000000000000000e+00 0.000000000000000000e+00
1.001201152801513672e+00 1.000000000000000000e+00 1.000000000000000000e+00 1.000000000000000000e+00 0.000000000000000000e+00
1.000000000000000000e+00 1.000000000000000000e+00 1.000000000000000000e+00 1.000000000000000000e+00 0.000000000000000000e+00
1.000000476837158203e+00 1.000000000000000000e+00 1.000000000000000000e+00 1.000000000000000000e+00 0.000000000000000000e+00
1.002952456474304199e+00 1.000001072883605957e+00 1.000000000000000000e+00 1.000000000000000000e+00 0.000000000000000000e+00
1.000017166137695312e+00 1.000000000000000000e+00 1.000000000000000000e+00 1.000000000000000000e+00 0.000000000000000000e+00
1.141818761825561523e+00 1.011375546455383301e+00 1.004281163215637207e+00 1.000016093254089355e+00 0.000000000000000000e+00
2.498634099960327148e+00 1.864190816879272461e+00 1.062892913818359375e+00 1.010691165924072266e+00 0.000000000000000000e+00
1.075234413146972656e+00 1.003446221351623535e+00 1.008233308792114258e+00 1.000154018402099609e+00 0.000000000000000000e+00
4.034691810607910156e+00 1.428100109100341797e+00 1.045734047889709473e+00 1.000374078750610352e+00 0.000000000000000000e+00
1.068477869033813477e+00 1.008540391921997070e+00 1.000047445297241211e+00 1.000008106231689453e+00 0.000000000000000000e+00
1.030580520629882812e+00 1.000267148017883301e+00 1.000014543533325195e+00 1.000000000000000000e+00 0.000000000000000000e+00
-2.827693462371826172e+00 1.229783415794372559e+00 -1.833950638771057129e+00 -6.840698719024658203e-01 0.000000000000000000e+00
2.085929870605468750e+00 -2.390874385833740234e+00 -1.532579660415649414e+00 -1.146305799484252930e+00 0.000000000000000000e+00
-1.017636179924011230e+00 1.263582038879394531e+01 7.249661684036254883e-01 -7.070144653320312500e+00 0.000000000000000000e+00
-6.637898087501525879e-01 3.714271783828735352e-01 -4.579322636127471924e-01 -1.324394822120666504e+00 0.000000000000000000e+00
-1.022405266761779785e+00 -5.182813167572021484e+00 -1.856082081794738770e+00 -7.460669875144958496e-01 0.000000000000000000e+00
2.562356948852539062e+00 1.229551315307617188e+00 1.138665199279785156e+00 1.153871774673461914e+00 0.000000000000000000e+00
1.176398515701293945e+00 1.003358602523803711e+00 1.000058412551879883e+00 1.000000476837158203e+00 0.000000000000000000e+00
4.100164890289306641e+00 2.331181764602661133e+00 7.535758018493652344e-01 5.383226394653320312e+00 0.000000000000000000e+00
-2.428821921348571777e-01 -2.464268803596496582e-01 -7.185866832733154297e-01 -3.408430814743041992e-01 0.000000000000000000e+00
-6.916835904121398926e-01 -1.741119861602783203e+00 -1.111117601394653320e-01 -1.076076269149780273e+00 0.000000000000000000e+00
1.059790372848510742e+00 1.000007510185241699e+00 1.000000000000000000e+00 1.000000000000000000e+00 0.000000000000000000e+00
1.148081541061401367e+00 1.003068923950195312e+00 1.000005960464477539e+00 1.000000000000000000e+00 0.000000000000000000e+00
5.049919605255126953e+00 1.342022418975830078e+00 1.031504273414611816e+00 1.000041723251342773e+00 0.000000000000000000e+00
3.339416265487670898e+00 1.463479995727539062e+00 -7.801096439361572266e-01 2.854197740554809570e+00 0.000000000000000000e+00
2.366980552673339844e+00 1.320176959037780762e+00 1.012469172477722168e+00 1.000100970268249512e+00 0.000000000000000000e+00
1.000581502914428711e+00 1.000000000000000000e+00 1.000000000000000000e+00 1.000000000000000000e+00 0.000000000000000000e+00
1.039327621459960938e+00 1.000000000000000000e+00 1.000000000000000000e+00 1.000000000000000000e+00 0.000000000000000000e+00
1.000434517860412598e+00 1.000000000000000000e+00 1.000000000000000000e+00 1.000000000000000000e+00 0.000000000000000000e+00
1.005290389060974121e+00 1.000000000000000000e+00 1.000000000000000000e+00 1.000000000000000000e+00 0.000000000000000000e+00
1.000001072883605957e+00 1.000000000000000000e+00 1.000000000000000000e+00 1.000000000000000000e+00 0.000000000000000000e+00
1.000855827331542969e+01 1.055381774902343750e+00 9.956601858139038086e-01 1.007415175437927246e+00 0.000000000000000000e+00
1.333532047271728516e+01 -5.707330226898193359e+00 8.417184829711914062e+00 1.066485404968261719e+00 0.000000000000000000e+00
1.437065124511718750e+00 1.024926424026489258e+00 9.996330738067626953e-01 1.004075527191162109e+00 1.000000000000000000e+00
1.005351543426513672e+00 1.000000000000000000e+00 1.000000000000000000e+00 1.000000000000000000e+00 2.000000000000000000e+00
1.437065124511718750e+00 1.024926424026489258e+00 9.996330738067626953e-01 1.004075527191162109e+00 1.000000000000000000e+00
1.005351543426513672e+00 1.000000000000000000e+00 1.000000000000000000e+00 1.000000000000000000e+00 2.000000000000000000e+00
1.437065124511718750e+00 1.024926424026489258e+00 9.996330738067626953e-01 1.004075527191162109e+00 1.000000000000000000e+00
1.005351543426513672e+00 1.000000000000000000e+00 1.000000000000000000e+00 1.000000000000000000e+00 2.000000000000000000e+00
1.437065124511718750e+00 1.024926424026489258e+00 9.996330738067626953e-01 1.004075527191162109e+00 1.000000000000000000e+00
1.005351543426513672e+00 1.000000000000000000e+00 1.000000000000000000e+00 1.000000000000000000e+00 2.000000000000000000e+00
1.437065124511718750e+00 1.024926424026489258e+00 9.996330738067626953e-01 1.004075527191162109e+00 1.000000000000000000e+00
1.005351543426513672e+00 1.000000000000000000e+00 1.000000000000000000e+00 1.000000000000000000e+00 2.000000000000000000e+00
1.437065124511718750e+00 1.024926424026489258e+00 9.996330738067626953e-01 1.004075527191162109e+00 1.000000000000000000e+00
1.005351543426513672e+00 1.000000000000000000e+00 1.000000000000000000e+00 1.000000000000000000e+00 2.000000000000000000e+00
1.437065124511718750e+00 1.024926424026489258e+00 9.996330738067626953e-01 1.004075527191162109e+00 1.000000000000000000e+00
1.005351543426513672e+00 1.000000000000000000e+00 1.000000000000000000e+00 1.000000000000000000e+00 2.000000000000000000e+00
1.437065124511718750e+00 1.024926424026489258e+00 9.996330738067626953e-01 1.004075527191162109e+00 1.000000000000000000e+00
1.005351543426513672e+00 1.000000000000000000e+00 1.000000000000000000e+00 1.000000000000000000e+00 2.000000000000000000e+00
1.437065124511718750e+00 1.024926424026489258e+00 9.996330738067626953e-01 1.004075527191162109e+00 1.000000000000000000e+00
1.005351543426513672e+00 1.000000000000000000e+00 1.000000000000000000e+00 1.000000000000000000e+00 2.000000000000000000e+00
1.437065124511718750e+00 1.024926424026489258e+00 9.996330738067626953e-01 1.004075527191162109e+00 1.000000000000000000e+00
1.005351543426513672e+00 1.000000000000000000e+00 1.000000000000000000e+00 1.000000000000000000e+00 2.000000000000000000e+00
1.117445468902587891e+00 1.000307798385620117e+00 1.000000476837158203e+00 1.000000000000000000e+00 0.000000000000000000e+00
4.431314468383789062e+00 1.206286430358886719e+00 1.012615442276000977e+00 1.000435113906860352e+00 0.000000000000000000e+00
1.014654397964477539e+00 1.000000476837158203e+00 1.000000000000000000e+00 1.000000000000000000e+00 0.000000000000000000e+00
1.000047683715820312e+00 1.000000000000000000e+00 1.000000000000000000e+00 1.000000000000000000e+00 0.000000000000000000e+00
1.380809426307678223e+00 1.161009550094604492e+00 1.000168681144714355e+00 1.000002622604370117e+00 0.000000000000000000e+00
1.017587184906005859e+00 1.007569551467895508e+00 1.000001072883605957e+00 1.000000000000000000e+00 0.000000000000000000e+00
-1.108670234680175781e+00 4.955245971679687500e+00 1.073545336723327637e+00 1.085621476173400879e+00 0.000000000000000000e+00
1.000161409378051758e+00 1.000000000000000000e+00 1.000000000000000000e+00 1.000000000000000000e+00 0.000000000000000000e+00
1.044732093811035156e+00 1.000001072883605957e+00 1.000000000000000000e+00 1.000000000000000000e+00 0.000000000000000000e+00
1.000411510467529297e+00 1.000000000000000000e+00 1.000000000000000000e+00 1.000000000000000000e+00 0.000000000000000000e+00
1.002578973770141602e+00 1.000002145767211914e+00 1.000000000000000000e+00 1.000000000000000000e+00 0.000000000000000000e+00
1.000319719314575195e+00 1.000000000000000000e+00 1.000000000000000000e+00 1.000000000000000000e+00 0.000000000000000000e+00
1.000527381896972656e+00 1.000000000000000000e+00 1.000000000000000000e+00 1.000000000000000000e+00 0.000000000000000000e+00
1.000200033187866211e+00 1.000000000000000000e+00 1.000000000000000000e+00 1.000000000000000000e+00 0.000000000000000000e+00
1.004244565963745117e+00 1.000213384628295898e+00 1.000001668930053711e+00 1.000000000000000000e+00 0.000000000000000000e+00
1.209201812744140625e+00 1.000109910964965820e+00 6.909894943237304688e-01 1.183235645294189453e+00 0.000000000000000000e+00
1.474633812904357910e+00 1.000716090202331543e+00 1.000000476837158203e+00 1.000000000000000000e+00 0.000000000000000000e+00
1.811378002166748047e+00 1.006945133209228516e+00 1.001112699508666992e+00 1.001178264617919922e+00 0.000000000000000000e+00
4.028284072875976562e+00 1.062739253044128418e+00 1.000060558319091797e+00 1.000000000000000000e+00 0.000000000000000000e+00
8.035603761672973633e-01 1.337886333465576172e+00 1.000251531600952148e+00 1.000000000000000000e+00 1.000000000000000000e+00
-9.143111228942871094e+00 6.129120349884033203e+00 7.995444297790527344e+00 1.250034332275390625e+00 2.000000000000000000e+00
8.035603761672973633e-01 1.337886333465576172e+00 1.000251531600952148e+00 1.000000000000000000e+00 1.000000000000000000e+00
-9.143111228942871094e+00 6.129120349884033203e+00 7.995444297790527344e+00 1.250034332275390625e+00 2.000000000000000000e+00
8.035603761672973633e-01 1.337886333465576172e+00 1.000251531600952148e+00 1.000000000000000000e+00 1.000000000000000000e+00
-9.143111228942871094e+00 6.129120349884033203e+00 7.995444297790527344e+00 1.250034332275390625e+00 2.000000000000000000e+00
8.035603761672973633e-01 1.337886333465576172e+00 1.000251531600952148e+00 1.000000000000000000e+00 1.000000000000000000e+00
-9.143111228942871094e+00 6.129120349884033203e+00 7.995444297790527344e+00 1.250034332275390625e+00 2.000000000000000000e+00
8.035603761672973633e-01 1.337886333465576172e+00 1.000251531600952148e+00 1.000000000000000000e+00 1.000000000000000000e+00
-9.143111228942871094e+00 6.129120349884033203e+00 7.995444297790527344e+00 1.250034332275390625e+00 2.000000000000000000e+00
8.035603761672973633e-01 1.337886333465576172e+00 1.000251531600952148e+00 1.000000000000000000e+00 1.000000000000000000e+00
-9.143111228942871094e+00 6.129120349884033203e+00 7.995444297790527344e+00 1.250034332275390625e+00 2.000000000000000000e+00
8.035603761672973633e-01 1.337886333465576172e+00 1.000251531600952148e+00 1.000000000000000000e+00 1.000000000000000000e+00
-9.143111228942871094e+00 6.129120349884033203e+00 7.995444297790527344e+00 1.250034332275390625e+00 2.000000000000000000e+00
8.035603761672973633e-01 1.337886333465576172e+00 1.000251531600952148e+00 1.000000000000000000e+00 1.000000000000000000e+00
-9.143111228942871094e+00 6.129120349884033203e+00 7.995444297790527344e+00 1.250034332275390625e+00 2.000000000000000000e+00
8.035603761672973633e-01 1.337886333465576172e+00 1.000251531600952148e+00 1.000000000000000000e+00 1.000000000000000000e+00
-9.143111228942871094e+00 6.129120349884033203e+00 7.995444297790527344e+00 1.250034332275390625e+00 2.000000000000000000e+00
8.035603761672973633e-01 1.337886333465576172e+00 1.000251531600952148e+00 1.000000000000000000e+00 1.000000000000000000e+00
-9.143111228942871094e+00 6.129120349884033203e+00 7.995444297790527344e+00 1.250034332275390625e+00 2.000000000000000000e+00
1.014337658882141113e+00 1.002475023269653320e+00 1.000039100646972656e+00 1.000000000000000000e+00 0.000000000000000000e+00
1.435969543457031250e+01 1.102643370628356934e+00 1.062542676925659180e+00 1.024142980575561523e+00 0.000000000000000000e+00
1.084045886993408203e+00 1.000000000000000000e+00 1.000000000000000000e+00 1.000000000000000000e+00 0.000000000000000000e+00
1.034216403961181641e+00 1.013367652893066406e+00 1.000756978988647461e+00 1.000000000000000000e+00 0.000000000000000000e+00
1.000021934509277344e+00 1.000000000000000000e+00 1.000000000000000000e+00 1.000000000000000000e+00 0.000000000000000000e+00
2.060299873352050781e+00 1.205375432968139648e+00 1.002627849578857422e+00 1.000001072883605957e+00 1.000000000000000000e+00
9.805151820182800293e-01 1.097657799720764160e+00 1.007246255874633789e+00 1.002154588699340820e+00 2.000000000000000000e+00
2.060299873352050781e+00 1.205375432968139648e+00 1.002627849578857422e+00 1.000001072883605957e+00 1.000000000000000000e+00
9.805151820182800293e-01 1.097657799720764160e+00 1.007246255874633789e+00 1.002154588699340820e+00 2.000000000000000000e+00
2.060299873352050781e+00 1.205375432968139648e+00 1.002627849578857422e+00 1.000001072883605957e+00 1.000000000000000000e+00
9.805151820182800293e-01 1.097657799720764160e+00 1.007246255874633789e+00 1.002154588699340820e+00 2.000000000000000000e+00
2.060299873352050781e+00 1.205375432968139648e+00 1.002627849578857422e+00 1.000001072883605957e+00 1.000000000000000000e+00
9.805151820182800293e-01 1.097657799720764160e+00 1.007246255874633789e+00 1.002154588699340820e+00 2.000000000000000000e+00
2.060299873352050781e+00 1.205375432968139648e+00 1.002627849578857422e+00 1.000001072883605957e+00 1.000000000000000000e+00
9.805151820182800293e-01 1.097657799720764160e+00 1.007246255874633789e+00 1.002154588699340820e+00 2.000000000000000000e+00
2.060299873352050781e+00 1.205375432968139648e+00 1.002627849578857422e+00 1.000001072883605957e+00 1.000000000000000000e+00
9.805151820182800293e-01 1.097657799720764160e+00 1.007246255874633789e+00 1.002154588699340820e+00 2.000000000000000000e+00
2.060299873352050781e+00 1.205375432968139648e+00 1.002627849578857422e+00 1.000001072883605957e+00 1.000000000000000000e+00
9.805151820182800293e-01 1.097657799720764160e+00 1.007246255874633789e+00 1.002154588699340820e+00 2.000000000000000000e+00
2.060299873352050781e+00 1.205375432968139648e+00 1.002627849578857422e+00 1.000001072883605957e+00 1.000000000000000000e+00
9.805151820182800293e-01 1.097657799720764160e+00 1.007246255874633789e+00 1.002154588699340820e+00 2.000000000000000000e+00
2.060299873352050781e+00 1.205375432968139648e+00 1.002627849578857422e+00 1.000001072883605957e+00 1.000000000000000000e+00
9.805151820182800293e-01 1.097657799720764160e+00 1.007246255874633789e+00 1.002154588699340820e+00 2.000000000000000000e+00
2.060299873352050781e+00 1.205375432968139648e+00 1.002627849578857422e+00 1.000001072883605957e+00 1.000000000000000000e+00
9.805151820182800293e-01 1.097657799720764160e+00 1.007246255874633789e+00 1.002154588699340820e+00 2.000000000000000000e+00
1.004918813705444336e+00 1.000029802322387695e+00 1.000001668930053711e+00 1.000000000000000000e+00 0.000000000000000000e+00
5.895709991455078125e-01 1.098895072937011719e-02 1.167146873474121094e+01 2.324599742889404297e+00 0.000000000000000000e+00
1.006468415260314941e+00 1.000734090805053711e+00 1.000139713287353516e+00 1.000006914138793945e+00 0.000000000000000000e+00
1.005967617034912109e+00 1.000319004058837891e+00 1.000001668930053711e+00 1.000000000000000000e+00 0.000000000000000000e+00
-1.013521385192871094e+01 -7.681334018707275391e-01 -1.734249114990234375e+00 1.216440558433532715e+00 0.000000000000000000e+00
1.007761716842651367e+00 1.000054121017456055e+00 1.000000000000000000e+00 1.000000000000000000e+00 0.000000000000000000e+00
1.004167079925537109e+00 1.000005364418029785e+00 1.000000000000000000e+00 1.000000000000000000e+00 0.000000000000000000e+00
1.324616193771362305e+00 1.000003218650817871e+00 1.000000000000000000e+00 1.000000000000000000e+00 0.000000000000000000e+00
1.033946990966796875e+00 1.105739116668701172e+00 1.116169452667236328e+00 1.006025552749633789e+00 0.000000000000000000e+00
7.770982384681701660e-01 1.667811393737792969e+00 1.020824432373046875e+00 1.000158548355102539e+00 0.000000000000000000e+00
1.363193225860595703e+01 1.465356349945068359e+00 1.006757497787475586e+00 1.000000476837158203e+00 0.000000000000000000e+00
8.108423233032226562e+00 1.098152875900268555e+00 1.000100851058959961e+00 1.000000000000000000e+00 0.000000000000000000e+00
-1.159548878669738770e+00 -5.007911920547485352e-01 6.689643859863281250e-01 -6.596493721008300781e-02 0.000000000000000000e+00
6.145103454589843750e+00 3.139932751655578613e-01 2.260407686233520508e+00 1.003618597984313965e+00 0.000000000000000000e+00
1.073471307754516602e+00 1.014337778091430664e+00 1.000105381011962891e+00 1.000002145767211914e+00 0.000000000000000000e+00
2.813668251037597656e+00 9.967479705810546875e-01 1.160304784774780273e+00 1.013470411300659180e+00 0.000000000000000000e+00
3.375456809997558594e+00 9.299727082252502441e-01 1.080094575881958008e+00 1.010051250457763672e+00 0.000000000000000000e+00
1.229474306106567383e+00 1.002450942993164062e+00 1.000044584274291992e+00 1.000000000000000000e+00 0.000000000000000000e+00
-4.567282676696777344e+00 -9.737919569015502930e-01 9.330393791198730469e+00 1.520485162734985352e+00 0.000000000000000000e+00
1.463868916034698486e-01 -1.093569278717041016e+00 -2.332551717758178711e+00 -1.559319972991943359e+00 0.000000000000000000e+00
-9.202021360397338867e-01 -8.924215316772460938e+00 -2.191856384277343750e+00 -1.388523340225219727e+00 0.000000000000000000e+00
1.029912233352661133e+00 1.000199556350708008e+00 1.000000476837158203e+00 1.000000000000000000e+00 0.000000000000000000e+00
1.005666971206665039e+00 1.000009059906005859e+00 1.000000000000000000e+00 1.000000000000000000e+00 0.000000000000000000e+00
1.012257814407348633e+00 1.000004291534423828e+00 1.000000000000000000e+00 1.000000000000000000e+00 0.000000000000000000e+00
1.021489858627319336e+00 1.000000000000000000e+00 1.000000000000000000e+00 1.000000000000000000e+00 0.000000000000000000e+00
1.000187158584594727e+00 1.000000000000000000e+00 1.000000000000000000e+00 1.000000000000000000e+00 0.000000000000000000e+00
1.000070333480834961e+00 1.000000000000000000e+00 1.000000000000000000e+00 1.000000000000000000e+00 0.000000000000000000e+00
1.018530607223510742e+00 1.000426411628723145e+00 1.000000476837158203e+00 1.000000000000000000e+00 1.000000000000000000e+00
1.564519405364990234e+00 1.003758907318115234e+00 1.000038623809814453e+00 1.000000000000000000e+00 2.000000000000000000e+00
1.018530607223510742e+00 1.000426411628723145e+00 1.000000476837158203e+00 1.000000000000000000e+00 1.000000000000000000e+00
1.564519405364990234e+00 1.003758907318115234e+00 1.000038623809814453e+00 1.000000000000000000e+00 2.000000000000000000e+00
1.018530607223510742e+00 1.000426411628723145e+00 1.000000476837158203e+00 1.000000000000000000e+00 1.000000000000000000e+00
1.564519405364990234e+00 1.003758907318115234e+00 1.000038623809814453e+00 1.000000000000000000e+00 2.000000000000000000e+00
1.018530607223510742e+00 1.000426411628723145e+00 1.000000476837158203e+00 1.000000000000000000e+00 1.000000000000000000e+00
1.564519405364990234e+00 1.003758907318115234e+00 1.000038623809814453e+00 1.000000000000000000e+00 2.000000000000000000e+00
1.018530607223510742e+00 1.000426411628723145e+00 1.000000476837158203e+00 1.000000000000000000e+00 1.000000000000000000e+00
1.564519405364990234e+00 1.003758907318115234e+00 1.000038623809814453e+00 1.000000000000000000e+00 2.000000000000000000e+00
1.018530607223510742e+00 1.000426411628723145e+00 1.000000476837158203e+00 1.000000000000000000e+00 1.000000000000000000e+00
1.564519405364990234e+00 1.003758907318115234e+00 1.000038623809814453e+00 1.000000000000000000e+00 2.000000000000000000e+00
1.018530607223510742e+00 1.000426411628723145e+00 1.000000476837158203e+00 1.000000000000000000e+00 1.000000000000000000e+00
1.564519405364990234e+00 1.003758907318115234e+00 1.000038623809814453e+00 1.000000000000000000e+00 2.000000000000000000e+00
1.018530607223510742e+00 1.000426411628723145e+00 1.000000476837158203e+00 1.000000000000000000e+00 1.000000000000000000e+00
1.564519405364990234e+00 1.003758907318115234e+00 1.000038623809814453e+00 1.000000000000000000e+00 2.000000000000000000e+00
1.018530607223510742e+00 1.000426411628723145e+00 1.000000476837158203e+00 1.000000000000000000e+00 1.000000000000000000e+00
1.564519405364990234e+00 1.003758907318115234e+00 1.000038623809814453e+00 1.000000000000000000e+00 2.000000000000000000e+00
1.018530607223510742e+00 1.000426411628723145e+00 1.000000476837158203e+00 1.000000000000000000e+00 1.000000000000000000e+00
1.564519405364990234e+00 1.003758907318115234e+00 1.000038623809814453e+00 1.000000000000000000e+00 2.000000000000000000e+00
1.003955364227294922e+00 1.000027418136596680e+00 1.000000000000000000e+00 1.000000000000000000e+00 0.000000000000000000e+00
1.036815881729125977e+00 1.000001072883605957e+00 1.000000000000000000e+00 1.000000000000000000e+00 0.000000000000000000e+00
1.002389311790466309e+00 1.000000000000000000e+00 1.000000000000000000e+00 1.000000000000000000e+00 0.000000000000000000e+00
2.504175186157226562e+00 1.000797033309936523e+00 1.000001072883605957e+00 1.000000000000000000e+00 0.000000000000000000e+00
1.109832763671875000e+00 1.000279426574707031e+00 1.000000476837158203e+00 1.000000000000000000e+00 0.000000000000000000e+00
1.173091530799865723e+00 1.002033829689025879e+00 1.000003218650817871e+00 1.000000000000000000e+00 0.000000000000000000e+00
1.012291908264160156e+00 1.002351045608520508e+00 1.000040173530578613e+00 1.000000476837158203e+00 0.000000000000000000e+00
-1.925444483757019043e+00 -1.811601996421813965e+00 -2.172837257385253906e+00 -1.419680118560791016e+00 0.000000000000000000e+00
-7.423565864562988281e+00 -6.030126810073852539e-01 -2.257387399673461914e+00 -2.222691059112548828e+00 0.000000000000000000e+00
5.570406913757324219e-01 5.017399787902832031e-01 1.729069948196411133e+00 8.958661556243896484e-01 0.000000000000000000e+00
-3.005670607089996338e-01 -2.151911020278930664e+00 -2.424794673919677734e+00 -2.151691675186157227e+00 0.000000000000000000e+00
-1.182295680046081543e+00 -2.172070980072021484e+00 -1.680915355682373047e+00 -1.932303667068481445e+00 0.000000000000000000e+00
1.326144218444824219e+00 -3.695421218872070312e+00 -1.174205064773559570e+00 -2.839673280715942383e+00 0.000000000000000000e+00
-2.483173847198486328e+00 -1.425799250602722168e+00 -5.000438690185546875e-01 -1.572327613830566406e+00 0.000000000000000000e+00
1.468193531036376953e+00 1.000000476837158203e+00 1.000000000000000000e+00 1.000000000000000000e+00 0.000000000000000000e+00
1.004701852798461914e+00 1.000001072883605957e+00 1.000000000000000000e+00 1.000000000000000000e+00 0.000000000000000000e+00
1.008727788925170898e+00 1.000000476837158203e+00 1.000000000000000000e+00 1.000000000000000000e+00 0.000000000000000000e+00
1.023480176925659180e+00 1.000018835067749023e+00 1.000000000000000000e+00 1.000000000000000000e+00 0.000000000000000000e+00
1.380909919738769531e+00 1.000021934509277344e+00 1.000000000000000000e+00 1.000000000000000000e+00 0.000000000000000000e+00
1.327161431312561035e+00 1.003030300140380859e+00 1.000009655952453613e+00 1.000000000000000000e+00 0.000000000000000000e+00
1.009685277938842773e+00 1.000002145767211914e+00 1.000000000000000000e+00 1.000000000000000000e+00 0.000000000000000000e+00
1.951095819473266602e+00 1.172892808914184570e+00 1.015043139457702637e+00 1.000910520553588867e+00 0.000000000000000000e+00
1.429246306419372559e+00 1.120381593704223633e+00 1.005400896072387695e+00 1.000038146972656250e+00 0.000000000000000000e+00
9.997924804687500000e+00 -5.998872280120849609e+00 8.590255737304687500e+00 2.127372503280639648e+00 0.000000000000000000e+00
1.440712809562683105e+00 1.158330917358398438e+00 1.028246641159057617e+00 1.330792665481567383e+00 0.000000000000000000e+00
-6.497335433959960938e-02 -1.435871124267578125e+00 5.777812957763671875e+00 3.445729970932006836e+00 0.000000000000000000e+00
-2.247094869613647461e+00 -1.535241603851318359e+00 -8.828371763229370117e-01 -6.083880066871643066e-01 0.000000000000000000e+00
3.903062582015991211e+00 1.190102338790893555e+00 1.118559598922729492e+00 9.956051111221313477e-01 0.000000000000000000e+00
1.000000000000000000e+00 1.000000000000000000e+00 1.000000000000000000e+00 1.000000000000000000e+00 0.000000000000000000e+00
1.000019311904907227e+00 1.000000000000000000e+00 1.000000000000000000e+00 1.000000000000000000e+00 0.000000000000000000e+00
1.000000000000000000e+00 1.000000000000000000e+00 1.000000000000000000e+00 1.000000000000000000e+00 0.000000000000000000e+00
1.047462940216064453e+00 1.000047206878662109e+00 1.000000000000000000e+00 1.000000000000000000e+00 0.000000000000000000e+00
1.119053483009338379e+00 1.005255579948425293e+00 1.000032663345336914e+00 1.000000476837158203e+00 0.000000000000000000e+00
1.000295042991638184e+00 1.000000000000000000e+00 1.000000000000000000e+00 1.000000000000000000e+00 0.000000000000000000e+00
1.000849723815917969e+00 1.000000000000000000e+00 1.000000000000000000e+00 1.000000000000000000e+00 0.000000000000000000e+00
1.000001072883605957e+00 1.000000000000000000e+00 1.000000000000000000e+00 1.000000000000000000e+00 0.000000000000000000e+00
1.000002145767211914e+00 1.000000000000000000e+00 1.000000000000000000e+00 1.000000000000000000e+00 0.000000000000000000e+00
1.000004291534423828e+00 1.000000000000000000e+00 1.000000000000000000e+00 1.000000000000000000e+00 0.000000000000000000e+00
1.000005960464477539e+00 1.000000000000000000e+00 1.000000000000000000e+00 1.000000000000000000e+00 0.000000000000000000e+00
1.000000476837158203e+00 1.000000000000000000e+00 1.000000000000000000e+00 1.000000000000000000e+00 0.000000000000000000e+00
1.000000000000000000e+00 1.000000000000000000e+00 1.000000000000000000e+00 1.000000000000000000e+00 0.000000000000000000e+00
1.000000000000000000e+00 1.000000000000000000e+00 1.000000000000000000e+00 1.000000000000000000e+00 0.000000000000000000e+00
1.063647031784057617e+00 1.000002145767211914e+00 1.000000000000000000e+00 1.000000000000000000e+00 0.000000000000000000e+00
1.052237868309020996e+00 1.005353450775146484e+00 1.000007510185241699e+00 1.000000000000000000e+00 0.000000000000000000e+00
1.882756590843200684e+00 1.584108710289001465e+00 1.046408653259277344e+00 1.000692248344421387e+00 0.000000000000000000e+00
1.567682743072509766e+00 1.154966592788696289e+00 1.061446309089660645e+00 1.008980035781860352e+00 0.000000000000000000e+00
1.398128867149353027e+00 1.092374801635742188e+00 1.034677386283874512e+00 1.002446889877319336e+00 0.000000000000000000e+00
1.741920709609985352e+00 1.020364761352539062e+00 1.000084877014160156e+00 1.000003218650817871e+00 0.000000000000000000e+00
1.618574261665344238e+00 1.002390623092651367e+00 1.000102996826171875e+00 1.000000476837158203e+00 0.000000000000000000e+00
1.032624840736389160e+00 1.000081539154052734e+00 1.000000000000000000e+00 1.000000000000000000e+00 0.000000000000000000e+00
1.145416617393493652e+00 1.001542806625366211e+00 1.000009655952453613e+00 1.000000000000000000e+00 0.000000000000000000e+00
1.023674368858337402e+00 1.000164985656738281e+00 1.000002622604370117e+00 1.000000000000000000e+00 0.000000000000000000e+00
1.003690958023071289e+00 1.000016570091247559e+00 1.000000476837158203e+00 1.000000000000000000e+00 0.000000000000000000e+00
1.016486644744873047e+00 1.000498056411743164e+00 1.000006914138793945e+00 1.000000000000000000e+00 0.000000000000000000e+00
1.008849143981933594e+00 1.000105619430541992e+00 1.000000000000000000e+00 1.000000000000000000e+00 0.000000000000000000e+00
1.221246480941772461e+00 1.072273135185241699e+00 1.007077693939208984e+00 1.000000476837158203e+00 0.000000000000000000e+00
1.010250806808471680e+00 1.000000000000000000e+00 1.000000000000000000e+00 1.000000000000000000e+00 0.000000000000000000e+00
1.069280862808227539e+00 1.000039696693420410e+00 1.000000000000000000e+00 1.000000000000000000e+00 0.000000000000000000e+00
1.081781983375549316e+00 1.000011205673217773e+00 1.000000000000000000e+00 1.000000000000000000e+00 0.000000000000000000e+00
1.209532260894775391e+00 1.000157117843627930e+00 1.000000000000000000e+00 1.000000000000000000e+00 0.000000000000000000e+00
1.871438026428222656e+00 1.003636837005615234e+00 1.000006914138793945e+00 1.000000000000000000e+00 0.000000000000000000e+00
1.477257728576660156e+00 1.013652682304382324e+00 1.000031709671020508e+00 1.000000000000000000e+00 0.000000000000000000e+00
1.797989010810852051e+00 1.028519392013549805e+00 1.001231670379638672e+00 1.000004291534423828e+00 0.000000000000000000e+00
-1.747478961944580078e+00 -2.105062723159790039e+00 -1.161909699440002441e+00 -1.868179559707641602e+00 0.000000000000000000e+00
-5.283207893371582031e-01 -1.553903341293334961e+00 -2.073217391967773438e+00 -1.166934728622436523e+00 0.000000000000000000e+00
-6.059658527374267578e-02 -1.071572780609130859e+00 -1.278653264045715332e+00 -2.111322402954101562e+00 0.000000000000000000e+00
-6.958907842636108398e-01 -8.040138483047485352e-01 -1.540243625640869141e+00 -1.401599645614624023e+00 0.000000000000000000e+00
-2.053054332733154297e+00 -9.774024486541748047e-01 -1.976390838623046875e+00 -1.309279561042785645e+00 0.000000000000000000e+00
5.969547033309936523e-01 -2.877818346023559570e+00 -1.260790348052978516e+00 -2.210843563079833984e+00 0.000000000000000000e+00
1.211068391799926758e+00 -1.585671901702880859e+00 -1.952443242073059082e+00 -6.095799207687377930e-01 0.000000000000000000e+00
1.000022530555725098e+00 1.000000000000000000e+00 1.000000000000000000e+00 1.000000000000000000e+00 0.000000000000000000e+00
1.000001668930053711e+00 1.000000000000000000e+00 1.000000000000000000e+00 1.000000000000000000e+00 0.000000000000000000e+00
1.000008106231689453e+00 1.000000000000000000e+00 1.000000000000000000e+00 1.000000000000000000e+00 0.000000000000000000e+00
1.005693793296813965e+00 1.000000000000000000e+00 1.000000000000000000e+00 1.000000000000000000e+00 0.000000000000000000e+00
3.387153863906860352e+00 1.005506992340087891e+00 1.000000476837158203e+00 1.000000000000000000e+00 0.000000000000000000e+00
2.059924602508544922e+00 1.002073764801025391e+00 1.000030040740966797e+00 1.000000476837158203e+00 0.000000000000000000e+00
1.018770098686218262e+00 1.006593942642211914e+00 1.000037670135498047e+00 1.000017642974853516e+00 0.000000000000000000e+00
1.054503440856933594e+00 1.001643896102905273e+00 1.000186920166015625e+00 1.000003218650817871e+00 0.000000000000000000e+00
1.680767178535461426e+00 3.992711305618286133e+00 1.273194909095764160e+00 1.005087614059448242e+00 0.000000000000000000e+00
1.015813589096069336e+00 9.999549388885498047e-01 1.001370549201965332e+00 1.000000476837158203e+00 0.000000000000000000e+00
1.653282642364501953e+00 1.004545450210571289e+00 1.000027894973754883e+00 1.000000000000000000e+00 0.000000000000000000e+00
1.144485950469970703e+01 1.132434129714965820e+00 1.000003814697265625e+00 1.000000000000000000e+00 0.000000000000000000e+00
1.113767147064208984e+00 1.010825753211975098e+00 1.000001668930053711e+00 1.000000000000000000e+00 0.000000000000000000e+00
1.102030038833618164e+00 8.934468626976013184e-01 1.107408046722412109e+00 1.005891561508178711e+00 0.000000000000000000e+00
-3.106735944747924805e+00 -2.524901866912841797e+00 7.660109996795654297e-01 1.108442306518554688e+01 0.000000000000000000e+00
8.039698004722595215e-01 -2.366944313049316406e+00 -2.012875795364379883e+00 -1.104759216308593750e+00 0.000000000000000000e+00
1.165618300437927246e+00 1.003001213073730469e+00 1.000089049339294434e+00 1.000000000000000000e+00 0.000000000000000000e+00
1.204146146774291992e+00 1.007178783416748047e+00 1.000009059906005859e+00 1.000000000000000000e+00 0.000000000000000000e+00
-1.490503072738647461e+00 2.644134759902954102e-01 -1.711303949356079102e+00 -1.667753100395202637e+00 0.000000000000000000e+00
1.000000000000000000e+00 1.000000000000000000e+00 1.000000000000000000e+00 1.000000000000000000e+00 0.000000000000000000e+00
1.466183757781982422e+01 1.680211067199707031e+00 1.269791603088378906e+00 1.000597476959228516e+00 0.000000000000000000e+00
1.000043988227844238e+00 1.000000000000000000e+00 1.000000000000000000e+00 1.000000000000000000e+00 0.000000000000000000e+00
1.000013351440429688e+00 1.000000000000000000e+00 1.000000000000000000e+00 1.000000000000000000e+00 0.000000000000000000e+00
1.000000476837158203e+00 1.000000000000000000e+00 1.000000000000000000e+00 1.000000000000000000e+00 0.000000000000000000e+00
1.000896334648132324e+00 1.000000476837158203e+00 1.000000000000000000e+00 1.000000000000000000e+00 0.000000000000000000e+00
1.134503602981567383e+00 1.000000000000000000e+00 1.000000000000000000e+00 1.000000000000000000e+00 0.000000000000000000e+00
1.000007510185241699e+00 1.000000000000000000e+00 1.000000000000000000e+00 1.000000000000000000e+00 0.000000000000000000e+00
1.111204385757446289e+00 1.000092267990112305e+00 1.000000000000000000e+00 1.000000000000000000e+00 0.000000000000000000e+00
1.235305786132812500e+00 1.002486944198608398e+00 1.000004768371582031e+00 1.000000000000000000e+00 0.000000000000000000e+00
1.177172899246215820e+00 1.001405715942382812e+00 1.000002622604370117e+00 1.000000000000000000e+00 0.000000000000000000e+00
1.016638040542602539e+00 1.000041246414184570e+00 1.000000000000000000e+00 1.000000000000000000e+00 0.000000000000000000e+00
1.015719175338745117e+00 1.000011801719665527e+00 1.000000000000000000e+00 1.000000000000000000e+00 0.000000000000000000e+00
1.007853746414184570e+00 1.000012874603271484e+00 1.000000000000000000e+00 1.000000000000000000e+00 0.000000000000000000e+00
1.005909442901611328e+00 1.000004291534423828e+00 1.000000000000000000e+00 1.000000000000000000e+00 0.000000000000000000e+00
1.003866434097290039e+00 1.000001668930053711e+00 1.000000000000000000e+00 1.000000000000000000e+00 0.000000000000000000e+00
1.413066768646240234e+01 1.081810832023620605e+00 1.000007510185241699e+00 1.000000000000000000e+00 0.000000000000000000e+00
1.000492811203002930e+00 1.000001072883605957e+00 1.000000000000000000e+00 1.000000000000000000e+00 0.000000000000000000e+00
1.000020384788513184e+00 1.000000000000000000e+00 1.000000000000000000e+00 1.000000000000000000e+00 0.000000000000000000e+00
1.001693964004516602e+00 1.000001072883605957e+00 1.000000000000000000e+00 1.000000000000000000e+00 0.000000000000000000e+00
2.172948837280273438e+00 1.056807994842529297e+00 1.022413253784179688e+00 1.000095486640930176e+00 0.000000000000000000e+00
1.050425767898559570e+00 1.000027418136596680e+00 1.000000000000000000e+00 1.000000000000000000e+00 0.000000000000000000e+00
1.000184059143066406e+00 1.000000000000000000e+00 1.000000000000000000e+00 1.000000000000000000e+00 0.000000000000000000e+00
2.700346231460571289e+00 1.051528453826904297e+00 1.000004768371582031e+00 1.000000000000000000e+00 1.000000000000000000e+00
1.047334432601928711e+00 1.000136852264404297e+00 1.000000000000000000e+00 1.000000000000000000e+00 2.000000000000000000e+00
2.700346231460571289e+00 1.051528453826904297e+00 1.000004768371582031e+00 1.000000000000000000e+00 1.000000000000000000e+00
1.047334432601928711e+00 1.000136852264404297e+00 1.000000000000000000e+00 1.000000000000000000e+00 2.000000000000000000e+00
2.700346231460571289e+00 1.051528453826904297e+00 1.000004768371582031e+00 1.000000000000000000e+00 1.000000000000000000e+00
1.047334432601928711e+00 1.000136852264404297e+00 1.000000000000000000e+00 1.000000000000000000e+00 2.000000000000000000e+00
2.700346231460571289e+00 1.051528453826904297e+00 1.000004768371582031e+00 1.000000000000000000e+00 1.000000000000000000e+00
1.047334432601928711e+00 1.000136852264404297e+00 1.000000000000000000e+00 1.000000000000000000e+00 2.000000000000000000e+00
2.700346231460571289e+00 1.051528453826904297e+00 1.000004768371582031e+00 1.000000000000000000e+00 1.000000000000000000e+00
1.047334432601928711e+00 1.000136852264404297e+00 1.000000000000000000e+00 1.000000000000000000e+00 2.000000000000000000e+00
2.700346231460571289e+00 1.051528453826904297e+00 1.000004768371582031e+00 1.000000000000000000e+00 1.000000000000000000e+00
1.047334432601928711e+00 1.000136852264404297e+00 1.000000000000000000e+00 1.000000000000000000e+00 2.000000000000000000e+00
2.700346231460571289e+00 1.051528453826904297e+00 1.000004768371582031e+00 1.000000000000000000e+00 1.000000000000000000e+00
1.047334432601928711e+00 1.000136852264404297e+00 1.000000000000000000e+00 1.000000000000000000e+00 2.000000000000000000e+00
2.700346231460571289e+00 1.051528453826904297e+00 1.000004768371582031e+00 1.000000000000000000e+00 1.000000000000000000e+00
1.047334432601928711e+00 1.000136852264404297e+00 1.000000000000000000e+00 1.000000000000000000e+00 2.000000000000000000e+00
2.700346231460571289e+00 1.051528453826904297e+00 1.000004768371582031e+00 1.000000000000000000e+00 1.000000000000000000e+00
1.047334432601928711e+00 1.000136852264404297e+00 1.000000000000000000e+00 1.000000000000000000e+00 2.000000000000000000e+00
2.700346231460571289e+00 1.051528453826904297e+00 1.000004768371582031e+00 1.000000000000000000e+00 1.000000000000000000e+00
1.047334432601928711e+00 1.000136852264404297e+00 1.000000000000000000e+00 1.000000000000000000e+00 2.000000000000000000e+00
1.044194221496582031e+00 1.009951114654541016e+00 1.000495314598083496e+00 1.000027418136596680e+00 0.000000000000000000e+00
1.118860483169555664e+00 1.024599671363830566e+00 1.002138614654541016e+00 1.000062465667724609e+00 0.000000000000000000e+00
1.062614679336547852e+00 1.000648856163024902e+00 1.000002145767211914e+00 1.000000000000000000e+00 0.000000000000000000e+00
1.629551410675048828e+00 1.108208298683166504e+00 9.907882809638977051e-01 1.011742234230041504e+00 0.000000000000000000e+00
1.109781265258789062e+00 1.019787311553955078e+00 1.001076698303222656e+00 1.000104546546936035e+00 0.000000000000000000e+00
2.328206777572631836e+00 1.152013540267944336e+00 2.271905899047851562e+00 1.251760721206665039e+00 0.000000000000000000e+00
4.033992767333984375e+00 2.144438743591308594e+00 9.359725713729858398e-01 1.261504650115966797e+00 0.000000000000000000e+00
1.024102568626403809e+00 1.000041246414184570e+00 1.000000000000000000e+00 1.000000000000000000e+00 0.000000000000000000e+00
1.000064373016357422e+00 1.000000000000000000e+00 1.000000000000000000e+00 1.000000000000000000e+00 0.000000000000000000e+00
1.000052571296691895e+00 1.000000000000000000e+00 1.000000000000000000e+00 1.000000000000000000e+00 0.000000000000000000e+00
1.028243541717529297e+00 1.000015497207641602e+00 1.000000000000000000e+00 1.000000000000000000e+00 0.000000000000000000e+00
3.894627571105957031e+00 1.031368732452392578e+00 1.000277876853942871e+00 1.000000000000000000e+00 0.000000000000000000e+00
1.023137092590332031e+00 1.000039696693420410e+00 1.000000000000000000e+00 1.000000000000000000e+00 0.000000000000000000e+00
6.365026473999023438e+00 1.399409770965576172e+00 1.001859545707702637e+00 1.000017166137695312e+00 0.000000000000000000e+00
3.456978082656860352e+00 -6.716591358184814453e+00 -2.963142871856689453e+00 -2.356984853744506836e+00 0.000000000000000000e+00
1.201273918151855469e+00 1.007104754447937012e+00 1.003463029861450195e+00 9.999759793281555176e-01 0.000000000000000000e+00
-3.703227281570434570e+00 -1.238626122474670410e+00 -1.773548603057861328e+00 -1.531275033950805664e+00 0.000000000000000000e+00
1.772617816925048828e+00 2.191686153411865234e+00 9.343357086181640625e-01 9.720161557197570801e-01 0.000000000000000000e+00
-5.887439250946044922e+00 -3.430319070816040039e+00 -4.429522991180419922e+00 -1.001602411270141602e+00 0.000000000000000000e+00
1.093330621719360352e+00 1.016332864761352539e+00 1.000240564346313477e+00 1.000002622604370117e+00 0.000000000000000000e+00
1.012420177459716797e+00 1.000075578689575195e+00 1.000015497207641602e+00 1.000000000000000000e+00 0.000000000000000000e+00
1.000033259391784668e+00 1.000000000000000000e+00 1.000000000000000000e+00 1.000000000000000000e+00 0.000000000000000000e+00
1.001103997230529785e+00 1.000000000000000000e+00 1.000000000000000000e+00 1.000000000000000000e+00 0.000000000000000000e+00
1.000005364418029785e+00 1.000000000000000000e+00 1.000000000000000000e+00 1.000000000000000000e+00 0.000000000000000000e+00
1.000002145767211914e+00 1.000000000000000000e+00 1.000000000000000000e+00 1.000000000000000000e+00 0.000000000000000000e+00
1.001839995384216309e+00 1.000000000000000000e+00 1.000000000000000000e+00 1.000000000000000000e+00 0.000000000000000000e+00
1.000020980834960938e+00 1.000000000000000000e+00 1.000000000000000000e+00 1.000000000000000000e+00 0.000000000000000000e+00
1.000050425529479980e+00 1.000000000000000000e+00 1.000000000000000000e+00 1.000000000000000000e+00 0.000000000000000000e+00
1.028148412704467773e+00 1.000022530555725098e+00 1.000000000000000000e+00 1.000000000000000000e+00 0.000000000000000000e+00
1.000314354896545410e+00 1.000000000000000000e+00 1.000000000000000000e+00 1.000000000000000000e+00 0.000000000000000000e+00
1.000000000000000000e+00 1.000000000000000000e+00 1.000000000000000000e+00 1.000000000000000000e+00 0.000000000000000000e+00
1.000410914421081543e+00 1.000000000000000000e+00 1.000000000000000000e+00 1.000000000000000000e+00 0.000000000000000000e+00
1.000030517578125000e+00 1.000000000000000000e+00 1.000000000000000000e+00 1.000000000000000000e+00 0.000000000000000000e+00
1.096332311630249023e+00 1.034947276115417480e+00 1.007829308509826660e+00 1.000251054763793945e+00 0.000000000000000000e+00
1.062199711799621582e+00 9.997560381889343262e-01 1.000772476196289062e+00 1.000558853149414062e+00 0.000000000000000000e+00
1.000251054763793945e+00 1.000000476837158203e+00 1.000000000000000000e+00 1.000000000000000000e+00 1.000000000000000000e+00
1.088288068771362305e+00 1.000019788742065430e+00 1.000000000000000000e+00 1.000000000000000000e+00 2.000000000000000000e+00
1.000251054763793945e+00 1.000000476837158203e+00 1.000000000000000000e+00 1.000000000000000000e+00 1.000000000000000000e+00
1.088288068771362305e+00 1.000019788742065430e+00 1.000000000000000000e+00 1.000000000000000000e+00 2.000000000000000000e+00
1.000251054763793945e+00 1.000000476837158203e+00 1.000000000000000000e+00 1.000000000000000000e+00 1.000000000000000000e+00
1.088288068771362305e+00 1.000019788742065430e+00 1.000000000000000000e+00 1.000000000000000000e+00 2.000000000000000000e+00
1.000251054763793945e+00 1.000000476837158203e+00 1.000000000000000000e+00 1.000000000000000000e+00 1.000000000000000000e+00
1.088288068771362305e+00 1.000019788742065430e+00 1.000000000000000000e+00 1.000000000000000000e+00 2.000000000000000000e+00
1.000251054763793945e+00 1.000000476837158203e+00 1.000000000000000000e+00 1.000000000000000000e+00 1.000000000000000000e+00
1.088288068771362305e+00 1.000019788742065430e+00 1.000000000000000000e+00 1.000000000000000000e+00 2.000000000000000000e+00
1.000251054763793945e+00 1.000000476837158203e+00 1.000000000000000000e+00 1.000000000000000000e+00 1.000000000000000000e+00
1.088288068771362305e+00 1.000019788742065430e+00 1.000000000000000000e+00 1.000000000000000000e+00 2.000000000000000000e+00
1.000251054763793945e+00 1.000000476837158203e+00 1.000000000000000000e+00 1.000000000000000000e+00 1.000000000000000000e+00
1.088288068771362305e+00 1.000019788742065430e+00 1.000000000000000000e+00 1.000000000000000000e+00 2.000000000000000000e+00
1.000251054763793945e+00 1.000000476837158203e+00 1.000000000000000000e+00 1.000000000000000000e+00 1.000000000000000000e+00
1.088288068771362305e+00 1.000019788742065430e+00 1.000000000000000000e+00 1.000000000000000000e+00 2.000000000000000000e+00
1.000251054763793945e+00 1.000000476837158203e+00 1.000000000000000000e+00 1.000000000000000000e+00 1.000000000000000000e+00
1.088288068771362305e+00 1.000019788742065430e+00 1.000000000000000000e+00 1.000000000000000000e+00 2.000000000000000000e+00
1.000251054763793945e+00 1.000000476837158203e+00 1.000000000000000000e+00 1.000000000000000000e+00 1.000000000000000000e+00
1.088288068771362305e+00 1.000019788742065430e+00 1.000000000000000000e+00 1.000000000000000000e+00 2.000000000000000000e+00
-8.684314727783203125e+00 -9.624111652374267578e-01 -2.447555541992187500e+00 -1.476500034332275391e+00 0.000000000000000000e+00
-3.758845090866088867e+00 -1.124368906021118164e+00 -1.319422721862792969e+00 -1.283993244171142578e+00 0.000000000000000000e+00
-5.183855533599853516e+00 -8.164884448051452637e-01 -3.206921100616455078e+00 -5.739039182662963867e-01 0.000000000000000000e+00
1.730408668518066406e+00 1.059805989265441895e+00 1.084219932556152344e+00 1.054259300231933594e+00 0.000000000000000000e+00
1.651368618011474609e+00 1.000081062316894531e+00 1.000000000000000000e+00 1.000000000000000000e+00 0.000000000000000000e+00
1.027284622192382812e+00 1.018903970718383789e+00 1.001595377922058105e+00 1.000025510787963867e+00 0.000000000000000000e+00
2.803364276885986328e+00 1.202729129791259766e+01 1.027132987976074219e+00 1.000361442565917969e+00 0.000000000000000000e+00
1.000023007392883301e+00 1.000000476837158203e+00 1.000000000000000000e+00 1.000000000000000000e+00 0.000000000000000000e+00
-2.194630622863769531e+00 2.804722785949707031e-01 -1.167364835739135742e+00 2.070106029510498047e+00 0.000000000000000000e+00
1.994421958923339844e+00 1.007721066474914551e+00 1.000124931335449219e+00 1.000000000000000000e+00 0.000000000000000000e+00
1.103140354156494141e+01 1.000614166259765625e+00 1.000000476837158203e+00 1.000000000000000000e+00 0.000000000000000000e+00
1.000004291534423828e+00 1.000000000000000000e+00 1.000000000000000000e+00 1.000000000000000000e+00 0.000000000000000000e+00
1.002697229385375977e+00 1.000004768371582031e+00 1.000000000000000000e+00 1.000000000000000000e+00 1.000000000000000000e+00
1.171578407287597656e+00 1.000488042831420898e+00 1.000054717063903809e+00 1.000000000000000000e+00 2.000000000000000000e+00
1.002697229385375977e+00 1.000004768371582031e+00 1.000000000000000000e+00 1.000000000000000000e+00 1.000000000000000000e+00
1.171578407287597656e+00 1.000488042831420898e+00 1.000054717063903809e+00 1.000000000000000000e+00 2.000000000000000000e+00
1.002697229385375977e+00 1.000004768371582031e+00 1.000000000000000000e+00 1.000000000000000000e+00 1.000000000000000000e+00
1.171578407287597656e+00 1.000488042831420898e+00 1.000054717063903809e+00 1.000000000000000000e+00 2.000000000000000000e+00
1.002697229385375977e+00 1.000004768371582031e+00 1.000000000000000000e+00 1.000000000000000000e+00 1.000000000000000000e+00
1.171578407287597656e+00 1.000488042831420898e+00 1.000054717063903809e+00 1.000000000000000000e+00 2.000000000000000000e+00
1.002697229385375977e+00 1.000004768371582031e+00 1.000000000000000000e+00 1.000000000000000000e+00 1.000000000000000000e+00
1.171578407287597656e+00 1.000488042831420898e+00 1.000054717063903809e+00 1.000000000000000000e+00 2.000000000000000000e+00
1.002697229385375977e+00 1.000004768371582031e+00 1.000000000000000000e+00 1.000000000000000000e+00 1.000000000000000000e+00
1.171578407287597656e+00 1.000488042831420898e+00 1.000054717063903809e+00 1.000000000000000000e+00 2.000000000000000000e+00
1.002697229385375977e+00 1.000004768371582031e+00 1.000000000000000000e+00 1.000000000000000000e+00 1.000000000000000000e+00
1.171578407287597656e+00 1.000488042831420898e+00 1.000054717063903809e+00 1.000000000000000000e+00 2.000000000000000000e+00
1.002697229385375977e+00 1.000004768371582031e+00 1.000000000000000000e+00 1.000000000000000000e+00 1.000000000000000000e+00
1.171578407287597656e+00 1.000488042831420898e+00 1.000054717063903809e+00 1.000000000000000000e+00 2.000000000000000000e+00
1.002697229385375977e+00 1.000004768371582031e+00 1.000000000000000000e+00 1.000000000000000000e+00 1.000000000000000000e+00
1.171578407287597656e+00 1.000488042831420898e+00 1.000054717063903809e+00 1.000000000000000000e+00 2.000000000000000000e+00
1.002697229385375977e+00 1.000004768371582031e+00 1.000000000000000000e+00 1.000000000000000000e+00 1.000000000000000000e+00
1.171578407287597656e+00 1.000488042831420898e+00 1.000054717063903809e+00 1.000000000000000000e+00 2.000000000000000000e+00
8.890385627746582031e+00 1.033932328224182129e+00 1.000017166137695312e+00 1.000000000000000000e+00 0.000000000000000000e+00
1.000287532806396484e+00 1.000000476837158203e+00 1.000000000000000000e+00 1.000000000000000000e+00 0.000000000000000000e+00
4.915706634521484375e+00 5.966331481933593750e+00 1.143247604370117188e+00 1.000931739807128906e+00 0.000000000000000000e+00
3.142476081848144531e+00 1.008704900741577148e+00 1.000038146972656250e+00 1.000000000000000000e+00 0.000000000000000000e+00
1.236795425415039062e+00 1.005883693695068359e+00 1.001410961151123047e+00 1.000008106231689453e+00 0.000000000000000000e+00
1.288179492950439453e+01 1.019267320632934570e+00 1.001180410385131836e+00 1.000003218650817871e+00 1.000000000000000000e+00
4.516978263854980469e+00 1.270179867744445801e+00 1.000188112258911133e+00 1.000001072883605957e+00 2.000000000000000000e+00
1.288179492950439453e+01 1.019267320632934570e+00 1.001180410385131836e+00 1.000003218650817871e+00 1.000000000000000000e+00
4.516978263854980469e+00 1.270179867744445801e+00 1.000188112258911133e+00 1.000001072883605957e+00 2.000000000000000000e+00
1.288179492950439453e+01 1.019267320632934570e+00 1.001180410385131836e+00 1.000003218650817871e+00 1.000000000000000000e+00
4.516978263854980469e+00 1.270179867744445801e+00 1.000188112258911133e+00 1.000001072883605957e+00 2.000000000000000000e+00
1.288179492950439453e+01 1.019267320632934570e+00 1.001180410385131836e+00 1.000003218650817871e+00 1.000000000000000000e+00
4.516978263854980469e+00 1.270179867744445801e+00 1.000188112258911133e+00 1.000001072883605957e+00 2.000000000000000000e+00
1.288179492950439453e+01 1.019267320632934570e+00 1.001180410385131836e+00 1.000003218650817871e+00 1.000000000000000000e+00
4.516978263854980469e+00 1.270179867744445801e+00 1.000188112258911133e+00 1.000001072883605957e+00 2.000000000000000000e+00
1.288179492950439453e+01 1.019267320632934570e+00 1.001180410385131836e+00 1.000003218650817871e+00 1.000000000000000000e+00
4.516978263854980469e+00 1.270179867744445801e+00 1.000188112258911133e+00 1.000001072883605957e+00 2.000000000000000000e+00
1.288179492950439453e+01 1.019267320632934570e+00 1.001180410385131836e+00 1.000003218650817871e+00 1.000000000000000000e+00
4.516978263854980469e+00 1.270179867744445801e+00 1.000188112258911133e+00 1.000001072883605957e+00 2.000000000000000000e+00
1.288179492950439453e+01 1.019267320632934570e+00 1.001180410385131836e+00 1.000003218650817871e+00 1.000000000000000000e+00
4.516978263854980469e+00 1.270179867744445801e+00 1.000188112258911133e+00 1.000001072883605957e+00 2.000000000000000000e+00
1.288179492950439453e+01 1.019267320632934570e+00 1.001180410385131836e+00 1.000003218650817871e+00 1.000000000000000000e+00
4.516978263854980469e+00 1.270179867744445801e+00 1.000188112258911133e+00 1.000001072883605957e+00 2.000000000000000000e+00
1.288179492950439453e+01 1.019267320632934570e+00 1.001180410385131836e+00 1.000003218650817871e+00 1.000000000000000000e+00
4.516978263854980469e+00 1.270179867744445801e+00 1.000188112258911133e+00 1.000001072883605957e+00 2.000000000000000000e+00
2.478101730346679688e+00 1.824575424194335938e+00 1.004948139190673828e+00 1.000053167343139648e+00 0.000000000000000000e+00
1.001949787139892578e+00 1.000078916549682617e+00 1.000000000000000000e+00 1.000000000000000000e+00 0.000000000000000000e+00
1.003545999526977539e+00 1.000004291534423828e+00 1.000000000000000000e+00 1.000000000000000000e+00 0.000000000000000000e+00
1.039196252822875977e+00 1.013116359710693359e+00 1.001104116439819336e+00 1.000211358070373535e+00 0.000000000000000000e+00
1.243479728698730469e+00 1.036896944046020508e+00 1.001007795333862305e+00 1.000006437301635742e+00 0.000000000000000000e+00
2.222986698150634766e+00 1.021554946899414062e+00 1.000007510185241699e+00 1.000000000000000000e+00 0.000000000000000000e+00
1.023481130599975586e+00 1.000004291534423828e+00 1.000000000000000000e+00 1.000000000000000000e+00 0.000000000000000000e+00
1.000162005424499512e+00 1.000000000000000000e+00 1.000000000000000000e+00 1.000000000000000000e+00 0.000000000000000000e+00
1.033696413040161133e+00 1.000195264816284180e+00 1.000000000000000000e+00 1.000000000000000000e+00 0.000000000000000000e+00
3.375829219818115234e+00 -3.283700346946716309e-01 -3.277007579803466797e+00 6.531599044799804688e+00 0.000000000000000000e+00
-1.578652143478393555e+00 -1.586952447891235352e+00 -1.775329113006591797e+00 -1.208088159561157227e+00 0.000000000000000000e+00
4.658207297325134277e-02 -1.851425647735595703e+00 -4.081744670867919922e+00 -1.135734558105468750e+00 0.000000000000000000e+00
-6.247883439064025879e-01 -1.245905280113220215e+00 -1.482027173042297363e+00 -2.152371168136596680e+00 0.000000000000000000e+00
9.116094112396240234e-01 9.618200063705444336e-01 -4.227781772613525391e+00 -2.619777202606201172e+00 0.000000000000000000e+00
1.000000000000000000e+00 1.000000000000000000e+00 1.000000000000000000e+00 1.000000000000000000e+00 0.000000000000000000e+00
1.000000000000000000e+00 1.000000000000000000e+00 1.000000000000000000e+00 1.000000000000000000e+00 0.000000000000000000e+00
1.000000476837158203e+00 1.000000000000000000e+00 1.000000000000000000e+00 1.000000000000000000e+00 0.000000000000000000e+00
1.000000000000000000e+00 1.000000000000000000e+00 1.000000000000000000e+00 1.000000000000000000e+00 0.000000000000000000e+00
1.000011205673217773e+00 1.000000000000000000e+00 1.000000000000000000e+00 1.000000000000000000e+00 0.000000000000000000e+00
1.000000000000000000e+00 1.000000000000000000e+00 1.000000000000000000e+00 1.000000000000000000e+00 0.000000000000000000e+00
1.000006437301635742e+00 1.000000000000000000e+00 1.000000000000000000e+00 1.000000000000000000e+00 0.000000000000000000e+00
1.273238301277160645e+00 1.173947453498840332e-01 -5.718223571777343750e+00 -2.539380550384521484e+00 0.000000000000000000e+00
1.000038623809814453e+00 1.000000000000000000e+00 1.000000000000000000e+00 1.000000000000000000e+00 0.000000000000000000e+00
1.000122785568237305e+00 1.000000000000000000e+00 1.000000000000000000e+00 1.000000000000000000e+00 0.000000000000000000e+00
1.004783630371093750e+00 1.000003218650817871e+00 1.000000000000000000e+00 1.000000000000000000e+00 0.000000000000000000e+00
1.000154495239257812e+00 1.000000000000000000e+00 1.000000000000000000e+00 1.000000000000000000e+00 0.000000000000000000e+00
1.001805663108825684e+00 1.000000000000000000e+00 1.000000000000000000e+00 1.000000000000000000e+00 0.000000000000000000e+00
1.018037319183349609e+00 1.000154495239257812e+00 1.000000000000000000e+00 1.000000000000000000e+00 0.000000000000000000e+00
-9.869122505187988281e-01 -1.491128683090209961e+00 -1.222966313362121582e-01 4.310923814773559570e-01 0.000000000000000000e+00
1.001993298530578613e+00 1.014738559722900391e+00 1.001616001129150391e+00 1.000002145767211914e+00 0.000000000000000000e+00
-1.901522636413574219e+00 -5.206220149993896484e+00 6.658499240875244141e-01 1.177999877929687500e+01 0.000000000000000000e+00
1.000001668930053711e+00 1.000000000000000000e+00 1.000000000000000000e+00 1.000000000000000000e+00 0.000000000000000000e+00
-1.883679032325744629e-01 -7.614245414733886719e-01 1.269616699218750000e+01 2.591464757919311523e+00 0.000000000000000000e+00
-4.796138763427734375e+00 1.743943214416503906e+00 4.626421451568603516e+00 3.436216831207275391e+00 0.000000000000000000e+00
1.768353223800659180e+00 1.048747777938842773e+00 1.001182317733764648e+00 1.000038146972656250e+00 0.000000000000000000e+00
-1.853541970252990723e+00 -1.419309020042419434e+00 -1.509611010551452637e+00 -7.992173433303833008e-01 0.000000000000000000e+00
-1.888188362121582031e+00 -8.696462512016296387e-01 -1.378701090812683105e+00 -1.119297266006469727e+00 0.000000000000000000e+00
-1.806479930877685547e+00 -1.431739091873168945e+00 -1.200656294822692871e+00 -1.008432269096374512e+00 0.000000000000000000e+00
1.171285247802734375e+01 2.202164173126220703e+00 1.000747919082641602e+00 9.999441504478454590e-01 0.000000000000000000e+00
1.000001072883605957e+00 1.000000000000000000e+00 1.000000000000000000e+00 1.000000000000000000e+00 0.000000000000000000e+00
1.000009655952453613e+00 1.000000000000000000e+00 1.000000000000000000e+00 1.000000000000000000e+00 0.000000000000000000e+00
-1.780356049537658691e+00 -1.538069605827331543e+00 -1.181347131729125977e+00 -1.067319393157958984e+00 1.000000000000000000e+00
2.819806098937988281e+00 8.514275550842285156e-01 1.534467577934265137e+00 -9.064551353454589844e+00 2.000000000000000000e+00
-1.780356049537658691e+00 -1.538069605827331543e+00 -1.181347131729125977e+00 -1.067319393157958984e+00 1.000000000000000000e+00
2.819806098937988281e+00 8.514275550842285156e-01 1.534467577934265137e+00 -9.064551353454589844e+00 2.000000000000000000e+00
-1.780356049537658691e+00 -1.538069605827331543e+00 -1.181347131729125977e+00 -1.067319393157958984e+00 1.000000000000000000e+00
2.819806098937988281e+00 8.514275550842285156e-01 1.534467577934265137e+00 -9.064551353454589844e+00 2.000000000000000000e+00
-1.780356049537658691e+00 -1.538069605827331543e+00 -1.181347131729125977e+00 -1.067319393157958984e+00 1.000000000000000000e+00
2.819806098937988281e+00 8.514275550842285156e-01 1.534467577934265137e+00 -9.064551353454589844e+00 2.000000000000000000e+00
-1.780356049537658691e+00 -1.538069605827331543e+00 -1.181347131729125977e+00 -1.067319393157958984e+00 1.000000000000000000e+00
2.819806098937988281e+00 8.514275550842285156e-01 1.534467577934265137e+00 -9.064551353454589844e+00 2.000000000000000000e+00
-1.780356049537658691e+00 -1.538069605827331543e+00 -1.181347131729125977e+00 -1.067319393157958984e+00 1.000000000000000000e+00
2.819806098937988281e+00 8.514275550842285156e-01 1.534467577934265137e+00 -9.064551353454589844e+00 2.000000000000000000e+00
-1.780356049537658691e+00 -1.538069605827331543e+00 -1.181347131729125977e+00 -1.067319393157958984e+00 1.000000000000000000e+00
2.819806098937988281e+00 8.514275550842285156e-01 1.534467577934265137e+00 -9.064551353454589844e+00 2.000000000000000000e+00
-1.780356049537658691e+00 -1.538069605827331543e+00 -1.181347131729125977e+00 -1.067319393157958984e+00 1.000000000000000000e+00
2.819806098937988281e+00 8.514275550842285156e-01 1.534467577934265137e+00 -9.064551353454589844e+00 2.000000000000000000e+00
-1.780356049537658691e+00 -1.538069605827331543e+00 -1.181347131729125977e+00 -1.067319393157958984e+00 1.000000000000000000e+00
2.819806098937988281e+00 8.514275550842285156e-01 1.534467577934265137e+00 -9.064551353454589844e+00 2.000000000000000000e+00
-1.780356049537658691e+00 -1.538069605827331543e+00 -1.181347131729125977e+00 -1.067319393157958984e+00 1.000000000000000000e+00
2.819806098937988281e+00 8.514275550842285156e-01 1.534467577934265137e+00 -9.064551353454589844e+00 2.000000000000000000e+00
1.000153422355651855e+00 1.000000000000000000e+00 1.000000000000000000e+00 1.000000000000000000e+00 0.000000000000000000e+00
1.000691413879394531e+00 1.000000000000000000e+00 1.000000000000000000e+00 1.000000000000000000e+00 0.000000000000000000e+00
1.003050684928894043e+00 1.000015020370483398e+00 1.000000000000000000e+00 1.000000000000000000e+00 0.000000000000000000e+00
1.064467906951904297e+00 1.000570178031921387e+00 1.000000476837158203e+00 1.000000000000000000e+00 0.000000000000000000e+00
1.001191020011901855e+00 1.000003814697265625e+00 1.000000000000000000e+00 1.000000000000000000e+00 0.000000000000000000e+00
-1.698135852813720703e+00 5.992717266082763672e+00 1.000922441482543945e+00 1.000006437301635742e+00 0.000000000000000000e+00
5.928632736206054688e+00 1.053326606750488281e+00 1.010021328926086426e+00 9.935819506645202637e-01 0.000000000000000000e+00
1.096595525741577148e+00 1.000000000000000000e+00 1.000000000000000000e+00 1.000000000000000000e+00 0.000000000000000000e+00
1.255401372909545898e+00 1.000093340873718262e+00 1.000000000000000000e+00 1.000000000000000000e+00 0.000000000000000000e+00
1.494824314117431641e+01 1.001075506210327148e+00 1.000000476837158203e+00 1.000000000000000000e+00 0.000000000000000000e+00
1.232484245300292969e+01 1.261862516403198242e+00 1.038511753082275391e+00 1.617172241210937500e+00 0.000000000000000000e+00
2.406462669372558594e+00 8.002043366432189941e-01 1.419806599617004395e+00 1.074421763420104980e+00 0.000000000000000000e+00
2.824106931686401367e+00 1.063816666603088379e+00 1.001642346382141113e+00 1.000021457672119141e+00 0.000000000000000000e+00
1.104228615760803223e+00 1.004941940307617188e+00 1.000031113624572754e+00 1.000000000000000000e+00 0.000000000000000000e+00
2.433426856994628906e+00 1.000080466270446777e+00 1.000000000000000000e+00 1.000000000000000000e+00 0.000000000000000000e+00
1.016535282135009766e+00 1.000278830528259277e+00 1.000001072883605957e+00 1.000000000000000000e+00 0.000000000000000000e+00
1.016210675239562988e+00 1.000005364418029785e+00 1.000000000000000000e+00 1.000000000000000000e+00 0.000000000000000000e+00
1.004699230194091797e+00 1.000023603439331055e+00 1.000000000000000000e+00 1.000000000000000000e+00 0.000000000000000000e+00
1.275991797447204590e+00 1.000864267349243164e+00 1.000000000000000000e+00 1.000000000000000000e+00 0.000000000000000000e+00
-9.082161188125610352e-01 -2.788559794425964355e-01 1.455597972869873047e+01 2.170509815216064453e+00 0.000000000000000000e+00
9.552622437477111816e-01 1.083546876907348633e+00 1.000045537948608398e+00 1.000000000000000000e+00 0.000000000000000000e+00
1.467033863067626953e+00 1.667503833770751953e+00 1.121526718139648438e+00 1.011157751083374023e+00 0.000000000000000000e+00
2.759223699569702148e+00 1.191875934600830078e+00 1.054466962814331055e+00 1.004682660102844238e+00 0.000000000000000000e+00
1.052227497100830078e+00 1.000018239021301270e+00 1.000000000000000000e+00 1.000000000000000000e+00 0.000000000000000000e+00
1.662258386611938477e+00 1.338486075401306152e+00 1.001270771026611328e+00 1.000000000000000000e+00 0.000000000000000000e+00
1.381791353225708008e+00 1.030558586120605469e+00 1.000012397766113281e+00 1.000000000000000000e+00 0.000000000000000000e+00
1.002202153205871582e+00 1.000023603439331055e+00 1.000000000000000000e+00 1.000000000000000000e+00 0.000000000000000000e+00
1.757518291473388672e+00 1.670532822608947754e+00 1.327496767044067383e+00 1.000013351440429688e+00 0.000000000000000000e+00
3.822382450103759766e+00 5.594164133071899414e-02 -4.246989250183105469e+00 -6.453945159912109375e+00 0.000000000000000000e+00
1.513777375221252441e+00 2.029729366302490234e+00 2.672504901885986328e+00 1.073682308197021484e+00 0.000000000000000000e+00
2.253551721572875977e+00 1.507474780082702637e+00 1.047968983650207520e+00 1.228138685226440430e+00 0.000000000000000000e+00
1.636494278907775879e+00 1.180959939956665039e+00 9.918335080146789551e-01 1.039331674575805664e+00 0.000000000000000000e+00
6.916050314903259277e-01 1.719599485397338867e+00 1.627168178558349609e+00 1.134694576263427734e+00 0.000000000000000000e+00
5.225337147712707520e-01 3.677828311920166016e+00 1.067868947982788086e+00 1.005261898040771484e+00 0.000000000000000000e+00
3.700670719146728516e+00 1.425089359283447266e+00 1.000537157058715820e+00 1.000007510185241699e+00 0.000000000000000000e+00
1.002383947372436523e+00 1.000000000000000000e+00 1.000000000000000000e+00 1.000000000000000000e+00 0.000000000000000000e+00
1.001386165618896484e+00 1.000000000000000000e+00 1.000000000000000000e+00 1.000000000000000000e+00 0.000000000000000000e+00
1.007677078247070312e+00 1.000000000000000000e+00 1.000000000000000000e+00 1.000000000000000000e+00 0.000000000000000000e+00
1.018419981002807617e+00 1.002139091491699219e+00 1.000007510185241699e+00 1.000000000000000000e+00 0.000000000000000000e+00
1.130291700363159180e+00 1.000588893890380859e+00 1.000029563903808594e+00 1.000000000000000000e+00 0.000000000000000000e+00
1.000814795494079590e+00 1.000005364418029785e+00 1.000000000000000000e+00 1.000000000000000000e+00 0.000000000000000000e+00
1.000212907791137695e+00 1.000000000000000000e+00 1.000000000000000000e+00 1.000000000000000000e+00 0.000000000000000000e+00
1.051326036453247070e+00 1.002018809318542480e+00 1.000017166137695312e+00 1.000000476837158203e+00 1.000000000000000000e+00
1.048931479454040527e+00 1.000010251998901367e+00 1.000000000000000000e+00 1.000000000000000000e+00 2.000000000000000000e+00
1.051326036453247070e+00 1.002018809318542480e+00 1.000017166137695312e+00 1.000000476837158203e+00 1.000000000000000000e+00
1.048931479454040527e+00 1.000010251998901367e+00 1.000000000000000000e+00 1.000000000000000000e+00 2.000000000000000000e+00
1.051326036453247070e+00 1.002018809318542480e+00 1.000017166137695312e+00 1.000000476837158203e+00 1.000000000000000000e+00
1.048931479454040527e+00 1.000010251998901367e+00 1.000000000000000000e+00 1.000000000000000000e+00 2.000000000000000000e+00
1.051326036453247070e+00 1.002018809318542480e+00 1.000017166137695312e+00 1.000000476837158203e+00 1.000000000000000000e+00
1.048931479454040527e+00 1.000010251998901367e+00 1.000000000000000000e+00 1.000000000000000000e+00 2.000000000000000000e+00
1.051326036453247070e+00 1.002018809318542480e+00 1.000017166137695312e+00 1.000000476837158203e+00 1.000000000000000000e+00
1.048931479454040527e+00 1.000010251998901367e+00 1.000000000000000000e+00 1.000000000000000000e+00 2.000000000000000000e+00
1.051326036453247070e+00 1.002018809318542480e+00 1.000017166137695312e+00 1.000000476837158203e+00 1.000000000000000000e+00
1.048931479454040527e+00 1.000010251998901367e+00 1.000000000000000000e+00 1.000000000000000000e+00 2.000000000000000000e+00
1.051326036453247070e+00 1.002018809318542480e+00 1.000017166137695312e+00 1.000000476837158203e+00 1.000000000000000000e+00
1.048931479454040527e+00 1.000010251998901367e+00 1.000000000000000000e+00 1.000000000000000000e+00 2.000000000000000000e+00
1.051326036453247070e+00 1.002018809318542480e+00 1.000017166137695312e+00 1.000000476837158203e+00 1.000000000000000000e+00
1.048931479454040527e+00 1.000010251998901367e+00 1.000000000000000000e+00 1.000000000000000000e+00 2.000000000000000000e+00
1.051326036453247070e+00 1.002018809318542480e+00 1.000017166137695312e+00 1.000000476837158203e+00 1.000000000000000000e+00
1.048931479454040527e+00 1.000010251998901367e+00 1.000000000000000000e+00 1.000000000000000000e+00 2.000000000000000000e+00
1.051326036453247070e+00 1.002018809318542480e+00 1.000017166137695312e+00 1.000000476837158203e+00 1.000000000000000000e+00
1.048931479454040527e+00 1.000010251998901367e+00 1.000000000000000000e+00 1.000000000000000000e+00 2.000000000000000000e+00
1.002549290657043457e+00 1.000018239021301270e+00 1.000000000000000000e+00 1.000000000000000000e+00 0.000000000000000000e+00
1.014714837074279785e+00 1.000041246414184570e+00 1.000000000000000000e+00 1.000000000000000000e+00 0.000000000000000000e+00
1.086560606956481934e+00 1.000701665878295898e+00 1.000000000000000000e+00 1.000000000000000000e+00 0.000000000000000000e+00
1.000020384788513184e+00 1.000000000000000000e+00 1.000000000000000000e+00 1.000000000000000000e+00 0.000000000000000000e+00
1.000349760055541992e+00 1.000000476837158203e+00 1.000000000000000000e+00 1.000000000000000000e+00 0.000000000000000000e+00
2.419896841049194336e+00 1.066841363906860352e+00 1.000008106231689453e+00 1.000000000000000000e+00 0.000000000000000000e+00
1.007323622703552246e+00 1.000003814697265625e+00 1.000000000000000000e+00 1.000000000000000000e+00 0.000000000000000000e+00
1.000004291534423828e+00 1.000000000000000000e+00 1.000000000000000000e+00 1.000000000000000000e+00 1.000000000000000000e+00
1.298837065696716309e+00 1.000016093254089355e+00 1.000000000000000000e+00 1.000000000000000000e+00 2.000000000000000000e+00
1.000004291534423828e+00 1.000000000000000000e+00 1.000000000000000000e+00 1.000000000000000000e+00 1.000000000000000000e+00
1.298837065696716309e+00 1.000016093254089355e+00 1.000000000000000000e+00 1.000000000000000000e+00 2.000000000000000000e+00
1.000004291534423828e+00 1.000000000000000000e+00 1.000000000000000000e+00 1.000000000000000000e+00 1.000000000000000000e+00
1.298837065696716309e+00 1.000016093254089355e+00 1.000000000000000000e+00 1.000000000000000000e+00 2.000000000000000000e+00
1.000004291534423828e+00 1.000000000000000000e+00 1.000000000000000000e+00 1.000000000000000000e+00 1.000000000000000000e+00
1.298837065696716309e+00 1.000016093254089355e+00 1.000000000000000000e+00 1.000000000000000000e+00 2.000000000000000000e+00
1.000004291534423828e+00 1.000000000000000000e+00 1.000000000000000000e+00 1.000000000000000000e+00 1.000000000000000000e+00
1.298837065696716309e+00 1.000016093254089355e+00 1.000000000000000000e+00 1.000000000000000000e+00 2.000000000000000000e+00
1.000004291534423828e+00 1.000000000000000000e+00 1.000000000000000000e+00 1.000000000000000000e+00 1.000000000000000000e+00
1.298837065696716309e+00 1.000016093254089355e+00 1.000000000000000000e+00 1.000000000000000000e+00 2.000000000000000000e+00
1.000004291534423828e+00 1.000000000000000000e+00 1.000000000000000000e+00 1.000000000000000000e+00 1.000000000000000000e+00
1.298837065696716309e+00 1.000016093254089355e+00 1.000000000000000000e+00 1.000000000000000000e+00 2.000000000000000000e+00
1.000004291534423828e+00 1.000000000000000000e+00 1.000000000000000000e+00 1.000000000000000000e+00 1.000000000000000000e+00
1.298837065696716309e+00 1.000016093254089355e+00 1.000000000000000000e+00 1.000000000000000000e+00 2.000000000000000000e+00
1.000004291534423828e+00 1.000000000000000000e+00 1.000000000000000000e+00 1.000000000000000000e+00 1.000000000000000000e+00
1.298837065696716309e+00 1.000016093254089355e+00 1.000000000000000000e+00 1.000000000000000000e+00 2.000000000000000000e+00
1.000004291534423828e+00 1.000000000000000000e+00 1.000000000000000000e+00 1.000000000000000000e+00 1.000000000000000000e+00
1.298837065696716309e+00 1.000016093254089355e+00 1.000000000000000000e+00 1.000000000000000000e+00 2.000000000000000000e+00
1.062381505966186523e+00 1.000759601593017578e+00 1.000000000000000000e+00 1.000000000000000000e+00 0.000000000000000000e+00
1.000043988227844238e+00 1.000000000000000000e+00 1.000000000000000000e+00 1.000000000000000000e+00 0.000000000000000000e+00
1.213410377502441406e+00 1.011593103408813477e+00 1.000000000000000000e+00 1.000000000000000000e+00 0.000000000000000000e+00
1.298646569252014160e+00 1.001579761505126953e+00 1.000009655952453613e+00 1.000000000000000000e+00 0.000000000000000000e+00
1.003296375274658203e+00 1.000000000000000000e+00 1.000000000000000000e+00 1.000000000000000000e+00 0.000000000000000000e+00
1.145181298255920410e+00 5.239708423614501953e-01 1.395081281661987305e+00 1.039866089820861816e+00 0.000000000000000000e+00
-4.330180644989013672e+00 2.534713268280029297e+00 -5.147923469543457031e+00 -2.397805452346801758e-01 0.000000000000000000e+00
5.782622814178466797e+00 1.000536441802978516e+00 1.000000000000000000e+00 1.000000000000000000e+00 0.000000000000000000e+00
1.095069289207458496e+00 1.000000000000000000e+00 1.000000000000000000e+00 1.000000000000000000e+00 0.000000000000000000e+00
1.025148630142211914e+00 1.000006914138793945e+00 1.000000000000000000e+00 1.000000000000000000e+00 0.000000000000000000e+00
1.008302927017211914e+00 1.000019788742065430e+00 1.000000000000000000e+00 1.000000000000000000e+00 0.000000000000000000e+00
1.001535058021545410e+00 1.000002145767211914e+00 1.000000000000000000e+00 1.000000000000000000e+00 0.000000000000000000e+00
1.000138401985168457e+00 1.000000000000000000e+00 1.000000000000000000e+00 1.000000000000000000e+00 0.000000000000000000e+00
1.000016689300537109e+00 1.000000000000000000e+00 1.000000000000000000e+00 1.000000000000000000e+00 0.000000000000000000e+00
1.151416301727294922e+00 9.935084581375122070e-01 1.036327242851257324e+00 1.001276493072509766e+00 0.000000000000000000e+00
8.305411338806152344e-01 1.612181663513183594e+00 9.922343492507934570e-01 6.709738373756408691e-01 0.000000000000000000e+00
-3.838044166564941406e+00 1.935763239860534668e+00 9.664155006408691406e+00 1.836931705474853516e+00 0.000000000000000000e+00
4.960678100585937500e+00 1.036375522613525391e+00 2.230002403259277344e+00 1.314034104347229004e+00 0.000000000000000000e+00
1.678059220314025879e+00 1.007476687431335449e+00 1.000721693038940430e+00 1.000010490417480469e+00 0.000000000000000000e+00
1.411247491836547852e+00 1.127043724060058594e+00 1.001942157745361328e+00 1.000069141387939453e+00 0.000000000000000000e+00
2.660911083221435547e+00 1.650225400924682617e+00 1.064040422439575195e+00 1.002386331558227539e+00 0.000000000000000000e+00
1.317287445068359375e+00 1.001597523689270020e+00 1.000298976898193359e+00 1.000017642974853516e+00 0.000000000000000000e+00
4.122687339782714844e+00 1.013585686683654785e+00 1.000058889389038086e+00 1.000005364418029785e+00 0.000000000000000000e+00
1.003606200218200684e+00 1.000289440155029297e+00 1.000002622604370117e+00 1.000000000000000000e+00 0.000000000000000000e+00
-3.141770064830780029e-01 -7.068021297454833984e-01 -1.675161480903625488e+00 -5.741808414459228516e-01 0.000000000000000000e+00
1.119280099868774414e+00 -1.019195675849914551e+00 -2.656028747558593750e+00 -8.657606124877929688e+00 0.000000000000000000e+00
2.989411354064941406e+00 1.377653598785400391e+00 1.063069105148315430e+00 1.008046150207519531e+00 0.000000000000000000e+00
1.602646470069885254e+00 1.322023510932922363e+00 2.528946399688720703e+00 1.178642749786376953e+00 0.000000000000000000e+00
1.005193710327148438e+00 1.000001072883605957e+00 1.000000000000000000e+00 1.000000000000000000e+00 0.000000000000000000e+00
1.000233888626098633e+00 1.000000000000000000e+00 1.000000000000000000e+00 1.000000000000000000e+00 0.000000000000000000e+00
1.000101327896118164e+00 1.000000000000000000e+00 1.000000000000000000e+00 1.000000000000000000e+00 0.000000000000000000e+00
9.995700120925903320e-01 1.002005696296691895e+00 1.000000476837158203e+00 1.000000000000000000e+00 0.000000000000000000e+00
1.117789506912231445e+00 1.001420021057128906e+00 1.000061750411987305e+00 1.000000000000000000e+00 0.000000000000000000e+00
1.000042915344238281e+00 1.000000000000000000e+00 1.000000000000000000e+00 1.000000000000000000e+00 0.000000000000000000e+00
1.909663677215576172e+00 1.011740922927856445e+00 1.000420451164245605e+00 1.000001072883605957e+00 0.000000000000000000e+00
1.916468501091003418e+00 1.023595333099365234e+00 1.000329256057739258e+00 1.000110387802124023e+00 0.000000000000000000e+00
2.586819410324096680e+00 1.751573324203491211e+00 1.013170003890991211e+00 1.000581502914428711e+00 0.000000000000000000e+00
1.169156074523925781e+00 1.000949144363403320e+00 1.000003218650817871e+00 1.000000000000000000e+00 0.000000000000000000e+00
1.156832337379455566e+00 1.000237584114074707e+00 1.000000476837158203e+00 1.000000000000000000e+00 0.000000000000000000e+00
8.578089714050292969e+00 1.726827502250671387e+00 -1.338032722473144531e+00 3.276175022125244141e+00 0.000000000000000000e+00
4.486035346984863281e+00 1.465543508529663086e+00 1.094480037689208984e+00 1.004446387290954590e+00 0.000000000000000000e+00
