7.204488515853881836e-01 7.365581989288330078e-01 7.739946246147155762e-01 7.678095102310180664e-01 7.665296792984008789e-01 0.000000000000000000e+00
4.503346681594848633e-01 6.658396720886230469e-01 6.810426712036132812e-01 6.166602373123168945e-01 7.017878293991088867e-01 0.000000000000000000e+00
2.996497452259063721e-01 3.786129057407379150e-01 5.415469408035278320e-01 5.217630267143249512e-01 6.239428520202636719e-01 0.000000000000000000e+00
1.368318796157836914e-01 2.154397666454315186e-01 4.034905433654785156e-01 4.621283710002899170e-01 5.112296938896179199e-01 0.000000000000000000e+00
2.036453485488891602e-01 1.513743698596954346e-01 2.419182807207107544e-01 3.224984109401702881e-01 4.101879000663757324e-01 0.000000000000000000e+00
3.691113889217376709e-01 6.164407730102539062e-01 5.327205657958984375e-01 3.810907602310180664e-01 2.572529613971710205e-01 0.000000000000000000e+00
2.595439553260803223e-01 2.259412109851837158e-01 2.499246895313262939e-01 5.441039800643920898e-01 6.458561420440673828e-01 0.000000000000000000e+00
6.758172512054443359e-01 7.986030578613281250e-01 8.421132564544677734e-01 8.068242073059082031e-01 7.130159735679626465e-01 0.000000000000000000e+00
7.756261229515075684e-01 8.750052452087402344e-01 9.305636882781982422e-01 9.466434717178344727e-01 9.331529140472412109e-01 0.000000000000000000e+00
6.419278979301452637e-01 7.730747461318969727e-01 8.144667744636535645e-01 8.515356183052062988e-01 8.857111930847167969e-01 0.000000000000000000e+00
7.496110200881958008e-01 8.308654427528381348e-01 8.619856238365173340e-01 8.882126212120056152e-01 8.905878067016601562e-01 0.000000000000000000e+00
4.979265034198760986e-01 6.848697066307067871e-01 7.892816662788391113e-01 8.280126452445983887e-01 8.915206193923950195e-01 0.000000000000000000e+00
4.322716593742370605e-01 4.511851966381072998e-01 5.139375925064086914e-01 6.290179491043090820e-01 6.610487103462219238e-01 0.000000000000000000e+00
4.881083369255065918e-01 6.456766128540039062e-01 6.867362260818481445e-01 6.776151657104492188e-01 7.254474163055419922e-01 0.000000000000000000e+00
2.788789868354797363e-01 4.589404463768005371e-01 4.743230044841766357e-01 6.790002584457397461e-01 6.470072269439697266e-01 0.000000000000000000e+00
-7.965868711471557617e-02 1.192551478743553162e-01 3.108369410037994385e-01 4.259743094444274902e-01 5.488491058349609375e-01 0.000000000000000000e+00
2.878789007663726807e-01 2.830720543861389160e-01 3.162142634391784668e-01 4.681132137775421143e-01 3.853363990783691406e-01 0.000000000000000000e+00
2.486038058996200562e-01 1.912420094013214111e-01 7.022611051797866821e-02 1.925699263811111450e-01 1.447240859270095825e-01 0.000000000000000000e+00
2.173510193824768066e-01 4.394931197166442871e-01 4.828799068927764893e-01 7.057371139526367188e-01 7.096520662307739258e-01 0.000000000000000000e+00
3.215663433074951172e-01 2.833326458930969238e-01 3.806328177452087402e-01 6.538643240928649902e-01 6.623750329017639160e-01 0.000000000000000000e+00
1.011390388011932373e-01 -1.165006607770919800e-01 -2.535226941108703613e-02 2.388198524713516235e-01 2.844362854957580566e-01 0.000000000000000000e+00
1.304384320974349976e-01 -5.150620639324188232e-02 2.699187584221363068e-02 2.979438304901123047e-01 5.361537933349609375e-01 0.000000000000000000e+00
3.184331059455871582e-01 1.286712735891342163e-01 3.535920381546020508e-01 4.514138400554656982e-01 4.666776955127716064e-01 0.000000000000000000e+00
2.133448570966720581e-01 1.377333700656890869e-01 3.658853471279144287e-01 5.221609473228454590e-01 5.740597844123840332e-01 0.000000000000000000e+00
-1.739108189940452576e-02 -1.004898101091384888e-01 -9.395801275968551636e-02 -3.430886566638946533e-02 -3.111186251044273376e-02 0.000000000000000000e+00
2.811383008956909180e-01 4.287908077239990234e-01 3.213679492473602295e-01 2.452117204666137695e-01 2.796129584312438965e-01 0.000000000000000000e+00
4.538769125938415527e-01 7.173238396644592285e-01 8.268982768058776855e-01 8.522449135780334473e-01 8.222898244857788086e-01 0.000000000000000000e+00
7.072651386260986328e-01 8.618618845939636230e-01 9.093675017356872559e-01 8.886278867721557617e-01 9.278316497802734375e-01 0.000000000000000000e+00
-1.513779610395431519e-01 -9.978948533535003662e-02 1.771089136600494385e-01 5.159791707992553711e-01 5.958628654479980469e-01 0.000000000000000000e+00
9.455138444900512695e-02 4.793253242969512939e-01 5.006713867187500000e-01 3.576596081256866455e-01 3.601997494697570801e-01 0.000000000000000000e+00
9.047948569059371948e-02 2.231682389974594116e-01 4.120601117610931396e-01 3.711311817169189453e-01 6.707271933555603027e-01 0.000000000000000000e+00
1.000448316335678101e-01 2.425435334444046021e-01 2.230213582515716553e-01 4.660965502262115479e-01 3.955052196979522705e-01 0.000000000000000000e+00
2.956858873367309570e-01 4.153734147548675537e-01 4.759610593318939209e-01 5.377129316329956055e-01 4.810526072978973389e-01 0.000000000000000000e+00
5.986132621765136719e-01 5.885416865348815918e-01 6.476007103919982910e-01 6.337260007858276367e-01 7.349920868873596191e-01 0.000000000000000000e+00
4.345819056034088135e-01 6.733800172805786133e-01 7.355021238327026367e-01 6.370633840560913086e-01 6.352187395095825195e-01 0.000000000000000000e+00
6.068130731582641602e-01 6.813647747039794922e-01 4.791151285171508789e-01 3.316851854324340820e-01 5.382356643676757812e-01 0.000000000000000000e+00
5.762563943862915039e-01 7.549883723258972168e-01 9.309871196746826172e-01 8.828197717666625977e-01 9.139622449874877930e-01 0.000000000000000000e+00
7.565355896949768066e-01 8.831975460052490234e-01 9.256399869918823242e-01 9.644587039947509766e-01 9.409444332122802734e-01 0.000000000000000000e+00
7.550203800201416016e-01 8.903026580810546875e-01 9.281403422355651855e-01 9.274832606315612793e-01 9.108339548110961914e-01 0.000000000000000000e+00
6.321658492088317871e-01 8.958309888839721680e-01 9.478910565376281738e-01 9.317354559898376465e-01 9.623157978057861328e-01 0.000000000000000000e+00
5.764120817184448242e-01 8.640363216400146484e-01 9.498202800750732422e-01 9.734518527984619141e-01 9.884582161903381348e-01 0.000000000000000000e+00
3.975945413112640381e-01 8.360668420791625977e-01 8.688509464263916016e-01 9.210164546966552734e-01 9.209123849868774414e-01 0.000000000000000000e+00
6.324038654565811157e-02 1.710363477468490601e-01 1.811587512493133545e-01 -1.387238949537277222e-01 5.379599332809448242e-02 1.000000000000000000e+00
1.051952838897705078e-01 6.877995729446411133e-01 8.633553385734558105e-01 8.683229684829711914e-01 8.505683541297912598e-01 2.000000000000000000e+00
6.324038654565811157e-02 1.710363477468490601e-01 1.811587512493133545e-01 -1.387238949537277222e-01 5.379599332809448242e-02 1.000000000000000000e+00
1.051952838897705078e-01 6.877995729446411133e-01 8.633553385734558105e-01 8.683229684829711914e-01 8.505683541297912598e-01 2.000000000000000000e+00
6.324038654565811157e-02 1.710363477468490601e-01 1.811587512493133545e-01 -1.387238949537277222e-01 5.379599332809448242e-02 1.000000000000000000e+00
1.051952838897705078e-01 6.877995729446411133e-01 8.633553385734558105e-01 8.683229684829711914e-01 8.505683541297912598e-01 2.000000000000000000e+00
6.324038654565811157e-02 1.710363477468490601e-01 1.811587512493133545e-01 -1.387238949537277222e-01 5.379599332809448242e-02 1.000000000000000000e+00
1.051952838897705078e-01 6.877995729446411133e-01 8.633553385734558105e-01 8.683229684829711914e-01 8.505683541297912598e-01 2.000000000000000000e+00
6.324038654565811157e-02 1.710363477468490601e-01 1.811587512493133545e-01 -1.387238949537277222e-01 5.379599332809448242e-02 1.000000000000000000e+00
1.051952838897705078e-01 6.877995729446411133e-01 8.633553385734558105e-01 8.683229684829711914e-01 8.505683541297912598e-01 2.000000000000000000e+00
6.324038654565811157e-02 1.710363477468490601e-01 1.811587512493133545e-01 -1.387238949537277222e-01 5.379599332809448242e-02 1.000000000000000000e+00
1.051952838897705078e-01 6.877995729446411133e-01 8.633553385734558105e-01 8.683229684829711914e-01 8.505683541297912598e-01 2.000000000000000000e+00
6.324038654565811157e-02 1.710363477468490601e-01 1.811587512493133545e-01 -1.387238949537277222e-01 5.379599332809448242e-02 1.000000000000000000e+00
1.051952838897705078e-01 6.877995729446411133e-01 8.633553385734558105e-01 8.683229684829711914e-01 8.505683541297912598e-01 2.000000000000000000e+00
6.324038654565811157e-02 1.710363477468490601e-01 1.811587512493133545e-01 -1.387238949537277222e-01 5.379599332809448242e-02 1.000000000000000000e+00
1.051952838897705078e-01 6.877995729446411133e-01 8.633553385734558105e-01 8.683229684829711914e-01 8.505683541297912598e-01 2.000000000000000000e+00
6.324038654565811157e-02 1.710363477468490601e-01 1.811587512493133545e-01 -1.387238949537277222e-01 5.379599332809448242e-02 1.000000000000000000e+00
1.051952838897705078e-01 6.877995729446411133e-01 8.633553385734558105e-01 8.683229684829711914e-01 8.505683541297912598e-01 2.000000000000000000e+00
6.324038654565811157e-02 1.710363477468490601e-01 1.811587512493133545e-01 -1.387238949537277222e-01 5.379599332809448242e-02 1.000000000000000000e+00
1.051952838897705078e-01 6.877995729446411133e-01 8.633553385734558105e-01 8.683229684829711914e-01 8.505683541297912598e-01 2.000000000000000000e+00
6.471511721611022949e-01 8.906778693199157715e-01 9.589179158210754395e-01 9.841163158416748047e-01 9.941973090171813965e-01 0.000000000000000000e+00
2.965374588966369629e-01 3.603499233722686768e-01 5.872672200202941895e-01 8.652312159538269043e-01 8.551167845726013184e-01 0.000000000000000000e+00
8.088197112083435059e-01 9.477607607841491699e-01 9.181433320045471191e-01 9.391709566116333008e-01 8.066410422325134277e-01 0.000000000000000000e+00
7.705482840538024902e-01 9.390590190887451172e-01 9.696676731109619141e-01 9.836326837539672852e-01 9.927145838737487793e-01 0.000000000000000000e+00
6.075044274330139160e-01 7.942175269126892090e-01 9.291731715202331543e-01 9.352743029594421387e-01 9.522249102592468262e-01 0.000000000000000000e+00
6.349998712539672852e-01 7.008419036865234375e-01 8.325179815292358398e-01 9.232711195945739746e-01 8.837229609489440918e-01 0.000000000000000000e+00
4.776965081691741943e-01 7.470998764038085938e-01 9.664178490638732910e-01 9.544785022735595703e-01 9.486120939254760742e-01 0.000000000000000000e+00
6.231319308280944824e-01 6.836858987808227539e-01 7.508737444877624512e-01 8.292321562767028809e-01 8.148310780525207520e-01 0.000000000000000000e+00
4.634756445884704590e-01 7.679530382156372070e-01 7.979010939598083496e-01 8.738825321197509766e-01 8.771780729293823242e-01 0.000000000000000000e+00
5.441697239875793457e-01 6.463029384613037109e-01 6.940555572509765625e-01 6.772330403327941895e-01 7.044212222099304199e-01 0.000000000000000000e+00
5.704832077026367188e-01 6.170551180839538574e-01 6.171382665634155273e-01 5.854465365409851074e-01 6.786801815032958984e-01 0.000000000000000000e+00
5.140634775161743164e-01 6.036494970321655273e-01 6.310015320777893066e-01 6.999914646148681641e-01 7.110151648521423340e-01 0.000000000000000000e+00
7.141851782798767090e-01 8.127679228782653809e-01 8.747935295104980469e-01 9.030584096908569336e-01 9.029066562652587891e-01 0.000000000000000000e+00
6.580005884170532227e-01 8.056681752204895020e-01 8.463675379753112793e-01 8.810018897056579590e-01 9.051808714866638184e-01 0.000000000000000000e+00
4.284568130970001221e-01 6.490439772605895996e-01 6.597531437873840332e-01 6.335340738296508789e-01 5.731773376464843750e-01 0.000000000000000000e+00
1.634454578161239624e-01 5.117049217224121094e-01 1.394792832434177399e-02 9.014064073562622070e-02 3.151767551898956299e-01 0.000000000000000000e+00
3.916454613208770752e-01 6.220867633819580078e-01 6.209107637405395508e-01 5.194695591926574707e-01 5.501493215560913086e-01 0.000000000000000000e+00
5.141853690147399902e-01 6.277850866317749023e-01 6.590209603309631348e-01 6.663317084312438965e-01 7.608941197395324707e-01 0.000000000000000000e+00
7.470303773880004883e-01 7.985325455665588379e-01 8.410435914993286133e-01 9.069061279296875000e-01 8.942567110061645508e-01 0.000000000000000000e+00
4.702051877975463867e-01 2.105571180582046509e-01 1.228088065981864929e-01 2.219246327877044678e-01 3.691021800041198730e-01 1.000000000000000000e+00
1.089663729071617126e-01 1.670887470245361328e-01 3.562949597835540771e-01 5.583116412162780762e-01 6.117148995399475098e-01 2.000000000000000000e+00
4.702051877975463867e-01 2.105571180582046509e-01 1.228088065981864929e-01 2.219246327877044678e-01 3.691021800041198730e-01 1.000000000000000000e+00
1.089663729071617126e-01 1.670887470245361328e-01 3.562949597835540771e-01 5.583116412162780762e-01 6.117148995399475098e-01 2.000000000000000000e+00
4.702051877975463867e-01 2.105571180582046509e-01 1.228088065981864929e-01 2.219246327877044678e-01 3.691021800041198730e-01 1.000000000000000000e+00
1.089663729071617126e-01 1.670887470245361328e-01 3.562949597835540771e-01 5.583116412162780762e-01 6.117148995399475098e-01 2.000000000000000000e+00
4.702051877975463867e-01 2.105571180582046509e-01 1.228088065981864929e-01 2.219246327877044678e-01 3.691021800041198730e-01 1.000000000000000000e+00
1.089663729071617126e-01 1.670887470245361328e-01 3.562949597835540771e-01 5.583116412162780762e-01 6.117148995399475098e-01 2.000000000000000000e+00
4.702051877975463867e-01 2.105571180582046509e-01 1.228088065981864929e-01 2.219246327877044678e-01 3.691021800041198730e-01 1.000000000000000000e+00
1.089663729071617126e-01 1.670887470245361328e-01 3.562949597835540771e-01 5.583116412162780762e-01 6.117148995399475098e-01 2.000000000000000000e+00
4.702051877975463867e-01 2.105571180582046509e-01 1.228088065981864929e-01 2.219246327877044678e-01 3.691021800041198730e-01 1.000000000000000000e+00
1.089663729071617126e-01 1.670887470245361328e-01 3.562949597835540771e-01 5.583116412162780762e-01 6.117148995399475098e-01 2.000000000000000000e+00
4.702051877975463867e-01 2.105571180582046509e-01 1.228088065981864929e-01 2.219246327877044678e-01 3.691021800041198730e-01 1.000000000000000000e+00
1.089663729071617126e-01 1.670887470245361328e-01 3.562949597835540771e-01 5.583116412162780762e-01 6.117148995399475098e-01 2.000000000000000000e+00
4.702051877975463867e-01 2.105571180582046509e-01 1.228088065981864929e-01 2.219246327877044678e-01 3.691021800041198730e-01 1.000000000000000000e+00
1.089663729071617126e-01 1.670887470245361328e-01 3.562949597835540771e-01 5.583116412162780762e-01 6.117148995399475098e-01 2.000000000000000000e+00
4.702051877975463867e-01 2.105571180582046509e-01 1.228088065981864929e-01 2.219246327877044678e-01 3.691021800041198730e-01 1.000000000000000000e+00
1.089663729071617126e-01 1.670887470245361328e-01 3.562949597835540771e-01 5.583116412162780762e-01 6.117148995399475098e-01 2.000000000000000000e+00
4.702051877975463867e-01 2.105571180582046509e-01 1.228088065981864929e-01 2.219246327877044678e-01 3.691021800041198730e-01 1.000000000000000000e+00
1.089663729071617126e-01 1.670887470245361328e-01 3.562949597835540771e-01 5.583116412162780762e-01 6.117148995399475098e-01 2.000000000000000000e+00
2.332141846418380737e-01 5.175991058349609375e-01 6.493442058563232422e-01 7.824130058288574219e-01 8.757622838020324707e-01 0.000000000000000000e+00
3.794544637203216553e-01 6.031995415687561035e-01 7.141143679618835449e-01 5.809044241905212402e-01 3.224319517612457275e-01 0.000000000000000000e+00
3.602604269981384277e-01 5.470213890075683594e-01 6.750214099884033203e-01 8.220311999320983887e-01 8.319060206413269043e-01 0.000000000000000000e+00
4.684458076953887939e-01 6.440671682357788086e-01 7.601535320281982422e-01 8.388763070106506348e-01 9.216961264610290527e-01 0.000000000000000000e+00
8.202133178710937500e-01 8.951791524887084961e-01 9.246729016304016113e-01 9.561401605606079102e-01 9.376609325408935547e-01 0.000000000000000000e+00
2.009296566247940063e-01 3.806025087833404541e-01 4.469712078571319580e-01 3.142028450965881348e-01 4.152194261550903320e-01 1.000000000000000000e+00
6.445192098617553711e-01 6.930100321769714355e-01 6.039178371429443359e-01 1.928241997957229614e-01 3.103584051132202148e-01 2.000000000000000000e+00
2.009296566247940063e-01 3.806025087833404541e-01 4.469712078571319580e-01 3.142028450965881348e-01 4.152194261550903320e-01 1.000000000000000000e+00
6.445192098617553711e-01 6.930100321769714355e-01 6.039178371429443359e-01 1.928241997957229614e-01 3.103584051132202148e-01 2.000000000000000000e+00
2.009296566247940063e-01 3.806025087833404541e-01 4.469712078571319580e-01 3.142028450965881348e-01 4.152194261550903320e-01 1.000000000000000000e+00
6.445192098617553711e-01 6.930100321769714355e-01 6.039178371429443359e-01 1.928241997957229614e-01 3.103584051132202148e-01 2.000000000000000000e+00
2.009296566247940063e-01 3.806025087833404541e-01 4.469712078571319580e-01 3.142028450965881348e-01 4.152194261550903320e-01 1.000000000000000000e+00
6.445192098617553711e-01 6.930100321769714355e-01 6.039178371429443359e-01 1.928241997957229614e-01 3.103584051132202148e-01 2.000000000000000000e+00
2.009296566247940063e-01 3.806025087833404541e-01 4.469712078571319580e-01 3.142028450965881348e-01 4.152194261550903320e-01 1.000000000000000000e+00
6.445192098617553711e-01 6.930100321769714355e-01 6.039178371429443359e-01 1.928241997957229614e-01 3.103584051132202148e-01 2.000000000000000000e+00
2.009296566247940063e-01 3.806025087833404541e-01 4.469712078571319580e-01 3.142028450965881348e-01 4.152194261550903320e-01 1.000000000000000000e+00
6.445192098617553711e-01 6.930100321769714355e-01 6.039178371429443359e-01 1.928241997957229614e-01 3.103584051132202148e-01 2.000000000000000000e+00
2.009296566247940063e-01 3.806025087833404541e-01 4.469712078571319580e-01 3.142028450965881348e-01 4.152194261550903320e-01 1.000000000000000000e+00
6.445192098617553711e-01 6.930100321769714355e-01 6.039178371429443359e-01 1.928241997957229614e-01 3.103584051132202148e-01 2.000000000000000000e+00
2.009296566247940063e-01 3.806025087833404541e-01 4.469712078571319580e-01 3.142028450965881348e-01 4.152194261550903320e-01 1.000000000000000000e+00
6.445192098617553711e-01 6.930100321769714355e-01 6.039178371429443359e-01 1.928241997957229614e-01 3.103584051132202148e-01 2.000000000000000000e+00
2.009296566247940063e-01 3.806025087833404541e-01 4.469712078571319580e-01 3.142028450965881348e-01 4.152194261550903320e-01 1.000000000000000000e+00
6.445192098617553711e-01 6.930100321769714355e-01 6.039178371429443359e-01 1.928241997957229614e-01 3.103584051132202148e-01 2.000000000000000000e+00
2.009296566247940063e-01 3.806025087833404541e-01 4.469712078571319580e-01 3.142028450965881348e-01 4.152194261550903320e-01 1.000000000000000000e+00
6.445192098617553711e-01 6.930100321769714355e-01 6.039178371429443359e-01 1.928241997957229614e-01 3.103584051132202148e-01 2.000000000000000000e+00
8.368323445320129395e-01 9.254023432731628418e-01 9.721058607101440430e-01 9.843136072158813477e-01 9.921557307243347168e-01 0.000000000000000000e+00
8.593202233314514160e-01 9.639884829521179199e-01 9.683280587196350098e-01 9.861516356468200684e-01 9.846808910369873047e-01 0.000000000000000000e+00
7.841134667396545410e-01 9.250050783157348633e-01 9.657957553863525391e-01 9.871857762336730957e-01 9.849985241889953613e-01 0.000000000000000000e+00
7.878860235214233398e-01 8.932293057441711426e-01 9.359513521194458008e-01 9.424214959144592285e-01 9.901243448257446289e-01 0.000000000000000000e+00
4.901929497718811035e-01 6.855118870735168457e-01 6.865266561508178711e-01 7.398971319198608398e-01 7.833312749862670898e-01 0.000000000000000000e+00
7.410906553268432617e-01 8.082473278045654297e-01 7.964438796043395996e-01 7.184307575225830078e-01 8.043004274368286133e-01 0.000000000000000000e+00
5.640183091163635254e-01 7.217512726783752441e-01 7.856509685516357422e-01 8.121536374092102051e-01 8.515753746032714844e-01 0.000000000000000000e+00
5.220134854316711426e-01 6.683912873268127441e-01 7.839198708534240723e-01 8.360311388969421387e-01 8.513323664665222168e-01 0.000000000000000000e+00
1.261154562234878540e-01 2.609968185424804688e-01 4.064725339412689209e-01 4.599073231220245361e-01 6.083393692970275879e-01 0.000000000000000000e+00
2.297167927026748657e-01 1.842649132013320923e-01 6.464428901672363281e-01 5.922694802284240723e-01 5.712832808494567871e-01 0.000000000000000000e+00
8.063814043998718262e-02 1.684160530567169189e-01 2.610094379633665085e-03 1.704171150922775269e-01 3.678601682186126709e-01 0.000000000000000000e+00
3.213530778884887695e-02 2.230485826730728149e-01 4.871557950973510742e-01 4.611019492149353027e-01 2.897655367851257324e-01 0.000000000000000000e+00
2.248059660196304321e-01 5.130330324172973633e-01 2.515591979026794434e-01 2.908354699611663818e-01 3.804135918617248535e-01 0.000000000000000000e+00
3.822985570877790451e-03 9.479906409978866577e-02 1.859052032232284546e-01 2.081375420093536377e-01 2.544772028923034668e-01 0.000000000000000000e+00
3.500768840312957764e-01 3.633714318275451660e-01 4.570863246917724609e-01 4.283947050571441650e-01 4.591594338417053223e-01 0.000000000000000000e+00
1.953572481870651245e-01 3.658000528812408447e-01 2.893767952919006348e-01 3.080208599567413330e-01 3.040626347064971924e-01 0.000000000000000000e+00
3.435769677162170410e-01 3.169933259487152100e-01 4.334662258625030518e-01 3.840462565422058105e-01 5.059723854064941406e-01 0.000000000000000000e+00
3.291644155979156494e-01 3.679684102535247803e-01 4.356274008750915527e-01 5.686236619949340820e-01 6.009553074836730957e-01 0.000000000000000000e+00
2.250850200653076172e-01 4.577724933624267578e-01 3.996264934539794922e-01 4.282509386539459229e-01 4.487243592739105225e-01 0.000000000000000000e+00
3.331272900104522705e-01 3.239115476608276367e-01 2.957246899604797363e-01 2.420049756765365601e-01 2.574511468410491943e-01 0.000000000000000000e+00
2.908262312412261963e-01 3.689587861299514771e-02 7.197117060422897339e-02 2.514186501502990723e-01 2.523788213729858398e-01 0.000000000000000000e+00
7.874748706817626953e-01 8.295651674270629883e-01 7.589889764785766602e-01 7.811392545700073242e-01 7.293463945388793945e-01 0.000000000000000000e+00
6.137734055519104004e-01 7.449724078178405762e-01 8.654977083206176758e-01 8.634576201438903809e-01 8.982292413711547852e-01 0.000000000000000000e+00
3.036679029464721680e-01 6.036447286605834961e-01 7.195920348167419434e-01 8.423360586166381836e-01 8.462784290313720703e-01 0.000000000000000000e+00
3.684142529964447021e-01 4.864507913589477539e-01 5.648205876350402832e-01 6.036494374275207520e-01 6.827767491340637207e-01 0.000000000000000000e+00
4.779049456119537354e-01 6.093260645866394043e-01 5.894496440887451172e-01 7.177911400794982910e-01 6.775526404380798340e-01 0.000000000000000000e+00
6.649780869483947754e-01 8.256409168243408203e-01 8.806309103965759277e-01 8.275819420814514160e-01 8.769842982292175293e-01 0.000000000000000000e+00
5.381093025207519531e-01 5.234066843986511230e-01 4.873412251472473145e-01 3.863385021686553955e-01 6.321259737014770508e-01 1.000000000000000000e+00
5.110079646110534668e-01 5.881136059761047363e-01 7.797296047210693359e-01 8.518487215042114258e-01 9.298900365829467773e-01 2.000000000000000000e+00
5.381093025207519531e-01 5.234066843986511230e-01 4.873412251472473145e-01 3.863385021686553955e-01 6.321259737014770508e-01 1.000000000000000000e+00
5.110079646110534668e-01 5.881136059761047363e-01 7.797296047210693359e-01 8.518487215042114258e-01 9.298900365829467773e-01 2.000000000000000000e+00
5.381093025207519531e-01 5.234066843986511230e-01 4.873412251472473145e-01 3.863385021686553955e-01 6.321259737014770508e-01 1.000000000000000000e+00
5.110079646110534668e-01 5.881136059761047363e-01 7.797296047210693359e-01 8.518487215042114258e-01 9.298900365829467773e-01 2.000000000000000000e+00
5.381093025207519531e-01 5.234066843986511230e-01 4.873412251472473145e-01 3.863385021686553955e-01 6.321259737014770508e-01 1.000000000000000000e+00
5.110079646110534668e-01 5.881136059761047363e-01 7.797296047210693359e-01 8.518487215042114258e-01 9.298900365829467773e-01 2.000000000000000000e+00
5.381093025207519531e-01 5.234066843986511230e-01 4.873412251472473145e-01 3.863385021686553955e-01 6.321259737014770508e-01 1.000000000000000000e+00
5.110079646110534668e-01 5.881136059761047363e-01 7.797296047210693359e-01 8.518487215042114258e-01 9.298900365829467773e-01 2.000000000000000000e+00
5.381093025207519531e-01 5.234066843986511230e-01 4.873412251472473145e-01 3.863385021686553955e-01 6.321259737014770508e-01 1.000000000000000000e+00
5.110079646110534668e-01 5.881136059761047363e-01 7.797296047210693359e-01 8.518487215042114258e-01 9.298900365829467773e-01 2.000000000000000000e+00
5.381093025207519531e-01 5.234066843986511230e-01 4.873412251472473145e-01 3.863385021686553955e-01 6.321259737014770508e-01 1.000000000000000000e+00
5.110079646110534668e-01 5.881136059761047363e-01 7.797296047210693359e-01 8.518487215042114258e-01 9.298900365829467773e-01 2.000000000000000000e+00
5.381093025207519531e-01 5.234066843986511230e-01 4.873412251472473145e-01 3.863385021686553955e-01 6.321259737014770508e-01 1.000000000000000000e+00
5.110079646110534668e-01 5.881136059761047363e-01 7.797296047210693359e-01 8.518487215042114258e-01 9.298900365829467773e-01 2.000000000000000000e+00
5.381093025207519531e-01 5.234066843986511230e-01 4.873412251472473145e-01 3.863385021686553955e-01 6.321259737014770508e-01 1.000000000000000000e+00
5.110079646110534668e-01 5.881136059761047363e-01 7.797296047210693359e-01 8.518487215042114258e-01 9.298900365829467773e-01 2.000000000000000000e+00
5.381093025207519531e-01 5.234066843986511230e-01 4.873412251472473145e-01 3.863385021686553955e-01 6.321259737014770508e-01 1.000000000000000000e+00
5.110079646110534668e-01 5.881136059761047363e-01 7.797296047210693359e-01 8.518487215042114258e-01 9.298900365829467773e-01 2.000000000000000000e+00
7.714753746986389160e-01 8.397251963615417480e-01 8.215860724449157715e-01 8.960712552070617676e-01 8.792269825935363770e-01 0.000000000000000000e+00
5.726674795150756836e-01 8.499358892440795898e-01 9.649327397346496582e-01 9.842352867126464844e-01 9.894389510154724121e-01 0.000000000000000000e+00
7.328249812126159668e-01 8.439258337020874023e-01 8.711078166961669922e-01 8.593223094940185547e-01 8.669886589050292969e-01 0.000000000000000000e+00
6.698163747787475586e-01 7.916573286056518555e-01 8.880658149719238281e-01 8.948296308517456055e-01 9.571847915649414062e-01 0.000000000000000000e+00
7.806739807128906250e-01 8.758273124694824219e-01 9.487542510032653809e-01 9.826832413673400879e-01 9.818376898765563965e-01 0.000000000000000000e+00
8.256931304931640625e-01 9.498015642166137695e-01 9.583980441093444824e-01 9.747008681297302246e-01 9.917401671409606934e-01 0.000000000000000000e+00
6.854670047760009766e-01 7.693319320678710938e-01 9.025439620018005371e-01 8.959468007087707520e-01 9.461001753807067871e-01 0.000000000000000000e+00
3.494769036769866943e-01 2.590389251708984375e-01 1.596171259880065918e-01 -6.910211872309446335e-03 -8.186913281679153442e-02 0.000000000000000000e+00
2.745448052883148193e-01 -6.514227390289306641e-02 -1.174341812729835510e-01 -1.239177435636520386e-01 -1.086942106485366821e-01 0.000000000000000000e+00
2.336632609367370605e-01 2.220626175403594971e-01 2.564027011394500732e-01 1.031733974814414978e-01 1.382263451814651489e-01 0.000000000000000000e+00
5.541271343827247620e-02 6.570588797330856323e-02 -3.358265385031700134e-02 -6.860022246837615967e-02 -9.144764393568038940e-02 0.000000000000000000e+00
4.221616387367248535e-01 3.754032850265502930e-01 5.258708447217941284e-02 -2.173028327524662018e-02 -4.405472055077552795e-02 0.000000000000000000e+00
-2.106648683547973633e-02 1.356541216373443604e-01 -9.106032550334930420e-02 -7.192850857973098755e-02 1.111027449369430542e-01 0.000000000000000000e+00
-1.359100639820098877e-01 -1.692010760307312012e-01 -1.833038628101348877e-01 -1.832049041986465454e-01 -1.853768229484558105e-01 0.000000000000000000e+00
6.382245421409606934e-01 8.869915604591369629e-01 9.308087229728698730e-01 9.928418397903442383e-01 9.879893064498901367e-01 0.000000000000000000e+00
8.062620162963867188e-01 9.171452522277832031e-01 9.309008717536926270e-01 9.445834755897521973e-01 9.461590051651000977e-01 0.000000000000000000e+00
8.445777297019958496e-01 9.460220336914062500e-01 9.769595861434936523e-01 9.824658632278442383e-01 9.883036613464355469e-01 0.000000000000000000e+00
5.467636585235595703e-01 8.330455422401428223e-01 9.460027217864990234e-01 9.392312765121459961e-01 9.591371417045593262e-01 0.000000000000000000e+00
5.344652533531188965e-01 7.540510892868041992e-01 8.404554128646850586e-01 8.164556622505187988e-01 8.387108445167541504e-01 0.000000000000000000e+00
7.791745066642761230e-01 7.957524061203002930e-01 8.757619857788085938e-01 9.339280724525451660e-01 9.179977178573608398e-01 0.000000000000000000e+00
5.650365948677062988e-01 7.121520042419433594e-01 8.539103865623474121e-01 9.286132454872131348e-01 9.477354288101196289e-01 0.000000000000000000e+00
2.745462357997894287e-01 3.896083235740661621e-01 3.969795107841491699e-01 3.311932384967803955e-01 3.865968883037567139e-01 0.000000000000000000e+00
5.182712078094482422e-01 5.458667278289794922e-01 5.152395367622375488e-01 4.793013334274291992e-01 5.066301226615905762e-01 0.000000000000000000e+00
2.436790317296981812e-01 3.079650998115539551e-01 -1.219650804996490479e-01 -1.172329634428024292e-01 1.932227164506912231e-01 0.000000000000000000e+00
2.387033700942993164e-01 4.054980874061584473e-01 4.144707918167114258e-01 6.089642643928527832e-01 6.511253714561462402e-01 0.000000000000000000e+00
5.212398171424865723e-01 5.698955059051513672e-01 6.374359130859375000e-01 6.443673968315124512e-01 6.510255932807922363e-01 0.000000000000000000e+00
-3.078474476933479309e-02 9.542397223412990570e-03 -6.522338092327117920e-02 3.290950879454612732e-02 2.347510121762752533e-02 0.000000000000000000e+00
2.538320124149322510e-01 7.330058217048645020e-01 5.740548968315124512e-01 5.944057106971740723e-01 4.036278724670410156e-01 0.000000000000000000e+00
7.367679476737976074e-01 8.538595438003540039e-01 9.124721288681030273e-01 9.264584183692932129e-01 9.093557000160217285e-01 0.000000000000000000e+00
5.767088532447814941e-01 8.177834153175354004e-01 9.008636474609375000e-01 9.262036085128784180e-01 8.899803161621093750e-01 0.000000000000000000e+00
7.900702357292175293e-01 8.738837242126464844e-01 8.668487668037414551e-01 9.157996177673339844e-01 9.009063839912414551e-01 0.000000000000000000e+00
7.754901647567749023e-01 8.760280609130859375e-01 9.015215635299682617e-01 9.471042156219482422e-01 9.545707106590270996e-01 0.000000000000000000e+00
6.873550415039062500e-01 9.158947467803955078e-01 9.319186210632324219e-01 9.436619281768798828e-01 9.567519426345825195e-01 0.000000000000000000e+00
5.513767600059509277e-01 8.176996707916259766e-01 8.245415091514587402e-01 8.550298810005187988e-01 8.425598144531250000e-01 0.000000000000000000e+00
4.708028137683868408e-01 6.993140578269958496e-01 9.204645156860351562e-01 9.151253700256347656e-01 9.476978182792663574e-01 0.000000000000000000e+00
7.148153185844421387e-01 8.583458662033081055e-01 8.836057782173156738e-01 9.204421043395996094e-01 9.106633067131042480e-01 0.000000000000000000e+00
7.465260624885559082e-01 8.320665359497070312e-01 8.878592848777770996e-01 9.025202989578247070e-01 9.394975900650024414e-01 0.000000000000000000e+00
6.753045916557312012e-01 7.899789810180664062e-01 8.228464126586914062e-01 8.600351214408874512e-01 8.742460608482360840e-01 0.000000000000000000e+00
6.901753544807434082e-01 8.318578004837036133e-01 8.547607064247131348e-01 8.914725780487060547e-01 9.322584867477416992e-01 0.000000000000000000e+00
7.525058388710021973e-01 8.650363683700561523e-01 9.283732771873474121e-01 9.393556118011474609e-01 9.556376934051513672e-01 0.000000000000000000e+00
7.402029633522033691e-01 8.065960407257080078e-01 8.829283714294433594e-01 9.305021166801452637e-01 9.413010478019714355e-01 0.000000000000000000e+00
4.828489422798156738e-01 7.242181301116943359e-01 8.555226325988769531e-01 9.121952652931213379e-01 9.340321421623229980e-01 0.000000000000000000e+00
6.911191344261169434e-01 8.736832737922668457e-01 9.229848384857177734e-01 9.558753967285156250e-01 9.751861691474914551e-01 0.000000000000000000e+00
5.410048365592956543e-01 8.015820980072021484e-01 8.406644463539123535e-01 9.016781449317932129e-01 9.040952920913696289e-01 0.000000000000000000e+00
8.401160240173339844e-01 9.002255201339721680e-01 9.321634173393249512e-01 9.690616130828857422e-01 9.840293526649475098e-01 0.000000000000000000e+00
6.991385817527770996e-01 8.816511631011962891e-01 9.803566932678222656e-01 9.791888594627380371e-01 9.880060553550720215e-01 0.000000000000000000e+00
6.112457513809204102e-01 8.333637714385986328e-01 9.558646082878112793e-01 9.564478397369384766e-01 9.524466991424560547e-01 0.000000000000000000e+00
4.312595129013061523e-01 6.167032122611999512e-01 7.490662932395935059e-01 8.005340695381164551e-01 9.363957643508911133e-01 0.000000000000000000e+00
6.913346052169799805e-01 6.506456136703491211e-01 7.416703104972839355e-01 6.354319453239440918e-01 6.081957817077636719e-01 0.000000000000000000e+00
6.222913265228271484e-01 8.382756710052490234e-01 8.658956885337829590e-01 8.515491485595703125e-01 8.405032753944396973e-01 0.000000000000000000e+00
4.504906535148620605e-01 5.416782498359680176e-01 5.921812653541564941e-01 8.038513064384460449e-01 7.717973589897155762e-01 0.000000000000000000e+00
3.590014576911926270e-01 4.006737470626831055e-01 4.082205295562744141e-01 5.318406820297241211e-01 5.307429432868957520e-01 0.000000000000000000e+00
6.130215525627136230e-01 6.809477210044860840e-01 8.767955899238586426e-01 8.179597854614257812e-01 7.302889823913574219e-01 0.000000000000000000e+00
3.828121125698089600e-01 6.619333028793334961e-01 6.415771245956420898e-01 7.618127465248107910e-01 7.734243273735046387e-01 0.000000000000000000e+00
2.656506299972534180e-01 4.597879052162170410e-01 5.692708492279052734e-01 5.764821171760559082e-01 3.706038296222686768e-01 0.000000000000000000e+00
4.200689196586608887e-01 4.815838038921356201e-01 6.140434741973876953e-01 6.584933400154113770e-01 8.150555491447448730e-01 0.000000000000000000e+00
8.437291383743286133e-01 9.617016315460205078e-01 9.636709690093994141e-01 9.546924829483032227e-01 9.190217256546020508e-01 0.000000000000000000e+00
5.728723406791687012e-01 7.509322762489318848e-01 8.269762992858886719e-01 8.954080939292907715e-01 9.742009043693542480e-01 0.000000000000000000e+00
8.408061265945434570e-01 9.209858775138854980e-01 9.460006356239318848e-01 9.678481221199035645e-01 9.362280368804931641e-01 0.000000000000000000e+00
7.777181863784790039e-01 8.295251131057739258e-01 9.207779765129089355e-01 9.333847165107727051e-01 9.513444900512695312e-01 0.000000000000000000e+00
7.200385332107543945e-01 8.930891156196594238e-01 8.974215388298034668e-01 9.484432339668273926e-01 9.839878082275390625e-01 0.000000000000000000e+00
7.648267149925231934e-01 9.102138280868530273e-01 9.442117810249328613e-01 9.660944342613220215e-01 9.693019986152648926e-01 0.000000000000000000e+00
5.233573913574218750e-01 7.795279622077941895e-01 8.565570712089538574e-01 9.308598041534423828e-01 9.607683420181274414e-01 0.000000000000000000e+00
3.639815747737884521e-01 3.657356500625610352e-01 3.589168190956115723e-01 3.975957036018371582e-01 4.814109206199645996e-01 0.000000000000000000e+00
3.419511914253234863e-01 3.616083264350891113e-01 4.490912258625030518e-01 4.280634224414825439e-01 4.332912564277648926e-01 0.000000000000000000e+00
2.813470065593719482e-01 2.723377048969268799e-01 3.492810130119323730e-01 3.296666443347930908e-01 2.818574309349060059e-01 0.000000000000000000e+00
3.207271099090576172e-01 4.027491509914398193e-01 3.349743485450744629e-01 5.406000018119812012e-01 5.426492691040039062e-01 0.000000000000000000e+00
2.243180423974990845e-01 7.450366765260696411e-02 4.222052171826362610e-02 1.461759582161903381e-02 1.717934757471084595e-01 0.000000000000000000e+00
4.149052500724792480e-01 4.379453957080841064e-01 4.078123867511749268e-01 3.022056221961975098e-01 2.963865399360656738e-01 0.000000000000000000e+00
4.347772896289825439e-01 6.657801866531372070e-01 7.088671922683715820e-01 7.584079504013061523e-01 7.340000271797180176e-01 0.000000000000000000e+00
8.759941160678863525e-02 2.040282487869262695e-01 1.266204118728637695e-01 2.225991338491439819e-02 4.745517298579216003e-02 0.000000000000000000e+00
-8.863145112991333008e-02 4.278717935085296631e-01 3.579368591308593750e-01 5.681862235069274902e-01 1.024480834603309631e-01 0.000000000000000000e+00
3.982343673706054688e-01 5.987213850021362305e-01 5.769440531730651855e-01 6.885908842086791992e-01 4.113117158412933350e-01 0.000000000000000000e+00
-1.884357817471027374e-02 4.260900318622589111e-01 5.604243874549865723e-01 6.689016819000244141e-01 6.155180335044860840e-01 0.000000000000000000e+00
5.630822777748107910e-01 8.136193156242370605e-01 7.849442958831787109e-01 8.177262544631958008e-01 8.625935912132263184e-01 0.000000000000000000e+00
4.826160892844200134e-02 1.332986652851104736e-01 2.846974134445190430e-01 4.136664569377899170e-01 6.845215559005737305e-01 0.000000000000000000e+00
6.306758522987365723e-01 5.677492618560791016e-01 4.392294883728027344e-01 4.226526021957397461e-01 6.227326989173889160e-01 0.000000000000000000e+00
3.504992723464965820e-01 4.417294859886169434e-01 6.163731813430786133e-01 7.564719319343566895e-01 8.235835433006286621e-01 0.000000000000000000e+00
-2.394310384988784790e-02 -6.438048183917999268e-02 2.903943061828613281e-01 3.738617897033691406e-01 3.060454428195953369e-01 0.000000000000000000e+00
3.125528097152709961e-01 5.133087038993835449e-01 5.795984268188476562e-01 5.592401027679443359e-01 5.036306381225585938e-01 0.000000000000000000e+00
3.728026747703552246e-01 6.702160239219665527e-01 7.857312560081481934e-01 7.201467752456665039e-01 7.634392380714416504e-01 0.000000000000000000e+00
-9.625422768294811249e-03 3.126428127288818359e-01 7.032877802848815918e-01 6.833575367927551270e-01 6.301614046096801758e-01 0.000000000000000000e+00
1.916128993034362793e-01 3.801093399524688721e-01 4.321475327014923096e-01 6.760420203208923340e-01 8.078504204750061035e-01 0.000000000000000000e+00
3.722716569900512695e-01 3.795195221900939941e-01 4.736517071723937988e-01 5.358175039291381836e-01 5.908946394920349121e-01 0.000000000000000000e+00
2.744440138339996338e-01 2.889412939548492432e-01 3.282289803028106689e-01 3.997094333171844482e-01 3.459670841693878174e-01 0.000000000000000000e+00
3.716209530830383301e-01 1.866780370473861694e-01 -3.225693479180335999e-02 1.027960777282714844e-01 3.016046062111854553e-02 0.000000000000000000e+00
2.830797433853149414e-01 3.157570958137512207e-01 3.775709271430969238e-01 4.433211386203765869e-01 4.371247589588165283e-01 0.000000000000000000e+00
3.866263926029205322e-01 5.448986291885375977e-01 6.816237568855285645e-01 6.552652716636657715e-01 4.914244413375854492e-01 0.000000000000000000e+00
3.615487599745392799e-03 9.733814746141433716e-02 2.031053602695465088e-01 4.726695120334625244e-01 7.461163401603698730e-01 0.000000000000000000e+00
1.402044892311096191e-01 2.447343468666076660e-01 1.315794289112091064e-01 2.094078809022903442e-01 9.385711699724197388e-02 0.000000000000000000e+00
-1.107651218771934509e-01 -1.781597360968589783e-02 3.167850375175476074e-01 1.890564560890197754e-01 1.927085816860198975e-01 0.000000000000000000e+00
5.974922776222229004e-01 8.091043233871459961e-01 8.665806651115417480e-01 8.820239305496215820e-01 8.536159992218017578e-01 0.000000000000000000e+00
6.360620260238647461e-01 7.988441586494445801e-01 8.307536840438842773e-01 8.985325098037719727e-01 9.319610595703125000e-01 0.000000000000000000e+00
5.795593857765197754e-01 7.713005542755126953e-01 8.395364880561828613e-01 8.738417029380798340e-01 9.096009731292724609e-01 0.000000000000000000e+00
5.190665125846862793e-01 7.947482466697692871e-01 8.658396005630493164e-01 8.814370036125183105e-01 8.747315406799316406e-01 0.000000000000000000e+00
5.685790777206420898e-01 6.319448351860046387e-01 8.246689438819885254e-01 8.548556566238403320e-01 8.579471111297607422e-01 0.000000000000000000e+00
4.730967581272125244e-01 5.983973145484924316e-01 6.643077731132507324e-01 7.429740428924560547e-01 8.000171184539794922e-01 0.000000000000000000e+00
6.451578140258789062e-01 8.485398292541503906e-01 8.138167858123779297e-01 8.375560045242309570e-01 8.200478553771972656e-01 0.000000000000000000e+00
5.849377512931823730e-01 7.022176384925842285e-01 7.196162939071655273e-01 7.807422876358032227e-01 8.131242990493774414e-01 0.000000000000000000e+00
5.512223243713378906e-01 6.811193823814392090e-01 7.350976467132568359e-01 7.752162218093872070e-01 7.799245715141296387e-01 0.000000000000000000e+00
8.959445357322692871e-01 9.196931719779968262e-01 9.240258932113647461e-01 9.293581843376159668e-01 9.123573303222656250e-01 0.000000000000000000e+00
7.344291210174560547e-01 8.883762359619140625e-01 9.259425401687622070e-01 9.640722870826721191e-01 9.727096557617187500e-01 0.000000000000000000e+00
7.851994037628173828e-01 9.063964486122131348e-01 9.520503878593444824e-01 9.706979393959045410e-01 9.764262437820434570e-01 0.000000000000000000e+00
8.057087659835815430e-01 9.163745045661926270e-01 9.544813036918640137e-01 9.741404652595520020e-01 9.790573120117187500e-01 0.000000000000000000e+00
7.441838383674621582e-01 8.667251467704772949e-01 9.420190453529357910e-01 9.654645919799804688e-01 9.763557910919189453e-01 0.000000000000000000e+00
5.272433161735534668e-02 4.060650169849395752e-01 4.996383786201477051e-01 4.721880257129669189e-01 5.045143365859985352e-01 0.000000000000000000e+00
2.080239355564117432e-01 2.625478506088256836e-01 3.757251501083374023e-01 3.638535141944885254e-01 4.146684110164642334e-01 0.000000000000000000e+00
3.506571650505065918e-01 4.702177345752716064e-01 6.157625317573547363e-01 5.568857192993164062e-01 6.789470314979553223e-01 0.000000000000000000e+00
3.054884374141693115e-01 4.433195292949676514e-01 5.129129886627197266e-01 6.808724403381347656e-01 6.777172088623046875e-01 0.000000000000000000e+00
3.818963468074798584e-01 4.376457035541534424e-01 3.233934640884399414e-01 4.647558927536010742e-01 6.453471779823303223e-01 0.000000000000000000e+00
5.891341567039489746e-01 7.240930795669555664e-01 7.408684492111206055e-01 7.609347105026245117e-01 7.622147202491760254e-01 0.000000000000000000e+00
6.887238621711730957e-01 7.388177514076232910e-01 8.009499907493591309e-01 7.987598776817321777e-01 8.204649090766906738e-01 0.000000000000000000e+00
-1.232518553733825684e-01 -8.517400920391082764e-02 -2.781159803271293640e-02 -8.560984581708908081e-02 1.203781515359878540e-01 1.000000000000000000e+00
-2.906885743141174316e-02 9.602735936641693115e-02 1.644143611192703247e-01 3.628931939601898193e-01 3.845665454864501953e-01 2.000000000000000000e+00
-1.232518553733825684e-01 -8.517400920391082764e-02 -2.781159803271293640e-02 -8.560984581708908081e-02 1.203781515359878540e-01 1.000000000000000000e+00
-2.906885743141174316e-02 9.602735936641693115e-02 1.644143611192703247e-01 3.628931939601898193e-01 3.845665454864501953e-01 2.000000000000000000e+00
-1.232518553733825684e-01 -8.517400920391082764e-02 -2.781159803271293640e-02 -8.560984581708908081e-02 1.203781515359878540e-01 1.000000000000000000e+00
-2.906885743141174316e-02 9.602735936641693115e-02 1.644143611192703247e-01 3.628931939601898193e-01 3.845665454864501953e-01 2.000000000000000000e+00
-1.232518553733825684e-01 -8.517400920391082764e-02 -2.781159803271293640e-02 -8.560984581708908081e-02 1.203781515359878540e-01 1.000000000000000000e+00
-2.906885743141174316e-02 9.602735936641693115e-02 1.644143611192703247e-01 3.628931939601898193e-01 3.845665454864501953e-01 2.000000000000000000e+00
-1.232518553733825684e-01 -8.517400920391082764e-02 -2.781159803271293640e-02 -8.560984581708908081e-02 1.203781515359878540e-01 1.000000000000000000e+00
-2.906885743141174316e-02 9.602735936641693115e-02 1.644143611192703247e-01 3.628931939601898193e-01 3.845665454864501953e-01 2.000000000000000000e+00
-1.232518553733825684e-01 -8.517400920391082764e-02 -2.781159803271293640e-02 -8.560984581708908081e-02 1.203781515359878540e-01 1.000000000000000000e+00
-2.906885743141174316e-02 9.602735936641693115e-02 1.644143611192703247e-01 3.628931939601898193e-01 3.845665454864501953e-01 2.000000000000000000e+00
-1.232518553733825684e-01 -8.517400920391082764e-02 -2.781159803271293640e-02 -8.560984581708908081e-02 1.203781515359878540e-01 1.000000000000000000e+00
-2.906885743141174316e-02 9.602735936641693115e-02 1.644143611192703247e-01 3.628931939601898193e-01 3.845665454864501953e-01 2.000000000000000000e+00
-1.232518553733825684e-01 -8.517400920391082764e-02 -2.781159803271293640e-02 -8.560984581708908081e-02 1.203781515359878540e-01 1.000000000000000000e+00
-2.906885743141174316e-02 9.602735936641693115e-02 1.644143611192703247e-01 3.628931939601898193e-01 3.845665454864501953e-01 2.000000000000000000e+00
-1.232518553733825684e-01 -8.517400920391082764e-02 -2.781159803271293640e-02 -8.560984581708908081e-02 1.203781515359878540e-01 1.000000000000000000e+00
-2.906885743141174316e-02 9.602735936641693115e-02 1.644143611192703247e-01 3.628931939601898193e-01 3.845665454864501953e-01 2.000000000000000000e+00
-1.232518553733825684e-01 -8.517400920391082764e-02 -2.781159803271293640e-02 -8.560984581708908081e-02 1.203781515359878540e-01 1.000000000000000000e+00
-2.906885743141174316e-02 9.602735936641693115e-02 1.644143611192703247e-01 3.628931939601898193e-01 3.845665454864501953e-01 2.000000000000000000e+00
5.390945076942443848e-01 6.297543644905090332e-01 6.016077399253845215e-01 6.100530624389648438e-01 6.290291547775268555e-01 0.000000000000000000e+00
4.856800734996795654e-01 5.097287893295288086e-01 5.463343262672424316e-01 6.130533814430236816e-01 6.107922196388244629e-01 0.000000000000000000e+00
5.005241632461547852e-01 5.101862549781799316e-01 5.833395123481750488e-01 4.835164546966552734e-01 5.117558836936950684e-01 0.000000000000000000e+00
3.200291395187377930e-01 2.704962491989135742e-01 2.412741035223007202e-01 3.106619715690612793e-01 3.810922801494598389e-01 0.000000000000000000e+00
3.297949135303497314e-01 3.378637731075286865e-01 2.528339624404907227e-01 2.574704587459564209e-01 1.935393661260604858e-01 0.000000000000000000e+00
4.190268516540527344e-01 4.768662452697753906e-01 5.808372497558593750e-01 5.547087788581848145e-01 4.058752059936523438e-01 0.000000000000000000e+00
2.192430198192596436e-01 2.664038538932800293e-01 3.622757196426391602e-01 2.764294743537902832e-01 3.839902281761169434e-01 0.000000000000000000e+00
4.298413097858428955e-01 6.041935682296752930e-01 6.351099014282226562e-01 6.399193406105041504e-01 5.199496746063232422e-01 0.000000000000000000e+00
2.641353905200958252e-01 5.783416032791137695e-01 3.990716934204101562e-01 7.066946029663085938e-01 7.785463929176330566e-01 0.000000000000000000e+00
7.098553180694580078e-01 8.632472157478332520e-01 8.450383543968200684e-01 8.080462217330932617e-01 8.480699658393859863e-01 0.000000000000000000e+00
3.699391484260559082e-01 6.129437088966369629e-01 7.347561120986938477e-01 7.851780056953430176e-01 7.297667264938354492e-01 0.000000000000000000e+00
8.757722377777099609e-02 1.214639246463775635e-01 1.429242193698883057e-01 3.768568933010101318e-01 4.214340746402740479e-01 0.000000000000000000e+00
5.583282709121704102e-01 6.776888370513916016e-01 7.338418364524841309e-01 6.987123489379882812e-01 8.210861086845397949e-01 0.000000000000000000e+00
2.960759997367858887e-01 3.250864446163177490e-01 2.997775971889495850e-01 4.862731397151947021e-01 6.476583480834960938e-01 0.000000000000000000e+00
1.586890518665313721e-01 3.010286986827850342e-01 3.245110511779785156e-01 9.606415033340454102e-02 1.853926628828048706e-01 0.000000000000000000e+00
5.080272555351257324e-01 6.038157939910888672e-01 4.684812724590301514e-01 4.242346584796905518e-01 1.834117621183395386e-01 0.000000000000000000e+00
6.551261544227600098e-01 8.082297444343566895e-01 8.090592026710510254e-01 7.498717308044433594e-01 7.334975004196166992e-01 0.000000000000000000e+00
5.756391286849975586e-01 7.487730979919433594e-01 8.185594677925109863e-01 8.084870576858520508e-01 8.188143968582153320e-01 0.000000000000000000e+00
6.076279282569885254e-01 6.987662911415100098e-01 7.798848152160644531e-01 7.840308547019958496e-01 8.372011780738830566e-01 0.000000000000000000e+00
7.400677204132080078e-01 7.536469101905822754e-01 8.227865695953369141e-01 9.110500216484069824e-01 9.300190210342407227e-01 0.000000000000000000e+00
6.649030447006225586e-01 7.342808246612548828e-01 7.742253541946411133e-01 7.966162562370300293e-01 8.165702223777770996e-01 0.000000000000000000e+00
5.975332260131835938e-01 7.051752805709838867e-01 7.361512184143066406e-01 6.920260787010192871e-01 7.818775177001953125e-01 0.000000000000000000e+00
2.136147171258926392e-01 6.912492513656616211e-01 7.538970112800598145e-01 7.792448997497558594e-01 8.951277136802673340e-01 0.000000000000000000e+00
6.425718069076538086e-01 6.937590241432189941e-01 6.857102513313293457e-01 7.260229587554931641e-01 6.865814328193664551e-01 0.000000000000000000e+00
6.805441379547119141e-01 7.624938488006591797e-01 8.656117916107177734e-01 9.236176013946533203e-01 9.414646029472351074e-01 0.000000000000000000e+00
5.773400664329528809e-01 7.139224410057067871e-01 8.462432622909545898e-01 8.358817100524902344e-01 9.107357263565063477e-01 0.000000000000000000e+00
4.218556880950927734e-01 7.101069688796997070e-01 7.153824567794799805e-01 8.418900966644287109e-01 8.849050998687744141e-01 0.000000000000000000e+00
5.613914132118225098e-01 6.726888418197631836e-01 7.307972908020019531e-01 7.659120559692382812e-01 7.375962734222412109e-01 0.000000000000000000e+00
3.734497427940368652e-01 4.678527414798736572e-01 4.582550823688507080e-01 5.023751258850097656e-01 7.415205836296081543e-01 0.000000000000000000e+00
3.785134851932525635e-01 6.360356807708740234e-01 6.822858452796936035e-01 7.277713418006896973e-01 8.038753271102905273e-01 0.000000000000000000e+00
6.114332675933837891e-01 7.963839173316955566e-01 9.148738980293273926e-01 9.090990424156188965e-01 8.915459513664245605e-01 0.000000000000000000e+00
6.259054541587829590e-01 7.914174795150756836e-01 8.079756498336791992e-01 8.909233212471008301e-01 9.284248948097229004e-01 0.000000000000000000e+00
5.278978347778320312e-01 7.300756573677062988e-01 8.591258525848388672e-01 8.916667699813842773e-01 8.858662843704223633e-01 0.000000000000000000e+00
5.479715466499328613e-01 8.530537486076354980e-01 8.930652737617492676e-01 9.024130105972290039e-01 8.897199034690856934e-01 0.000000000000000000e+00
4.677705466747283936e-01 7.257917523384094238e-01 8.560150265693664551e-01 7.970460653305053711e-01 8.260216116905212402e-01 0.000000000000000000e+00
8.272311091423034668e-01 9.346542358398437500e-01 9.340788722038269043e-01 9.585460424423217773e-01 9.520428180694580078e-01 1.000000000000000000e+00
5.991671681404113770e-01 8.213302493095397949e-01 9.125288128852844238e-01 9.663616418838500977e-01 9.696128964424133301e-01 2.000000000000000000e+00
8.272311091423034668e-01 9.346542358398437500e-01 9.340788722038269043e-01 9.585460424423217773e-01 9.520428180694580078e-01 1.000000000000000000e+00
5.991671681404113770e-01 8.213302493095397949e-01 9.125288128852844238e-01 9.663616418838500977e-01 9.696128964424133301e-01 2.000000000000000000e+00
8.272311091423034668e-01 9.346542358398437500e-01 9.340788722038269043e-01 9.585460424423217773e-01 9.520428180694580078e-01 1.000000000000000000e+00
5.991671681404113770e-01 8.213302493095397949e-01 9.125288128852844238e-01 9.663616418838500977e-01 9.696128964424133301e-01 2.000000000000000000e+00
8.272311091423034668e-01 9.346542358398437500e-01 9.340788722038269043e-01 9.585460424423217773e-01 9.520428180694580078e-01 1.000000000000000000e+00
5.991671681404113770e-01 8.213302493095397949e-01 9.125288128852844238e-01 9.663616418838500977e-01 9.696128964424133301e-01 2.000000000000000000e+00
8.272311091423034668e-01 9.346542358398437500e-01 9.340788722038269043e-01 9.585460424423217773e-01 9.520428180694580078e-01 1.000000000000000000e+00
5.991671681404113770e-01 8.213302493095397949e-01 9.125288128852844238e-01 9.663616418838500977e-01 9.696128964424133301e-01 2.000000000000000000e+00
8.272311091423034668e-01 9.346542358398437500e-01 9.340788722038269043e-01 9.585460424423217773e-01 9.520428180694580078e-01 1.000000000000000000e+00
5.991671681404113770e-01 8.213302493095397949e-01 9.125288128852844238e-01 9.663616418838500977e-01 9.696128964424133301e-01 2.000000000000000000e+00
8.272311091423034668e-01 9.346542358398437500e-01 9.340788722038269043e-01 9.585460424423217773e-01 9.520428180694580078e-01 1.000000000000000000e+00
5.991671681404113770e-01 8.213302493095397949e-01 9.125288128852844238e-01 9.663616418838500977e-01 9.696128964424133301e-01 2.000000000000000000e+00
8.272311091423034668e-01 9.346542358398437500e-01 9.340788722038269043e-01 9.585460424423217773e-01 9.520428180694580078e-01 1.000000000000000000e+00
5.991671681404113770e-01 8.213302493095397949e-01 9.125288128852844238e-01 9.663616418838500977e-01 9.696128964424133301e-01 2.000000000000000000e+00
8.272311091423034668e-01 9.346542358398437500e-01 9.340788722038269043e-01 9.585460424423217773e-01 9.520428180694580078e-01 1.000000000000000000e+00
5.991671681404113770e-01 8.213302493095397949e-01 9.125288128852844238e-01 9.663616418838500977e-01 9.696128964424133301e-01 2.000000000000000000e+00
8.272311091423034668e-01 9.346542358398437500e-01 9.340788722038269043e-01 9.585460424423217773e-01 9.520428180694580078e-01 1.000000000000000000e+00
5.991671681404113770e-01 8.213302493095397949e-01 9.125288128852844238e-01 9.663616418838500977e-01 9.696128964424133301e-01 2.000000000000000000e+00
4.089547395706176758e-01 5.457108020782470703e-01 5.715231299400329590e-01 5.951620340347290039e-01 5.916326045989990234e-01 0.000000000000000000e+00
4.151894450187683105e-01 5.368352532386779785e-01 6.137910485267639160e-01 6.636404991149902344e-01 6.331569552421569824e-01 0.000000000000000000e+00
2.723776400089263916e-01 3.659631311893463135e-01 4.375816881656646729e-01 5.661916136741638184e-01 5.294378995895385742e-01 0.000000000000000000e+00
6.051973104476928711e-01 7.696653604507446289e-01 8.203527331352233887e-01 8.303558230400085449e-01 6.942999958992004395e-01 0.000000000000000000e+00
3.037303090095520020e-01 7.076994180679321289e-01 7.955153584480285645e-01 7.968135476112365723e-01 8.405337929725646973e-01 0.000000000000000000e+00
5.801116228103637695e-01 6.508138179779052734e-01 5.922048687934875488e-01 6.744369864463806152e-01 6.414287686347961426e-01 0.000000000000000000e+00
-4.116295278072357178e-02 -2.109694853425025940e-02 2.712086439132690430e-01 4.860780835151672363e-01 7.036308050155639648e-01 0.000000000000000000e+00
3.268527388572692871e-01 -4.950444400310516357e-02 -4.142552614212036133e-03 2.042079269886016846e-01 5.054718852043151855e-01 0.000000000000000000e+00
5.225418210029602051e-01 3.547419905662536621e-01 1.734437644481658936e-01 2.551638185977935791e-01 3.214314207434654236e-02 0.000000000000000000e+00
2.886565327644348145e-01 6.827341020107269287e-02 1.824326068162918091e-01 -2.442892268300056458e-02 2.038188129663467407e-01 0.000000000000000000e+00
2.509281039237976074e-01 5.726600289344787598e-01 6.960914731025695801e-01 7.046096324920654297e-01 7.857977747917175293e-01 0.000000000000000000e+00
6.504607200622558594e-01 7.544427514076232910e-01 7.783311009407043457e-01 8.776368498802185059e-01 8.818888068199157715e-01 0.000000000000000000e+00
6.482629179954528809e-01 6.949276924133300781e-01 7.085878252983093262e-01 7.300651669502258301e-01 7.099584937095642090e-01 1.000000000000000000e+00
4.644114971160888672e-01 6.679551005363464355e-01 7.746863961219787598e-01 8.096746802330017090e-01 8.215058445930480957e-01 2.000000000000000000e+00
6.482629179954528809e-01 6.949276924133300781e-01 7.085878252983093262e-01 7.300651669502258301e-01 7.099584937095642090e-01 1.000000000000000000e+00
4.644114971160888672e-01 6.679551005363464355e-01 7.746863961219787598e-01 8.096746802330017090e-01 8.215058445930480957e-01 2.000000000000000000e+00
6.482629179954528809e-01 6.949276924133300781e-01 7.085878252983093262e-01 7.300651669502258301e-01 7.099584937095642090e-01 1.000000000000000000e+00
4.644114971160888672e-01 6.679551005363464355e-01 7.746863961219787598e-01 8.096746802330017090e-01 8.215058445930480957e-01 2.000000000000000000e+00
6.482629179954528809e-01 6.949276924133300781e-01 7.085878252983093262e-01 7.300651669502258301e-01 7.099584937095642090e-01 1.000000000000000000e+00
4.644114971160888672e-01 6.679551005363464355e-01 7.746863961219787598e-01 8.096746802330017090e-01 8.215058445930480957e-01 2.000000000000000000e+00
6.482629179954528809e-01 6.949276924133300781e-01 7.085878252983093262e-01 7.300651669502258301e-01 7.099584937095642090e-01 1.000000000000000000e+00
4.644114971160888672e-01 6.679551005363464355e-01 7.746863961219787598e-01 8.096746802330017090e-01 8.215058445930480957e-01 2.000000000000000000e+00
6.482629179954528809e-01 6.949276924133300781e-01 7.085878252983093262e-01 7.300651669502258301e-01 7.099584937095642090e-01 1.000000000000000000e+00
4.644114971160888672e-01 6.679551005363464355e-01 7.746863961219787598e-01 8.096746802330017090e-01 8.215058445930480957e-01 2.000000000000000000e+00
6.482629179954528809e-01 6.949276924133300781e-01 7.085878252983093262e-01 7.300651669502258301e-01 7.099584937095642090e-01 1.000000000000000000e+00
4.644114971160888672e-01 6.679551005363464355e-01 7.746863961219787598e-01 8.096746802330017090e-01 8.215058445930480957e-01 2.000000000000000000e+00
6.482629179954528809e-01 6.949276924133300781e-01 7.085878252983093262e-01 7.300651669502258301e-01 7.099584937095642090e-01 1.000000000000000000e+00
4.644114971160888672e-01 6.679551005363464355e-01 7.746863961219787598e-01 8.096746802330017090e-01 8.215058445930480957e-01 2.000000000000000000e+00
6.482629179954528809e-01 6.949276924133300781e-01 7.085878252983093262e-01 7.300651669502258301e-01 7.099584937095642090e-01 1.000000000000000000e+00
4.644114971160888672e-01 6.679551005363464355e-01 7.746863961219787598e-01 8.096746802330017090e-01 8.215058445930480957e-01 2.000000000000000000e+00
6.482629179954528809e-01 6.949276924133300781e-01 7.085878252983093262e-01 7.300651669502258301e-01 7.099584937095642090e-01 1.000000000000000000e+00
4.644114971160888672e-01 6.679551005363464355e-01 7.746863961219787598e-01 8.096746802330017090e-01 8.215058445930480957e-01 2.000000000000000000e+00
4.050014317035675049e-01 5.876939296722412109e-01 5.996773242950439453e-01 6.510529518127441406e-01 6.450935006141662598e-01 0.000000000000000000e+00
6.188576221466064453e-01 8.116803765296936035e-01 8.243674635887145996e-01 8.689614534378051758e-01 8.271710276603698730e-01 0.000000000000000000e+00
6.149003505706787109e-01 7.994099259376525879e-01 8.901277184486389160e-01 9.105728268623352051e-01 8.926544785499572754e-01 0.000000000000000000e+00
5.972122550010681152e-01 8.107842803001403809e-01 8.632061481475830078e-01 8.587348461151123047e-01 8.828029036521911621e-01 0.000000000000000000e+00
5.760243535041809082e-01 7.010964751243591309e-01 7.891082167625427246e-01 8.521191477775573730e-01 8.780788183212280273e-01 0.000000000000000000e+00
1.031143665313720703e-01 -4.202975332736968994e-02 -1.088782325387001038e-01 -1.399103254079818726e-01 -2.161270678043365479e-01 1.000000000000000000e+00
1.546897441148757935e-01 1.338773816823959351e-01 3.975857198238372803e-01 4.489042460918426514e-01 4.262898564338684082e-01 2.000000000000000000e+00
1.031143665313720703e-01 -4.202975332736968994e-02 -1.088782325387001038e-01 -1.399103254079818726e-01 -2.161270678043365479e-01 1.000000000000000000e+00
1.546897441148757935e-01 1.338773816823959351e-01 3.975857198238372803e-01 4.489042460918426514e-01 4.262898564338684082e-01 2.000000000000000000e+00
1.031143665313720703e-01 -4.202975332736968994e-02 -1.088782325387001038e-01 -1.399103254079818726e-01 -2.161270678043365479e-01 1.000000000000000000e+00
1.546897441148757935e-01 1.338773816823959351e-01 3.975857198238372803e-01 4.489042460918426514e-01 4.262898564338684082e-01 2.000000000000000000e+00
1.031143665313720703e-01 -4.202975332736968994e-02 -1.088782325387001038e-01 -1.399103254079818726e-01 -2.161270678043365479e-01 1.000000000000000000e+00
1.546897441148757935e-01 1.338773816823959351e-01 3.975857198238372803e-01 4.489042460918426514e-01 4.262898564338684082e-01 2.000000000000000000e+00
1.031143665313720703e-01 -4.202975332736968994e-02 -1.088782325387001038e-01 -1.399103254079818726e-01 -2.161270678043365479e-01 1.000000000000000000e+00
1.546897441148757935e-01 1.338773816823959351e-01 3.975857198238372803e-01 4.489042460918426514e-01 4.262898564338684082e-01 2.000000000000000000e+00
1.031143665313720703e-01 -4.202975332736968994e-02 -1.088782325387001038e-01 -1.399103254079818726e-01 -2.161270678043365479e-01 1.000000000000000000e+00
1.546897441148757935e-01 1.338773816823959351e-01 3.975857198238372803e-01 4.489042460918426514e-01 4.262898564338684082e-01 2.000000000000000000e+00
1.031143665313720703e-01 -4.202975332736968994e-02 -1.088782325387001038e-01 -1.399103254079818726e-01 -2.161270678043365479e-01 1.000000000000000000e+00
1.546897441148757935e-01 1.338773816823959351e-01 3.975857198238372803e-01 4.489042460918426514e-01 4.262898564338684082e-01 2.000000000000000000e+00
1.031143665313720703e-01 -4.202975332736968994e-02 -1.088782325387001038e-01 -1.399103254079818726e-01 -2.161270678043365479e-01 1.000000000000000000e+00
1.546897441148757935e-01 1.338773816823959351e-01 3.975857198238372803e-01 4.489042460918426514e-01 4.262898564338684082e-01 2.000000000000000000e+00
1.031143665313720703e-01 -4.202975332736968994e-02 -1.088782325387001038e-01 -1.399103254079818726e-01 -2.161270678043365479e-01 1.000000000000000000e+00
1.546897441148757935e-01 1.338773816823959351e-01 3.975857198238372803e-01 4.489042460918426514e-01 4.262898564338684082e-01 2.000000000000000000e+00
1.031143665313720703e-01 -4.202975332736968994e-02 -1.088782325387001038e-01 -1.399103254079818726e-01 -2.161270678043365479e-01 1.000000000000000000e+00
1.546897441148757935e-01 1.338773816823959351e-01 3.975857198238372803e-01 4.489042460918426514e-01 4.262898564338684082e-01 2.000000000000000000e+00
3.370840847492218018e-01 3.856617212295532227e-01 5.506113767623901367e-01 5.443031787872314453e-01 6.641904711723327637e-01 0.000000000000000000e+00
5.403560996055603027e-01 3.687374591827392578e-01 5.135966539382934570e-01 6.971241831779479980e-01 6.799339652061462402e-01 0.000000000000000000e+00
3.901717066764831543e-01 7.121913433074951172e-01 7.453656792640686035e-01 7.301697731018066406e-01 6.517562270164489746e-01 0.000000000000000000e+00
2.904361486434936523e-01 1.605211794376373291e-01 2.639789581298828125e-01 1.206656619906425476e-01 4.384951889514923096e-01 0.000000000000000000e+00
4.132124781608581543e-02 -3.792903944849967957e-02 6.584695726633071899e-02 8.258064091205596924e-02 3.191584721207618713e-02 0.000000000000000000e+00
9.327846765518188477e-02 2.064370214939117432e-01 1.221662834286689758e-01 1.468997001647949219e-01 4.074630439281463623e-01 0.000000000000000000e+00
2.689521312713623047e-01 3.397180736064910889e-01 3.070705235004425049e-01 3.509645760059356689e-01 2.446110695600509644e-01 0.000000000000000000e+00
6.183636188507080078e-01 7.354034781455993652e-01 7.604936957359313965e-01 7.957451343536376953e-01 8.098151087760925293e-01 0.000000000000000000e+00
5.891792774200439453e-01 6.420791149139404297e-01 7.075761556625366211e-01 7.548666596412658691e-01 7.688809037208557129e-01 0.000000000000000000e+00
4.700358808040618896e-01 4.728318750858306885e-01 5.441600680351257324e-01 4.704993665218353271e-01 6.397165656089782715e-01 0.000000000000000000e+00
-5.691558122634887695e-02 -1.181394308805465698e-01 -1.273935437202453613e-01 -1.413140743970870972e-01 -1.225557103753089905e-01 0.000000000000000000e+00
1.894942373037338257e-01 1.308587789535522461e-01 6.996369361877441406e-02 -4.928466677665710449e-02 -1.165624260902404785e-01 0.000000000000000000e+00
8.169864863157272339e-02 -8.512227237224578857e-02 -1.343180239200592041e-01 -1.385066807270050049e-01 -1.321225911378860474e-01 0.000000000000000000e+00
6.001964807510375977e-01 4.841642081737518311e-01 3.777055442333221436e-01 3.745705485343933105e-01 1.859490573406219482e-01 0.000000000000000000e+00
5.329849720001220703e-01 6.936881542205810547e-01 7.827700972557067871e-01 7.756235003471374512e-01 8.367179632186889648e-01 0.000000000000000000e+00
2.540144622325897217e-01 2.785656452178955078e-01 5.505517125129699707e-01 6.508200168609619141e-01 7.826332449913024902e-01 0.000000000000000000e+00
7.319100499153137207e-01 8.143044114112854004e-01 8.953549265861511230e-01 8.780695199966430664e-01 8.191953897476196289e-01 0.000000000000000000e+00
6.694493293762207031e-01 7.931468486785888672e-01 8.706541061401367188e-01 9.214543700218200684e-01 8.968603014945983887e-01 0.000000000000000000e+00
8.154491782188415527e-01 8.738020658493041992e-01 9.371319413185119629e-01 9.397808909416198730e-01 9.452785849571228027e-01 0.000000000000000000e+00
4.748983681201934814e-01 6.026137471199035645e-01 7.338849902153015137e-01 8.129233121871948242e-01 9.100387692451477051e-01 0.000000000000000000e+00
4.523136615753173828e-01 6.107924580574035645e-01 6.201568245887756348e-01 7.474391460418701172e-01 6.666856408119201660e-01 0.000000000000000000e+00
-1.287065446376800537e-02 1.662974804639816284e-01 -1.128603331744670868e-02 -9.919610619544982910e-02 -5.691364035010337830e-02 0.000000000000000000e+00
1.881488561630249023e-01 3.739876747131347656e-01 1.474770903587341309e-01 -5.195051431655883789e-02 -6.511983275413513184e-02 0.000000000000000000e+00
1.989065408706665039e-01 -5.590982362627983093e-02 -8.943555504083633423e-02 -2.203279547393321991e-02 -3.734802082180976868e-02 0.000000000000000000e+00
3.865275382995605469e-01 5.383846163749694824e-01 6.167238950729370117e-01 5.217966437339782715e-01 4.937924146652221680e-01 0.000000000000000000e+00
4.726096093654632568e-01 5.268772840499877930e-01 6.801931262016296387e-01 7.221375703811645508e-01 7.444977164268493652e-01 0.000000000000000000e+00
3.918656408786773682e-01 5.240857005119323730e-01 7.266117334365844727e-01 7.123349308967590332e-01 7.667222023010253906e-01 0.000000000000000000e+00
5.368555784225463867e-01 6.271753311157226562e-01 6.727410554885864258e-01 6.928149461746215820e-01 6.907962560653686523e-01 0.000000000000000000e+00
2.155078202486038208e-01 5.464254617691040039e-01 6.074639558792114258e-01 5.803835391998291016e-01 6.352471113204956055e-01 0.000000000000000000e+00
2.030346244573593140e-01 2.089212834835052490e-01 -7.903278619050979614e-02 4.701111912727355957e-01 4.454104006290435791e-01 0.000000000000000000e+00
1.820278763771057129e-01 4.596092104911804199e-01 5.780343413352966309e-01 6.453836560249328613e-01 6.953327059745788574e-01 0.000000000000000000e+00
2.198605686426162720e-01 2.541380822658538818e-01 3.695285916328430176e-01 4.488719105720520020e-01 4.983583092689514160e-01 0.000000000000000000e+00
-1.199431791901588440e-01 -1.442150473594665527e-01 -1.353940218687057495e-01 -1.265079379081726074e-01 -1.040645539760589600e-01 0.000000000000000000e+00
3.024684786796569824e-01 1.305990945547819138e-02 -9.624850749969482422e-02 -1.544833928346633911e-01 -1.462705582380294800e-01 0.000000000000000000e+00
8.384891599416732788e-02 3.996044695377349854e-01 4.590145647525787354e-01 4.397891759872436523e-01 2.440916299819946289e-01 0.000000000000000000e+00
-6.709932535886764526e-02 -2.470632642507553101e-02 -1.452179402112960815e-01 6.885850429534912109e-02 9.754802286624908447e-02 0.000000000000000000e+00
1.702200919389724731e-01 5.094038844108581543e-01 6.735371947288513184e-01 6.583833098411560059e-01 5.285306572914123535e-01 0.000000000000000000e+00
-2.549539133906364441e-02 3.710101842880249023e-01 6.376652121543884277e-01 6.259636878967285156e-01 6.984671950340270996e-01 0.000000000000000000e+00
4.958937466144561768e-01 6.877604126930236816e-01 7.029574513435363770e-01 8.049494624137878418e-01 7.811487317085266113e-01 0.000000000000000000e+00
5.272619128227233887e-01 7.806117534637451172e-01 7.391363382339477539e-01 6.132307052612304688e-01 6.620670557022094727e-01 0.000000000000000000e+00
6.189159154891967773e-01 7.089669704437255859e-01 7.478348016738891602e-01 7.249100804328918457e-01 7.939888834953308105e-01 0.000000000000000000e+00
8.672358095645904541e-02 -6.163382530212402344e-02 -8.823239803314208984e-02 1.410862058401107788e-01 -1.595865562558174133e-02 1.000000000000000000e+00
3.689350187778472900e-02 2.050168514251708984e-01 -7.214213162660598755e-02 -2.944449894130229950e-02 -1.741984188556671143e-01 2.000000000000000000e+00
8.672358095645904541e-02 -6.163382530212402344e-02 -8.823239803314208984e-02 1.410862058401107788e-01 -1.595865562558174133e-02 1.000000000000000000e+00
3.689350187778472900e-02 2.050168514251708984e-01 -7.214213162660598755e-02 -2.944449894130229950e-02 -1.741984188556671143e-01 2.000000000000000000e+00
8.672358095645904541e-02 -6.163382530212402344e-02 -8.823239803314208984e-02 1.410862058401107788e-01 -1.595865562558174133e-02 1.000000000000000000e+00
3.689350187778472900e-02 2.050168514251708984e-01 -7.214213162660598755e-02 -2.944449894130229950e-02 -1.741984188556671143e-01 2.000000000000000000e+00
8.672358095645904541e-02 -6.163382530212402344e-02 -8.823239803314208984e-02 1.410862058401107788e-01 -1.595865562558174133e-02 1.000000000000000000e+00
3.689350187778472900e-02 2.050168514251708984e-01 -7.214213162660598755e-02 -2.944449894130229950e-02 -1.741984188556671143e-01 2.000000000000000000e+00
8.672358095645904541e-02 -6.163382530212402344e-02 -8.823239803314208984e-02 1.410862058401107788e-01 -1.595865562558174133e-02 1.000000000000000000e+00
3.689350187778472900e-02 2.050168514251708984e-01 -7.214213162660598755e-02 -2.944449894130229950e-02 -1.741984188556671143e-01 2.000000000000000000e+00
8.672358095645904541e-02 -6.163382530212402344e-02 -8.823239803314208984e-02 1.410862058401107788e-01 -1.595865562558174133e-02 1.000000000000000000e+00
3.689350187778472900e-02 2.050168514251708984e-01 -7.214213162660598755e-02 -2.944449894130229950e-02 -1.741984188556671143e-01 2.000000000000000000e+00
8.672358095645904541e-02 -6.163382530212402344e-02 -8.823239803314208984e-02 1.410862058401107788e-01 -1.595865562558174133e-02 1.000000000000000000e+00
3.689350187778472900e-02 2.050168514251708984e-01 -7.214213162660598755e-02 -2.944449894130229950e-02 -1.741984188556671143e-01 2.000000000000000000e+00
8.672358095645904541e-02 -6.163382530212402344e-02 -8.823239803314208984e-02 1.410862058401107788e-01 -1.595865562558174133e-02 1.000000000000000000e+00
3.689350187778472900e-02 2.050168514251708984e-01 -7.214213162660598755e-02 -2.944449894130229950e-02 -1.741984188556671143e-01 2.000000000000000000e+00
8.672358095645904541e-02 -6.163382530212402344e-02 -8.823239803314208984e-02 1.410862058401107788e-01 -1.595865562558174133e-02 1.000000000000000000e+00
3.689350187778472900e-02 2.050168514251708984e-01 -7.214213162660598755e-02 -2.944449894130229950e-02 -1.741984188556671143e-01 2.000000000000000000e+00
8.672358095645904541e-02 -6.163382530212402344e-02 -8.823239803314208984e-02 1.410862058401107788e-01 -1.595865562558174133e-02 1.000000000000000000e+00
3.689350187778472900e-02 2.050168514251708984e-01 -7.214213162660598755e-02 -2.944449894130229950e-02 -1.741984188556671143e-01 2.000000000000000000e+00
4.998642504215240479e-01 6.364850401878356934e-01 5.806719064712524414e-01 6.001126766204833984e-01 7.099432349205017090e-01 0.000000000000000000e+00
5.903946757316589355e-01 7.151326537132263184e-01 7.364258766174316406e-01 7.620055079460144043e-01 8.051707744598388672e-01 0.000000000000000000e+00
5.294858217239379883e-01 6.003098487854003906e-01 7.924068570137023926e-01 8.177056908607482910e-01 8.361008763313293457e-01 0.000000000000000000e+00
4.480119943618774414e-01 5.648972392082214355e-01 6.252841353416442871e-01 6.492990851402282715e-01 7.041473984718322754e-01 0.000000000000000000e+00
4.925977289676666260e-01 5.660372972488403320e-01 4.646950960159301758e-01 6.375038027763366699e-01 7.219715714454650879e-01 0.000000000000000000e+00
4.605804979801177979e-01 5.099117159843444824e-01 4.746233224868774414e-01 4.831324219703674316e-01 4.595107138156890869e-01 0.000000000000000000e+00
3.767788112163543701e-01 6.256385445594787598e-01 6.851214170455932617e-01 7.102057337760925293e-01 7.042075395584106445e-01 0.000000000000000000e+00
2.236754447221755981e-01 5.735763311386108398e-01 7.317669987678527832e-01 8.084424138069152832e-01 8.823810815811157227e-01 0.000000000000000000e+00
1.766183525323867798e-01 -4.322420340031385422e-03 1.411065906286239624e-01 2.131948322057723999e-01 3.628859221935272217e-01 0.000000000000000000e+00
5.226135849952697754e-01 6.788672208786010742e-01 7.292392253875732422e-01 7.028182744979858398e-01 6.920396089553833008e-01 0.000000000000000000e+00
4.008557200431823730e-01 4.612019062042236328e-01 7.423110008239746094e-01 7.142060995101928711e-01 7.878153324127197266e-01 0.000000000000000000e+00
3.837258517742156982e-01 3.785535991191864014e-01 4.374445080757141113e-01 5.595355629920959473e-01 6.272757649421691895e-01 0.000000000000000000e+00
3.910366594791412354e-01 5.959523320198059082e-01 6.253687739372253418e-01 6.042389273643493652e-01 6.205987334251403809e-01 0.000000000000000000e+00
2.529313862323760986e-01 3.735780715942382812e-01 3.659951090812683105e-01 4.320792853832244873e-01 5.598220229148864746e-01 0.000000000000000000e+00
9.990871697664260864e-02 4.651266932487487793e-01 4.511512517929077148e-01 5.613881349563598633e-01 3.531867563724517822e-01 0.000000000000000000e+00
7.942307591438293457e-01 7.659920454025268555e-01 7.416453957557678223e-01 7.570884823799133301e-01 7.618545889854431152e-01 0.000000000000000000e+00
5.778151750564575195e-01 5.616592168807983398e-01 7.111483812332153320e-01 7.720849514007568359e-01 8.595345020294189453e-01 0.000000000000000000e+00
6.401746273040771484e-01 7.878078818321228027e-01 8.848812580108642578e-01 8.686372637748718262e-01 8.331330418586730957e-01 0.000000000000000000e+00
6.464253664016723633e-01 6.728121042251586914e-01 9.353870749473571777e-01 9.407193660736083984e-01 9.492675065994262695e-01 0.000000000000000000e+00
3.797743618488311768e-01 3.322944045066833496e-01 5.627754330635070801e-01 6.667748689651489258e-01 8.495543599128723145e-01 0.000000000000000000e+00
3.831765651702880859e-01 5.266595482826232910e-01 5.372431874275207520e-01 6.561309099197387695e-01 7.957648634910583496e-01 0.000000000000000000e+00
3.593680262565612793e-01 2.513315379619598389e-01 2.996770143508911133e-01 3.474410772323608398e-01 4.384453296661376953e-01 0.000000000000000000e+00
4.474468827247619629e-01 4.527711272239685059e-01 4.239992201328277588e-01 5.882075428962707520e-01 5.208034515380859375e-01 0.000000000000000000e+00
7.781900167465209961e-01 8.497247099876403809e-01 8.854299783706665039e-01 8.780354857444763184e-01 8.240665197372436523e-01 0.000000000000000000e+00
5.866565108299255371e-01 7.988600730895996094e-01 8.782976865768432617e-01 9.283556938171386719e-01 9.592048525810241699e-01 0.000000000000000000e+00
3.664385080337524414e-01 6.779759526252746582e-01 7.716948986053466797e-01 8.886386752128601074e-01 8.474363684654235840e-01 0.000000000000000000e+00
2.170863896608352661e-01 2.588645219802856445e-01 4.189323782920837402e-01 4.835800230503082275e-01 5.004559159278869629e-01 0.000000000000000000e+00
3.470102250576019287e-01 3.754170536994934082e-01 5.494865775108337402e-01 6.054131984710693359e-01 5.215883255004882812e-01 0.000000000000000000e+00
6.041417717933654785e-01 8.501564860343933105e-01 9.106614589691162109e-01 9.367040395736694336e-01 9.165639877319335938e-01 0.000000000000000000e+00
6.296477913856506348e-01 6.785567402839660645e-01 7.657243013381958008e-01 7.637542486190795898e-01 8.509209156036376953e-01 0.000000000000000000e+00
4.502900838851928711e-01 3.894445300102233887e-01 5.020256638526916504e-01 6.559712886810302734e-01 6.849790215492248535e-01 0.000000000000000000e+00
4.244948029518127441e-01 4.351122379302978516e-01 4.193055629730224609e-01 4.793918132781982422e-01 3.390485644340515137e-01 0.000000000000000000e+00
3.857630193233489990e-01 2.414930611848831177e-01 1.125609725713729858e-01 -4.400470480322837830e-02 7.795917335897684097e-03 0.000000000000000000e+00
5.417085886001586914e-01 6.132464408874511719e-01 6.439568996429443359e-01 6.057186722755432129e-01 6.247946619987487793e-01 0.000000000000000000e+00
7.112451195716857910e-01 7.822590470314025879e-01 8.231584429740905762e-01 8.247647285461425781e-01 8.160353302955627441e-01 0.000000000000000000e+00
8.515387773513793945e-01 8.761292099952697754e-01 8.867371082305908203e-01 8.841865062713623047e-01 9.170770645141601562e-01 0.000000000000000000e+00
3.963569998741149902e-01 8.786617517471313477e-01 8.772366046905517578e-01 9.305936098098754883e-01 9.729578495025634766e-01 0.000000000000000000e+00
8.318293094635009766e-01 9.486385583877563477e-01 9.736677408218383789e-01 9.626619219779968262e-01 9.479292035102844238e-01 0.000000000000000000e+00
8.650909662246704102e-01 9.463537931442260742e-01 9.529224634170532227e-01 9.845610857009887695e-01 9.866489768028259277e-01 0.000000000000000000e+00
5.484123229980468750e-01 7.588110566139221191e-01 8.827663064002990723e-01 9.089655280113220215e-01 9.558381438255310059e-01 0.000000000000000000e+00
7.739486694335937500e-01 9.103540778160095215e-01 9.085440635681152344e-01 9.539690017700195312e-01 9.526355266571044922e-01 0.000000000000000000e+00
7.610689401626586914e-01 9.101598262786865234e-01 9.520409703254699707e-01 9.585829973220825195e-01 9.601928591728210449e-01 0.000000000000000000e+00
7.346018552780151367e-01 9.259614944458007812e-01 9.038583040237426758e-01 9.208579063415527344e-01 9.220601916313171387e-01 1.000000000000000000e+00
6.284428238868713379e-01 8.232428431510925293e-01 8.048185110092163086e-01 8.553141951560974121e-01 9.054594635963439941e-01 2.000000000000000000e+00
7.346018552780151367e-01 9.259614944458007812e-01 9.038583040237426758e-01 9.208579063415527344e-01 9.220601916313171387e-01 1.000000000000000000e+00
6.284428238868713379e-01 8.232428431510925293e-01 8.048185110092163086e-01 8.553141951560974121e-01 9.054594635963439941e-01 2.000000000000000000e+00
7.346018552780151367e-01 9.259614944458007812e-01 9.038583040237426758e-01 9.208579063415527344e-01 9.220601916313171387e-01 1.000000000000000000e+00
6.284428238868713379e-01 8.232428431510925293e-01 8.048185110092163086e-01 8.553141951560974121e-01 9.054594635963439941e-01 2.000000000000000000e+00
7.346018552780151367e-01 9.259614944458007812e-01 9.038583040237426758e-01 9.208579063415527344e-01 9.220601916313171387e-01 1.000000000000000000e+00
6.284428238868713379e-01 8.232428431510925293e-01 8.048185110092163086e-01 8.553141951560974121e-01 9.054594635963439941e-01 2.000000000000000000e+00
7.346018552780151367e-01 9.259614944458007812e-01 9.038583040237426758e-01 9.208579063415527344e-01 9.220601916313171387e-01 1.000000000000000000e+00
6.284428238868713379e-01 8.232428431510925293e-01 8.048185110092163086e-01 8.553141951560974121e-01 9.054594635963439941e-01 2.000000000000000000e+00
7.346018552780151367e-01 9.259614944458007812e-01 9.038583040237426758e-01 9.208579063415527344e-01 9.220601916313171387e-01 1.000000000000000000e+00
6.284428238868713379e-01 8.232428431510925293e-01 8.048185110092163086e-01 8.553141951560974121e-01 9.054594635963439941e-01 2.000000000000000000e+00
7.346018552780151367e-01 9.259614944458007812e-01 9.038583040237426758e-01 9.208579063415527344e-01 9.220601916313171387e-01 1.000000000000000000e+00
6.284428238868713379e-01 8.232428431510925293e-01 8.048185110092163086e-01 8.553141951560974121e-01 9.054594635963439941e-01 2.000000000000000000e+00
7.346018552780151367e-01 9.259614944458007812e-01 9.038583040237426758e-01 9.208579063415527344e-01 9.220601916313171387e-01 1.000000000000000000e+00
6.284428238868713379e-01 8.232428431510925293e-01 8.048185110092163086e-01 8.553141951560974121e-01 9.054594635963439941e-01 2.000000000000000000e+00
7.346018552780151367e-01 9.259614944458007812e-01 9.038583040237426758e-01 9.208579063415527344e-01 9.220601916313171387e-01 1.000000000000000000e+00
6.284428238868713379e-01 8.232428431510925293e-01 8.048185110092163086e-01 8.553141951560974121e-01 9.054594635963439941e-01 2.000000000000000000e+00
7.346018552780151367e-01 9.259614944458007812e-01 9.038583040237426758e-01 9.208579063415527344e-01 9.220601916313171387e-01 1.000000000000000000e+00
6.284428238868713379e-01 8.232428431510925293e-01 8.048185110092163086e-01 8.553141951560974121e-01 9.054594635963439941e-01 2.000000000000000000e+00
2.993862032890319824e-01 2.937633991241455078e-01 4.542076885700225830e-01 3.283900320529937744e-01 4.615113735198974609e-01 0.000000000000000000e+00
4.046158194541931152e-01 5.891051888465881348e-01 7.183224558830261230e-01 6.277137994766235352e-01 7.321863174438476562e-01 0.000000000000000000e+00
2.498074173927307129e-01 5.345890522003173828e-01 8.364744186401367188e-01 8.463144898414611816e-01 7.991097569465637207e-01 0.000000000000000000e+00
4.732387959957122803e-01 5.753021836280822754e-01 5.649480223655700684e-01 5.096645355224609375e-01 6.571585536003112793e-01 0.000000000000000000e+00
3.460049629211425781e-02 1.870023608207702637e-01 1.839281022548675537e-01 2.802964448928833008e-01 6.668511629104614258e-01 0.000000000000000000e+00
-2.966411598026752472e-02 2.937637828290462494e-02 -3.172992914915084839e-02 2.863344252109527588e-01 3.303998410701751709e-01 0.000000000000000000e+00
1.239755302667617798e-01 3.110217452049255371e-01 4.090287685394287109e-01 5.878877043724060059e-01 6.694793701171875000e-01 0.000000000000000000e+00
1.921282857656478882e-01 -4.817202687263488770e-03 1.121150627732276917e-01 -1.150646060705184937e-01 1.122266352176666260e-01 1.000000000000000000e+00
2.199340909719467163e-01 4.486458301544189453e-01 7.212957739830017090e-01 7.696611285209655762e-01 8.159782886505126953e-01 2.000000000000000000e+00
1.921282857656478882e-01 -4.817202687263488770e-03 1.121150627732276917e-01 -1.150646060705184937e-01 1.122266352176666260e-01 1.000000000000000000e+00
2.199340909719467163e-01 4.486458301544189453e-01 7.212957739830017090e-01 7.696611285209655762e-01 8.159782886505126953e-01 2.000000000000000000e+00
1.921282857656478882e-01 -4.817202687263488770e-03 1.121150627732276917e-01 -1.150646060705184937e-01 1.122266352176666260e-01 1.000000000000000000e+00
2.199340909719467163e-01 4.486458301544189453e-01 7.212957739830017090e-01 7.696611285209655762e-01 8.159782886505126953e-01 2.000000000000000000e+00
1.921282857656478882e-01 -4.817202687263488770e-03 1.121150627732276917e-01 -1.150646060705184937e-01 1.122266352176666260e-01 1.000000000000000000e+00
2.199340909719467163e-01 4.486458301544189453e-01 7.212957739830017090e-01 7.696611285209655762e-01 8.159782886505126953e-01 2.000000000000000000e+00
1.921282857656478882e-01 -4.817202687263488770e-03 1.121150627732276917e-01 -1.150646060705184937e-01 1.122266352176666260e-01 1.000000000000000000e+00
2.199340909719467163e-01 4.486458301544189453e-01 7.212957739830017090e-01 7.696611285209655762e-01 8.159782886505126953e-01 2.000000000000000000e+00
1.921282857656478882e-01 -4.817202687263488770e-03 1.121150627732276917e-01 -1.150646060705184937e-01 1.122266352176666260e-01 1.000000000000000000e+00
2.199340909719467163e-01 4.486458301544189453e-01 7.212957739830017090e-01 7.696611285209655762e-01 8.159782886505126953e-01 2.000000000000000000e+00
1.921282857656478882e-01 -4.817202687263488770e-03 1.121150627732276917e-01 -1.150646060705184937e-01 1.122266352176666260e-01 1.000000000000000000e+00
2.199340909719467163e-01 4.486458301544189453e-01 7.212957739830017090e-01 7.696611285209655762e-01 8.159782886505126953e-01 2.000000000000000000e+00
1.921282857656478882e-01 -4.817202687263488770e-03 1.121150627732276917e-01 -1.150646060705184937e-01 1.122266352176666260e-01 1.000000000000000000e+00
2.199340909719467163e-01 4.486458301544189453e-01 7.212957739830017090e-01 7.696611285209655762e-01 8.159782886505126953e-01 2.000000000000000000e+00
1.921282857656478882e-01 -4.817202687263488770e-03 1.121150627732276917e-01 -1.150646060705184937e-01 1.122266352176666260e-01 1.000000000000000000e+00
2.199340909719467163e-01 4.486458301544189453e-01 7.212957739830017090e-01 7.696611285209655762e-01 8.159782886505126953e-01 2.000000000000000000e+00
1.921282857656478882e-01 -4.817202687263488770e-03 1.121150627732276917e-01 -1.150646060705184937e-01 1.122266352176666260e-01 1.000000000000000000e+00
2.199340909719467163e-01 4.486458301544189453e-01 7.212957739830017090e-01 7.696611285209655762e-01 8.159782886505126953e-01 2.000000000000000000e+00
3.314217627048492432e-01 4.060279726982116699e-01 4.958191812038421631e-01 6.724581718444824219e-01 7.598468661308288574e-01 0.000000000000000000e+00
5.501701235771179199e-01 7.227340340614318848e-01 9.070888757705688477e-01 9.256221055984497070e-01 9.200176000595092773e-01 0.000000000000000000e+00
6.452325582504272461e-01 8.090959787368774414e-01 8.394150733947753906e-01 8.509620428085327148e-01 9.064143896102905273e-01 0.000000000000000000e+00
7.588825225830078125e-01 8.557558059692382812e-01 9.442077875137329102e-01 9.444563984870910645e-01 9.234842658042907715e-01 0.000000000000000000e+00
8.030053973197937012e-01 9.507573246955871582e-01 9.638059139251708984e-01 9.750036597251892090e-01 9.886643886566162109e-01 0.000000000000000000e+00
4.651473164558410645e-01 7.321740388870239258e-01 7.984392046928405762e-01 7.354280948638916016e-01 7.954272627830505371e-01 0.000000000000000000e+00
6.162441968917846680e-01 5.672627091407775879e-01 4.032813012599945068e-01 6.840754151344299316e-01 7.692771553993225098e-01 0.000000000000000000e+00
-1.105509474873542786e-01 4.878910630941390991e-02 4.255153834819793701e-01 6.819792985916137695e-01 7.796843051910400391e-01 0.000000000000000000e+00
1.284841541200876236e-02 5.198445916175842285e-01 6.665378212928771973e-01 6.267527341842651367e-01 7.501269578933715820e-01 0.000000000000000000e+00
-1.797544211149215698e-02 -9.758607484400272369e-03 -2.126118727028369904e-02 -1.314548701047897339e-01 -1.342262625694274902e-01 0.000000000000000000e+00
6.565204262733459473e-02 9.424778819084167480e-02 2.552452087402343750e-01 7.118386775255203247e-02 -1.013607233762741089e-01 0.000000000000000000e+00
4.385464359074831009e-03 2.665885090827941895e-01 2.491858601570129395e-01 2.222480177879333496e-01 2.572911381721496582e-01 0.000000000000000000e+00
5.245074629783630371e-01 6.932112574577331543e-01 7.348787784576416016e-01 8.148049712181091309e-01 8.184046149253845215e-01 0.000000000000000000e+00
3.722349405288696289e-01 3.482970595359802246e-01 4.417085945606231689e-01 4.599918127059936523e-01 5.927769541740417480e-01 0.000000000000000000e+00
1.328414827585220337e-01 2.592245042324066162e-01 4.871859848499298096e-01 6.620472073554992676e-01 6.420229673385620117e-01 0.000000000000000000e+00
2.942375838756561279e-01 2.955724000930786133e-01 2.017016112804412842e-01 5.659348368644714355e-01 3.959048986434936523e-01 0.000000000000000000e+00
1.417567729949951172e-01 1.427256464958190918e-01 2.749264538288116455e-01 2.427468001842498779e-01 4.384889900684356689e-01 0.000000000000000000e+00
3.547610044479370117e-01 4.883112609386444092e-01 5.929239988327026367e-01 6.074999570846557617e-01 5.369766950607299805e-01 0.000000000000000000e+00
2.938774824142456055e-01 3.956282436847686768e-01 4.336317777633666992e-01 3.984525203704833984e-01 4.222624897956848145e-01 0.000000000000000000e+00
4.425311386585235596e-01 4.272068142890930176e-01 4.024493396282196045e-01 4.661930799484252930e-01 4.366449415683746338e-01 0.000000000000000000e+00
2.643784284591674805e-01 3.015329241752624512e-01 4.149758219718933105e-01 5.255317091941833496e-01 4.547774493694305420e-01 0.000000000000000000e+00
5.667771100997924805e-01 8.751692175865173340e-01 9.661720991134643555e-01 9.764832854270935059e-01 9.718732833862304688e-01 0.000000000000000000e+00
2.341872304677963257e-01 5.864101648330688477e-01 6.506051421165466309e-01 8.955274224281311035e-01 9.314334392547607422e-01 0.000000000000000000e+00
5.768780708312988281e-01 7.748808264732360840e-01 8.258789181709289551e-01 8.350311517715454102e-01 8.635259866714477539e-01 0.000000000000000000e+00
6.138526797294616699e-01 7.967240810394287109e-01 8.914299607276916504e-01 8.761970996856689453e-01 8.842000961303710938e-01 0.000000000000000000e+00
5.301603078842163086e-01 6.114191412925720215e-01 7.657566666603088379e-01 8.057539463043212891e-01 8.591439723968505859e-01 0.000000000000000000e+00
6.611750721931457520e-01 7.687286734580993652e-01 8.309803605079650879e-01 8.873723745346069336e-01 9.063932299613952637e-01 0.000000000000000000e+00
5.603520274162292480e-01 6.859881281852722168e-01 7.659838199615478516e-01 8.194167613983154297e-01 8.702902197837829590e-01 0.000000000000000000e+00
7.143615484237670898e-01 8.309823274612426758e-01 8.697031736373901367e-01 8.302853107452392578e-01 8.167058825492858887e-01 0.000000000000000000e+00
4.250546097755432129e-01 6.632654666900634766e-01 8.045892119407653809e-01 8.836035728454589844e-01 8.950347900390625000e-01 0.000000000000000000e+00
2.700963616371154785e-01 3.600941002368927002e-01 3.961504697799682617e-01 3.368873298168182373e-01 6.472315788269042969e-01 0.000000000000000000e+00
6.827171891927719116e-02 2.248979061841964722e-01 6.265904903411865234e-01 7.715077996253967285e-01 6.871424317359924316e-01 0.000000000000000000e+00
5.752770304679870605e-01 6.414111852645874023e-01 2.738163173198699951e-01 2.074296176433563232e-01 1.816027015447616577e-01 0.000000000000000000e+00
4.749923646450042725e-01 7.457035779953002930e-01 8.303866386413574219e-01 8.189325928688049316e-01 8.298786878585815430e-01 0.000000000000000000e+00
6.109793782234191895e-01 8.628717660903930664e-01 9.093015193939208984e-01 8.944979310035705566e-01 8.408533930778503418e-01 0.000000000000000000e+00
9.616781771183013916e-02 8.850385248661041260e-02 8.026698604226112366e-03 -7.493767142295837402e-02 -7.340531051158905029e-02 0.000000000000000000e+00
3.489302992820739746e-01 3.034205138683319092e-01 5.103248357772827148e-01 3.633124828338623047e-01 3.896038830280303955e-01 0.000000000000000000e+00
3.559388518333435059e-01 5.523861050605773926e-01 8.210234045982360840e-01 9.086980223655700684e-01 9.248932600021362305e-01 0.000000000000000000e+00
7.640373110771179199e-01 7.340942025184631348e-01 7.851146459579467773e-01 8.643785119056701660e-01 8.595794439315795898e-01 0.000000000000000000e+00
9.644663333892822266e-02 -9.126180410385131836e-02 -1.163358613848686218e-02 2.828577160835266113e-02 5.313475131988525391e-01 0.000000000000000000e+00
2.676844298839569092e-01 1.224608793854713440e-01 -6.711456924676895142e-02 -3.061590716242790222e-03 3.464022185653448105e-03 0.000000000000000000e+00
