7.006145119667053223e-01 7.149363756179809570e-01 6.909518241882324219e-01 6.700991392135620117e-01 6.511821746826171875e-01 0.000000000000000000e+00
5.225694775581359863e-01 4.701024591922760010e-01 5.410494208335876465e-01 5.304207205772399902e-01 5.329363942146301270e-01 0.000000000000000000e+00
-4.563472568988800049e-01 3.077997267246246338e-01 9.855826944112777710e-02 3.433069586753845215e-01 4.474565088748931885e-01 0.000000000000000000e+00
2.893891632556915283e-01 3.449726998805999756e-01 4.895256161689758301e-01 4.922317266464233398e-01 4.621756076812744141e-01 0.000000000000000000e+00
5.271132588386535645e-01 5.219769477844238281e-01 5.686929225921630859e-01 5.744644403457641602e-01 5.391842126846313477e-01 0.000000000000000000e+00
6.340764164924621582e-01 6.305305957794189453e-01 6.221495270729064941e-01 5.972334146499633789e-01 5.884175896644592285e-01 0.000000000000000000e+00
6.691185235977172852e-01 7.058017253875732422e-01 7.055824995040893555e-01 6.835249662399291992e-01 6.577328443527221680e-01 0.000000000000000000e+00
6.750333309173583984e-01 6.796759366989135742e-01 6.813732385635375977e-01 6.530609130859375000e-01 6.454212069511413574e-01 0.000000000000000000e+00
6.913825273513793945e-01 6.982876062393188477e-01 6.722438931465148926e-01 6.447750329971313477e-01 6.229534745216369629e-01 0.000000000000000000e+00
6.888003945350646973e-01 6.981271505355834961e-01 6.728168129920959473e-01 6.486194133758544922e-01 6.412609815597534180e-01 0.000000000000000000e+00
6.910192370414733887e-01 6.998324394226074219e-01 6.759544610977172852e-01 6.458891034126281738e-01 6.265283823013305664e-01 0.000000000000000000e+00
6.955918073654174805e-01 7.006819248199462891e-01 6.706287860870361328e-01 6.424689292907714844e-01 6.187255978584289551e-01 0.000000000000000000e+00
6.961742639541625977e-01 7.001147866249084473e-01 6.626434326171875000e-01 6.419552564620971680e-01 6.201633810997009277e-01 0.000000000000000000e+00
6.996968388557434082e-01 6.868417263031005859e-01 6.544749736785888672e-01 6.343369483947753906e-01 5.990237593650817871e-01 0.000000000000000000e+00
5.563502311706542969e-01 6.166198253631591797e-01 6.725836992263793945e-01 7.358139753341674805e-01 7.925651669502258301e-01 0.000000000000000000e+00
6.332750320434570312e-01 7.280191183090209961e-01 7.636114954948425293e-01 7.815788984298706055e-01 7.802863717079162598e-01 0.000000000000000000e+00
-6.916220486164093018e-02 2.661836743354797363e-01 5.850614309310913086e-01 7.502164840698242188e-01 7.899110913276672363e-01 0.000000000000000000e+00
-5.062541961669921875e-01 -4.732871055603027344e-01 -1.913813948631286621e-01 2.091207802295684814e-01 4.523874223232269287e-01 0.000000000000000000e+00
5.623434782028198242e-01 6.916167736053466797e-01 7.437063455581665039e-01 7.686496973037719727e-01 7.688637971878051758e-01 0.000000000000000000e+00
5.875071287155151367e-01 6.501926183700561523e-01 6.996910572052001953e-01 7.327665686607360840e-01 7.547568082809448242e-01 0.000000000000000000e+00
5.099487304687500000e-01 5.197595357894897461e-01 5.768344402313232422e-01 6.482369899749755859e-01 6.895967721939086914e-01 0.000000000000000000e+00
6.447020769119262695e-01 6.472723484039306641e-01 6.451081037521362305e-01 6.401169896125793457e-01 6.439003944396972656e-01 0.000000000000000000e+00
4.264975190162658691e-01 1.451380252838134766e-01 5.687007904052734375e-01 5.791178941726684570e-01 5.852190256118774414e-01 0.000000000000000000e+00
-4.892924129962921143e-01 -4.991893470287322998e-01 -1.591981053352355957e-01 5.656296014785766602e-01 5.552524328231811523e-01 0.000000000000000000e+00
-5.103245973587036133e-01 -5.487734079360961914e-01 -5.599616765975952148e-01 -5.567541718482971191e-01 -5.532809495925903320e-01 0.000000000000000000e+00
6.589160561561584473e-01 6.276816725730895996e-01 5.983907580375671387e-01 3.799164891242980957e-01 -4.812403619289398193e-01 0.000000000000000000e+00
6.866459846496582031e-01 6.833459138870239258e-01 6.914582252502441406e-01 6.727210879325866699e-01 6.840634942054748535e-01 0.000000000000000000e+00
7.095943689346313477e-01 6.878308653831481934e-01 6.527128815650939941e-01 6.535364985466003418e-01 6.505411267280578613e-01 0.000000000000000000e+00
-5.620731115341186523e-01 -5.219783186912536621e-01 4.260470867156982422e-01 6.562124490737915039e-01 7.488920688629150391e-01 0.000000000000000000e+00
-5.656074285507202148e-01 -5.812007188796997070e-01 -5.817079544067382812e-01 -5.601190924644470215e-01 -5.480717420578002930e-01 0.000000000000000000e+00
-3.335789442062377930e-01 -2.977166138589382172e-02 -3.045093417167663574e-01 -4.030125141143798828e-01 -3.435643911361694336e-01 0.000000000000000000e+00
-5.357068181037902832e-01 -5.376674532890319824e-01 -4.582583904266357422e-01 3.772096633911132812e-01 5.590765476226806641e-01 0.000000000000000000e+00
-5.166841149330139160e-01 -5.524924397468566895e-01 -5.426744222640991211e-01 -5.330211520195007324e-01 -4.951510429382324219e-01 0.000000000000000000e+00
-1.836432218551635742e-01 -1.597288250923156738e-01 -3.869028091430664062e-01 -3.660228550434112549e-01 4.985074326395988464e-02 0.000000000000000000e+00
2.783283591270446777e-01 4.723887145519256592e-01 3.333381712436676025e-01 5.107389688491821289e-01 5.396649837493896484e-01 0.000000000000000000e+00
5.660291910171508789e-01 5.517644882202148438e-01 5.584203004837036133e-01 5.979220271110534668e-01 6.013619899749755859e-01 0.000000000000000000e+00
5.679327249526977539e-01 5.572826862335205078e-01 5.869635343551635742e-01 6.023855209350585938e-01 6.118990778923034668e-01 0.000000000000000000e+00
5.775622129440307617e-01 5.634282827377319336e-01 5.753095746040344238e-01 6.383677721023559570e-01 6.928679943084716797e-01 0.000000000000000000e+00
5.940483212471008301e-01 5.227237939834594727e-01 5.619996786117553711e-01 6.009663343429565430e-01 6.347656846046447754e-01 0.000000000000000000e+00
5.657122731208801270e-01 5.754417181015014648e-01 6.039885282516479492e-01 6.295692920684814453e-01 6.632727384567260742e-01 0.000000000000000000e+00
5.773133039474487305e-01 6.389355659484863281e-01 6.747173070907592773e-01 7.005534768104553223e-01 7.170851826667785645e-01 0.000000000000000000e+00
5.455600023269653320e-01 5.707660913467407227e-01 6.301935911178588867e-01 6.826387643814086914e-01 7.122833728790283203e-01 0.000000000000000000e+00
3.090487979352474213e-02 -6.142225489020347595e-02 -1.847382783889770508e-01 -2.661328017711639404e-01 -2.731640040874481201e-01 1.000000000000000000e+00
4.911434352397918701e-01 5.026379823684692383e-01 4.673225581645965576e-01 4.701929986476898193e-01 4.073117375373840332e-01 2.000000000000000000e+00
3.090487979352474213e-02 -6.142225489020347595e-02 -1.847382783889770508e-01 -2.661328017711639404e-01 -2.731640040874481201e-01 1.000000000000000000e+00
4.911434352397918701e-01 5.026379823684692383e-01 4.673225581645965576e-01 4.701929986476898193e-01 4.073117375373840332e-01 2.000000000000000000e+00
3.090487979352474213e-02 -6.142225489020347595e-02 -1.847382783889770508e-01 -2.661328017711639404e-01 -2.731640040874481201e-01 1.000000000000000000e+00
4.911434352397918701e-01 5.026379823684692383e-01 4.673225581645965576e-01 4.701929986476898193e-01 4.073117375373840332e-01 2.000000000000000000e+00
3.090487979352474213e-02 -6.142225489020347595e-02 -1.847382783889770508e-01 -2.661328017711639404e-01 -2.731640040874481201e-01 1.000000000000000000e+00
4.911434352397918701e-01 5.026379823684692383e-01 4.673225581645965576e-01 4.701929986476898193e-01 4.073117375373840332e-01 2.000000000000000000e+00
3.090487979352474213e-02 -6.142225489020347595e-02 -1.847382783889770508e-01 -2.661328017711639404e-01 -2.731640040874481201e-01 1.000000000000000000e+00
4.911434352397918701e-01 5.026379823684692383e-01 4.673225581645965576e-01 4.701929986476898193e-01 4.073117375373840332e-01 2.000000000000000000e+00
3.090487979352474213e-02 -6.142225489020347595e-02 -1.847382783889770508e-01 -2.661328017711639404e-01 -2.731640040874481201e-01 1.000000000000000000e+00
4.911434352397918701e-01 5.026379823684692383e-01 4.673225581645965576e-01 4.701929986476898193e-01 4.073117375373840332e-01 2.000000000000000000e+00
3.090487979352474213e-02 -6.142225489020347595e-02 -1.847382783889770508e-01 -2.661328017711639404e-01 -2.731640040874481201e-01 1.000000000000000000e+00
4.911434352397918701e-01 5.026379823684692383e-01 4.673225581645965576e-01 4.701929986476898193e-01 4.073117375373840332e-01 2.000000000000000000e+00
3.090487979352474213e-02 -6.142225489020347595e-02 -1.847382783889770508e-01 -2.661328017711639404e-01 -2.731640040874481201e-01 1.000000000000000000e+00
4.911434352397918701e-01 5.026379823684692383e-01 4.673225581645965576e-01 4.701929986476898193e-01 4.073117375373840332e-01 2.000000000000000000e+00
3.090487979352474213e-02 -6.142225489020347595e-02 -1.847382783889770508e-01 -2.661328017711639404e-01 -2.731640040874481201e-01 1.000000000000000000e+00
4.911434352397918701e-01 5.026379823684692383e-01 4.673225581645965576e-01 4.701929986476898193e-01 4.073117375373840332e-01 2.000000000000000000e+00
3.090487979352474213e-02 -6.142225489020347595e-02 -1.847382783889770508e-01 -2.661328017711639404e-01 -2.731640040874481201e-01 1.000000000000000000e+00
4.911434352397918701e-01 5.026379823684692383e-01 4.673225581645965576e-01 4.701929986476898193e-01 4.073117375373840332e-01 2.000000000000000000e+00
7.101861238479614258e-01 7.243160009384155273e-01 7.636796236038208008e-01 7.736164331436157227e-01 7.688850164413452148e-01 0.000000000000000000e+00
6.508873701095581055e-01 6.719168424606323242e-01 7.142500877380371094e-01 7.209440469741821289e-01 7.470710277557373047e-01 0.000000000000000000e+00
6.294083595275878906e-01 6.568092703819274902e-01 6.571333408355712891e-01 6.769130229949951172e-01 6.766058206558227539e-01 0.000000000000000000e+00
5.439128875732421875e-01 5.973891019821166992e-01 6.109286546707153320e-01 6.183310747146606445e-01 6.435708999633789062e-01 0.000000000000000000e+00
5.022442936897277832e-01 5.397616028785705566e-01 5.812245607376098633e-01 6.087601184844970703e-01 6.387671232223510742e-01 0.000000000000000000e+00
6.391658186912536621e-01 6.438863277435302734e-01 6.423714160919189453e-01 6.409924030303955078e-01 6.419271826744079590e-01 0.000000000000000000e+00
5.674573183059692383e-01 6.198279857635498047e-01 6.433455944061279297e-01 6.647030115127563477e-01 6.759842634201049805e-01 0.000000000000000000e+00
6.455664634704589844e-01 5.584061145782470703e-01 5.619919300079345703e-01 5.852496623992919922e-01 5.770998597145080566e-01 0.000000000000000000e+00
6.366584300994873047e-01 5.891925096511840820e-01 5.531630516052246094e-01 5.717281103134155273e-01 5.930870175361633301e-01 0.000000000000000000e+00
6.673722267150878906e-01 6.783372163772583008e-01 6.309248805046081543e-01 5.807551145553588867e-01 5.622009038925170898e-01 0.000000000000000000e+00
6.787683963775634766e-01 6.891657114028930664e-01 6.722277402877807617e-01 6.503564715385437012e-01 6.372296810150146484e-01 0.000000000000000000e+00
6.796114444732666016e-01 6.869206428527832031e-01 6.721974611282348633e-01 6.528126001358032227e-01 6.386715173721313477e-01 0.000000000000000000e+00
6.807019710540771484e-01 6.878105401992797852e-01 6.705490350723266602e-01 6.526941061019897461e-01 6.364144086837768555e-01 0.000000000000000000e+00
6.810388565063476562e-01 6.868267059326171875e-01 6.703741550445556641e-01 6.536108851432800293e-01 6.381645798683166504e-01 0.000000000000000000e+00
3.294602334499359131e-01 4.440319836139678955e-01 5.465956330299377441e-01 5.795844793319702148e-01 5.914080739021301270e-01 0.000000000000000000e+00
5.050812959671020508e-01 5.776228904724121094e-01 5.933802127838134766e-01 5.802931785583496094e-01 6.331532001495361328e-01 0.000000000000000000e+00
6.458822488784790039e-01 5.882558822631835938e-01 5.884453058242797852e-01 6.005787253379821777e-01 6.013479828834533691e-01 0.000000000000000000e+00
6.683220863342285156e-01 6.175736188888549805e-01 6.024792790412902832e-01 6.045790910720825195e-01 6.021097898483276367e-01 0.000000000000000000e+00
6.751937866210937500e-01 6.270661950111389160e-01 6.180499792098999023e-01 6.247495412826538086e-01 6.088101267814636230e-01 0.000000000000000000e+00
-2.835636138916015625e-01 -5.349045395851135254e-01 -5.398121476173400879e-01 -4.357287585735321045e-01 -2.780185341835021973e-01 1.000000000000000000e+00
-2.646876871585845947e-01 -3.598010540008544922e-01 -1.590920388698577881e-01 2.082596868276596069e-01 7.594960927963256836e-02 2.000000000000000000e+00
-2.835636138916015625e-01 -5.349045395851135254e-01 -5.398121476173400879e-01 -4.357287585735321045e-01 -2.780185341835021973e-01 1.000000000000000000e+00
-2.646876871585845947e-01 -3.598010540008544922e-01 -1.590920388698577881e-01 2.082596868276596069e-01 7.594960927963256836e-02 2.000000000000000000e+00
-2.835636138916015625e-01 -5.349045395851135254e-01 -5.398121476173400879e-01 -4.357287585735321045e-01 -2.780185341835021973e-01 1.000000000000000000e+00
-2.646876871585845947e-01 -3.598010540008544922e-01 -1.590920388698577881e-01 2.082596868276596069e-01 7.594960927963256836e-02 2.000000000000000000e+00
-2.835636138916015625e-01 -5.349045395851135254e-01 -5.398121476173400879e-01 -4.357287585735321045e-01 -2.780185341835021973e-01 1.000000000000000000e+00
-2.646876871585845947e-01 -3.598010540008544922e-01 -1.590920388698577881e-01 2.082596868276596069e-01 7.594960927963256836e-02 2.000000000000000000e+00
-2.835636138916015625e-01 -5.349045395851135254e-01 -5.398121476173400879e-01 -4.357287585735321045e-01 -2.780185341835021973e-01 1.000000000000000000e+00
-2.646876871585845947e-01 -3.598010540008544922e-01 -1.590920388698577881e-01 2.082596868276596069e-01 7.594960927963256836e-02 2.000000000000000000e+00
-2.835636138916015625e-01 -5.349045395851135254e-01 -5.398121476173400879e-01 -4.357287585735321045e-01 -2.780185341835021973e-01 1.000000000000000000e+00
-2.646876871585845947e-01 -3.598010540008544922e-01 -1.590920388698577881e-01 2.082596868276596069e-01 7.594960927963256836e-02 2.000000000000000000e+00
-2.835636138916015625e-01 -5.349045395851135254e-01 -5.398121476173400879e-01 -4.357287585735321045e-01 -2.780185341835021973e-01 1.000000000000000000e+00
-2.646876871585845947e-01 -3.598010540008544922e-01 -1.590920388698577881e-01 2.082596868276596069e-01 7.594960927963256836e-02 2.000000000000000000e+00
-2.835636138916015625e-01 -5.349045395851135254e-01 -5.398121476173400879e-01 -4.357287585735321045e-01 -2.780185341835021973e-01 1.000000000000000000e+00
-2.646876871585845947e-01 -3.598010540008544922e-01 -1.590920388698577881e-01 2.082596868276596069e-01 7.594960927963256836e-02 2.000000000000000000e+00
-2.835636138916015625e-01 -5.349045395851135254e-01 -5.398121476173400879e-01 -4.357287585735321045e-01 -2.780185341835021973e-01 1.000000000000000000e+00
-2.646876871585845947e-01 -3.598010540008544922e-01 -1.590920388698577881e-01 2.082596868276596069e-01 7.594960927963256836e-02 2.000000000000000000e+00
-2.835636138916015625e-01 -5.349045395851135254e-01 -5.398121476173400879e-01 -4.357287585735321045e-01 -2.780185341835021973e-01 1.000000000000000000e+00
-2.646876871585845947e-01 -3.598010540008544922e-01 -1.590920388698577881e-01 2.082596868276596069e-01 7.594960927963256836e-02 2.000000000000000000e+00
4.066942334175109863e-01 6.600712537765502930e-01 7.091047763824462891e-01 7.366565465927124023e-01 7.415053844451904297e-01 0.000000000000000000e+00
-4.927915036678314209e-01 -4.505947232246398926e-01 -1.875265389680862427e-01 4.682560563087463379e-01 6.379420757293701172e-01 0.000000000000000000e+00
2.525782883167266846e-01 2.939424812793731689e-01 4.296995997428894043e-01 5.704530477523803711e-01 4.717394709587097168e-01 0.000000000000000000e+00
6.639480590820312500e-01 6.323682069778442383e-01 6.673631072044372559e-01 6.660569310188293457e-01 6.767193078994750977e-01 0.000000000000000000e+00
7.017395496368408203e-01 6.350905895233154297e-01 6.333123445510864258e-01 6.204780936241149902e-01 6.595957279205322266e-01 0.000000000000000000e+00
3.503551185131072998e-01 6.263138055801391602e-01 6.377107501029968262e-01 5.205237865447998047e-01 -4.689173102378845215e-01 1.000000000000000000e+00
6.459419727325439453e-01 6.951831579208374023e-01 6.922173500061035156e-01 7.053312063217163086e-01 7.165256142616271973e-01 2.000000000000000000e+00
3.503551185131072998e-01 6.263138055801391602e-01 6.377107501029968262e-01 5.205237865447998047e-01 -4.689173102378845215e-01 1.000000000000000000e+00
6.459419727325439453e-01 6.951831579208374023e-01 6.922173500061035156e-01 7.053312063217163086e-01 7.165256142616271973e-01 2.000000000000000000e+00
3.503551185131072998e-01 6.263138055801391602e-01 6.377107501029968262e-01 5.205237865447998047e-01 -4.689173102378845215e-01 1.000000000000000000e+00
6.459419727325439453e-01 6.951831579208374023e-01 6.922173500061035156e-01 7.053312063217163086e-01 7.165256142616271973e-01 2.000000000000000000e+00
3.503551185131072998e-01 6.263138055801391602e-01 6.377107501029968262e-01 5.205237865447998047e-01 -4.689173102378845215e-01 1.000000000000000000e+00
6.459419727325439453e-01 6.951831579208374023e-01 6.922173500061035156e-01 7.053312063217163086e-01 7.165256142616271973e-01 2.000000000000000000e+00
3.503551185131072998e-01 6.263138055801391602e-01 6.377107501029968262e-01 5.205237865447998047e-01 -4.689173102378845215e-01 1.000000000000000000e+00
6.459419727325439453e-01 6.951831579208374023e-01 6.922173500061035156e-01 7.053312063217163086e-01 7.165256142616271973e-01 2.000000000000000000e+00
3.503551185131072998e-01 6.263138055801391602e-01 6.377107501029968262e-01 5.205237865447998047e-01 -4.689173102378845215e-01 1.000000000000000000e+00
6.459419727325439453e-01 6.951831579208374023e-01 6.922173500061035156e-01 7.053312063217163086e-01 7.165256142616271973e-01 2.000000000000000000e+00
3.503551185131072998e-01 6.263138055801391602e-01 6.377107501029968262e-01 5.205237865447998047e-01 -4.689173102378845215e-01 1.000000000000000000e+00
6.459419727325439453e-01 6.951831579208374023e-01 6.922173500061035156e-01 7.053312063217163086e-01 7.165256142616271973e-01 2.000000000000000000e+00
3.503551185131072998e-01 6.263138055801391602e-01 6.377107501029968262e-01 5.205237865447998047e-01 -4.689173102378845215e-01 1.000000000000000000e+00
6.459419727325439453e-01 6.951831579208374023e-01 6.922173500061035156e-01 7.053312063217163086e-01 7.165256142616271973e-01 2.000000000000000000e+00
3.503551185131072998e-01 6.263138055801391602e-01 6.377107501029968262e-01 5.205237865447998047e-01 -4.689173102378845215e-01 1.000000000000000000e+00
6.459419727325439453e-01 6.951831579208374023e-01 6.922173500061035156e-01 7.053312063217163086e-01 7.165256142616271973e-01 2.000000000000000000e+00
3.503551185131072998e-01 6.263138055801391602e-01 6.377107501029968262e-01 5.205237865447998047e-01 -4.689173102378845215e-01 1.000000000000000000e+00
6.459419727325439453e-01 6.951831579208374023e-01 6.922173500061035156e-01 7.053312063217163086e-01 7.165256142616271973e-01 2.000000000000000000e+00
-4.602122306823730469e-01 -5.065084695816040039e-01 -5.267841815948486328e-01 -5.312020778656005859e-01 -5.214855670928955078e-01 0.000000000000000000e+00
-4.545452892780303955e-01 -4.265823066234588623e-01 -4.537979364395141602e-01 -4.424521923065185547e-01 -3.943708837032318115e-01 0.000000000000000000e+00
-9.112134575843811035e-02 1.214236095547676086e-01 2.800575792789459229e-01 2.977955639362335205e-01 -7.313738018274307251e-02 0.000000000000000000e+00
3.204249441623687744e-01 4.494492113590240479e-01 4.807015359401702881e-01 5.285636782646179199e-01 5.392174124717712402e-01 0.000000000000000000e+00
5.650358200073242188e-01 5.784733891487121582e-01 5.891858935356140137e-01 5.765167474746704102e-01 5.498040914535522461e-01 0.000000000000000000e+00
6.199868917465209961e-01 6.068454980850219727e-01 5.813116431236267090e-01 5.758486986160278320e-01 5.648285150527954102e-01 0.000000000000000000e+00
6.786634922027587891e-01 6.715463399887084961e-01 6.449595689773559570e-01 6.348425149917602539e-01 6.037328243255615234e-01 0.000000000000000000e+00
5.489577054977416992e-01 5.364984869956970215e-01 5.362547636032104492e-01 5.268421173095703125e-01 5.199111700057983398e-01 0.000000000000000000e+00
9.800206869840621948e-02 5.443654060363769531e-01 5.470441579818725586e-01 5.381681919097900391e-01 5.219898223876953125e-01 0.000000000000000000e+00
-4.843272864818572998e-01 -5.855841934680938721e-02 5.408331751823425293e-01 5.467187762260437012e-01 5.331452488899230957e-01 0.000000000000000000e+00
-5.404504537582397461e-01 -5.751183032989501953e-01 -5.835476517677307129e-01 -5.798652768135070801e-01 -5.519152879714965820e-01 0.000000000000000000e+00
-3.257381618022918701e-01 -4.271388947963714600e-01 -4.266040325164794922e-01 -4.696486890316009521e-01 -4.882285892963409424e-01 0.000000000000000000e+00
6.851614266633987427e-02 4.296738803386688232e-01 5.004810690879821777e-01 5.112107992172241211e-01 4.954912364482879639e-01 0.000000000000000000e+00
2.554994821548461914e-01 4.731013774871826172e-01 5.195434689521789551e-01 5.356668829917907715e-01 4.949730038642883301e-01 0.000000000000000000e+00
7.276588678359985352e-01 7.001944780349731445e-01 7.066724896430969238e-01 7.422612905502319336e-01 7.674835920333862305e-01 0.000000000000000000e+00
7.120363712310791016e-01 6.995067000389099121e-01 6.970258355140686035e-01 7.135993838310241699e-01 7.561385631561279297e-01 0.000000000000000000e+00
7.057564258575439453e-01 6.903679370880126953e-01 6.904020309448242188e-01 7.077420949935913086e-01 7.296445965766906738e-01 0.000000000000000000e+00
7.161461114883422852e-01 6.722865104675292969e-01 6.734133958816528320e-01 6.947107315063476562e-01 7.334349155426025391e-01 0.000000000000000000e+00
7.127211093902587891e-01 6.980680227279663086e-01 7.206808328628540039e-01 7.365713119506835938e-01 7.477545142173767090e-01 0.000000000000000000e+00
6.900002956390380859e-01 6.780744791030883789e-01 6.819776296615600586e-01 7.158204317092895508e-01 7.584561109542846680e-01 0.000000000000000000e+00
6.953370571136474609e-01 6.614468097686767578e-01 6.120918989181518555e-01 6.686294078826904297e-01 6.618070602416992188e-01 0.000000000000000000e+00
-2.051145881414413452e-01 -2.678061127662658691e-01 -5.067895352840423584e-02 -1.850363314151763916e-01 -4.380162060260772705e-01 0.000000000000000000e+00
4.811352491378784180e-01 4.093176126480102539e-01 4.400894343852996826e-01 3.718354105949401855e-01 4.391069114208221436e-01 0.000000000000000000e+00
-3.497694730758666992e-01 -4.895929694175720215e-01 -4.062500596046447754e-01 1.225753948092460632e-01 4.722024500370025635e-01 0.000000000000000000e+00
-5.531406402587890625e-01 -5.601371526718139648e-01 -5.605033636093139648e-01 -5.464986562728881836e-01 -5.150168538093566895e-01 0.000000000000000000e+00
-5.047608017921447754e-01 -4.682805538177490234e-01 -4.417917728424072266e-01 -2.490841895341873169e-01 -4.176534712314605713e-01 0.000000000000000000e+00
-7.060093432664871216e-02 -1.963606476783752441e-01 -4.015699326992034912e-01 -6.757817417383193970e-02 -1.708104908466339111e-01 0.000000000000000000e+00
-5.679845213890075684e-01 -5.814145803451538086e-01 -5.839517116546630859e-01 -5.822579860687255859e-01 -5.649895668029785156e-01 1.000000000000000000e+00
-4.444890618324279785e-01 -5.245566368103027344e-01 -5.389355421066284180e-01 -5.594137907028198242e-01 -5.753790736198425293e-01 2.000000000000000000e+00
-5.679845213890075684e-01 -5.814145803451538086e-01 -5.839517116546630859e-01 -5.822579860687255859e-01 -5.649895668029785156e-01 1.000000000000000000e+00
-4.444890618324279785e-01 -5.245566368103027344e-01 -5.389355421066284180e-01 -5.594137907028198242e-01 -5.753790736198425293e-01 2.000000000000000000e+00
-5.679845213890075684e-01 -5.814145803451538086e-01 -5.839517116546630859e-01 -5.822579860687255859e-01 -5.649895668029785156e-01 1.000000000000000000e+00
-4.444890618324279785e-01 -5.245566368103027344e-01 -5.389355421066284180e-01 -5.594137907028198242e-01 -5.753790736198425293e-01 2.000000000000000000e+00
-5.679845213890075684e-01 -5.814145803451538086e-01 -5.839517116546630859e-01 -5.822579860687255859e-01 -5.649895668029785156e-01 1.000000000000000000e+00
-4.444890618324279785e-01 -5.245566368103027344e-01 -5.389355421066284180e-01 -5.594137907028198242e-01 -5.753790736198425293e-01 2.000000000000000000e+00
-5.679845213890075684e-01 -5.814145803451538086e-01 -5.839517116546630859e-01 -5.822579860687255859e-01 -5.649895668029785156e-01 1.000000000000000000e+00
-4.444890618324279785e-01 -5.245566368103027344e-01 -5.389355421066284180e-01 -5.594137907028198242e-01 -5.753790736198425293e-01 2.000000000000000000e+00
-5.679845213890075684e-01 -5.814145803451538086e-01 -5.839517116546630859e-01 -5.822579860687255859e-01 -5.649895668029785156e-01 1.000000000000000000e+00
-4.444890618324279785e-01 -5.245566368103027344e-01 -5.389355421066284180e-01 -5.594137907028198242e-01 -5.753790736198425293e-01 2.000000000000000000e+00
-5.679845213890075684e-01 -5.814145803451538086e-01 -5.839517116546630859e-01 -5.822579860687255859e-01 -5.649895668029785156e-01 1.000000000000000000e+00
-4.444890618324279785e-01 -5.245566368103027344e-01 -5.389355421066284180e-01 -5.594137907028198242e-01 -5.753790736198425293e-01 2.000000000000000000e+00
-5.679845213890075684e-01 -5.814145803451538086e-01 -5.839517116546630859e-01 -5.822579860687255859e-01 -5.649895668029785156e-01 1.000000000000000000e+00
-4.444890618324279785e-01 -5.245566368103027344e-01 -5.389355421066284180e-01 -5.594137907028198242e-01 -5.753790736198425293e-01 2.000000000000000000e+00
-5.679845213890075684e-01 -5.814145803451538086e-01 -5.839517116546630859e-01 -5.822579860687255859e-01 -5.649895668029785156e-01 1.000000000000000000e+00
-4.444890618324279785e-01 -5.245566368103027344e-01 -5.389355421066284180e-01 -5.594137907028198242e-01 -5.753790736198425293e-01 2.000000000000000000e+00
-5.679845213890075684e-01 -5.814145803451538086e-01 -5.839517116546630859e-01 -5.822579860687255859e-01 -5.649895668029785156e-01 1.000000000000000000e+00
-4.444890618324279785e-01 -5.245566368103027344e-01 -5.389355421066284180e-01 -5.594137907028198242e-01 -5.753790736198425293e-01 2.000000000000000000e+00
7.169918417930603027e-01 7.536807060241699219e-01 8.092747330665588379e-01 8.641327023506164551e-01 8.856785297393798828e-01 0.000000000000000000e+00
7.704957723617553711e-01 7.641426324844360352e-01 8.001116514205932617e-01 8.244346976280212402e-01 8.526522517204284668e-01 0.000000000000000000e+00
7.201179265975952148e-01 7.192525863647460938e-01 7.926374673843383789e-01 8.361651301383972168e-01 8.854356408119201660e-01 0.000000000000000000e+00
7.558261156082153320e-01 8.043132424354553223e-01 8.495581150054931641e-01 8.804053068161010742e-01 8.920524120330810547e-01 0.000000000000000000e+00
7.241193056106567383e-01 7.153306007385253906e-01 7.669041752815246582e-01 8.095486760139465332e-01 8.676172494888305664e-01 0.000000000000000000e+00
7.238774895668029785e-01 7.432154417037963867e-01 8.014276027679443359e-01 8.471950888633728027e-01 8.812623023986816406e-01 0.000000000000000000e+00
7.144764065742492676e-01 7.070432901382446289e-01 7.506794929504394531e-01 7.762811779975891113e-01 8.237781524658203125e-01 0.000000000000000000e+00
7.056034803390502930e-01 6.580438613891601562e-01 5.896004438400268555e-01 5.625070333480834961e-01 5.609554648399353027e-01 0.000000000000000000e+00
5.538995265960693359e-01 5.081593394279479980e-01 4.772197902202606201e-01 4.878537356853485107e-01 5.055019259452819824e-01 0.000000000000000000e+00
6.135488152503967285e-01 5.668824911117553711e-01 5.228881835937500000e-01 5.264722704887390137e-01 5.665443539619445801e-01 0.000000000000000000e+00
6.766386628150939941e-01 6.131210327148437500e-01 5.703532695770263672e-01 5.483573079109191895e-01 5.534709095954895020e-01 0.000000000000000000e+00
7.057207822799682617e-01 6.615340113639831543e-01 5.946815013885498047e-01 5.745187401771545410e-01 5.787223577499389648e-01 0.000000000000000000e+00
2.193391919136047363e-01 3.452368378639221191e-01 3.944067656993865967e-01 4.068751931190490723e-01 4.694011211395263672e-01 0.000000000000000000e+00
-5.044017434120178223e-01 -5.186421275138854980e-01 -5.255856513977050781e-01 -4.367813467979431152e-01 -1.308627128601074219e-01 0.000000000000000000e+00
5.835209488868713379e-01 6.105174422264099121e-01 5.897768139839172363e-01 5.897289514541625977e-01 5.806897282600402832e-01 0.000000000000000000e+00
6.063838601112365723e-01 6.339256763458251953e-01 6.087034940719604492e-01 5.933622121810913086e-01 6.012812852859497070e-01 0.000000000000000000e+00
5.713788866996765137e-01 5.695787072181701660e-01 5.921657085418701172e-01 5.964093208312988281e-01 5.843881368637084961e-01 0.000000000000000000e+00
6.016581058502197266e-01 6.216474771499633789e-01 6.078504323959350586e-01 5.828831791877746582e-01 5.564103126525878906e-01 0.000000000000000000e+00
3.590077161788940430e-01 5.439914464950561523e-01 6.017023324966430664e-01 5.909032225608825684e-01 5.956121087074279785e-01 0.000000000000000000e+00
4.334997832775115967e-01 4.901706874370574951e-01 5.758526325225830078e-01 6.000100374221801758e-01 5.427812337875366211e-01 0.000000000000000000e+00
-9.806144237518310547e-02 1.301431357860565186e-01 4.815846085548400879e-01 5.261611938476562500e-01 5.874897241592407227e-01 0.000000000000000000e+00
1.048203855752944946e-01 5.981234312057495117e-01 5.998222827911376953e-01 6.337342262268066406e-01 6.287393569946289062e-01 0.000000000000000000e+00
-5.360280275344848633e-01 -5.537254810333251953e-01 -5.392018556594848633e-01 -5.531231164932250977e-01 -5.087608695030212402e-01 0.000000000000000000e+00
-5.874748229980468750e-01 -5.980881452560424805e-01 -5.105297565460205078e-01 -1.131972521543502808e-01 2.075035125017166138e-01 0.000000000000000000e+00
-6.002323627471923828e-01 -6.183760166168212891e-01 -6.289120912551879883e-01 -6.329227685928344727e-01 -6.291000247001647949e-01 0.000000000000000000e+00
-5.820120573043823242e-01 -5.759652853012084961e-01 -6.041735410690307617e-01 -5.950998067855834961e-01 -5.980706214904785156e-01 0.000000000000000000e+00
-6.134689450263977051e-01 -6.258087158203125000e-01 -6.286205649375915527e-01 -6.312364935874938965e-01 -6.356254816055297852e-01 0.000000000000000000e+00
-6.021007299423217773e-01 -6.214557886123657227e-01 -6.277922391891479492e-01 -6.414498090744018555e-01 -6.475290060043334961e-01 0.000000000000000000e+00
6.535059213638305664e-01 6.731165647506713867e-01 6.787877082824707031e-01 7.105721235275268555e-01 7.258678674697875977e-01 0.000000000000000000e+00
6.869914531707763672e-01 6.779898405075073242e-01 7.033621072769165039e-01 7.219616174697875977e-01 7.399080395698547363e-01 0.000000000000000000e+00
7.192785739898681641e-01 7.462514638900756836e-01 7.580175995826721191e-01 7.743672728538513184e-01 7.782340645790100098e-01 0.000000000000000000e+00
6.536917090415954590e-01 6.479529142379760742e-01 7.045497894287109375e-01 7.460591793060302734e-01 7.704319953918457031e-01 0.000000000000000000e+00
4.078288674354553223e-01 5.307327508926391602e-01 5.948996543884277344e-01 6.081306338310241699e-01 6.275187730789184570e-01 0.000000000000000000e+00
6.229628324508666992e-01 6.099956035614013672e-01 6.349974274635314941e-01 6.400310993194580078e-01 6.357151269912719727e-01 0.000000000000000000e+00
6.208320856094360352e-01 6.298792958259582520e-01 6.210159659385681152e-01 6.553046107292175293e-01 6.493655443191528320e-01 0.000000000000000000e+00
7.440522909164428711e-01 6.740698814392089844e-01 6.692334413528442383e-01 7.056456804275512695e-01 7.244353890419006348e-01 0.000000000000000000e+00
7.432407736778259277e-01 6.821362972259521484e-01 6.784984469413757324e-01 7.128838896751403809e-01 7.346937060356140137e-01 0.000000000000000000e+00
7.446452379226684570e-01 6.794956326484680176e-01 6.789535284042358398e-01 7.146461606025695801e-01 7.296255826950073242e-01 0.000000000000000000e+00
7.430247068405151367e-01 6.738781332969665527e-01 6.649525165557861328e-01 6.988575458526611328e-01 7.282136678695678711e-01 0.000000000000000000e+00
7.421072721481323242e-01 6.789700984954833984e-01 6.894148588180541992e-01 7.191495895385742188e-01 7.378380298614501953e-01 0.000000000000000000e+00
7.468578815460205078e-01 6.780767440795898438e-01 6.834751963615417480e-01 7.080833911895751953e-01 7.204880714416503906e-01 0.000000000000000000e+00
6.916196346282958984e-01 5.611885190010070801e-01 6.056282520294189453e-01 7.222311496734619141e-01 7.475029230117797852e-01 0.000000000000000000e+00
7.216429710388183594e-01 7.290775179862976074e-01 7.681784033775329590e-01 7.820273041725158691e-01 7.974638938903808594e-01 0.000000000000000000e+00
6.677606701850891113e-01 6.717413663864135742e-01 6.985791921615600586e-01 7.314180135726928711e-01 7.451947927474975586e-01 0.000000000000000000e+00
5.318989157676696777e-01 5.583112239837646484e-01 5.818428993225097656e-01 6.122777462005615234e-01 6.407266259193420410e-01 0.000000000000000000e+00
5.560092926025390625e-01 5.566060543060302734e-01 5.731968283653259277e-01 5.883399248123168945e-01 5.981491804122924805e-01 0.000000000000000000e+00
5.926212072372436523e-01 5.678937435150146484e-01 5.593678951263427734e-01 5.717743635177612305e-01 5.793362855911254883e-01 0.000000000000000000e+00
6.260454654693603516e-01 5.769897699356079102e-01 5.624325275421142578e-01 5.776938199996948242e-01 5.785208940505981445e-01 0.000000000000000000e+00
6.134291291236877441e-01 5.647138357162475586e-01 5.568441152572631836e-01 5.427082777023315430e-01 5.608687400817871094e-01 0.000000000000000000e+00
7.853143811225891113e-01 8.036762475967407227e-01 8.110800981521606445e-01 8.229106664657592773e-01 8.278235197067260742e-01 0.000000000000000000e+00
7.981174588203430176e-01 8.365399837493896484e-01 8.476765751838684082e-01 8.592660427093505859e-01 8.785536885261535645e-01 0.000000000000000000e+00
7.863813042640686035e-01 8.182220458984375000e-01 8.475376367568969727e-01 8.740422725677490234e-01 8.808547258377075195e-01 0.000000000000000000e+00
5.960066914558410645e-01 7.424412965774536133e-01 7.803732156753540039e-01 8.049031496047973633e-01 8.545123934745788574e-01 0.000000000000000000e+00
1.808228790760040283e-01 -5.844831839203834534e-02 6.499863862991333008e-01 6.975994110107421875e-01 7.226331233978271484e-01 0.000000000000000000e+00
-5.092191696166992188e-01 -2.267632037401199341e-01 5.174463614821434021e-02 3.741421997547149658e-01 5.706412792205810547e-01 0.000000000000000000e+00
-5.496808290481567383e-01 -5.555436015129089355e-01 -5.124646425247192383e-01 -2.553518675267696381e-02 5.698278546333312988e-02 0.000000000000000000e+00
7.130231857299804688e-01 7.059280872344970703e-01 7.722369432449340820e-01 8.279408812522888184e-01 8.772466778755187988e-01 0.000000000000000000e+00
7.338757514953613281e-01 7.893378734588623047e-01 8.303892612457275391e-01 8.681034445762634277e-01 8.747038245201110840e-01 0.000000000000000000e+00
7.544044852256774902e-01 7.704029083251953125e-01 7.854620218276977539e-01 8.298230767250061035e-01 8.661644458770751953e-01 0.000000000000000000e+00
7.483279705047607422e-01 7.869350314140319824e-01 8.259623050689697266e-01 8.860888481140136719e-01 9.045266509056091309e-01 0.000000000000000000e+00
7.299315929412841797e-01 7.334749698638916016e-01 7.776032686233520508e-01 7.980822324752807617e-01 8.433350324630737305e-01 0.000000000000000000e+00
7.413781881332397461e-01 7.479887008666992188e-01 7.947547435760498047e-01 8.546493649482727051e-01 8.822855949401855469e-01 0.000000000000000000e+00
7.419760227203369141e-01 7.012552022933959961e-01 7.534499764442443848e-01 7.676197290420532227e-01 8.122615814208984375e-01 0.000000000000000000e+00
7.086830735206604004e-01 6.870207190513610840e-01 6.385285854339599609e-01 6.028571128845214844e-01 5.841602683067321777e-01 0.000000000000000000e+00
7.008324861526489258e-01 6.926650404930114746e-01 6.504864692687988281e-01 6.103285551071166992e-01 5.889149904251098633e-01 0.000000000000000000e+00
7.093391418457031250e-01 6.867216825485229492e-01 6.398013234138488770e-01 6.028878688812255859e-01 5.846573114395141602e-01 0.000000000000000000e+00
7.047252655029296875e-01 6.904938220977783203e-01 6.374653577804565430e-01 6.023801565170288086e-01 5.826333761215209961e-01 0.000000000000000000e+00
7.181004285812377930e-01 6.927675008773803711e-01 6.465147733688354492e-01 6.183241009712219238e-01 5.913045406341552734e-01 0.000000000000000000e+00
7.090642452239990234e-01 7.041865587234497070e-01 6.623073816299438477e-01 6.248773336410522461e-01 6.002835035324096680e-01 0.000000000000000000e+00
7.254662513732910156e-01 6.949238777160644531e-01 6.329256296157836914e-01 5.988010168075561523e-01 5.822830200195312500e-01 0.000000000000000000e+00
6.378017663955688477e-01 6.584533452987670898e-01 6.803532838821411133e-01 6.737580299377441406e-01 6.225923299789428711e-01 0.000000000000000000e+00
1.867914348840713501e-01 3.754320740699768066e-01 4.393421709537506104e-01 5.499115586280822754e-01 6.463195681571960449e-01 0.000000000000000000e+00
-4.814354479312896729e-01 -4.873464405536651611e-01 -4.809763431549072266e-01 1.065089330077171326e-01 2.340463548898696899e-01 0.000000000000000000e+00
-5.332441926002502441e-01 -5.026440024375915527e-01 -4.908605813980102539e-01 -4.659371078014373779e-01 -4.278367161750793457e-01 0.000000000000000000e+00
-5.447049140930175781e-01 -5.452057123184204102e-01 -5.522001981735229492e-01 -5.532174706459045410e-01 -5.525915622711181641e-01 0.000000000000000000e+00
-5.257050991058349609e-01 -5.365347862243652344e-01 -5.520664453506469727e-01 -5.531076192855834961e-01 -5.604916810989379883e-01 0.000000000000000000e+00
-5.276106595993041992e-01 -5.289005637168884277e-01 -5.097306966781616211e-01 -5.141080021858215332e-01 -5.221972465515136719e-01 0.000000000000000000e+00
6.342521905899047852e-01 6.940221786499023438e-01 7.531592249870300293e-01 7.955983281135559082e-01 8.231273293495178223e-01 0.000000000000000000e+00
4.200480878353118896e-01 5.860712528228759766e-01 6.074844598770141602e-01 6.299602985382080078e-01 6.463954448699951172e-01 0.000000000000000000e+00
6.350572109222412109e-01 7.200253009796142578e-01 7.570812702178955078e-01 7.603815793991088867e-01 7.415452003479003906e-01 0.000000000000000000e+00
4.898234605789184570e-01 6.695296764373779297e-01 7.069011926651000977e-01 7.318673133850097656e-01 7.577907443046569824e-01 0.000000000000000000e+00
-3.694687783718109131e-02 6.217690706253051758e-01 7.211197614669799805e-01 7.613488435745239258e-01 7.800089120864868164e-01 0.000000000000000000e+00
6.249141693115234375e-01 7.267785072326660156e-01 7.607218623161315918e-01 7.491595149040222168e-01 7.417724132537841797e-01 0.000000000000000000e+00
6.079952716827392578e-01 7.233996391296386719e-01 7.792875766754150391e-01 8.018276691436767578e-01 8.114904761314392090e-01 0.000000000000000000e+00
7.310414910316467285e-01 6.620422601699829102e-01 6.413960456848144531e-01 6.627601385116577148e-01 6.925013661384582520e-01 0.000000000000000000e+00
7.348800897598266602e-01 6.909648180007934570e-01 6.299402117729187012e-01 6.067857146263122559e-01 6.149091124534606934e-01 0.000000000000000000e+00
7.379658222198486328e-01 7.043225765228271484e-01 6.387438178062438965e-01 5.978235006332397461e-01 5.745565891265869141e-01 0.000000000000000000e+00
6.623584032058715820e-01 5.528274774551391602e-01 5.335735678672790527e-01 5.402008295059204102e-01 5.652835369110107422e-01 0.000000000000000000e+00
4.757592976093292236e-01 4.446060359477996826e-01 4.775482416152954102e-01 4.718682467937469482e-01 4.854044318199157715e-01 0.000000000000000000e+00
4.503031373023986816e-01 5.194715261459350586e-01 5.183626413345336914e-01 4.820654988288879395e-01 4.383734166622161865e-01 0.000000000000000000e+00
-5.400631427764892578e-01 -5.565918684005737305e-01 -1.064480543136596680e-01 4.812198877334594727e-01 5.252134799957275391e-01 0.000000000000000000e+00
7.008981704711914062e-01 7.200092077255249023e-01 7.541779279708862305e-01 7.890930771827697754e-01 8.036345243453979492e-01 0.000000000000000000e+00
6.907978057861328125e-01 6.708290576934814453e-01 7.343138456344604492e-01 7.945915460586547852e-01 8.167710304260253906e-01 0.000000000000000000e+00
7.242967486381530762e-01 7.332326173782348633e-01 7.787672281265258789e-01 8.246712684631347656e-01 8.318873643875122070e-01 0.000000000000000000e+00
5.878903269767761230e-01 6.104017496109008789e-01 6.182943582534790039e-01 6.634684801101684570e-01 7.314683198928833008e-01 0.000000000000000000e+00
6.113501787185668945e-01 6.431720852851867676e-01 6.444381475448608398e-01 6.689949035644531250e-01 6.238408684730529785e-01 0.000000000000000000e+00
5.317626595497131348e-01 5.279693603515625000e-01 5.752959251403808594e-01 6.072947978973388672e-01 6.315609216690063477e-01 0.000000000000000000e+00
4.686168134212493896e-01 5.415072441101074219e-01 5.935655832290649414e-01 5.625141859054565430e-01 5.636208653450012207e-01 0.000000000000000000e+00
7.414510846138000488e-01 6.801898479461669922e-01 6.498300433158874512e-01 6.764155626296997070e-01 6.980787515640258789e-01 0.000000000000000000e+00
7.420091629028320312e-01 6.803344488143920898e-01 6.537714004516601562e-01 6.834505796432495117e-01 7.062347531318664551e-01 0.000000000000000000e+00
7.429639101028442383e-01 6.821124553680419922e-01 6.548379659652709961e-01 6.824390292167663574e-01 7.046561241149902344e-01 0.000000000000000000e+00
7.437454462051391602e-01 6.805131435394287109e-01 6.550627350807189941e-01 6.867201328277587891e-01 7.095085382461547852e-01 0.000000000000000000e+00
7.440093159675598145e-01 6.836111545562744141e-01 6.615980863571166992e-01 6.944888234138488770e-01 7.160072326660156250e-01 0.000000000000000000e+00
7.434380054473876953e-01 6.826186180114746094e-01 6.589485406875610352e-01 6.890076398849487305e-01 7.127378582954406738e-01 0.000000000000000000e+00
7.432227730751037598e-01 6.810121536254882812e-01 6.547243595123291016e-01 6.848214864730834961e-01 7.093209028244018555e-01 0.000000000000000000e+00
-4.159613847732543945e-01 2.482678890228271484e-01 7.499118447303771973e-01 7.330169677734375000e-01 7.208827733993530273e-01 0.000000000000000000e+00
-3.386271595954895020e-01 7.997383177280426025e-02 7.133250236511230469e-01 6.987067461013793945e-01 7.277909517288208008e-01 0.000000000000000000e+00
5.602214336395263672e-01 6.352016925811767578e-01 6.647654175758361816e-01 6.693190336227416992e-01 6.731371879577636719e-01 0.000000000000000000e+00
6.333920955657958984e-01 6.017146110534667969e-01 6.041430830955505371e-01 6.326651573181152344e-01 6.223641633987426758e-01 0.000000000000000000e+00
5.764161348342895508e-01 5.507436394691467285e-01 5.531625747680664062e-01 5.568557977676391602e-01 6.088603138923645020e-01 0.000000000000000000e+00
6.106534004211425781e-01 5.288360118865966797e-01 4.929029047489166260e-01 5.026867985725402832e-01 4.891070425510406494e-01 0.000000000000000000e+00
7.263597249984741211e-01 6.365899443626403809e-01 5.609632730484008789e-01 5.404150485992431641e-01 5.380107760429382324e-01 0.000000000000000000e+00
-4.515088200569152832e-01 -4.080927371978759766e-01 -3.801342844963073730e-01 -3.084956407546997070e-01 -1.631248444318771362e-01 1.000000000000000000e+00
-7.680708914995193481e-02 4.581397473812103271e-01 6.916856765747070312e-01 7.192840576171875000e-01 7.391089200973510742e-01 2.000000000000000000e+00
-4.515088200569152832e-01 -4.080927371978759766e-01 -3.801342844963073730e-01 -3.084956407546997070e-01 -1.631248444318771362e-01 1.000000000000000000e+00
-7.680708914995193481e-02 4.581397473812103271e-01 6.916856765747070312e-01 7.192840576171875000e-01 7.391089200973510742e-01 2.000000000000000000e+00
-4.515088200569152832e-01 -4.080927371978759766e-01 -3.801342844963073730e-01 -3.084956407546997070e-01 -1.631248444318771362e-01 1.000000000000000000e+00
-7.680708914995193481e-02 4.581397473812103271e-01 6.916856765747070312e-01 7.192840576171875000e-01 7.391089200973510742e-01 2.000000000000000000e+00
-4.515088200569152832e-01 -4.080927371978759766e-01 -3.801342844963073730e-01 -3.084956407546997070e-01 -1.631248444318771362e-01 1.000000000000000000e+00
-7.680708914995193481e-02 4.581397473812103271e-01 6.916856765747070312e-01 7.192840576171875000e-01 7.391089200973510742e-01 2.000000000000000000e+00
-4.515088200569152832e-01 -4.080927371978759766e-01 -3.801342844963073730e-01 -3.084956407546997070e-01 -1.631248444318771362e-01 1.000000000000000000e+00
-7.680708914995193481e-02 4.581397473812103271e-01 6.916856765747070312e-01 7.192840576171875000e-01 7.391089200973510742e-01 2.000000000000000000e+00
-4.515088200569152832e-01 -4.080927371978759766e-01 -3.801342844963073730e-01 -3.084956407546997070e-01 -1.631248444318771362e-01 1.000000000000000000e+00
-7.680708914995193481e-02 4.581397473812103271e-01 6.916856765747070312e-01 7.192840576171875000e-01 7.391089200973510742e-01 2.000000000000000000e+00
-4.515088200569152832e-01 -4.080927371978759766e-01 -3.801342844963073730e-01 -3.084956407546997070e-01 -1.631248444318771362e-01 1.000000000000000000e+00
-7.680708914995193481e-02 4.581397473812103271e-01 6.916856765747070312e-01 7.192840576171875000e-01 7.391089200973510742e-01 2.000000000000000000e+00
-4.515088200569152832e-01 -4.080927371978759766e-01 -3.801342844963073730e-01 -3.084956407546997070e-01 -1.631248444318771362e-01 1.000000000000000000e+00
-7.680708914995193481e-02 4.581397473812103271e-01 6.916856765747070312e-01 7.192840576171875000e-01 7.391089200973510742e-01 2.000000000000000000e+00
-4.515088200569152832e-01 -4.080927371978759766e-01 -3.801342844963073730e-01 -3.084956407546997070e-01 -1.631248444318771362e-01 1.000000000000000000e+00
-7.680708914995193481e-02 4.581397473812103271e-01 6.916856765747070312e-01 7.192840576171875000e-01 7.391089200973510742e-01 2.000000000000000000e+00
-4.515088200569152832e-01 -4.080927371978759766e-01 -3.801342844963073730e-01 -3.084956407546997070e-01 -1.631248444318771362e-01 1.000000000000000000e+00
-7.680708914995193481e-02 4.581397473812103271e-01 6.916856765747070312e-01 7.192840576171875000e-01 7.391089200973510742e-01 2.000000000000000000e+00
6.944282054901123047e-01 6.985956430435180664e-01 6.555851101875305176e-01 6.411607265472412109e-01 6.168696880340576172e-01 0.000000000000000000e+00
6.850083470344543457e-01 6.963795423507690430e-01 6.736953258514404297e-01 6.454448699951171875e-01 6.234561800956726074e-01 0.000000000000000000e+00
6.824796795845031738e-01 6.863130927085876465e-01 6.781665086746215820e-01 6.632802486419677734e-01 6.445297002792358398e-01 0.000000000000000000e+00
6.706021428108215332e-01 6.921463012695312500e-01 6.756047010421752930e-01 6.708666682243347168e-01 6.549605131149291992e-01 0.000000000000000000e+00
6.763908863067626953e-01 6.875404119491577148e-01 6.760333776473999023e-01 6.662836074829101562e-01 6.619154214859008789e-01 0.000000000000000000e+00
6.909954547882080078e-01 6.922354102134704590e-01 6.710714101791381836e-01 6.538190841674804688e-01 6.382265090942382812e-01 0.000000000000000000e+00
6.713464260101318359e-01 6.663674116134643555e-01 6.551823616027832031e-01 6.117757558822631836e-01 5.909197330474853516e-01 0.000000000000000000e+00
5.652055144309997559e-01 5.890671014785766602e-01 5.982785224914550781e-01 5.902140736579895020e-01 5.760598182678222656e-01 0.000000000000000000e+00
5.868403911590576172e-01 6.124477386474609375e-01 5.905379056930541992e-01 6.009331941604614258e-01 5.818762779235839844e-01 0.000000000000000000e+00
6.153029799461364746e-01 6.257655620574951172e-01 6.284872293472290039e-01 6.192992925643920898e-01 5.996116399765014648e-01 0.000000000000000000e+00
4.065284132957458496e-01 6.108615398406982422e-01 6.687626838684082031e-01 6.400091648101806641e-01 6.123313903808593750e-01 0.000000000000000000e+00
1.039251238107681274e-01 -4.721064865589141846e-02 1.642059981822967529e-01 2.998754084110260010e-01 3.949169218540191650e-01 0.000000000000000000e+00
1.031984612345695496e-01 2.544436454772949219e-01 2.792770266532897949e-01 8.482549339532852173e-02 3.036569952964782715e-01 0.000000000000000000e+00
-5.469051599502563477e-01 -5.502761602401733398e-01 -5.487070083618164062e-01 -5.393500328063964844e-01 -5.232185125350952148e-01 0.000000000000000000e+00
7.177424430847167969e-01 7.014636397361755371e-01 6.589771509170532227e-01 6.084777116775512695e-01 5.747947692871093750e-01 0.000000000000000000e+00
7.088812589645385742e-01 6.841737031936645508e-01 6.479116678237915039e-01 5.939567089080810547e-01 5.791028738021850586e-01 0.000000000000000000e+00
7.234975099563598633e-01 6.997160315513610840e-01 6.613694429397583008e-01 6.210387945175170898e-01 6.148266196250915527e-01 0.000000000000000000e+00
7.126755714416503906e-01 6.807329654693603516e-01 6.169145107269287109e-01 5.921785831451416016e-01 5.820504426956176758e-01 0.000000000000000000e+00
7.104384899139404297e-01 6.842150688171386719e-01 6.266728639602661133e-01 5.937641263008117676e-01 5.770063400268554688e-01 0.000000000000000000e+00
7.158331871032714844e-01 7.086428403854370117e-01 6.728296279907226562e-01 6.299734115600585938e-01 5.966048240661621094e-01 0.000000000000000000e+00
7.108672857284545898e-01 6.910312175750732422e-01 6.406949758529663086e-01 6.194629669189453125e-01 5.970153808593750000e-01 0.000000000000000000e+00
4.581678211688995361e-01 7.228056788444519043e-01 7.160648703575134277e-01 7.309204339981079102e-01 7.260721921920776367e-01 0.000000000000000000e+00
6.875137686729431152e-01 7.106344699859619141e-01 7.233219146728515625e-01 7.357441782951354980e-01 7.384349107742309570e-01 0.000000000000000000e+00
7.055374383926391602e-01 7.091901898384094238e-01 7.386038303375244141e-01 7.552508711814880371e-01 7.723230123519897461e-01 0.000000000000000000e+00
6.989412307739257812e-01 7.108807563781738281e-01 7.352414131164550781e-01 7.631013393402099609e-01 7.663640379905700684e-01 0.000000000000000000e+00
6.580412387847900391e-01 6.604314446449279785e-01 6.775159835815429688e-01 7.163010835647583008e-01 7.333189249038696289e-01 0.000000000000000000e+00
6.438313722610473633e-01 5.821195840835571289e-01 6.122512221336364746e-01 6.181944012641906738e-01 6.460491418838500977e-01 0.000000000000000000e+00
5.277328491210937500e-01 6.323563456535339355e-01 5.837144255638122559e-01 5.742900371551513672e-01 5.969047546386718750e-01 0.000000000000000000e+00
2.400211431086063385e-02 -6.376782059669494629e-02 -1.540133357048034668e-01 -4.621205478906631470e-02 3.600478470325469971e-01 0.000000000000000000e+00
4.631830751895904541e-01 5.319141745567321777e-01 5.703734159469604492e-01 5.389028787612915039e-01 5.765361785888671875e-01 0.000000000000000000e+00
5.913658738136291504e-01 6.113088130950927734e-01 6.080653667449951172e-01 6.114869117736816406e-01 5.960304737091064453e-01 0.000000000000000000e+00
6.267651319503784180e-01 6.245467662811279297e-01 6.138205528259277344e-01 6.307069063186645508e-01 6.653646230697631836e-01 0.000000000000000000e+00
6.184984445571899414e-01 6.159643530845642090e-01 6.045528650283813477e-01 6.202161312103271484e-01 6.260064244270324707e-01 0.000000000000000000e+00
6.494889259338378906e-01 6.361078023910522461e-01 6.070436239242553711e-01 6.391091346740722656e-01 6.415581703186035156e-01 0.000000000000000000e+00
5.784767270088195801e-01 5.749611854553222656e-01 5.688540339469909668e-01 5.932037830352783203e-01 6.021399497985839844e-01 0.000000000000000000e+00
-7.079330831766128540e-02 -8.171603083610534668e-02 -1.164445877075195312e-01 -4.618276283144950867e-02 2.132010161876678467e-01 1.000000000000000000e+00
2.902038097381591797e-01 2.509706020355224609e-01 3.894829452037811279e-01 4.719960987567901611e-01 5.610507130622863770e-01 2.000000000000000000e+00
-7.079330831766128540e-02 -8.171603083610534668e-02 -1.164445877075195312e-01 -4.618276283144950867e-02 2.132010161876678467e-01 1.000000000000000000e+00
2.902038097381591797e-01 2.509706020355224609e-01 3.894829452037811279e-01 4.719960987567901611e-01 5.610507130622863770e-01 2.000000000000000000e+00
-7.079330831766128540e-02 -8.171603083610534668e-02 -1.164445877075195312e-01 -4.618276283144950867e-02 2.132010161876678467e-01 1.000000000000000000e+00
2.902038097381591797e-01 2.509706020355224609e-01 3.894829452037811279e-01 4.719960987567901611e-01 5.610507130622863770e-01 2.000000000000000000e+00
-7.079330831766128540e-02 -8.171603083610534668e-02 -1.164445877075195312e-01 -4.618276283144950867e-02 2.132010161876678467e-01 1.000000000000000000e+00
2.902038097381591797e-01 2.509706020355224609e-01 3.894829452037811279e-01 4.719960987567901611e-01 5.610507130622863770e-01 2.000000000000000000e+00
-7.079330831766128540e-02 -8.171603083610534668e-02 -1.164445877075195312e-01 -4.618276283144950867e-02 2.132010161876678467e-01 1.000000000000000000e+00
2.902038097381591797e-01 2.509706020355224609e-01 3.894829452037811279e-01 4.719960987567901611e-01 5.610507130622863770e-01 2.000000000000000000e+00
-7.079330831766128540e-02 -8.171603083610534668e-02 -1.164445877075195312e-01 -4.618276283144950867e-02 2.132010161876678467e-01 1.000000000000000000e+00
2.902038097381591797e-01 2.509706020355224609e-01 3.894829452037811279e-01 4.719960987567901611e-01 5.610507130622863770e-01 2.000000000000000000e+00
-7.079330831766128540e-02 -8.171603083610534668e-02 -1.164445877075195312e-01 -4.618276283144950867e-02 2.132010161876678467e-01 1.000000000000000000e+00
2.902038097381591797e-01 2.509706020355224609e-01 3.894829452037811279e-01 4.719960987567901611e-01 5.610507130622863770e-01 2.000000000000000000e+00
-7.079330831766128540e-02 -8.171603083610534668e-02 -1.164445877075195312e-01 -4.618276283144950867e-02 2.132010161876678467e-01 1.000000000000000000e+00
2.902038097381591797e-01 2.509706020355224609e-01 3.894829452037811279e-01 4.719960987567901611e-01 5.610507130622863770e-01 2.000000000000000000e+00
-7.079330831766128540e-02 -8.171603083610534668e-02 -1.164445877075195312e-01 -4.618276283144950867e-02 2.132010161876678467e-01 1.000000000000000000e+00
2.902038097381591797e-01 2.509706020355224609e-01 3.894829452037811279e-01 4.719960987567901611e-01 5.610507130622863770e-01 2.000000000000000000e+00
-7.079330831766128540e-02 -8.171603083610534668e-02 -1.164445877075195312e-01 -4.618276283144950867e-02 2.132010161876678467e-01 1.000000000000000000e+00
2.902038097381591797e-01 2.509706020355224609e-01 3.894829452037811279e-01 4.719960987567901611e-01 5.610507130622863770e-01 2.000000000000000000e+00
7.131708860397338867e-01 6.534880399703979492e-01 6.612384915351867676e-01 6.698054671287536621e-01 7.019595503807067871e-01 0.000000000000000000e+00
7.009242773056030273e-01 6.485022902488708496e-01 6.147249937057495117e-01 6.454193592071533203e-01 6.720291376113891602e-01 0.000000000000000000e+00
6.192945837974548340e-01 5.434612035751342773e-01 5.045439004898071289e-01 4.863725006580352783e-01 4.959266185760498047e-01 0.000000000000000000e+00
7.412670850753784180e-01 7.567813992500305176e-01 7.794498801231384277e-01 7.507829666137695312e-01 7.333847880363464355e-01 0.000000000000000000e+00
6.854854822158813477e-01 7.832811474800109863e-01 7.960782051086425781e-01 7.982964515686035156e-01 8.281979560852050781e-01 0.000000000000000000e+00
6.756618022918701172e-01 6.766207218170166016e-01 6.366490125656127930e-01 5.863473415374755859e-01 6.253242492675781250e-01 0.000000000000000000e+00
-5.519036054611206055e-01 -5.551418066024780273e-01 -4.332837760448455811e-01 6.592384576797485352e-01 7.141813039779663086e-01 0.000000000000000000e+00
5.606344342231750488e-01 4.875898659229278564e-01 5.079739689826965332e-01 5.933488607406616211e-01 6.279952526092529297e-01 0.000000000000000000e+00
-1.931246668100357056e-01 2.834596931934356689e-01 3.192911446094512939e-01 2.833253741264343262e-01 3.758234679698944092e-01 0.000000000000000000e+00
6.601888686418533325e-02 -9.601164609193801880e-02 -3.631014525890350342e-01 -4.954308867454528809e-01 -4.743630886077880859e-01 0.000000000000000000e+00
4.233878552913665771e-01 5.363672971725463867e-01 5.142287015914916992e-01 5.332828760147094727e-01 4.731281697750091553e-01 0.000000000000000000e+00
7.019722461700439453e-01 6.387990713119506836e-01 6.164175271987915039e-01 6.218936443328857422e-01 6.177743077278137207e-01 0.000000000000000000e+00
6.892317533493041992e-01 6.888457536697387695e-01 6.477413773536682129e-01 6.023278236389160156e-01 5.938180685043334961e-01 1.000000000000000000e+00
6.981435418128967285e-01 6.824755668640136719e-01 6.373900175094604492e-01 6.047705411911010742e-01 5.723838806152343750e-01 2.000000000000000000e+00
6.892317533493041992e-01 6.888457536697387695e-01 6.477413773536682129e-01 6.023278236389160156e-01 5.938180685043334961e-01 1.000000000000000000e+00
6.981435418128967285e-01 6.824755668640136719e-01 6.373900175094604492e-01 6.047705411911010742e-01 5.723838806152343750e-01 2.000000000000000000e+00
6.892317533493041992e-01 6.888457536697387695e-01 6.477413773536682129e-01 6.023278236389160156e-01 5.938180685043334961e-01 1.000000000000000000e+00
6.981435418128967285e-01 6.824755668640136719e-01 6.373900175094604492e-01 6.047705411911010742e-01 5.723838806152343750e-01 2.000000000000000000e+00
6.892317533493041992e-01 6.888457536697387695e-01 6.477413773536682129e-01 6.023278236389160156e-01 5.938180685043334961e-01 1.000000000000000000e+00
6.981435418128967285e-01 6.824755668640136719e-01 6.373900175094604492e-01 6.047705411911010742e-01 5.723838806152343750e-01 2.000000000000000000e+00
6.892317533493041992e-01 6.888457536697387695e-01 6.477413773536682129e-01 6.023278236389160156e-01 5.938180685043334961e-01 1.000000000000000000e+00
6.981435418128967285e-01 6.824755668640136719e-01 6.373900175094604492e-01 6.047705411911010742e-01 5.723838806152343750e-01 2.000000000000000000e+00
6.892317533493041992e-01 6.888457536697387695e-01 6.477413773536682129e-01 6.023278236389160156e-01 5.938180685043334961e-01 1.000000000000000000e+00
6.981435418128967285e-01 6.824755668640136719e-01 6.373900175094604492e-01 6.047705411911010742e-01 5.723838806152343750e-01 2.000000000000000000e+00
6.892317533493041992e-01 6.888457536697387695e-01 6.477413773536682129e-01 6.023278236389160156e-01 5.938180685043334961e-01 1.000000000000000000e+00
6.981435418128967285e-01 6.824755668640136719e-01 6.373900175094604492e-01 6.047705411911010742e-01 5.723838806152343750e-01 2.000000000000000000e+00
6.892317533493041992e-01 6.888457536697387695e-01 6.477413773536682129e-01 6.023278236389160156e-01 5.938180685043334961e-01 1.000000000000000000e+00
6.981435418128967285e-01 6.824755668640136719e-01 6.373900175094604492e-01 6.047705411911010742e-01 5.723838806152343750e-01 2.000000000000000000e+00
6.892317533493041992e-01 6.888457536697387695e-01 6.477413773536682129e-01 6.023278236389160156e-01 5.938180685043334961e-01 1.000000000000000000e+00
6.981435418128967285e-01 6.824755668640136719e-01 6.373900175094604492e-01 6.047705411911010742e-01 5.723838806152343750e-01 2.000000000000000000e+00
6.892317533493041992e-01 6.888457536697387695e-01 6.477413773536682129e-01 6.023278236389160156e-01 5.938180685043334961e-01 1.000000000000000000e+00
6.981435418128967285e-01 6.824755668640136719e-01 6.373900175094604492e-01 6.047705411911010742e-01 5.723838806152343750e-01 2.000000000000000000e+00
-4.912428557872772217e-01 -5.225654840469360352e-01 -5.318275094032287598e-01 -5.330914258956909180e-01 -5.354591608047485352e-01 0.000000000000000000e+00
1.186211034655570984e-01 -4.497947096824645996e-01 -5.003914237022399902e-01 -5.150574445724487305e-01 -5.155845880508422852e-01 0.000000000000000000e+00
1.126585900783538818e-02 4.905763268470764160e-01 5.342668294906616211e-01 5.826388001441955566e-01 5.688074827194213867e-01 0.000000000000000000e+00
6.384035944938659668e-01 6.376314759254455566e-01 6.118873357772827148e-01 5.819226503372192383e-01 5.903396606445312500e-01 0.000000000000000000e+00
7.033604383468627930e-01 6.873476505279541016e-01 6.039142608642578125e-01 5.722627639770507812e-01 5.708003044128417969e-01 0.000000000000000000e+00
-5.470052957534790039e-01 -5.582730770111083984e-01 -5.782870054244995117e-01 -5.917252302169799805e-01 -6.107088923454284668e-01 1.000000000000000000e+00
-5.381373167037963867e-01 -5.302185416221618652e-01 -5.308192968368530273e-01 -5.364009141921997070e-01 -5.390095710754394531e-01 2.000000000000000000e+00
-5.470052957534790039e-01 -5.582730770111083984e-01 -5.782870054244995117e-01 -5.917252302169799805e-01 -6.107088923454284668e-01 1.000000000000000000e+00
-5.381373167037963867e-01 -5.302185416221618652e-01 -5.308192968368530273e-01 -5.364009141921997070e-01 -5.390095710754394531e-01 2.000000000000000000e+00
-5.470052957534790039e-01 -5.582730770111083984e-01 -5.782870054244995117e-01 -5.917252302169799805e-01 -6.107088923454284668e-01 1.000000000000000000e+00
-5.381373167037963867e-01 -5.302185416221618652e-01 -5.308192968368530273e-01 -5.364009141921997070e-01 -5.390095710754394531e-01 2.000000000000000000e+00
-5.470052957534790039e-01 -5.582730770111083984e-01 -5.782870054244995117e-01 -5.917252302169799805e-01 -6.107088923454284668e-01 1.000000000000000000e+00
-5.381373167037963867e-01 -5.302185416221618652e-01 -5.308192968368530273e-01 -5.364009141921997070e-01 -5.390095710754394531e-01 2.000000000000000000e+00
-5.470052957534790039e-01 -5.582730770111083984e-01 -5.782870054244995117e-01 -5.917252302169799805e-01 -6.107088923454284668e-01 1.000000000000000000e+00
-5.381373167037963867e-01 -5.302185416221618652e-01 -5.308192968368530273e-01 -5.364009141921997070e-01 -5.390095710754394531e-01 2.000000000000000000e+00
-5.470052957534790039e-01 -5.582730770111083984e-01 -5.782870054244995117e-01 -5.917252302169799805e-01 -6.107088923454284668e-01 1.000000000000000000e+00
-5.381373167037963867e-01 -5.302185416221618652e-01 -5.308192968368530273e-01 -5.364009141921997070e-01 -5.390095710754394531e-01 2.000000000000000000e+00
-5.470052957534790039e-01 -5.582730770111083984e-01 -5.782870054244995117e-01 -5.917252302169799805e-01 -6.107088923454284668e-01 1.000000000000000000e+00
-5.381373167037963867e-01 -5.302185416221618652e-01 -5.308192968368530273e-01 -5.364009141921997070e-01 -5.390095710754394531e-01 2.000000000000000000e+00
-5.470052957534790039e-01 -5.582730770111083984e-01 -5.782870054244995117e-01 -5.917252302169799805e-01 -6.107088923454284668e-01 1.000000000000000000e+00
-5.381373167037963867e-01 -5.302185416221618652e-01 -5.308192968368530273e-01 -5.364009141921997070e-01 -5.390095710754394531e-01 2.000000000000000000e+00
-5.470052957534790039e-01 -5.582730770111083984e-01 -5.782870054244995117e-01 -5.917252302169799805e-01 -6.107088923454284668e-01 1.000000000000000000e+00
-5.381373167037963867e-01 -5.302185416221618652e-01 -5.308192968368530273e-01 -5.364009141921997070e-01 -5.390095710754394531e-01 2.000000000000000000e+00
-5.470052957534790039e-01 -5.582730770111083984e-01 -5.782870054244995117e-01 -5.917252302169799805e-01 -6.107088923454284668e-01 1.000000000000000000e+00
-5.381373167037963867e-01 -5.302185416221618652e-01 -5.308192968368530273e-01 -5.364009141921997070e-01 -5.390095710754394531e-01 2.000000000000000000e+00
6.576843857765197754e-01 6.895264387130737305e-01 6.832898855209350586e-01 6.639336347579956055e-01 6.392100453376770020e-01 0.000000000000000000e+00
-1.580229252576828003e-01 -9.802985936403274536e-02 1.578314602375030518e-01 3.517351746559143066e-01 2.333946675062179565e-01 0.000000000000000000e+00
-1.601686179637908936e-01 -2.463792860507965088e-01 -4.039881825447082520e-01 -4.466176927089691162e-01 -4.604474604129791260e-01 0.000000000000000000e+00
3.564844131469726562e-01 3.167171478271484375e-01 4.504503309726715088e-01 4.060281217098236084e-01 3.884836137294769287e-01 0.000000000000000000e+00
-2.582666873931884766e-01 -3.161696195602416992e-01 -4.392190277576446533e-01 -3.843164145946502686e-01 -4.804931581020355225e-01 0.000000000000000000e+00
5.126646757125854492e-01 5.360983014106750488e-01 3.409675955772399902e-01 -5.386495590209960938e-02 -2.287376523017883301e-01 0.000000000000000000e+00
5.533449649810791016e-01 6.031322479248046875e-01 5.984475612640380859e-01 6.222100257873535156e-01 5.926422476768493652e-01 0.000000000000000000e+00
6.772203445434570312e-01 7.001844048500061035e-01 6.862915754318237305e-01 6.796582341194152832e-01 6.651521921157836914e-01 0.000000000000000000e+00
6.971930265426635742e-01 6.833150386810302734e-01 6.370968818664550781e-01 5.939667820930480957e-01 5.809609889984130859e-01 0.000000000000000000e+00
6.720321178436279297e-01 6.792440414428710938e-01 6.755893826484680176e-01 6.390433907508850098e-01 6.170212030410766602e-01 0.000000000000000000e+00
4.404291808605194092e-01 6.239167451858520508e-01 5.992665290832519531e-01 5.525155067443847656e-01 5.663814544677734375e-01 0.000000000000000000e+00
2.201820909976959229e-01 4.010279178619384766e-01 6.769406199455261230e-01 5.827676653861999512e-01 3.970039486885070801e-01 0.000000000000000000e+00
-2.865901887416839600e-01 -4.148744940757751465e-01 -5.033412575721740723e-01 -5.076791644096374512e-01 -5.017439126968383789e-01 0.000000000000000000e+00
5.873970389366149902e-01 6.026984453201293945e-01 5.905255079269409180e-01 5.485922098159790039e-01 5.233444571495056152e-01 0.000000000000000000e+00
6.901260018348693848e-01 6.884607076644897461e-01 6.546266078948974609e-01 6.281322240829467773e-01 5.889885425567626953e-01 0.000000000000000000e+00
6.346363425254821777e-01 6.612699031829833984e-01 6.390333771705627441e-01 6.347543001174926758e-01 6.187703609466552734e-01 0.000000000000000000e+00
6.975269913673400879e-01 6.856888532638549805e-01 6.280167102813720703e-01 5.930730700492858887e-01 5.680072307586669922e-01 0.000000000000000000e+00
7.288059592247009277e-01 6.913049221038818359e-01 6.231905817985534668e-01 5.907744169235229492e-01 5.656495690345764160e-01 0.000000000000000000e+00
7.339571714401245117e-01 6.820921897888183594e-01 6.104706525802612305e-01 6.052761077880859375e-01 5.857704281806945801e-01 0.000000000000000000e+00
7.401964664459228516e-01 6.824839115142822266e-01 6.534746885299682617e-01 6.247387528419494629e-01 6.289729475975036621e-01 0.000000000000000000e+00
5.605726242065429688e-01 6.145892739295959473e-01 6.363637447357177734e-01 6.324833631515502930e-01 6.303847432136535645e-01 0.000000000000000000e+00
-2.813899330794811249e-02 -4.818933829665184021e-02 -1.677538603544235229e-01 -3.358667492866516113e-01 -3.297726213932037354e-01 0.000000000000000000e+00
5.285710692405700684e-01 5.833700895309448242e-01 5.229846239089965820e-01 4.767351150512695312e-01 3.668410480022430420e-01 0.000000000000000000e+00
6.705997586250305176e-01 6.636226177215576172e-01 6.503678560256958008e-01 6.332046985626220703e-01 5.890208482742309570e-01 0.000000000000000000e+00
7.008049488067626953e-01 6.921656727790832520e-01 6.525883674621582031e-01 6.360393166542053223e-01 6.112263202667236328e-01 0.000000000000000000e+00
6.934141516685485840e-01 6.970978975296020508e-01 6.738483309745788574e-01 6.447346210479736328e-01 6.111603975296020508e-01 0.000000000000000000e+00
7.000527977943420410e-01 6.967664957046508789e-01 6.643198728561401367e-01 6.387331485748291016e-01 6.155989170074462891e-01 0.000000000000000000e+00
6.996411085128784180e-01 6.975634098052978516e-01 6.587257385253906250e-01 6.193007230758666992e-01 6.030894517898559570e-01 0.000000000000000000e+00
-5.171576142311096191e-01 -4.598535001277923584e-01 2.531848475337028503e-02 5.048788189888000488e-01 6.309255361557006836e-01 0.000000000000000000e+00
-5.046088099479675293e-01 -5.307294726371765137e-01 -5.311465859413146973e-01 -5.334830880165100098e-01 -5.187542438507080078e-01 0.000000000000000000e+00
-4.528877735137939453e-01 -4.607194662094116211e-01 -2.969957888126373291e-01 -1.864288449287414551e-01 -3.032025396823883057e-01 0.000000000000000000e+00
-4.177518784999847412e-01 1.012331098318099976e-01 3.225288689136505127e-01 3.588922321796417236e-01 5.472330451011657715e-01 0.000000000000000000e+00
5.094187855720520020e-01 4.867563843727111816e-01 5.331206917762756348e-01 4.944702982902526855e-01 4.923065006732940674e-01 0.000000000000000000e+00
6.271502971649169922e-01 6.161258220672607422e-01 5.869061350822448730e-01 5.669678449630737305e-01 5.511406660079956055e-01 0.000000000000000000e+00
6.472523212432861328e-01 6.566069126129150391e-01 6.686789989471435547e-01 6.661708354949951172e-01 6.134885549545288086e-01 0.000000000000000000e+00
-5.328470468521118164e-01 -5.284397602081298828e-01 -5.285048484802246094e-01 -5.257651805877685547e-01 -5.330741405487060547e-01 0.000000000000000000e+00
-4.501790106296539307e-01 -3.955048322677612305e-01 1.440998762845993042e-01 -3.221379220485687256e-01 -3.954568505287170410e-01 0.000000000000000000e+00
2.816926836967468262e-01 6.041578054428100586e-01 6.386071443557739258e-01 6.166380643844604492e-01 5.866742134094238281e-01 0.000000000000000000e+00
6.148445606231689453e-01 5.331259965896606445e-01 5.284527540206909180e-01 5.187818408012390137e-01 5.704076290130615234e-01 0.000000000000000000e+00
6.847995519638061523e-01 5.327512025833129883e-01 5.718991756439208984e-01 5.355349183082580566e-01 5.260577797889709473e-01 0.000000000000000000e+00
7.795920372009277344e-01 7.015219926834106445e-01 7.279648184776306152e-01 7.348338365554809570e-01 7.137843370437622070e-01 0.000000000000000000e+00
-5.103275179862976074e-01 -4.742050170898437500e-01 -4.667465388774871826e-01 -4.592446684837341309e-01 -4.787121117115020752e-01 1.000000000000000000e+00
-5.252225995063781738e-01 -5.201705098152160645e-01 -5.001301765441894531e-01 -4.943882822990417480e-01 -4.730177521705627441e-01 2.000000000000000000e+00
-5.103275179862976074e-01 -4.742050170898437500e-01 -4.667465388774871826e-01 -4.592446684837341309e-01 -4.787121117115020752e-01 1.000000000000000000e+00
-5.252225995063781738e-01 -5.201705098152160645e-01 -5.001301765441894531e-01 -4.943882822990417480e-01 -4.730177521705627441e-01 2.000000000000000000e+00
-5.103275179862976074e-01 -4.742050170898437500e-01 -4.667465388774871826e-01 -4.592446684837341309e-01 -4.787121117115020752e-01 1.000000000000000000e+00
-5.252225995063781738e-01 -5.201705098152160645e-01 -5.001301765441894531e-01 -4.943882822990417480e-01 -4.730177521705627441e-01 2.000000000000000000e+00
-5.103275179862976074e-01 -4.742050170898437500e-01 -4.667465388774871826e-01 -4.592446684837341309e-01 -4.787121117115020752e-01 1.000000000000000000e+00
-5.252225995063781738e-01 -5.201705098152160645e-01 -5.001301765441894531e-01 -4.943882822990417480e-01 -4.730177521705627441e-01 2.000000000000000000e+00
-5.103275179862976074e-01 -4.742050170898437500e-01 -4.667465388774871826e-01 -4.592446684837341309e-01 -4.787121117115020752e-01 1.000000000000000000e+00
-5.252225995063781738e-01 -5.201705098152160645e-01 -5.001301765441894531e-01 -4.943882822990417480e-01 -4.730177521705627441e-01 2.000000000000000000e+00
-5.103275179862976074e-01 -4.742050170898437500e-01 -4.667465388774871826e-01 -4.592446684837341309e-01 -4.787121117115020752e-01 1.000000000000000000e+00
-5.252225995063781738e-01 -5.201705098152160645e-01 -5.001301765441894531e-01 -4.943882822990417480e-01 -4.730177521705627441e-01 2.000000000000000000e+00
-5.103275179862976074e-01 -4.742050170898437500e-01 -4.667465388774871826e-01 -4.592446684837341309e-01 -4.787121117115020752e-01 1.000000000000000000e+00
-5.252225995063781738e-01 -5.201705098152160645e-01 -5.001301765441894531e-01 -4.943882822990417480e-01 -4.730177521705627441e-01 2.000000000000000000e+00
-5.103275179862976074e-01 -4.742050170898437500e-01 -4.667465388774871826e-01 -4.592446684837341309e-01 -4.787121117115020752e-01 1.000000000000000000e+00
-5.252225995063781738e-01 -5.201705098152160645e-01 -5.001301765441894531e-01 -4.943882822990417480e-01 -4.730177521705627441e-01 2.000000000000000000e+00
-5.103275179862976074e-01 -4.742050170898437500e-01 -4.667465388774871826e-01 -4.592446684837341309e-01 -4.787121117115020752e-01 1.000000000000000000e+00
-5.252225995063781738e-01 -5.201705098152160645e-01 -5.001301765441894531e-01 -4.943882822990417480e-01 -4.730177521705627441e-01 2.000000000000000000e+00
-5.103275179862976074e-01 -4.742050170898437500e-01 -4.667465388774871826e-01 -4.592446684837341309e-01 -4.787121117115020752e-01 1.000000000000000000e+00
-5.252225995063781738e-01 -5.201705098152160645e-01 -5.001301765441894531e-01 -4.943882822990417480e-01 -4.730177521705627441e-01 2.000000000000000000e+00
5.444260835647583008e-01 5.429127216339111328e-01 5.426641702651977539e-01 4.839204549789428711e-01 5.046417713165283203e-01 0.000000000000000000e+00
5.447347164154052734e-01 5.464965105056762695e-01 5.400309562683105469e-01 5.387326478958129883e-01 5.313712358474731445e-01 0.000000000000000000e+00
5.612062215805053711e-01 5.914722681045532227e-01 5.837260484695434570e-01 5.587574839591979980e-01 5.655243396759033203e-01 0.000000000000000000e+00
4.650147557258605957e-01 4.645453989505767822e-01 4.336651563644409180e-01 4.532436728477478027e-01 4.699843525886535645e-01 0.000000000000000000e+00
2.773650884628295898e-01 3.359438478946685791e-01 4.673640727996826172e-01 4.394285976886749268e-01 2.392424046993255615e-01 0.000000000000000000e+00
5.905589461326599121e-01 6.045677065849304199e-01 5.852106809616088867e-01 5.486667156219482422e-01 5.038022994995117188e-01 0.000000000000000000e+00
-1.361842006444931030e-01 9.883796796202659607e-03 2.848126888275146484e-01 5.590766668319702148e-01 6.188639998435974121e-01 0.000000000000000000e+00
-3.253660798072814941e-01 4.513698220252990723e-01 5.603644847869873047e-01 6.111090183258056641e-01 6.246820092201232910e-01 0.000000000000000000e+00
1.789238862693309784e-02 3.033393025398254395e-01 4.371408820152282715e-01 3.351023495197296143e-01 1.102970764040946960e-01 0.000000000000000000e+00
-4.926964044570922852e-01 -3.041082024574279785e-01 -2.585826814174652100e-01 -1.630899459123611450e-01 1.481201797723770142e-01 0.000000000000000000e+00
-4.628288447856903076e-01 -5.033856034278869629e-01 -5.252994894981384277e-01 -5.305650830268859863e-01 -5.372070670127868652e-01 0.000000000000000000e+00
-2.793311774730682373e-01 -3.982518017292022705e-01 -4.652441442012786865e-01 -4.900490939617156982e-01 -4.943844974040985107e-01 0.000000000000000000e+00
3.393601775169372559e-01 3.606536686420440674e-01 1.765588074922561646e-01 4.100073501467704773e-02 -2.995108962059020996e-01 0.000000000000000000e+00
6.025456190109252930e-01 6.503949165344238281e-01 6.216695308685302734e-01 5.671660900115966797e-01 4.617136418819427490e-01 0.000000000000000000e+00
6.617228984832763672e-01 6.801146268844604492e-01 6.694260239601135254e-01 6.614936590194702148e-01 6.446753144264221191e-01 0.000000000000000000e+00
6.692304611206054688e-01 6.823265552520751953e-01 6.871558427810668945e-01 6.766316294670104980e-01 6.483801007270812988e-01 0.000000000000000000e+00
7.382097244262695312e-01 6.771442294120788574e-01 6.273004412651062012e-01 6.181441545486450195e-01 5.965043306350708008e-01 0.000000000000000000e+00
7.288070917129516602e-01 6.573117375373840332e-01 6.096720695495605469e-01 6.270089149475097656e-01 6.263672113418579102e-01 0.000000000000000000e+00
6.668241024017333984e-01 6.838228106498718262e-01 6.982258558273315430e-01 7.020298838615417480e-01 6.838010549545288086e-01 0.000000000000000000e+00
-3.376513421535491943e-01 -4.448612332344055176e-01 2.334680110216140747e-01 6.635378599166870117e-01 7.420858144760131836e-01 0.000000000000000000e+00
-5.649610757827758789e-01 -5.703192949295043945e-01 -5.226568579673767090e-01 -4.701508879661560059e-01 -3.949517905712127686e-01 0.000000000000000000e+00
6.944926977157592773e-01 6.898285150527954102e-01 6.646528244018554688e-01 6.422051191329956055e-01 6.170722842216491699e-01 0.000000000000000000e+00
6.840695142745971680e-01 7.004097700119018555e-01 6.663141250610351562e-01 6.216566562652587891e-01 5.878993272781372070e-01 0.000000000000000000e+00
6.845308542251586914e-01 6.794674992561340332e-01 6.585240960121154785e-01 6.440303325653076172e-01 6.286063790321350098e-01 0.000000000000000000e+00
6.549268960952758789e-01 6.782673001289367676e-01 6.663243770599365234e-01 6.680328845977783203e-01 6.539444923400878906e-01 0.000000000000000000e+00
5.675340890884399414e-01 5.597763061523437500e-01 6.248990297317504883e-01 6.759037971496582031e-01 6.585718393325805664e-01 0.000000000000000000e+00
6.512445211410522461e-01 6.050606966018676758e-01 5.853456258773803711e-01 5.657237768173217773e-01 5.299066901206970215e-01 0.000000000000000000e+00
6.989859342575073242e-01 7.147042751312255859e-01 6.939625740051269531e-01 6.509306430816650391e-01 6.179705262184143066e-01 0.000000000000000000e+00
7.285461425781250000e-01 6.646004915237426758e-01 6.638344526290893555e-01 6.700605154037475586e-01 7.005615234375000000e-01 0.000000000000000000e+00
7.433942556381225586e-01 6.775925159454345703e-01 6.739179491996765137e-01 6.743048429489135742e-01 6.748554706573486328e-01 0.000000000000000000e+00
7.466908097267150879e-01 6.713552474975585938e-01 6.566396951675415039e-01 6.773949861526489258e-01 7.062813043594360352e-01 0.000000000000000000e+00
7.419152855873107910e-01 6.626212596893310547e-01 6.323264837265014648e-01 6.446566581726074219e-01 6.678491830825805664e-01 0.000000000000000000e+00
6.849857568740844727e-01 6.455934047698974609e-01 6.403479576110839844e-01 6.534535884857177734e-01 6.716990470886230469e-01 0.000000000000000000e+00
5.067743062973022461e-01 5.379620790481567383e-01 5.338346362113952637e-01 6.320459246635437012e-01 6.681945323944091797e-01 0.000000000000000000e+00
7.340098619461059570e-01 7.133718729019165039e-01 7.149968147277832031e-01 7.211201190948486328e-01 7.178865671157836914e-01 0.000000000000000000e+00
6.892142295837402344e-01 5.946960449218750000e-01 5.942120552062988281e-01 5.894675254821777344e-01 6.045305132865905762e-01 0.000000000000000000e+00
7.127908468246459961e-01 6.059613227844238281e-01 6.278808116912841797e-01 6.359925270080566406e-01 6.531126499176025391e-01 0.000000000000000000e+00
7.318330407142639160e-01 6.300342082977294922e-01 6.432462930679321289e-01 6.598979830741882324e-01 6.724557876586914062e-01 0.000000000000000000e+00
7.578801512718200684e-01 6.598812341690063477e-01 6.701163053512573242e-01 6.950273513793945312e-01 7.631965279579162598e-01 0.000000000000000000e+00
7.842075824737548828e-01 7.376117706298828125e-01 7.601845264434814453e-01 7.986268997192382812e-01 7.838636636734008789e-01 0.000000000000000000e+00
7.732493281364440918e-01 6.951501965522766113e-01 6.962615251541137695e-01 7.528688907623291016e-01 7.927749156951904297e-01 0.000000000000000000e+00
7.670935392379760742e-01 6.980839967727661133e-01 6.965132951736450195e-01 7.159950733184814453e-01 7.362149953842163086e-01 0.000000000000000000e+00
6.028252840042114258e-01 5.556745529174804688e-01 5.335564017295837402e-01 5.464107394218444824e-01 5.310879349708557129e-01 1.000000000000000000e+00
6.905947923660278320e-01 5.564260482788085938e-01 5.643861293792724609e-01 5.569630265235900879e-01 5.411057472229003906e-01 2.000000000000000000e+00
6.028252840042114258e-01 5.556745529174804688e-01 5.335564017295837402e-01 5.464107394218444824e-01 5.310879349708557129e-01 1.000000000000000000e+00
6.905947923660278320e-01 5.564260482788085938e-01 5.643861293792724609e-01 5.569630265235900879e-01 5.411057472229003906e-01 2.000000000000000000e+00
6.028252840042114258e-01 5.556745529174804688e-01 5.335564017295837402e-01 5.464107394218444824e-01 5.310879349708557129e-01 1.000000000000000000e+00
6.905947923660278320e-01 5.564260482788085938e-01 5.643861293792724609e-01 5.569630265235900879e-01 5.411057472229003906e-01 2.000000000000000000e+00
6.028252840042114258e-01 5.556745529174804688e-01 5.335564017295837402e-01 5.464107394218444824e-01 5.310879349708557129e-01 1.000000000000000000e+00
6.905947923660278320e-01 5.564260482788085938e-01 5.643861293792724609e-01 5.569630265235900879e-01 5.411057472229003906e-01 2.000000000000000000e+00
6.028252840042114258e-01 5.556745529174804688e-01 5.335564017295837402e-01 5.464107394218444824e-01 5.310879349708557129e-01 1.000000000000000000e+00
6.905947923660278320e-01 5.564260482788085938e-01 5.643861293792724609e-01 5.569630265235900879e-01 5.411057472229003906e-01 2.000000000000000000e+00
6.028252840042114258e-01 5.556745529174804688e-01 5.335564017295837402e-01 5.464107394218444824e-01 5.310879349708557129e-01 1.000000000000000000e+00
6.905947923660278320e-01 5.564260482788085938e-01 5.643861293792724609e-01 5.569630265235900879e-01 5.411057472229003906e-01 2.000000000000000000e+00
6.028252840042114258e-01 5.556745529174804688e-01 5.335564017295837402e-01 5.464107394218444824e-01 5.310879349708557129e-01 1.000000000000000000e+00
6.905947923660278320e-01 5.564260482788085938e-01 5.643861293792724609e-01 5.569630265235900879e-01 5.411057472229003906e-01 2.000000000000000000e+00
6.028252840042114258e-01 5.556745529174804688e-01 5.335564017295837402e-01 5.464107394218444824e-01 5.310879349708557129e-01 1.000000000000000000e+00
6.905947923660278320e-01 5.564260482788085938e-01 5.643861293792724609e-01 5.569630265235900879e-01 5.411057472229003906e-01 2.000000000000000000e+00
6.028252840042114258e-01 5.556745529174804688e-01 5.335564017295837402e-01 5.464107394218444824e-01 5.310879349708557129e-01 1.000000000000000000e+00
6.905947923660278320e-01 5.564260482788085938e-01 5.643861293792724609e-01 5.569630265235900879e-01 5.411057472229003906e-01 2.000000000000000000e+00
6.028252840042114258e-01 5.556745529174804688e-01 5.335564017295837402e-01 5.464107394218444824e-01 5.310879349708557129e-01 1.000000000000000000e+00
6.905947923660278320e-01 5.564260482788085938e-01 5.643861293792724609e-01 5.569630265235900879e-01 5.411057472229003906e-01 2.000000000000000000e+00
6.100194454193115234e-01 5.979546904563903809e-01 5.910375714302062988e-01 6.280671954154968262e-01 6.189033985137939453e-01 0.000000000000000000e+00
5.949845910072326660e-01 5.665342807769775391e-01 5.947263836860656738e-01 6.486746072769165039e-01 7.122724056243896484e-01 0.000000000000000000e+00
6.203700304031372070e-01 6.790925264358520508e-01 7.443277835845947266e-01 7.964620590209960938e-01 8.288334608078002930e-01 0.000000000000000000e+00
6.311411857604980469e-01 6.878081560134887695e-01 7.409043312072753906e-01 7.798182368278503418e-01 8.081262111663818359e-01 0.000000000000000000e+00
-3.726293742656707764e-01 -7.533797621726989746e-02 2.051627933979034424e-01 5.818105936050415039e-01 6.983164548873901367e-01 0.000000000000000000e+00
-6.690416336059570312e-01 -6.856890320777893066e-01 -7.071657180786132812e-01 -6.397612094879150391e-01 -5.347043871879577637e-01 0.000000000000000000e+00
-6.172165870666503906e-01 -5.656236410140991211e-01 -5.899024009704589844e-01 -6.104131340980529785e-01 -5.947823524475097656e-01 0.000000000000000000e+00
4.991107583045959473e-01 4.821634590625762939e-01 4.969365000724792480e-01 5.697132945060729980e-01 5.903432369232177734e-01 1.000000000000000000e+00
5.839728713035583496e-01 5.506889820098876953e-01 5.850843787193298340e-01 6.060488820075988770e-01 6.187103390693664551e-01 2.000000000000000000e+00
4.991107583045959473e-01 4.821634590625762939e-01 4.969365000724792480e-01 5.697132945060729980e-01 5.903432369232177734e-01 1.000000000000000000e+00
5.839728713035583496e-01 5.506889820098876953e-01 5.850843787193298340e-01 6.060488820075988770e-01 6.187103390693664551e-01 2.000000000000000000e+00
4.991107583045959473e-01 4.821634590625762939e-01 4.969365000724792480e-01 5.697132945060729980e-01 5.903432369232177734e-01 1.000000000000000000e+00
5.839728713035583496e-01 5.506889820098876953e-01 5.850843787193298340e-01 6.060488820075988770e-01 6.187103390693664551e-01 2.000000000000000000e+00
4.991107583045959473e-01 4.821634590625762939e-01 4.969365000724792480e-01 5.697132945060729980e-01 5.903432369232177734e-01 1.000000000000000000e+00
5.839728713035583496e-01 5.506889820098876953e-01 5.850843787193298340e-01 6.060488820075988770e-01 6.187103390693664551e-01 2.000000000000000000e+00
4.991107583045959473e-01 4.821634590625762939e-01 4.969365000724792480e-01 5.697132945060729980e-01 5.903432369232177734e-01 1.000000000000000000e+00
5.839728713035583496e-01 5.506889820098876953e-01 5.850843787193298340e-01 6.060488820075988770e-01 6.187103390693664551e-01 2.000000000000000000e+00
4.991107583045959473e-01 4.821634590625762939e-01 4.969365000724792480e-01 5.697132945060729980e-01 5.903432369232177734e-01 1.000000000000000000e+00
5.839728713035583496e-01 5.506889820098876953e-01 5.850843787193298340e-01 6.060488820075988770e-01 6.187103390693664551e-01 2.000000000000000000e+00
4.991107583045959473e-01 4.821634590625762939e-01 4.969365000724792480e-01 5.697132945060729980e-01 5.903432369232177734e-01 1.000000000000000000e+00
5.839728713035583496e-01 5.506889820098876953e-01 5.850843787193298340e-01 6.060488820075988770e-01 6.187103390693664551e-01 2.000000000000000000e+00
4.991107583045959473e-01 4.821634590625762939e-01 4.969365000724792480e-01 5.697132945060729980e-01 5.903432369232177734e-01 1.000000000000000000e+00
5.839728713035583496e-01 5.506889820098876953e-01 5.850843787193298340e-01 6.060488820075988770e-01 6.187103390693664551e-01 2.000000000000000000e+00
4.991107583045959473e-01 4.821634590625762939e-01 4.969365000724792480e-01 5.697132945060729980e-01 5.903432369232177734e-01 1.000000000000000000e+00
5.839728713035583496e-01 5.506889820098876953e-01 5.850843787193298340e-01 6.060488820075988770e-01 6.187103390693664551e-01 2.000000000000000000e+00
4.991107583045959473e-01 4.821634590625762939e-01 4.969365000724792480e-01 5.697132945060729980e-01 5.903432369232177734e-01 1.000000000000000000e+00
5.839728713035583496e-01 5.506889820098876953e-01 5.850843787193298340e-01 6.060488820075988770e-01 6.187103390693664551e-01 2.000000000000000000e+00
5.580420494079589844e-01 5.363838076591491699e-01 5.287390351295471191e-01 5.492266416549682617e-01 5.935379266738891602e-01 0.000000000000000000e+00
5.515198707580566406e-01 5.458287596702575684e-01 5.836330652236938477e-01 6.277886629104614258e-01 6.319710016250610352e-01 0.000000000000000000e+00
5.520452260971069336e-01 5.701017379760742188e-01 5.842587351799011230e-01 5.921443700790405273e-01 6.053043603897094727e-01 0.000000000000000000e+00
5.598417669534683228e-02 4.876243472099304199e-01 5.888285636901855469e-01 6.345803141593933105e-01 6.514330506324768066e-01 0.000000000000000000e+00
-5.228080749511718750e-01 -5.332726836204528809e-01 -5.159181356430053711e-01 -4.459899663925170898e-01 1.325319614261388779e-02 0.000000000000000000e+00
-3.025828897953033447e-01 -2.045883052051067352e-02 2.108606696128845215e-01 4.463843107223510742e-01 3.247876167297363281e-01 0.000000000000000000e+00
-8.172245323657989502e-02 -6.596182286739349365e-02 9.359042160212993622e-03 -2.567649483680725098e-01 -6.484113633632659912e-02 0.000000000000000000e+00
5.239159464836120605e-01 5.953928232192993164e-01 6.517945528030395508e-01 6.670101284980773926e-01 6.658872365951538086e-01 0.000000000000000000e+00
3.596196174621582031e-01 5.432192087173461914e-01 6.726903915405273438e-01 6.737742424011230469e-01 6.920664310455322266e-01 0.000000000000000000e+00
4.392524957656860352e-01 5.323268771171569824e-01 5.885196924209594727e-01 6.128169894218444824e-01 6.285843253135681152e-01 0.000000000000000000e+00
4.854538738727569580e-01 5.909476280212402344e-01 6.484959125518798828e-01 6.442936658859252930e-01 6.668468713760375977e-01 0.000000000000000000e+00
5.126854181289672852e-01 5.707835555076599121e-01 6.446890830993652344e-01 6.205253601074218750e-01 6.639086604118347168e-01 0.000000000000000000e+00
5.956069231033325195e-01 6.407915353775024414e-01 6.393604278564453125e-01 6.485127210617065430e-01 6.522579193115234375e-01 0.000000000000000000e+00
6.294366717338562012e-01 6.321347355842590332e-01 6.237381696701049805e-01 6.416161656379699707e-01 6.475306749343872070e-01 0.000000000000000000e+00
-1.165486872196197510e-01 2.656330466270446777e-01 4.661643207073211670e-01 5.706809759140014648e-01 6.005297303199768066e-01 0.000000000000000000e+00
5.432543754577636719e-01 5.111228227615356445e-01 5.107235312461853027e-01 5.295664072036743164e-01 4.955291152000427246e-01 0.000000000000000000e+00
5.576087236404418945e-01 5.025316476821899414e-01 5.026566982269287109e-01 4.970160722732543945e-01 4.923224449157714844e-01 0.000000000000000000e+00
6.442633867263793945e-01 5.968474149703979492e-01 5.383825302124023438e-01 5.206536650657653809e-01 4.733286499977111816e-01 0.000000000000000000e+00
7.283231019973754883e-01 6.626040935516357422e-01 6.117870807647705078e-01 5.625024437904357910e-01 5.154990553855895996e-01 0.000000000000000000e+00
7.472834587097167969e-01 6.702301502227783203e-01 6.183419227600097656e-01 6.306573152542114258e-01 6.255296468734741211e-01 0.000000000000000000e+00
7.502204775810241699e-01 6.740751266479492188e-01 6.310511827468872070e-01 6.614267826080322266e-01 6.897130012512207031e-01 0.000000000000000000e+00
-2.040432691574096680e-01 5.043459534645080566e-01 6.736575365066528320e-01 7.255216836929321289e-01 7.672066688537597656e-01 0.000000000000000000e+00
-1.727783381938934326e-01 -2.073671221733093262e-01 4.275170862674713135e-01 5.479105710983276367e-01 5.908441543579101562e-01 0.000000000000000000e+00
5.873689651489257812e-01 6.229497194290161133e-01 6.106727719306945801e-01 5.901405811309814453e-01 5.452578663825988770e-01 0.000000000000000000e+00
6.106183528900146484e-01 5.561752915382385254e-01 5.558981895446777344e-01 5.807623863220214844e-01 5.884642601013183594e-01 0.000000000000000000e+00
6.999086737632751465e-01 6.376547813415527344e-01 6.007139682769775391e-01 5.994335412979125977e-01 6.018896102905273438e-01 0.000000000000000000e+00
7.155693769454956055e-01 6.691586375236511230e-01 6.595581173896789551e-01 6.678065061569213867e-01 6.660716533660888672e-01 0.000000000000000000e+00
7.230925559997558594e-01 6.535046696662902832e-01 6.222847700119018555e-01 6.293995380401611328e-01 6.437712907791137695e-01 0.000000000000000000e+00
7.446501255035400391e-01 6.934459209442138672e-01 6.304780244827270508e-01 6.094028949737548828e-01 5.975158810615539551e-01 0.000000000000000000e+00
6.141400933265686035e-01 6.197603344917297363e-01 6.565419435501098633e-01 6.839371919631958008e-01 6.535065770149230957e-01 0.000000000000000000e+00
6.095820665359497070e-01 5.431547164916992188e-01 4.928762912750244141e-01 4.882508218288421631e-01 5.346279740333557129e-01 0.000000000000000000e+00
6.366546750068664551e-01 5.902251005172729492e-01 6.228096485137939453e-01 6.670359373092651367e-01 6.386606693267822266e-01 0.000000000000000000e+00
-9.781519323587417603e-02 6.187897548079490662e-02 2.100294083356857300e-01 5.207570791244506836e-01 5.709582567214965820e-01 0.000000000000000000e+00
1.734773218631744385e-01 -6.786502152681350708e-02 5.534837245941162109e-01 6.636550426483154297e-01 6.784754991531372070e-01 0.000000000000000000e+00
5.281679630279541016e-01 5.972933769226074219e-01 6.153042316436767578e-01 5.720685124397277832e-01 6.061830520629882812e-01 0.000000000000000000e+00
6.217710971832275391e-01 5.187453627586364746e-01 4.409076571464538574e-01 4.574125111103057861e-01 4.748300015926361084e-01 0.000000000000000000e+00
7.235970497131347656e-01 6.751692295074462891e-01 6.336680650711059570e-01 6.692909598350524902e-01 6.659364700317382812e-01 0.000000000000000000e+00
7.344523668289184570e-01 6.708865165710449219e-01 6.431241035461425781e-01 6.772198677062988281e-01 7.002055644989013672e-01 0.000000000000000000e+00
7.159401178359985352e-01 6.881694793701171875e-01 6.260263919830322266e-01 6.077393293380737305e-01 6.221116185188293457e-01 0.000000000000000000e+00
1.707004755735397339e-01 -4.089675378054380417e-03 3.541831076145172119e-01 5.086230039596557617e-01 6.713092923164367676e-01 0.000000000000000000e+00
6.333997249603271484e-01 6.110917329788208008e-01 5.560084581375122070e-01 3.845841884613037109e-01 -7.686262484639883041e-03 0.000000000000000000e+00
