8.944370746612548828e-01 9.894693493843078613e-01 9.971604347229003906e-01 9.991653561592102051e-01 9.997597336769104004e-01 0.000000000000000000e+00
-2.442008443176746368e-02 9.114378094673156738e-01 9.686565995216369629e-01 9.869914054870605469e-01 9.936524033546447754e-01 0.000000000000000000e+00
-5.061810016632080078e-01 -5.092948079109191895e-01 -5.140788555145263672e-01 -5.108348727226257324e-01 1.830854862928390503e-01 0.000000000000000000e+00
9.417315125465393066e-01 9.930679202079772949e-01 9.923027753829956055e-01 9.659255743026733398e-01 9.382244944572448730e-01 0.000000000000000000e+00
9.909119009971618652e-01 9.998760223388671875e-01 9.999907016754150391e-01 9.999969005584716797e-01 9.999994039535522461e-01 0.000000000000000000e+00
9.650639891624450684e-01 9.984774589538574219e-01 9.999327063560485840e-01 9.999940991401672363e-01 9.999994635581970215e-01 0.000000000000000000e+00
9.619176387786865234e-01 9.953790903091430664e-01 9.979380965232849121e-01 9.994427561759948730e-01 9.995346069335937500e-01 0.000000000000000000e+00
4.830830097198486328e-01 8.240640759468078613e-01 8.886457085609436035e-01 8.848912119865417480e-01 9.060062170028686523e-01 0.000000000000000000e+00
6.391861438751220703e-01 9.057821035385131836e-01 9.372536540031433105e-01 9.638068079948425293e-01 9.760367870330810547e-01 0.000000000000000000e+00
7.247909307479858398e-01 9.114555716514587402e-01 9.470105767250061035e-01 9.687230587005615234e-01 9.826613664627075195e-01 0.000000000000000000e+00
7.311338186264038086e-01 8.760846853256225586e-01 9.385431408882141113e-01 9.383866786956787109e-01 9.654937982559204102e-01 0.000000000000000000e+00
8.158245086669921875e-01 9.145065546035766602e-01 9.547121524810791016e-01 9.810001254081726074e-01 9.809081554412841797e-01 0.000000000000000000e+00
8.062264323234558105e-01 9.682686328887939453e-01 9.895854592323303223e-01 9.955487251281738281e-01 9.967283010482788086e-01 0.000000000000000000e+00
5.416382551193237305e-01 7.409371137619018555e-01 9.043112397193908691e-01 9.645539522171020508e-01 9.857707023620605469e-01 0.000000000000000000e+00
8.718073964118957520e-01 9.919155836105346680e-01 9.994139075279235840e-01 9.998337030410766602e-01 9.999811053276062012e-01 0.000000000000000000e+00
-4.789512753486633301e-01 -4.732403159141540527e-01 -4.156562685966491699e-01 -4.249630570411682129e-01 -9.195373952388763428e-02 0.000000000000000000e+00
-4.926604330539703369e-01 -4.736576080322265625e-01 -4.670722484588623047e-01 -4.597073197364807129e-01 -3.806413412094116211e-01 0.000000000000000000e+00
-4.995087981224060059e-01 -4.922109544277191162e-01 -4.716066122055053711e-01 -4.792807698249816895e-01 -4.926931858062744141e-01 0.000000000000000000e+00
-2.368647605180740356e-01 -4.278341829776763916e-01 -1.914816945791244507e-01 -3.307119011878967285e-01 -4.368886053562164307e-01 0.000000000000000000e+00
9.076994061470031738e-01 9.938068389892578125e-01 9.955544471740722656e-01 9.922813177108764648e-01 9.903013110160827637e-01 0.000000000000000000e+00
-4.994330108165740967e-01 -5.213629603385925293e-01 -5.035677552223205566e-01 1.693526357412338257e-01 9.612014293670654297e-01 0.000000000000000000e+00
9.745011329650878906e-01 9.989381432533264160e-01 9.999532103538513184e-01 9.999929666519165039e-01 9.999957084655761719e-01 0.000000000000000000e+00
9.412671923637390137e-01 9.985716938972473145e-01 9.999036788940429688e-01 9.999903440475463867e-01 9.999947547912597656e-01 0.000000000000000000e+00
-5.188655853271484375e-01 -5.220307111740112305e-01 9.378414750099182129e-01 9.924463629722595215e-01 9.989308118820190430e-01 0.000000000000000000e+00
-5.232530236244201660e-01 -5.526661872863769531e-01 -5.557020902633666992e-01 -5.546051263809204102e-01 -5.498746633529663086e-01 0.000000000000000000e+00
-5.364792943000793457e-01 -5.752912759780883789e-01 -5.913877487182617188e-01 -6.018320322036743164e-01 -6.156737804412841797e-01 0.000000000000000000e+00
5.944157838821411133e-01 7.843186259269714355e-01 6.294354796409606934e-01 7.421113252639770508e-01 2.168369740247726440e-01 0.000000000000000000e+00
8.775689005851745605e-01 9.778088927268981934e-01 9.936698675155639648e-01 9.951457381248474121e-01 9.944036006927490234e-01 0.000000000000000000e+00
-5.057753324508666992e-01 9.738474488258361816e-01 9.998386502265930176e-01 9.999948143959045410e-01 9.999998211860656738e-01 0.000000000000000000e+00
-5.812087059020996094e-01 -5.899243950843811035e-01 -5.892561674118041992e-01 -5.796389579772949219e-01 -3.520429432392120361e-01 0.000000000000000000e+00
1.334138661623001099e-01 5.717076063156127930e-01 7.364184260368347168e-01 -3.474410474300384521e-01 -5.123102068901062012e-01 0.000000000000000000e+00
-5.659499168395996094e-01 -5.947366356849670410e-01 -5.835133194923400879e-01 -5.795139074325561523e-01 -5.608049631118774414e-01 0.000000000000000000e+00
-5.439926981925964355e-01 -5.764349699020385742e-01 -5.723690390586853027e-01 -5.723322629928588867e-01 -5.443369150161743164e-01 0.000000000000000000e+00
2.772070467472076416e-01 9.205910563468933105e-01 9.849666953086853027e-01 9.981245994567871094e-01 9.989917278289794922e-01 0.000000000000000000e+00
9.614420533180236816e-01 9.979681372642517090e-01 9.998738765716552734e-01 9.999089837074279785e-01 9.999466538429260254e-01 0.000000000000000000e+00
9.840973019599914551e-01 9.998621344566345215e-01 9.999906420707702637e-01 9.999986290931701660e-01 9.999997615814208984e-01 0.000000000000000000e+00
9.872362613677978516e-01 9.997416734695434570e-01 9.999592900276184082e-01 9.999967217445373535e-01 9.999990463256835938e-01 0.000000000000000000e+00
9.997264146804809570e-01 9.999998211860656738e-01 1.000000000000000000e+00 1.000000000000000000e+00 1.000000000000000000e+00 0.000000000000000000e+00
9.993791580200195312e-01 9.999986290931701660e-01 1.000000000000000000e+00 1.000000000000000000e+00 1.000000000000000000e+00 0.000000000000000000e+00
9.998556375503540039e-01 9.999998807907104492e-01 1.000000000000000000e+00 1.000000000000000000e+00 1.000000000000000000e+00 0.000000000000000000e+00
9.999279379844665527e-01 9.999999403953552246e-01 1.000000000000000000e+00 1.000000000000000000e+00 1.000000000000000000e+00 0.000000000000000000e+00
9.922838807106018066e-01 9.999919533729553223e-01 9.999999403953552246e-01 1.000000000000000000e+00 1.000000000000000000e+00 0.000000000000000000e+00
-6.233005225658416748e-02 -5.078234076499938965e-01 -5.071072578430175781e-01 -5.344945192337036133e-01 -5.430220365524291992e-01 1.000000000000000000e+00
7.662763595581054688e-01 8.359732031822204590e-01 8.471741080284118652e-01 9.765917062759399414e-01 9.129058122634887695e-01 2.000000000000000000e+00
-6.233005225658416748e-02 -5.078234076499938965e-01 -5.071072578430175781e-01 -5.344945192337036133e-01 -5.430220365524291992e-01 1.000000000000000000e+00
7.662763595581054688e-01 8.359732031822204590e-01 8.471741080284118652e-01 9.765917062759399414e-01 9.129058122634887695e-01 2.000000000000000000e+00
-6.233005225658416748e-02 -5.078234076499938965e-01 -5.071072578430175781e-01 -5.344945192337036133e-01 -5.430220365524291992e-01 1.000000000000000000e+00
7.662763595581054688e-01 8.359732031822204590e-01 8.471741080284118652e-01 9.765917062759399414e-01 9.129058122634887695e-01 2.000000000000000000e+00
-6.233005225658416748e-02 -5.078234076499938965e-01 -5.071072578430175781e-01 -5.344945192337036133e-01 -5.430220365524291992e-01 1.000000000000000000e+00
7.662763595581054688e-01 8.359732031822204590e-01 8.471741080284118652e-01 9.765917062759399414e-01 9.129058122634887695e-01 2.000000000000000000e+00
-6.233005225658416748e-02 -5.078234076499938965e-01 -5.071072578430175781e-01 -5.344945192337036133e-01 -5.430220365524291992e-01 1.000000000000000000e+00
7.662763595581054688e-01 8.359732031822204590e-01 8.471741080284118652e-01 9.765917062759399414e-01 9.129058122634887695e-01 2.000000000000000000e+00
-6.233005225658416748e-02 -5.078234076499938965e-01 -5.071072578430175781e-01 -5.344945192337036133e-01 -5.430220365524291992e-01 1.000000000000000000e+00
7.662763595581054688e-01 8.359732031822204590e-01 8.471741080284118652e-01 9.765917062759399414e-01 9.129058122634887695e-01 2.000000000000000000e+00
-6.233005225658416748e-02 -5.078234076499938965e-01 -5.071072578430175781e-01 -5.344945192337036133e-01 -5.430220365524291992e-01 1.000000000000000000e+00
7.662763595581054688e-01 8.359732031822204590e-01 8.471741080284118652e-01 9.765917062759399414e-01 9.129058122634887695e-01 2.000000000000000000e+00
-6.233005225658416748e-02 -5.078234076499938965e-01 -5.071072578430175781e-01 -5.344945192337036133e-01 -5.430220365524291992e-01 1.000000000000000000e+00
7.662763595581054688e-01 8.359732031822204590e-01 8.471741080284118652e-01 9.765917062759399414e-01 9.129058122634887695e-01 2.000000000000000000e+00
-6.233005225658416748e-02 -5.078234076499938965e-01 -5.071072578430175781e-01 -5.344945192337036133e-01 -5.430220365524291992e-01 1.000000000000000000e+00
7.662763595581054688e-01 8.359732031822204590e-01 8.471741080284118652e-01 9.765917062759399414e-01 9.129058122634887695e-01 2.000000000000000000e+00
-6.233005225658416748e-02 -5.078234076499938965e-01 -5.071072578430175781e-01 -5.344945192337036133e-01 -5.430220365524291992e-01 1.000000000000000000e+00
7.662763595581054688e-01 8.359732031822204590e-01 8.471741080284118652e-01 9.765917062759399414e-01 9.129058122634887695e-01 2.000000000000000000e+00
9.836641550064086914e-01 9.998643994331359863e-01 9.999881982803344727e-01 9.999998807907104492e-01 1.000000000000000000e+00 0.000000000000000000e+00
9.414348602294921875e-01 9.972403645515441895e-01 9.999274611473083496e-01 9.999983310699462891e-01 9.999999403953552246e-01 0.000000000000000000e+00
8.630405068397521973e-01 9.988014698028564453e-01 9.998397827148437500e-01 9.999729990959167480e-01 9.999964833259582520e-01 0.000000000000000000e+00
6.433207392692565918e-01 9.614636301994323730e-01 9.911004304885864258e-01 9.995585083961486816e-01 9.999173879623413086e-01 0.000000000000000000e+00
9.052456617355346680e-01 9.944312572479248047e-01 9.980610609054565430e-01 9.980627894401550293e-01 9.997441172599792480e-01 0.000000000000000000e+00
9.683345556259155273e-01 9.996932744979858398e-01 9.999877810478210449e-01 9.999927878379821777e-01 9.999986290931701660e-01 0.000000000000000000e+00
7.053364515304565430e-01 9.702099561691284180e-01 9.980955123901367188e-01 9.994450211524963379e-01 9.999899268150329590e-01 0.000000000000000000e+00
9.461306929588317871e-01 9.934556484222412109e-01 9.991894960403442383e-01 9.998877048492431641e-01 9.999657869338989258e-01 0.000000000000000000e+00
9.836432933807373047e-01 9.996099472045898438e-01 9.999698400497436523e-01 9.999893903732299805e-01 9.999974966049194336e-01 0.000000000000000000e+00
9.450478553771972656e-01 9.955006241798400879e-01 9.994223117828369141e-01 9.999176859855651855e-01 9.999881386756896973e-01 0.000000000000000000e+00
9.255667924880981445e-01 9.925939440727233887e-01 9.987983703613281250e-01 9.997002482414245605e-01 9.999188780784606934e-01 0.000000000000000000e+00
9.175421595573425293e-01 9.870314598083496094e-01 9.970116615295410156e-01 9.991223812103271484e-01 9.995909333229064941e-01 0.000000000000000000e+00
9.105258584022521973e-01 9.859137535095214844e-01 9.962409138679504395e-01 9.987930655479431152e-01 9.995166659355163574e-01 0.000000000000000000e+00
8.954500555992126465e-01 9.814898967742919922e-01 9.950966835021972656e-01 9.983726739883422852e-01 9.992350339889526367e-01 0.000000000000000000e+00
-1.699600070714950562e-01 -1.262800097465515137e-01 -3.626999557018280029e-01 -5.486750006675720215e-01 -5.586379766464233398e-01 0.000000000000000000e+00
-4.099307954311370850e-01 8.110344409942626953e-01 9.504523277282714844e-01 9.876804351806640625e-01 9.947000145912170410e-01 0.000000000000000000e+00
-4.862497746944427490e-01 -8.141139894723892212e-02 -5.471618175506591797e-01 -2.708745598793029785e-01 -5.383009910583496094e-01 0.000000000000000000e+00
9.170157313346862793e-01 9.868823289871215820e-01 9.939350485801696777e-01 9.971573352813720703e-01 9.936953783035278320e-01 0.000000000000000000e+00
9.403414130210876465e-01 9.941297173500061035e-01 9.986559152603149414e-01 9.992363452911376953e-01 9.995481371879577637e-01 0.000000000000000000e+00
-5.724146366119384766e-01 -6.111431717872619629e-01 -6.278264522552490234e-01 -6.468012332916259766e-01 -6.578912734985351562e-01 1.000000000000000000e+00
-5.553495883941650391e-01 -5.681753158569335938e-01 -5.845788717269897461e-01 -5.824939608573913574e-01 -5.812604427337646484e-01 2.000000000000000000e+00
-5.724146366119384766e-01 -6.111431717872619629e-01 -6.278264522552490234e-01 -6.468012332916259766e-01 -6.578912734985351562e-01 1.000000000000000000e+00
-5.553495883941650391e-01 -5.681753158569335938e-01 -5.845788717269897461e-01 -5.824939608573913574e-01 -5.812604427337646484e-01 2.000000000000000000e+00
-5.724146366119384766e-01 -6.111431717872619629e-01 -6.278264522552490234e-01 -6.468012332916259766e-01 -6.578912734985351562e-01 1.000000000000000000e+00
-5.553495883941650391e-01 -5.681753158569335938e-01 -5.845788717269897461e-01 -5.824939608573913574e-01 -5.812604427337646484e-01 2.000000000000000000e+00
-5.724146366119384766e-01 -6.111431717872619629e-01 -6.278264522552490234e-01 -6.468012332916259766e-01 -6.578912734985351562e-01 1.000000000000000000e+00
-5.553495883941650391e-01 -5.681753158569335938e-01 -5.845788717269897461e-01 -5.824939608573913574e-01 -5.812604427337646484e-01 2.000000000000000000e+00
-5.724146366119384766e-01 -6.111431717872619629e-01 -6.278264522552490234e-01 -6.468012332916259766e-01 -6.578912734985351562e-01 1.000000000000000000e+00
-5.553495883941650391e-01 -5.681753158569335938e-01 -5.845788717269897461e-01 -5.824939608573913574e-01 -5.812604427337646484e-01 2.000000000000000000e+00
-5.724146366119384766e-01 -6.111431717872619629e-01 -6.278264522552490234e-01 -6.468012332916259766e-01 -6.578912734985351562e-01 1.000000000000000000e+00
-5.553495883941650391e-01 -5.681753158569335938e-01 -5.845788717269897461e-01 -5.824939608573913574e-01 -5.812604427337646484e-01 2.000000000000000000e+00
-5.724146366119384766e-01 -6.111431717872619629e-01 -6.278264522552490234e-01 -6.468012332916259766e-01 -6.578912734985351562e-01 1.000000000000000000e+00
-5.553495883941650391e-01 -5.681753158569335938e-01 -5.845788717269897461e-01 -5.824939608573913574e-01 -5.812604427337646484e-01 2.000000000000000000e+00
-5.724146366119384766e-01 -6.111431717872619629e-01 -6.278264522552490234e-01 -6.468012332916259766e-01 -6.578912734985351562e-01 1.000000000000000000e+00
-5.553495883941650391e-01 -5.681753158569335938e-01 -5.845788717269897461e-01 -5.824939608573913574e-01 -5.812604427337646484e-01 2.000000000000000000e+00
-5.724146366119384766e-01 -6.111431717872619629e-01 -6.278264522552490234e-01 -6.468012332916259766e-01 -6.578912734985351562e-01 1.000000000000000000e+00
-5.553495883941650391e-01 -5.681753158569335938e-01 -5.845788717269897461e-01 -5.824939608573913574e-01 -5.812604427337646484e-01 2.000000000000000000e+00
-5.724146366119384766e-01 -6.111431717872619629e-01 -6.278264522552490234e-01 -6.468012332916259766e-01 -6.578912734985351562e-01 1.000000000000000000e+00
-5.553495883941650391e-01 -5.681753158569335938e-01 -5.845788717269897461e-01 -5.824939608573913574e-01 -5.812604427337646484e-01 2.000000000000000000e+00
6.051066517829895020e-01 9.988647103309631348e-01 9.999787807464599609e-01 9.999982118606567383e-01 9.999986290931701660e-01 0.000000000000000000e+00
2.249598354101181030e-01 9.859673380851745605e-01 9.967723488807678223e-01 9.995340704917907715e-01 9.999305009841918945e-01 0.000000000000000000e+00
9.780673980712890625e-01 9.995341300964355469e-01 9.999585747718811035e-01 9.999828934669494629e-01 9.999874830245971680e-01 0.000000000000000000e+00
9.901591539382934570e-01 9.996932744979858398e-01 9.999605417251586914e-01 9.999957084655761719e-01 9.999994635581970215e-01 0.000000000000000000e+00
9.964129924774169922e-01 9.999330639839172363e-01 9.999959468841552734e-01 9.999992847442626953e-01 9.999999403953552246e-01 0.000000000000000000e+00
-5.770028829574584961e-01 -5.822570323944091797e-01 -5.909917354583740234e-01 -6.028068661689758301e-01 -6.028372645378112793e-01 1.000000000000000000e+00
-2.895036041736602783e-01 -5.518366098403930664e-01 1.023948490619659424e-01 6.924160122871398926e-01 6.666105389595031738e-01 2.000000000000000000e+00
-5.770028829574584961e-01 -5.822570323944091797e-01 -5.909917354583740234e-01 -6.028068661689758301e-01 -6.028372645378112793e-01 1.000000000000000000e+00
-2.895036041736602783e-01 -5.518366098403930664e-01 1.023948490619659424e-01 6.924160122871398926e-01 6.666105389595031738e-01 2.000000000000000000e+00
-5.770028829574584961e-01 -5.822570323944091797e-01 -5.909917354583740234e-01 -6.028068661689758301e-01 -6.028372645378112793e-01 1.000000000000000000e+00
-2.895036041736602783e-01 -5.518366098403930664e-01 1.023948490619659424e-01 6.924160122871398926e-01 6.666105389595031738e-01 2.000000000000000000e+00
-5.770028829574584961e-01 -5.822570323944091797e-01 -5.909917354583740234e-01 -6.028068661689758301e-01 -6.028372645378112793e-01 1.000000000000000000e+00
-2.895036041736602783e-01 -5.518366098403930664e-01 1.023948490619659424e-01 6.924160122871398926e-01 6.666105389595031738e-01 2.000000000000000000e+00
-5.770028829574584961e-01 -5.822570323944091797e-01 -5.909917354583740234e-01 -6.028068661689758301e-01 -6.028372645378112793e-01 1.000000000000000000e+00
-2.895036041736602783e-01 -5.518366098403930664e-01 1.023948490619659424e-01 6.924160122871398926e-01 6.666105389595031738e-01 2.000000000000000000e+00
-5.770028829574584961e-01 -5.822570323944091797e-01 -5.909917354583740234e-01 -6.028068661689758301e-01 -6.028372645378112793e-01 1.000000000000000000e+00
-2.895036041736602783e-01 -5.518366098403930664e-01 1.023948490619659424e-01 6.924160122871398926e-01 6.666105389595031738e-01 2.000000000000000000e+00
-5.770028829574584961e-01 -5.822570323944091797e-01 -5.909917354583740234e-01 -6.028068661689758301e-01 -6.028372645378112793e-01 1.000000000000000000e+00
-2.895036041736602783e-01 -5.518366098403930664e-01 1.023948490619659424e-01 6.924160122871398926e-01 6.666105389595031738e-01 2.000000000000000000e+00
-5.770028829574584961e-01 -5.822570323944091797e-01 -5.909917354583740234e-01 -6.028068661689758301e-01 -6.028372645378112793e-01 1.000000000000000000e+00
-2.895036041736602783e-01 -5.518366098403930664e-01 1.023948490619659424e-01 6.924160122871398926e-01 6.666105389595031738e-01 2.000000000000000000e+00
-5.770028829574584961e-01 -5.822570323944091797e-01 -5.909917354583740234e-01 -6.028068661689758301e-01 -6.028372645378112793e-01 1.000000000000000000e+00
-2.895036041736602783e-01 -5.518366098403930664e-01 1.023948490619659424e-01 6.924160122871398926e-01 6.666105389595031738e-01 2.000000000000000000e+00
-5.770028829574584961e-01 -5.822570323944091797e-01 -5.909917354583740234e-01 -6.028068661689758301e-01 -6.028372645378112793e-01 1.000000000000000000e+00
-2.895036041736602783e-01 -5.518366098403930664e-01 1.023948490619659424e-01 6.924160122871398926e-01 6.666105389595031738e-01 2.000000000000000000e+00
9.919737577438354492e-01 9.997001886367797852e-01 9.999862909317016602e-01 9.999971389770507812e-01 9.999998807907104492e-01 0.000000000000000000e+00
9.801464080810546875e-01 9.983518719673156738e-01 9.999827146530151367e-01 9.999989271163940430e-01 9.999999403953552246e-01 0.000000000000000000e+00
9.903650879859924316e-01 9.999284744262695312e-01 9.999965429306030273e-01 9.999990463256835938e-01 9.999995231628417969e-01 0.000000000000000000e+00
9.981739521026611328e-01 9.999713897705078125e-01 9.999986886978149414e-01 9.999998211860656738e-01 1.000000000000000000e+00 0.000000000000000000e+00
9.964580535888671875e-01 9.999158978462219238e-01 9.999988079071044922e-01 9.999999403953552246e-01 1.000000000000000000e+00 0.000000000000000000e+00
9.969099760055541992e-01 9.999760389328002930e-01 9.999992847442626953e-01 9.999999403953552246e-01 1.000000000000000000e+00 0.000000000000000000e+00
9.934723377227783203e-01 9.998936653137207031e-01 9.999894499778747559e-01 9.999998807907104492e-01 1.000000000000000000e+00 0.000000000000000000e+00
-5.286036133766174316e-01 -5.429530143737792969e-01 -5.544897913932800293e-01 -5.549263954162597656e-01 -5.343492627143859863e-01 0.000000000000000000e+00
-9.170345216989517212e-02 2.543805539608001709e-01 -2.933580279350280762e-01 -4.689733684062957764e-01 -4.747269153594970703e-01 0.000000000000000000e+00
-5.143866539001464844e-01 -5.228800177574157715e-01 -5.117645263671875000e-01 7.517942190170288086e-01 9.745405912399291992e-01 0.000000000000000000e+00
-5.255611538887023926e-01 -5.523886680603027344e-01 -5.537903308868408203e-01 -5.544853210449218750e-01 -5.566788315773010254e-01 0.000000000000000000e+00
-5.156725645065307617e-01 -5.249445438385009766e-01 -5.342463254928588867e-01 -5.501488447189331055e-01 -5.614867210388183594e-01 0.000000000000000000e+00
5.025827139616012573e-02 8.323738574981689453e-01 9.456750154495239258e-01 9.699065089225769043e-01 9.941595792770385742e-01 0.000000000000000000e+00
3.145571351051330566e-01 -7.308670878410339355e-02 7.889420986175537109e-01 9.800244569778442383e-01 9.878816604614257812e-01 0.000000000000000000e+00
9.878095388412475586e-01 9.996747970581054688e-01 9.999896883964538574e-01 9.999988079071044922e-01 9.999997615814208984e-01 0.000000000000000000e+00
9.911534786224365234e-01 9.996882677078247070e-01 9.999769330024719238e-01 9.999967813491821289e-01 9.999995827674865723e-01 0.000000000000000000e+00
9.892246723175048828e-01 9.998508095741271973e-01 9.999815225601196289e-01 9.999980330467224121e-01 9.999997019767761230e-01 0.000000000000000000e+00
9.865906834602355957e-01 9.995185136795043945e-01 9.999579191207885742e-01 9.999909996986389160e-01 9.999985098838806152e-01 0.000000000000000000e+00
9.675020575523376465e-01 9.961096644401550293e-01 9.997521638870239258e-01 9.999745488166809082e-01 9.999948740005493164e-01 0.000000000000000000e+00
8.966675400733947754e-01 9.932988286018371582e-01 9.990485310554504395e-01 9.997917413711547852e-01 9.999635219573974609e-01 0.000000000000000000e+00
9.369239211082458496e-01 9.921924471855163574e-01 9.989041686058044434e-01 9.996517896652221680e-01 9.997979402542114258e-01 0.000000000000000000e+00
9.819996356964111328e-01 9.993290305137634277e-01 9.999523162841796875e-01 9.999901652336120605e-01 9.999966621398925781e-01 0.000000000000000000e+00
9.877491593360900879e-01 9.997563362121582031e-01 9.999918937683105469e-01 9.999992847442626953e-01 9.999999403953552246e-01 0.000000000000000000e+00
9.941085577011108398e-01 9.998896718025207520e-01 9.999976158142089844e-01 9.999997615814208984e-01 9.999999403953552246e-01 0.000000000000000000e+00
8.679027557373046875e-01 9.946915507316589355e-01 9.998981356620788574e-01 9.999972581863403320e-01 9.999998211860656738e-01 0.000000000000000000e+00
9.940888285636901855e-01 9.996414780616760254e-01 9.998912811279296875e-01 9.999955892562866211e-01 9.999985694885253906e-01 0.000000000000000000e+00
9.923549890518188477e-01 9.998163580894470215e-01 9.999931454658508301e-01 9.999991655349731445e-01 9.999998807907104492e-01 0.000000000000000000e+00
-5.550627708435058594e-01 -5.956159234046936035e-01 -6.063435673713684082e-01 -6.213550567626953125e-01 -6.270450353622436523e-01 1.000000000000000000e+00
9.761829972267150879e-01 9.988458752632141113e-01 9.990139007568359375e-01 9.959717392921447754e-01 9.577743411064147949e-01 2.000000000000000000e+00
-5.550627708435058594e-01 -5.956159234046936035e-01 -6.063435673713684082e-01 -6.213550567626953125e-01 -6.270450353622436523e-01 1.000000000000000000e+00
9.761829972267150879e-01 9.988458752632141113e-01 9.990139007568359375e-01 9.959717392921447754e-01 9.577743411064147949e-01 2.000000000000000000e+00
-5.550627708435058594e-01 -5.956159234046936035e-01 -6.063435673713684082e-01 -6.213550567626953125e-01 -6.270450353622436523e-01 1.000000000000000000e+00
9.761829972267150879e-01 9.988458752632141113e-01 9.990139007568359375e-01 9.959717392921447754e-01 9.577743411064147949e-01 2.000000000000000000e+00
-5.550627708435058594e-01 -5.956159234046936035e-01 -6.063435673713684082e-01 -6.213550567626953125e-01 -6.270450353622436523e-01 1.000000000000000000e+00
9.761829972267150879e-01 9.988458752632141113e-01 9.990139007568359375e-01 9.959717392921447754e-01 9.577743411064147949e-01 2.000000000000000000e+00
-5.550627708435058594e-01 -5.956159234046936035e-01 -6.063435673713684082e-01 -6.213550567626953125e-01 -6.270450353622436523e-01 1.000000000000000000e+00
9.761829972267150879e-01 9.988458752632141113e-01 9.990139007568359375e-01 9.959717392921447754e-01 9.577743411064147949e-01 2.000000000000000000e+00
-5.550627708435058594e-01 -5.956159234046936035e-01 -6.063435673713684082e-01 -6.213550567626953125e-01 -6.270450353622436523e-01 1.000000000000000000e+00
9.761829972267150879e-01 9.988458752632141113e-01 9.990139007568359375e-01 9.959717392921447754e-01 9.577743411064147949e-01 2.000000000000000000e+00
-5.550627708435058594e-01 -5.956159234046936035e-01 -6.063435673713684082e-01 -6.213550567626953125e-01 -6.270450353622436523e-01 1.000000000000000000e+00
9.761829972267150879e-01 9.988458752632141113e-01 9.990139007568359375e-01 9.959717392921447754e-01 9.577743411064147949e-01 2.000000000000000000e+00
-5.550627708435058594e-01 -5.956159234046936035e-01 -6.063435673713684082e-01 -6.213550567626953125e-01 -6.270450353622436523e-01 1.000000000000000000e+00
9.761829972267150879e-01 9.988458752632141113e-01 9.990139007568359375e-01 9.959717392921447754e-01 9.577743411064147949e-01 2.000000000000000000e+00
-5.550627708435058594e-01 -5.956159234046936035e-01 -6.063435673713684082e-01 -6.213550567626953125e-01 -6.270450353622436523e-01 1.000000000000000000e+00
9.761829972267150879e-01 9.988458752632141113e-01 9.990139007568359375e-01 9.959717392921447754e-01 9.577743411064147949e-01 2.000000000000000000e+00
-5.550627708435058594e-01 -5.956159234046936035e-01 -6.063435673713684082e-01 -6.213550567626953125e-01 -6.270450353622436523e-01 1.000000000000000000e+00
9.761829972267150879e-01 9.988458752632141113e-01 9.990139007568359375e-01 9.959717392921447754e-01 9.577743411064147949e-01 2.000000000000000000e+00
9.999883770942687988e-01 1.000000000000000000e+00 1.000000000000000000e+00 1.000000000000000000e+00 1.000000000000000000e+00 0.000000000000000000e+00
9.999905228614807129e-01 1.000000000000000000e+00 1.000000000000000000e+00 1.000000000000000000e+00 1.000000000000000000e+00 0.000000000000000000e+00
9.999988675117492676e-01 1.000000000000000000e+00 1.000000000000000000e+00 1.000000000000000000e+00 1.000000000000000000e+00 0.000000000000000000e+00
9.999889135360717773e-01 1.000000000000000000e+00 1.000000000000000000e+00 1.000000000000000000e+00 1.000000000000000000e+00 0.000000000000000000e+00
9.999766945838928223e-01 1.000000000000000000e+00 1.000000000000000000e+00 1.000000000000000000e+00 1.000000000000000000e+00 0.000000000000000000e+00
9.998615980148315430e-01 9.999999403953552246e-01 1.000000000000000000e+00 1.000000000000000000e+00 1.000000000000000000e+00 0.000000000000000000e+00
9.999508857727050781e-01 1.000000000000000000e+00 1.000000000000000000e+00 1.000000000000000000e+00 1.000000000000000000e+00 0.000000000000000000e+00
9.013870954513549805e-01 9.490363597869873047e-01 9.871299266815185547e-01 9.926818609237670898e-01 9.958193898200988770e-01 0.000000000000000000e+00
8.513247966766357422e-01 9.685899019241333008e-01 9.911888837814331055e-01 9.977909922599792480e-01 9.991995096206665039e-01 0.000000000000000000e+00
-2.118034213781356812e-01 -6.830491125583648682e-02 2.209787070751190186e-01 3.614625930786132812e-01 9.305799007415771484e-01 0.000000000000000000e+00
6.515481472015380859e-01 8.246796131134033203e-01 8.880814313888549805e-01 9.250693917274475098e-01 9.454154968261718750e-01 0.000000000000000000e+00
8.028315901756286621e-01 9.105098843574523926e-01 9.548487663269042969e-01 9.749529957771301270e-01 9.879361391067504883e-01 0.000000000000000000e+00
-7.669835537672042847e-02 5.993849039077758789e-01 9.104391336441040039e-01 9.418284893035888672e-01 9.892043471336364746e-01 0.000000000000000000e+00
-5.200740098953247070e-01 -5.299265980720520020e-01 -5.227733850479125977e-01 -5.313708782196044922e-01 -4.696525037288665771e-01 0.000000000000000000e+00
9.910603761672973633e-01 9.998786449432373047e-01 9.999866485595703125e-01 9.999972581863403320e-01 9.999986886978149414e-01 0.000000000000000000e+00
9.938880205154418945e-01 9.998034238815307617e-01 9.999948143959045410e-01 9.999984502792358398e-01 9.999997615814208984e-01 0.000000000000000000e+00
9.945994615554809570e-01 9.999297857284545898e-01 9.999924898147583008e-01 9.999995231628417969e-01 9.999999403953552246e-01 0.000000000000000000e+00
9.769464731216430664e-01 9.996578693389892578e-01 9.999728202819824219e-01 9.999976158142089844e-01 9.999998807907104492e-01 0.000000000000000000e+00
7.873050570487976074e-01 9.809740185737609863e-01 9.950497746467590332e-01 9.978907704353332520e-01 9.991775751113891602e-01 0.000000000000000000e+00
8.204895257949829102e-01 9.895458221435546875e-01 9.963485598564147949e-01 9.976158738136291504e-01 9.991275072097778320e-01 0.000000000000000000e+00
9.422485828399658203e-01 9.885829091072082520e-01 9.964369535446166992e-01 9.990092515945434570e-01 9.991164803504943848e-01 0.000000000000000000e+00
8.861833214759826660e-01 9.965887069702148438e-01 9.997423887252807617e-01 9.999629855155944824e-01 9.999942183494567871e-01 0.000000000000000000e+00
7.894619107246398926e-01 9.537938237190246582e-01 9.932644367218017578e-01 9.964565038681030273e-01 9.994048476219177246e-01 0.000000000000000000e+00
-2.188896201550960541e-02 7.482991218566894531e-01 8.395370841026306152e-01 9.828357696533203125e-01 9.991708397865295410e-01 0.000000000000000000e+00
-2.119342982769012451e-01 -4.839588403701782227e-01 -3.221031725406646729e-01 1.564545780420303345e-01 8.566370010375976562e-01 0.000000000000000000e+00
4.386157914996147156e-02 7.602059245109558105e-01 9.100481867790222168e-01 9.272240400314331055e-01 9.745733141899108887e-01 0.000000000000000000e+00
2.958639562129974365e-01 7.724970579147338867e-01 7.920087575912475586e-01 8.796296119689941406e-01 9.690033793449401855e-01 0.000000000000000000e+00
-5.544550418853759766e-01 -5.624399185180664062e-01 -5.713595747947692871e-01 -5.743948221206665039e-01 -5.643952488899230957e-01 0.000000000000000000e+00
-1.763211637735366821e-01 7.733562588691711426e-01 5.501400828361511230e-01 6.319285631179809570e-01 8.564790487289428711e-01 0.000000000000000000e+00
9.803466796875000000e-01 9.985309243202209473e-01 9.997438192367553711e-01 9.999520182609558105e-01 9.999758005142211914e-01 0.000000000000000000e+00
9.933726787567138672e-01 9.999758601188659668e-01 9.999996423721313477e-01 9.999999403953552246e-01 1.000000000000000000e+00 0.000000000000000000e+00
9.728733301162719727e-01 9.995251297950744629e-01 9.999638199806213379e-01 9.999986290931701660e-01 9.999999403953552246e-01 0.000000000000000000e+00
5.921963453292846680e-01 8.638455867767333984e-01 9.270650148391723633e-01 9.946501255035400391e-01 9.999185204505920410e-01 0.000000000000000000e+00
-5.081500411033630371e-01 -4.428151845932006836e-01 2.922022640705108643e-01 8.753772377967834473e-01 9.341426491737365723e-01 0.000000000000000000e+00
-5.706851482391357422e-01 -5.860019922256469727e-01 -5.804375410079956055e-01 -5.777586698532104492e-01 -5.754398107528686523e-01 0.000000000000000000e+00
9.998851418495178223e-01 9.999999403953552246e-01 1.000000000000000000e+00 1.000000000000000000e+00 1.000000000000000000e+00 0.000000000000000000e+00
9.998469948768615723e-01 9.999998807907104492e-01 1.000000000000000000e+00 1.000000000000000000e+00 1.000000000000000000e+00 0.000000000000000000e+00
9.998608827590942383e-01 9.999999403953552246e-01 1.000000000000000000e+00 1.000000000000000000e+00 1.000000000000000000e+00 0.000000000000000000e+00
9.998536705970764160e-01 9.999998807907104492e-01 1.000000000000000000e+00 1.000000000000000000e+00 1.000000000000000000e+00 0.000000000000000000e+00
9.998487830162048340e-01 9.999998211860656738e-01 1.000000000000000000e+00 1.000000000000000000e+00 1.000000000000000000e+00 0.000000000000000000e+00
9.999021887779235840e-01 9.999999403953552246e-01 1.000000000000000000e+00 1.000000000000000000e+00 1.000000000000000000e+00 0.000000000000000000e+00
9.995930194854736328e-01 9.999982118606567383e-01 9.999998807907104492e-01 1.000000000000000000e+00 1.000000000000000000e+00 0.000000000000000000e+00
9.921219348907470703e-01 9.999170899391174316e-01 9.999939203262329102e-01 9.999999403953552246e-01 1.000000000000000000e+00 0.000000000000000000e+00
9.973695874214172363e-01 9.999084472656250000e-01 9.999951124191284180e-01 9.999991655349731445e-01 1.000000000000000000e+00 0.000000000000000000e+00
9.278318881988525391e-01 9.967508316040039062e-01 9.996553659439086914e-01 9.999932050704956055e-01 9.999995231628417969e-01 0.000000000000000000e+00
9.635107517242431641e-01 9.917845726013183594e-01 9.983297586441040039e-01 9.998188018798828125e-01 9.999362230300903320e-01 0.000000000000000000e+00
9.556466937065124512e-01 9.967876076698303223e-01 9.997275471687316895e-01 9.999366998672485352e-01 9.999845027923583984e-01 0.000000000000000000e+00
8.564072251319885254e-01 9.907240271568298340e-01 9.991511106491088867e-01 9.997105598449707031e-01 9.999592304229736328e-01 0.000000000000000000e+00
9.841098785400390625e-01 9.988297224044799805e-01 9.997801184654235840e-01 9.998905658721923828e-01 9.998723864555358887e-01 0.000000000000000000e+00
8.479940295219421387e-01 9.704143404960632324e-01 9.897129535675048828e-01 9.868542551994323730e-01 9.992118477821350098e-01 0.000000000000000000e+00
1.112194806337356567e-01 8.352819681167602539e-01 9.503505825996398926e-01 9.972270131111145020e-01 9.980766773223876953e-01 0.000000000000000000e+00
2.702544927597045898e-01 9.242475032806396484e-01 9.947603940963745117e-01 9.994494915008544922e-01 9.998244047164916992e-01 0.000000000000000000e+00
-2.151406183838844299e-02 8.716005682945251465e-01 9.904645681381225586e-01 9.975286126136779785e-01 9.995636940002441406e-01 0.000000000000000000e+00
-4.991640448570251465e-01 6.613234281539916992e-01 6.207897663116455078e-01 7.018189430236816406e-01 7.914141416549682617e-01 0.000000000000000000e+00
-3.158539235591888428e-01 -4.036929309368133545e-01 1.759276092052459717e-01 8.342839479446411133e-01 9.856256842613220215e-01 0.000000000000000000e+00
-5.470699667930603027e-01 -5.656713247299194336e-01 -5.783067941665649414e-01 -5.747251510620117188e-01 -5.520067214965820312e-01 0.000000000000000000e+00
9.999942183494567871e-01 1.000000000000000000e+00 1.000000000000000000e+00 1.000000000000000000e+00 1.000000000000000000e+00 0.000000000000000000e+00
9.999975562095642090e-01 1.000000000000000000e+00 1.000000000000000000e+00 1.000000000000000000e+00 1.000000000000000000e+00 0.000000000000000000e+00
9.999971389770507812e-01 1.000000000000000000e+00 1.000000000000000000e+00 1.000000000000000000e+00 1.000000000000000000e+00 0.000000000000000000e+00
9.999889135360717773e-01 1.000000000000000000e+00 1.000000000000000000e+00 1.000000000000000000e+00 1.000000000000000000e+00 0.000000000000000000e+00
9.999893903732299805e-01 1.000000000000000000e+00 1.000000000000000000e+00 1.000000000000000000e+00 1.000000000000000000e+00 0.000000000000000000e+00
9.999954700469970703e-01 1.000000000000000000e+00 1.000000000000000000e+00 1.000000000000000000e+00 1.000000000000000000e+00 0.000000000000000000e+00
9.999828934669494629e-01 1.000000000000000000e+00 1.000000000000000000e+00 1.000000000000000000e+00 1.000000000000000000e+00 0.000000000000000000e+00
9.632440805435180664e-01 9.963282346725463867e-01 9.990452527999877930e-01 9.994572997093200684e-01 9.996986389160156250e-01 0.000000000000000000e+00
9.560659527778625488e-01 9.945076107978820801e-01 9.989383220672607422e-01 9.997549057006835938e-01 9.999305605888366699e-01 0.000000000000000000e+00
9.631806015968322754e-01 9.960313439369201660e-01 9.993616938591003418e-01 9.998316764831542969e-01 9.999108314514160156e-01 0.000000000000000000e+00
9.670000672340393066e-01 9.966177344322204590e-01 9.990959763526916504e-01 9.996717572212219238e-01 9.999024868011474609e-01 0.000000000000000000e+00
9.564629197120666504e-01 9.929893016815185547e-01 9.986752867698669434e-01 9.998012781143188477e-01 9.999560713768005371e-01 0.000000000000000000e+00
8.577229976654052734e-01 9.822816848754882812e-01 9.948172569274902344e-01 9.985660910606384277e-01 9.996508955955505371e-01 0.000000000000000000e+00
9.698619842529296875e-01 9.964141249656677246e-01 9.984373450279235840e-01 9.989506602287292480e-01 9.992861151695251465e-01 0.000000000000000000e+00
9.996932148933410645e-01 9.999998211860656738e-01 1.000000000000000000e+00 1.000000000000000000e+00 1.000000000000000000e+00 0.000000000000000000e+00
9.995677471160888672e-01 9.999996423721313477e-01 1.000000000000000000e+00 1.000000000000000000e+00 1.000000000000000000e+00 0.000000000000000000e+00
9.999280571937561035e-01 9.999999403953552246e-01 1.000000000000000000e+00 1.000000000000000000e+00 1.000000000000000000e+00 0.000000000000000000e+00
9.997028708457946777e-01 9.999999403953552246e-01 1.000000000000000000e+00 1.000000000000000000e+00 1.000000000000000000e+00 0.000000000000000000e+00
8.707433938980102539e-01 9.999406337738037109e-01 9.999995231628417969e-01 1.000000000000000000e+00 1.000000000000000000e+00 0.000000000000000000e+00
9.554818272590637207e-01 9.960908889770507812e-01 9.941269159317016602e-01 9.972971677780151367e-01 9.964454770088195801e-01 0.000000000000000000e+00
-4.370674192905426025e-01 -3.999570012092590332e-01 1.718436330556869507e-01 8.094647526741027832e-01 9.940924644470214844e-01 0.000000000000000000e+00
9.401819109916687012e-01 9.980881810188293457e-01 9.998281002044677734e-01 9.999587535858154297e-01 9.999845623970031738e-01 0.000000000000000000e+00
-2.833704352378845215e-01 3.177856504917144775e-01 9.466577768325805664e-01 9.888886213302612305e-01 9.995192289352416992e-01 0.000000000000000000e+00
3.491994142532348633e-01 9.245479106903076172e-01 9.741483330726623535e-01 9.503583908081054688e-01 8.619229793548583984e-01 0.000000000000000000e+00
-4.213225543498992920e-01 -4.057451188564300537e-01 -4.471168518066406250e-01 -4.170762896537780762e-01 3.305597901344299316e-01 0.000000000000000000e+00
-4.967373609542846680e-01 -5.009586215019226074e-01 -4.859406352043151855e-01 -4.791713654994964600e-01 -4.867947697639465332e-01 0.000000000000000000e+00
-3.683939576148986816e-01 -3.238180875778198242e-01 -4.564120471477508545e-01 -4.600147604942321777e-01 -4.766928255558013916e-01 0.000000000000000000e+00
4.324574172496795654e-01 9.579229950904846191e-01 9.946491122245788574e-01 9.984210133552551270e-01 9.990968704223632812e-01 0.000000000000000000e+00
9.710113406181335449e-01 9.980166554450988770e-01 9.997645020484924316e-01 9.999828338623046875e-01 9.999948740005493164e-01 0.000000000000000000e+00
8.998389840126037598e-01 9.739785194396972656e-01 9.917812347412109375e-01 9.984178543090820312e-01 9.996228218078613281e-01 0.000000000000000000e+00
8.512157201766967773e-01 9.817888736724853516e-01 9.954130649566650391e-01 9.984228610992431641e-01 9.995905756950378418e-01 0.000000000000000000e+00
9.708256721496582031e-01 9.963676333427429199e-01 9.990389347076416016e-01 9.997551441192626953e-01 9.999144673347473145e-01 0.000000000000000000e+00
9.509779810905456543e-01 9.942329525947570801e-01 9.991497397422790527e-01 9.997487068176269531e-01 9.999457001686096191e-01 0.000000000000000000e+00
7.104626297950744629e-01 9.905979633331298828e-01 9.997667074203491211e-01 9.999318718910217285e-01 9.999715089797973633e-01 0.000000000000000000e+00
-5.582835674285888672e-01 -6.035651564598083496e-01 -6.225427985191345215e-01 -6.281324625015258789e-01 -5.647272467613220215e-01 0.000000000000000000e+00
9.906163215637207031e-01 9.998149275779724121e-01 9.999925494194030762e-01 9.999990463256835938e-01 9.999998807907104492e-01 0.000000000000000000e+00
9.978479146957397461e-01 9.999781847000122070e-01 9.999972581863403320e-01 9.999991655349731445e-01 9.999998807907104492e-01 0.000000000000000000e+00
9.911993741989135742e-01 9.998158216476440430e-01 9.999876618385314941e-01 9.999990463256835938e-01 9.999999403953552246e-01 0.000000000000000000e+00
9.671958088874816895e-01 9.994693994522094727e-01 9.999312162399291992e-01 9.999839663505554199e-01 9.999967217445373535e-01 0.000000000000000000e+00
9.143044352531433105e-01 9.929518699645996094e-01 9.971199035644531250e-01 9.996527433395385742e-01 9.997896552085876465e-01 0.000000000000000000e+00
7.876999378204345703e-01 9.674290418624877930e-01 9.525926709175109863e-01 7.935392260551452637e-01 8.183073401451110840e-01 0.000000000000000000e+00
9.152356982231140137e-01 9.980863332748413086e-01 9.995811581611633301e-01 9.999645352363586426e-01 9.999798536300659180e-01 0.000000000000000000e+00
9.986293315887451172e-01 9.999949932098388672e-01 9.999998807907104492e-01 1.000000000000000000e+00 1.000000000000000000e+00 0.000000000000000000e+00
9.995691776275634766e-01 9.999988675117492676e-01 1.000000000000000000e+00 1.000000000000000000e+00 1.000000000000000000e+00 0.000000000000000000e+00
9.998643398284912109e-01 9.999998807907104492e-01 1.000000000000000000e+00 1.000000000000000000e+00 1.000000000000000000e+00 0.000000000000000000e+00
9.999000430107116699e-01 9.999998807907104492e-01 1.000000000000000000e+00 1.000000000000000000e+00 1.000000000000000000e+00 0.000000000000000000e+00
9.998770356178283691e-01 9.999998807907104492e-01 1.000000000000000000e+00 1.000000000000000000e+00 1.000000000000000000e+00 0.000000000000000000e+00
9.999437928199768066e-01 9.999999403953552246e-01 1.000000000000000000e+00 1.000000000000000000e+00 1.000000000000000000e+00 0.000000000000000000e+00
9.999471902847290039e-01 9.999999403953552246e-01 1.000000000000000000e+00 1.000000000000000000e+00 1.000000000000000000e+00 0.000000000000000000e+00
-4.636090099811553955e-01 1.806776523590087891e-01 9.952973723411560059e-01 9.999775290489196777e-01 9.999966621398925781e-01 0.000000000000000000e+00
-4.903830289840698242e-01 -5.391029715538024902e-01 -5.373655557632446289e-01 -5.415316820144653320e-01 -5.400031805038452148e-01 0.000000000000000000e+00
-4.634424448013305664e-01 -2.849299311637878418e-01 -4.864223301410675049e-01 -5.070983767509460449e-01 -5.048188567161560059e-01 0.000000000000000000e+00
9.591491222381591797e-01 9.993082880973815918e-01 9.999973773956298828e-01 1.000000000000000000e+00 1.000000000000000000e+00 0.000000000000000000e+00
-4.035272300243377686e-01 6.938555240631103516e-01 9.941045045852661133e-01 9.997544288635253906e-01 9.999600648880004883e-01 0.000000000000000000e+00
9.742181301116943359e-01 9.995529055595397949e-01 9.998331665992736816e-01 9.998690485954284668e-01 9.999706149101257324e-01 0.000000000000000000e+00
9.926204681396484375e-01 9.998065233230590820e-01 9.999467730522155762e-01 9.999895691871643066e-01 9.999982118606567383e-01 0.000000000000000000e+00
5.754136443138122559e-01 9.735116958618164062e-01 8.763726949691772461e-01 9.986197948455810547e-01 9.998037219047546387e-01 1.000000000000000000e+00
-4.434124529361724854e-01 -4.886575937271118164e-01 -4.094503521919250488e-01 9.428688287734985352e-01 9.997586607933044434e-01 2.000000000000000000e+00
5.754136443138122559e-01 9.735116958618164062e-01 8.763726949691772461e-01 9.986197948455810547e-01 9.998037219047546387e-01 1.000000000000000000e+00
-4.434124529361724854e-01 -4.886575937271118164e-01 -4.094503521919250488e-01 9.428688287734985352e-01 9.997586607933044434e-01 2.000000000000000000e+00
5.754136443138122559e-01 9.735116958618164062e-01 8.763726949691772461e-01 9.986197948455810547e-01 9.998037219047546387e-01 1.000000000000000000e+00
-4.434124529361724854e-01 -4.886575937271118164e-01 -4.094503521919250488e-01 9.428688287734985352e-01 9.997586607933044434e-01 2.000000000000000000e+00
5.754136443138122559e-01 9.735116958618164062e-01 8.763726949691772461e-01 9.986197948455810547e-01 9.998037219047546387e-01 1.000000000000000000e+00
-4.434124529361724854e-01 -4.886575937271118164e-01 -4.094503521919250488e-01 9.428688287734985352e-01 9.997586607933044434e-01 2.000000000000000000e+00
5.754136443138122559e-01 9.735116958618164062e-01 8.763726949691772461e-01 9.986197948455810547e-01 9.998037219047546387e-01 1.000000000000000000e+00
-4.434124529361724854e-01 -4.886575937271118164e-01 -4.094503521919250488e-01 9.428688287734985352e-01 9.997586607933044434e-01 2.000000000000000000e+00
5.754136443138122559e-01 9.735116958618164062e-01 8.763726949691772461e-01 9.986197948455810547e-01 9.998037219047546387e-01 1.000000000000000000e+00
-4.434124529361724854e-01 -4.886575937271118164e-01 -4.094503521919250488e-01 9.428688287734985352e-01 9.997586607933044434e-01 2.000000000000000000e+00
5.754136443138122559e-01 9.735116958618164062e-01 8.763726949691772461e-01 9.986197948455810547e-01 9.998037219047546387e-01 1.000000000000000000e+00
-4.434124529361724854e-01 -4.886575937271118164e-01 -4.094503521919250488e-01 9.428688287734985352e-01 9.997586607933044434e-01 2.000000000000000000e+00
5.754136443138122559e-01 9.735116958618164062e-01 8.763726949691772461e-01 9.986197948455810547e-01 9.998037219047546387e-01 1.000000000000000000e+00
-4.434124529361724854e-01 -4.886575937271118164e-01 -4.094503521919250488e-01 9.428688287734985352e-01 9.997586607933044434e-01 2.000000000000000000e+00
5.754136443138122559e-01 9.735116958618164062e-01 8.763726949691772461e-01 9.986197948455810547e-01 9.998037219047546387e-01 1.000000000000000000e+00
-4.434124529361724854e-01 -4.886575937271118164e-01 -4.094503521919250488e-01 9.428688287734985352e-01 9.997586607933044434e-01 2.000000000000000000e+00
5.754136443138122559e-01 9.735116958618164062e-01 8.763726949691772461e-01 9.986197948455810547e-01 9.998037219047546387e-01 1.000000000000000000e+00
-4.434124529361724854e-01 -4.886575937271118164e-01 -4.094503521919250488e-01 9.428688287734985352e-01 9.997586607933044434e-01 2.000000000000000000e+00
8.300637006759643555e-01 9.552732706069946289e-01 9.881206750869750977e-01 9.943285584449768066e-01 9.987640380859375000e-01 0.000000000000000000e+00
7.936726808547973633e-01 9.416577219963073730e-01 9.876403212547302246e-01 9.933695793151855469e-01 9.977274537086486816e-01 0.000000000000000000e+00
8.283443450927734375e-01 9.359306097030639648e-01 9.821984171867370605e-01 9.939777255058288574e-01 9.977442026138305664e-01 0.000000000000000000e+00
4.763849079608917236e-01 8.152437210083007812e-01 9.353597760200500488e-01 9.807634949684143066e-01 9.925466179847717285e-01 0.000000000000000000e+00
6.330291032791137695e-01 8.693449497222900391e-01 8.052129149436950684e-01 6.144582033157348633e-01 7.067919373512268066e-01 0.000000000000000000e+00
9.040880799293518066e-01 9.879207015037536621e-01 9.966486096382141113e-01 9.984338879585266113e-01 9.986366033554077148e-01 0.000000000000000000e+00
6.142235994338989258e-01 9.415024518966674805e-01 9.931498765945434570e-01 9.970447421073913574e-01 9.989526271820068359e-01 0.000000000000000000e+00
9.950602054595947266e-01 9.999122023582458496e-01 9.999973177909851074e-01 9.999997615814208984e-01 9.999999403953552246e-01 0.000000000000000000e+00
9.935177564620971680e-01 9.998778104782104492e-01 9.999784231185913086e-01 9.999982118606567383e-01 9.999997019767761230e-01 0.000000000000000000e+00
9.559471607208251953e-01 9.982133507728576660e-01 9.999315738677978516e-01 9.999965429306030273e-01 9.999990463256835938e-01 0.000000000000000000e+00
3.631579577922821045e-01 8.754666447639465332e-01 9.833664894104003906e-01 9.967921376228332520e-01 9.988296627998352051e-01 0.000000000000000000e+00
9.325808882713317871e-01 9.935954213142395020e-01 9.955537915229797363e-01 9.918335080146789551e-01 9.946476817131042480e-01 0.000000000000000000e+00
6.352870464324951172e-01 7.952884435653686523e-01 9.720067977905273438e-01 9.801207184791564941e-01 9.973359704017639160e-01 0.000000000000000000e+00
-3.247986435890197754e-01 3.197537958621978760e-01 7.873255610466003418e-01 6.729650497436523438e-01 -7.308500260114669800e-02 0.000000000000000000e+00
9.982424974441528320e-01 9.999481439590454102e-01 9.999822378158569336e-01 9.999950528144836426e-01 9.999989271163940430e-01 0.000000000000000000e+00
9.911385774612426758e-01 9.993619918823242188e-01 9.999209046363830566e-01 9.999994635581970215e-01 1.000000000000000000e+00 0.000000000000000000e+00
9.922370910644531250e-01 9.998510479927062988e-01 9.999921917915344238e-01 9.999994039535522461e-01 9.999999403953552246e-01 0.000000000000000000e+00
9.976968765258789062e-01 9.999813437461853027e-01 9.999988079071044922e-01 9.999999403953552246e-01 1.000000000000000000e+00 0.000000000000000000e+00
9.902942776679992676e-01 9.997873306274414062e-01 9.999957680702209473e-01 9.999992847442626953e-01 9.999998807907104492e-01 0.000000000000000000e+00
9.840053319931030273e-01 9.998788237571716309e-01 9.999933242797851562e-01 9.999996423721313477e-01 9.999999403953552246e-01 0.000000000000000000e+00
9.925041794776916504e-01 9.998171925544738770e-01 9.999966025352478027e-01 9.999983906745910645e-01 9.999995827674865723e-01 0.000000000000000000e+00
9.960502386093139648e-01 9.999925494194030762e-01 1.000000000000000000e+00 1.000000000000000000e+00 1.000000000000000000e+00 0.000000000000000000e+00
9.963457584381103516e-01 9.999988079071044922e-01 1.000000000000000000e+00 1.000000000000000000e+00 1.000000000000000000e+00 0.000000000000000000e+00
9.998832345008850098e-01 9.999998211860656738e-01 1.000000000000000000e+00 1.000000000000000000e+00 1.000000000000000000e+00 0.000000000000000000e+00
9.999791383743286133e-01 1.000000000000000000e+00 1.000000000000000000e+00 1.000000000000000000e+00 1.000000000000000000e+00 0.000000000000000000e+00
9.994658827781677246e-01 9.999992847442626953e-01 1.000000000000000000e+00 1.000000000000000000e+00 1.000000000000000000e+00 0.000000000000000000e+00
9.979646801948547363e-01 9.999898672103881836e-01 9.999998807907104492e-01 1.000000000000000000e+00 1.000000000000000000e+00 0.000000000000000000e+00
9.980005621910095215e-01 9.999970793724060059e-01 1.000000000000000000e+00 1.000000000000000000e+00 1.000000000000000000e+00 0.000000000000000000e+00
9.174306988716125488e-01 9.898958206176757812e-01 9.988853335380554199e-01 9.996008276939392090e-01 9.998617768287658691e-01 0.000000000000000000e+00
7.767143845558166504e-01 9.590566754341125488e-01 9.860101938247680664e-01 9.969673752784729004e-01 9.985978007316589355e-01 0.000000000000000000e+00
5.943255424499511719e-01 9.715634584426879883e-01 9.930747151374816895e-01 9.992647171020507812e-01 9.997274279594421387e-01 0.000000000000000000e+00
9.922986626625061035e-01 9.995210766792297363e-01 9.999452829360961914e-01 9.999917745590209961e-01 9.999955296516418457e-01 0.000000000000000000e+00
9.848618507385253906e-01 9.996928572654724121e-01 9.999945163726806641e-01 9.999990463256835938e-01 9.999999403953552246e-01 0.000000000000000000e+00
9.972023963928222656e-01 9.999758005142211914e-01 9.999989271163940430e-01 9.999998807907104492e-01 1.000000000000000000e+00 0.000000000000000000e+00
9.270768165588378906e-01 9.981774687767028809e-01 9.999766945838928223e-01 9.999991059303283691e-01 9.999998807907104492e-01 0.000000000000000000e+00
9.259919524192810059e-01 9.975549578666687012e-01 9.993485808372497559e-01 9.995167255401611328e-01 9.998422861099243164e-01 1.000000000000000000e+00
8.300124406814575195e-01 9.907867312431335449e-01 9.976421594619750977e-01 9.993358254432678223e-01 9.998415112495422363e-01 2.000000000000000000e+00
9.259919524192810059e-01 9.975549578666687012e-01 9.993485808372497559e-01 9.995167255401611328e-01 9.998422861099243164e-01 1.000000000000000000e+00
8.300124406814575195e-01 9.907867312431335449e-01 9.976421594619750977e-01 9.993358254432678223e-01 9.998415112495422363e-01 2.000000000000000000e+00
9.259919524192810059e-01 9.975549578666687012e-01 9.993485808372497559e-01 9.995167255401611328e-01 9.998422861099243164e-01 1.000000000000000000e+00
8.300124406814575195e-01 9.907867312431335449e-01 9.976421594619750977e-01 9.993358254432678223e-01 9.998415112495422363e-01 2.000000000000000000e+00
9.259919524192810059e-01 9.975549578666687012e-01 9.993485808372497559e-01 9.995167255401611328e-01 9.998422861099243164e-01 1.000000000000000000e+00
8.300124406814575195e-01 9.907867312431335449e-01 9.976421594619750977e-01 9.993358254432678223e-01 9.998415112495422363e-01 2.000000000000000000e+00
9.259919524192810059e-01 9.975549578666687012e-01 9.993485808372497559e-01 9.995167255401611328e-01 9.998422861099243164e-01 1.000000000000000000e+00
8.300124406814575195e-01 9.907867312431335449e-01 9.976421594619750977e-01 9.993358254432678223e-01 9.998415112495422363e-01 2.000000000000000000e+00
9.259919524192810059e-01 9.975549578666687012e-01 9.993485808372497559e-01 9.995167255401611328e-01 9.998422861099243164e-01 1.000000000000000000e+00
8.300124406814575195e-01 9.907867312431335449e-01 9.976421594619750977e-01 9.993358254432678223e-01 9.998415112495422363e-01 2.000000000000000000e+00
9.259919524192810059e-01 9.975549578666687012e-01 9.993485808372497559e-01 9.995167255401611328e-01 9.998422861099243164e-01 1.000000000000000000e+00
8.300124406814575195e-01 9.907867312431335449e-01 9.976421594619750977e-01 9.993358254432678223e-01 9.998415112495422363e-01 2.000000000000000000e+00
9.259919524192810059e-01 9.975549578666687012e-01 9.993485808372497559e-01 9.995167255401611328e-01 9.998422861099243164e-01 1.000000000000000000e+00
8.300124406814575195e-01 9.907867312431335449e-01 9.976421594619750977e-01 9.993358254432678223e-01 9.998415112495422363e-01 2.000000000000000000e+00
9.259919524192810059e-01 9.975549578666687012e-01 9.993485808372497559e-01 9.995167255401611328e-01 9.998422861099243164e-01 1.000000000000000000e+00
8.300124406814575195e-01 9.907867312431335449e-01 9.976421594619750977e-01 9.993358254432678223e-01 9.998415112495422363e-01 2.000000000000000000e+00
9.259919524192810059e-01 9.975549578666687012e-01 9.993485808372497559e-01 9.995167255401611328e-01 9.998422861099243164e-01 1.000000000000000000e+00
8.300124406814575195e-01 9.907867312431335449e-01 9.976421594619750977e-01 9.993358254432678223e-01 9.998415112495422363e-01 2.000000000000000000e+00
9.221607446670532227e-01 9.931088685989379883e-01 9.988452196121215820e-01 9.998691082000732422e-01 9.998029470443725586e-01 0.000000000000000000e+00
6.120420694351196289e-01 9.164772629737854004e-01 9.696474075317382812e-01 9.951950907707214355e-01 9.996865987777709961e-01 0.000000000000000000e+00
-1.235551759600639343e-01 -5.781413912773132324e-01 -5.881073474884033203e-01 -5.876175165176391602e-01 -5.643771886825561523e-01 0.000000000000000000e+00
-5.284164547920227051e-01 -5.633156895637512207e-01 -3.741265237331390381e-01 3.953301906585693359e-01 7.854645252227783203e-01 0.000000000000000000e+00
-5.802516937255859375e-01 -5.723446607589721680e-01 -5.689004659652709961e-01 -5.609542727470397949e-01 -5.291057825088500977e-01 0.000000000000000000e+00
-5.358996391296386719e-01 -5.601326227188110352e-01 -5.644375681877136230e-01 -5.718386173248291016e-01 -5.827411413192749023e-01 0.000000000000000000e+00
-5.594944953918457031e-01 -5.953680872917175293e-01 -6.067365407943725586e-01 -6.010100841522216797e-01 -6.080459952354431152e-01 0.000000000000000000e+00
9.067124128341674805e-01 9.895712733268737793e-01 9.984724521636962891e-01 9.998925328254699707e-01 9.999801516532897949e-01 0.000000000000000000e+00
-4.920449256896972656e-01 -4.992380738258361816e-01 -4.984130859375000000e-01 -3.586734235286712646e-01 9.024257063865661621e-01 0.000000000000000000e+00
-5.792624950408935547e-01 -6.106126308441162109e-01 -6.097539663314819336e-01 -5.926486253738403320e-01 -5.663141608238220215e-01 0.000000000000000000e+00
9.826279282569885254e-01 9.965581297874450684e-01 9.997071027755737305e-01 9.999501109123229980e-01 9.999290108680725098e-01 0.000000000000000000e+00
9.837743043899536133e-01 9.996826648712158203e-01 9.999787807464599609e-01 9.999990463256835938e-01 9.999998807907104492e-01 0.000000000000000000e+00
9.842309951782226562e-01 9.988988637924194336e-01 9.997897148132324219e-01 9.999459385871887207e-01 9.999753236770629883e-01 1.000000000000000000e+00
9.893424510955810547e-01 9.993013143539428711e-01 9.999008178710937500e-01 9.999898076057434082e-01 9.999970793724060059e-01 2.000000000000000000e+00
9.842309951782226562e-01 9.988988637924194336e-01 9.997897148132324219e-01 9.999459385871887207e-01 9.999753236770629883e-01 1.000000000000000000e+00
9.893424510955810547e-01 9.993013143539428711e-01 9.999008178710937500e-01 9.999898076057434082e-01 9.999970793724060059e-01 2.000000000000000000e+00
9.842309951782226562e-01 9.988988637924194336e-01 9.997897148132324219e-01 9.999459385871887207e-01 9.999753236770629883e-01 1.000000000000000000e+00
9.893424510955810547e-01 9.993013143539428711e-01 9.999008178710937500e-01 9.999898076057434082e-01 9.999970793724060059e-01 2.000000000000000000e+00
9.842309951782226562e-01 9.988988637924194336e-01 9.997897148132324219e-01 9.999459385871887207e-01 9.999753236770629883e-01 1.000000000000000000e+00
9.893424510955810547e-01 9.993013143539428711e-01 9.999008178710937500e-01 9.999898076057434082e-01 9.999970793724060059e-01 2.000000000000000000e+00
9.842309951782226562e-01 9.988988637924194336e-01 9.997897148132324219e-01 9.999459385871887207e-01 9.999753236770629883e-01 1.000000000000000000e+00
9.893424510955810547e-01 9.993013143539428711e-01 9.999008178710937500e-01 9.999898076057434082e-01 9.999970793724060059e-01 2.000000000000000000e+00
9.842309951782226562e-01 9.988988637924194336e-01 9.997897148132324219e-01 9.999459385871887207e-01 9.999753236770629883e-01 1.000000000000000000e+00
9.893424510955810547e-01 9.993013143539428711e-01 9.999008178710937500e-01 9.999898076057434082e-01 9.999970793724060059e-01 2.000000000000000000e+00
9.842309951782226562e-01 9.988988637924194336e-01 9.997897148132324219e-01 9.999459385871887207e-01 9.999753236770629883e-01 1.000000000000000000e+00
9.893424510955810547e-01 9.993013143539428711e-01 9.999008178710937500e-01 9.999898076057434082e-01 9.999970793724060059e-01 2.000000000000000000e+00
9.842309951782226562e-01 9.988988637924194336e-01 9.997897148132324219e-01 9.999459385871887207e-01 9.999753236770629883e-01 1.000000000000000000e+00
9.893424510955810547e-01 9.993013143539428711e-01 9.999008178710937500e-01 9.999898076057434082e-01 9.999970793724060059e-01 2.000000000000000000e+00
9.842309951782226562e-01 9.988988637924194336e-01 9.997897148132324219e-01 9.999459385871887207e-01 9.999753236770629883e-01 1.000000000000000000e+00
9.893424510955810547e-01 9.993013143539428711e-01 9.999008178710937500e-01 9.999898076057434082e-01 9.999970793724060059e-01 2.000000000000000000e+00
9.842309951782226562e-01 9.988988637924194336e-01 9.997897148132324219e-01 9.999459385871887207e-01 9.999753236770629883e-01 1.000000000000000000e+00
9.893424510955810547e-01 9.993013143539428711e-01 9.999008178710937500e-01 9.999898076057434082e-01 9.999970793724060059e-01 2.000000000000000000e+00
-4.915193915367126465e-01 -4.932992756366729736e-01 -4.650863409042358398e-01 4.042904376983642578e-01 6.165132522583007812e-01 0.000000000000000000e+00
9.567035436630249023e-01 9.985415935516357422e-01 9.999005794525146484e-01 9.995883703231811523e-01 9.981509447097778320e-01 0.000000000000000000e+00
9.679407477378845215e-01 9.980889558792114258e-01 9.997516274452209473e-01 9.999055862426757812e-01 9.999652504920959473e-01 0.000000000000000000e+00
9.846957325935363770e-01 9.980229139328002930e-01 9.996255636215209961e-01 9.998812675476074219e-01 9.999787807464599609e-01 0.000000000000000000e+00
9.740329980850219727e-01 9.997538924217224121e-01 9.999945759773254395e-01 9.999994039535522461e-01 9.999998211860656738e-01 0.000000000000000000e+00
-3.184746503829956055e-01 3.567560017108917236e-01 -4.404289424419403076e-01 -4.953922331333160400e-01 -4.975167214870452881e-01 1.000000000000000000e+00
1.173621881753206253e-02 7.668390274047851562e-01 6.540645360946655273e-01 5.757775902748107910e-01 8.713373541831970215e-01 2.000000000000000000e+00
-3.184746503829956055e-01 3.567560017108917236e-01 -4.404289424419403076e-01 -4.953922331333160400e-01 -4.975167214870452881e-01 1.000000000000000000e+00
1.173621881753206253e-02 7.668390274047851562e-01 6.540645360946655273e-01 5.757775902748107910e-01 8.713373541831970215e-01 2.000000000000000000e+00
-3.184746503829956055e-01 3.567560017108917236e-01 -4.404289424419403076e-01 -4.953922331333160400e-01 -4.975167214870452881e-01 1.000000000000000000e+00
1.173621881753206253e-02 7.668390274047851562e-01 6.540645360946655273e-01 5.757775902748107910e-01 8.713373541831970215e-01 2.000000000000000000e+00
-3.184746503829956055e-01 3.567560017108917236e-01 -4.404289424419403076e-01 -4.953922331333160400e-01 -4.975167214870452881e-01 1.000000000000000000e+00
1.173621881753206253e-02 7.668390274047851562e-01 6.540645360946655273e-01 5.757775902748107910e-01 8.713373541831970215e-01 2.000000000000000000e+00
-3.184746503829956055e-01 3.567560017108917236e-01 -4.404289424419403076e-01 -4.953922331333160400e-01 -4.975167214870452881e-01 1.000000000000000000e+00
1.173621881753206253e-02 7.668390274047851562e-01 6.540645360946655273e-01 5.757775902748107910e-01 8.713373541831970215e-01 2.000000000000000000e+00
-3.184746503829956055e-01 3.567560017108917236e-01 -4.404289424419403076e-01 -4.953922331333160400e-01 -4.975167214870452881e-01 1.000000000000000000e+00
1.173621881753206253e-02 7.668390274047851562e-01 6.540645360946655273e-01 5.757775902748107910e-01 8.713373541831970215e-01 2.000000000000000000e+00
-3.184746503829956055e-01 3.567560017108917236e-01 -4.404289424419403076e-01 -4.953922331333160400e-01 -4.975167214870452881e-01 1.000000000000000000e+00
1.173621881753206253e-02 7.668390274047851562e-01 6.540645360946655273e-01 5.757775902748107910e-01 8.713373541831970215e-01 2.000000000000000000e+00
-3.184746503829956055e-01 3.567560017108917236e-01 -4.404289424419403076e-01 -4.953922331333160400e-01 -4.975167214870452881e-01 1.000000000000000000e+00
1.173621881753206253e-02 7.668390274047851562e-01 6.540645360946655273e-01 5.757775902748107910e-01 8.713373541831970215e-01 2.000000000000000000e+00
-3.184746503829956055e-01 3.567560017108917236e-01 -4.404289424419403076e-01 -4.953922331333160400e-01 -4.975167214870452881e-01 1.000000000000000000e+00
1.173621881753206253e-02 7.668390274047851562e-01 6.540645360946655273e-01 5.757775902748107910e-01 8.713373541831970215e-01 2.000000000000000000e+00
-3.184746503829956055e-01 3.567560017108917236e-01 -4.404289424419403076e-01 -4.953922331333160400e-01 -4.975167214870452881e-01 1.000000000000000000e+00
1.173621881753206253e-02 7.668390274047851562e-01 6.540645360946655273e-01 5.757775902748107910e-01 8.713373541831970215e-01 2.000000000000000000e+00
4.074455201625823975e-01 7.671894431114196777e-01 9.426720738410949707e-01 9.819169044494628906e-01 9.964492321014404297e-01 0.000000000000000000e+00
-4.149227440357208252e-01 -4.966895282268524170e-01 -4.930331707000732422e-01 -4.898973405361175537e-01 -4.878461956977844238e-01 0.000000000000000000e+00
2.766244113445281982e-01 2.132454067468643188e-01 -3.336184322834014893e-01 -4.842158257961273193e-01 -4.814665019512176514e-01 0.000000000000000000e+00
9.213581681251525879e-01 9.779192209243774414e-01 9.836632013320922852e-01 9.890487194061279297e-01 9.811491966247558594e-01 0.000000000000000000e+00
8.474954962730407715e-01 9.745584726333618164e-01 9.811726808547973633e-01 9.827439785003662109e-01 9.735574126243591309e-01 0.000000000000000000e+00
-3.324540853500366211e-01 7.931510210037231445e-01 9.489298462867736816e-01 9.812905192375183105e-01 9.887507557868957520e-01 0.000000000000000000e+00
-4.966062307357788086e-01 -5.013562440872192383e-01 -4.940755963325500488e-01 -4.834739863872528076e-01 -4.933153092861175537e-01 0.000000000000000000e+00
7.803099155426025391e-01 8.754683136940002441e-01 9.431079626083374023e-01 9.295938014984130859e-01 9.556794762611389160e-01 0.000000000000000000e+00
7.550472021102905273e-01 9.184110164642333984e-01 9.673150777816772461e-01 9.864503741264343262e-01 9.929715394973754883e-01 0.000000000000000000e+00
-5.360600352287292480e-01 -5.362564921379089355e-01 -5.217713713645935059e-01 -2.238780111074447632e-01 8.621559739112854004e-01 0.000000000000000000e+00
-4.747041165828704834e-01 -3.752692937850952148e-01 -5.204963684082031250e-01 -5.234485864639282227e-01 -5.036900639533996582e-01 0.000000000000000000e+00
-5.379346013069152832e-01 -5.360661149024963379e-01 -5.197913050651550293e-01 -4.982472956180572510e-01 -4.763416945934295654e-01 0.000000000000000000e+00
-5.323772430419921875e-01 -5.482543706893920898e-01 -5.413200855255126953e-01 -5.317248106002807617e-01 -5.281957983970642090e-01 0.000000000000000000e+00
5.267128944396972656e-01 8.604224324226379395e-01 8.985956311225891113e-01 7.159995436668395996e-01 -4.340070784091949463e-01 0.000000000000000000e+00
9.999780058860778809e-01 1.000000000000000000e+00 1.000000000000000000e+00 1.000000000000000000e+00 1.000000000000000000e+00 0.000000000000000000e+00
9.999777078628540039e-01 1.000000000000000000e+00 1.000000000000000000e+00 1.000000000000000000e+00 1.000000000000000000e+00 0.000000000000000000e+00
9.999962449073791504e-01 1.000000000000000000e+00 1.000000000000000000e+00 1.000000000000000000e+00 1.000000000000000000e+00 0.000000000000000000e+00
9.999981522560119629e-01 1.000000000000000000e+00 1.000000000000000000e+00 1.000000000000000000e+00 1.000000000000000000e+00 0.000000000000000000e+00
9.999998211860656738e-01 1.000000000000000000e+00 1.000000000000000000e+00 1.000000000000000000e+00 1.000000000000000000e+00 0.000000000000000000e+00
9.999997019767761230e-01 1.000000000000000000e+00 1.000000000000000000e+00 1.000000000000000000e+00 1.000000000000000000e+00 0.000000000000000000e+00
9.999974370002746582e-01 1.000000000000000000e+00 1.000000000000000000e+00 1.000000000000000000e+00 1.000000000000000000e+00 0.000000000000000000e+00
6.471297740936279297e-01 9.857090711593627930e-01 9.962518215179443359e-01 9.989123344421386719e-01 9.989109635353088379e-01 0.000000000000000000e+00
4.244970977306365967e-01 8.560912609100341797e-01 9.829479455947875977e-01 9.964958429336547852e-01 9.997189044952392578e-01 0.000000000000000000e+00
8.084997534751892090e-01 9.845818877220153809e-01 9.946140050888061523e-01 9.973423480987548828e-01 9.977482557296752930e-01 0.000000000000000000e+00
9.450718164443969727e-01 9.925003647804260254e-01 9.969058632850646973e-01 9.978536367416381836e-01 9.989153146743774414e-01 0.000000000000000000e+00
8.468934893608093262e-01 9.560270905494689941e-01 9.858781099319458008e-01 9.957918524742126465e-01 9.988100528717041016e-01 0.000000000000000000e+00
8.426542282104492188e-01 9.426718354225158691e-01 9.745585918426513672e-01 9.840146303176879883e-01 9.918884038925170898e-01 0.000000000000000000e+00
3.457984030246734619e-01 8.572298288345336914e-01 9.320116639137268066e-01 9.769475460052490234e-01 9.879873991012573242e-01 0.000000000000000000e+00
-5.178288221359252930e-01 -5.547819137573242188e-01 -5.558179616928100586e-01 -5.638530254364013672e-01 -5.691490173339843750e-01 0.000000000000000000e+00
-5.077160596847534180e-01 -5.179013013839721680e-01 -5.216610431671142578e-01 -5.398672819137573242e-01 -5.571363568305969238e-01 0.000000000000000000e+00
-5.181934237480163574e-01 -5.282214283943176270e-01 -5.220162272453308105e-01 -5.158786177635192871e-01 -4.956390857696533203e-01 0.000000000000000000e+00
-4.957935214042663574e-01 4.415583610534667969e-01 -1.437872499227523804e-01 -4.157622456550598145e-01 4.799938201904296875e-01 0.000000000000000000e+00
-4.188243150711059570e-01 9.539356827735900879e-01 9.273742437362670898e-01 9.699671864509582520e-01 9.902089238166809082e-01 0.000000000000000000e+00
6.458846330642700195e-01 9.611606001853942871e-01 9.959930181503295898e-01 9.942849874496459961e-01 9.981220364570617676e-01 0.000000000000000000e+00
5.961759090423583984e-01 8.919594287872314453e-01 9.762672781944274902e-01 9.938582181930541992e-01 9.985627532005310059e-01 0.000000000000000000e+00
-5.107543468475341797e-01 -5.521113872528076172e-01 -5.435325503349304199e-01 -5.538811087608337402e-01 -5.625154972076416016e-01 0.000000000000000000e+00
-4.859634935855865479e-01 -5.142583250999450684e-01 -5.158842206001281738e-01 -5.387307405471801758e-01 -5.656751990318298340e-01 0.000000000000000000e+00
-4.732288420200347900e-01 -5.021820664405822754e-01 -5.030172467231750488e-01 -4.204768538475036621e-01 5.501676797866821289e-01 0.000000000000000000e+00
4.974411427974700928e-01 9.108323454856872559e-01 9.953308701515197754e-01 9.980835914611816406e-01 9.948711395263671875e-01 0.000000000000000000e+00
8.801283836364746094e-01 9.565976858139038086e-01 9.836915135383605957e-01 9.979454874992370605e-01 9.989916086196899414e-01 0.000000000000000000e+00
9.741466641426086426e-01 9.957995414733886719e-01 9.996532201766967773e-01 9.999482631683349609e-01 9.998399615287780762e-01 0.000000000000000000e+00
-5.188465118408203125e-01 -5.569201707839965820e-01 -5.543836355209350586e-01 -5.730273723602294922e-01 -5.834392309188842773e-01 1.000000000000000000e+00
-5.100668072700500488e-01 -5.498482584953308105e-01 -5.446541309356689453e-01 -5.594900846481323242e-01 -5.753177404403686523e-01 2.000000000000000000e+00
-5.188465118408203125e-01 -5.569201707839965820e-01 -5.543836355209350586e-01 -5.730273723602294922e-01 -5.834392309188842773e-01 1.000000000000000000e+00
-5.100668072700500488e-01 -5.498482584953308105e-01 -5.446541309356689453e-01 -5.594900846481323242e-01 -5.753177404403686523e-01 2.000000000000000000e+00
-5.188465118408203125e-01 -5.569201707839965820e-01 -5.543836355209350586e-01 -5.730273723602294922e-01 -5.834392309188842773e-01 1.000000000000000000e+00
-5.100668072700500488e-01 -5.498482584953308105e-01 -5.446541309356689453e-01 -5.594900846481323242e-01 -5.753177404403686523e-01 2.000000000000000000e+00
-5.188465118408203125e-01 -5.569201707839965820e-01 -5.543836355209350586e-01 -5.730273723602294922e-01 -5.834392309188842773e-01 1.000000000000000000e+00
-5.100668072700500488e-01 -5.498482584953308105e-01 -5.446541309356689453e-01 -5.594900846481323242e-01 -5.753177404403686523e-01 2.000000000000000000e+00
-5.188465118408203125e-01 -5.569201707839965820e-01 -5.543836355209350586e-01 -5.730273723602294922e-01 -5.834392309188842773e-01 1.000000000000000000e+00
-5.100668072700500488e-01 -5.498482584953308105e-01 -5.446541309356689453e-01 -5.594900846481323242e-01 -5.753177404403686523e-01 2.000000000000000000e+00
-5.188465118408203125e-01 -5.569201707839965820e-01 -5.543836355209350586e-01 -5.730273723602294922e-01 -5.834392309188842773e-01 1.000000000000000000e+00
-5.100668072700500488e-01 -5.498482584953308105e-01 -5.446541309356689453e-01 -5.594900846481323242e-01 -5.753177404403686523e-01 2.000000000000000000e+00
-5.188465118408203125e-01 -5.569201707839965820e-01 -5.543836355209350586e-01 -5.730273723602294922e-01 -5.834392309188842773e-01 1.000000000000000000e+00
-5.100668072700500488e-01 -5.498482584953308105e-01 -5.446541309356689453e-01 -5.594900846481323242e-01 -5.753177404403686523e-01 2.000000000000000000e+00
-5.188465118408203125e-01 -5.569201707839965820e-01 -5.543836355209350586e-01 -5.730273723602294922e-01 -5.834392309188842773e-01 1.000000000000000000e+00
-5.100668072700500488e-01 -5.498482584953308105e-01 -5.446541309356689453e-01 -5.594900846481323242e-01 -5.753177404403686523e-01 2.000000000000000000e+00
-5.188465118408203125e-01 -5.569201707839965820e-01 -5.543836355209350586e-01 -5.730273723602294922e-01 -5.834392309188842773e-01 1.000000000000000000e+00
-5.100668072700500488e-01 -5.498482584953308105e-01 -5.446541309356689453e-01 -5.594900846481323242e-01 -5.753177404403686523e-01 2.000000000000000000e+00
-5.188465118408203125e-01 -5.569201707839965820e-01 -5.543836355209350586e-01 -5.730273723602294922e-01 -5.834392309188842773e-01 1.000000000000000000e+00
-5.100668072700500488e-01 -5.498482584953308105e-01 -5.446541309356689453e-01 -5.594900846481323242e-01 -5.753177404403686523e-01 2.000000000000000000e+00
9.912958741188049316e-01 9.998351335525512695e-01 9.999769926071166992e-01 9.999946355819702148e-01 9.999960064888000488e-01 0.000000000000000000e+00
9.939436316490173340e-01 9.998370409011840820e-01 9.999872446060180664e-01 9.999980926513671875e-01 9.999996423721313477e-01 0.000000000000000000e+00
9.905459880828857422e-01 9.995136857032775879e-01 9.999771714210510254e-01 9.999962449073791504e-01 9.999996423721313477e-01 0.000000000000000000e+00
9.875185489654541016e-01 9.994937181472778320e-01 9.999634623527526855e-01 9.999969601631164551e-01 9.999997615814208984e-01 0.000000000000000000e+00
9.761096835136413574e-01 9.992390871047973633e-01 9.998408555984497070e-01 9.999893307685852051e-01 9.999973773956298828e-01 0.000000000000000000e+00
9.934044480323791504e-01 9.999147653579711914e-01 9.999945163726806641e-01 9.999993443489074707e-01 9.999998211860656738e-01 0.000000000000000000e+00
9.884644746780395508e-01 9.999172687530517578e-01 9.999974370002746582e-01 9.999998211860656738e-01 1.000000000000000000e+00 0.000000000000000000e+00
9.993795752525329590e-01 9.999970197677612305e-01 1.000000000000000000e+00 1.000000000000000000e+00 1.000000000000000000e+00 0.000000000000000000e+00
9.970714449882507324e-01 9.999934434890747070e-01 9.999999403953552246e-01 1.000000000000000000e+00 1.000000000000000000e+00 0.000000000000000000e+00
9.978322982788085938e-01 9.999908804893493652e-01 1.000000000000000000e+00 1.000000000000000000e+00 1.000000000000000000e+00 0.000000000000000000e+00
9.664916992187500000e-01 9.979308247566223145e-01 9.997205734252929688e-01 9.999725222587585449e-01 9.999994635581970215e-01 0.000000000000000000e+00
2.577822208404541016e-01 5.912324786186218262e-01 8.987514972686767578e-01 9.750235676765441895e-01 9.985250234603881836e-01 0.000000000000000000e+00
4.428237974643707275e-01 9.096305370330810547e-01 9.653532505035400391e-01 9.733675718307495117e-01 8.433182239532470703e-01 0.000000000000000000e+00
9.010406732559204102e-01 9.867504835128784180e-01 9.961991906166076660e-01 9.977686405181884766e-01 9.984951019287109375e-01 0.000000000000000000e+00
2.369926124811172485e-01 8.069179654121398926e-01 9.597963094711303711e-01 9.912580847740173340e-01 9.979113340377807617e-01 0.000000000000000000e+00
7.816616892814636230e-01 9.743669629096984863e-01 9.954599738121032715e-01 9.980949163436889648e-01 9.993346929550170898e-01 0.000000000000000000e+00
9.711708426475524902e-01 9.923737049102783203e-01 9.981125593185424805e-01 9.994466304779052734e-01 9.999155998229980469e-01 0.000000000000000000e+00
9.740334153175354004e-01 9.982040524482727051e-01 9.995789527893066406e-01 9.999070763587951660e-01 9.999666213989257812e-01 0.000000000000000000e+00
9.595851302146911621e-01 9.915260672569274902e-01 9.978222846984863281e-01 9.990815520286560059e-01 9.999086260795593262e-01 0.000000000000000000e+00
4.122098982334136963e-01 9.833413362503051758e-01 9.932397007942199707e-01 9.980271458625793457e-01 9.998171329498291016e-01 0.000000000000000000e+00
5.846403911709785461e-02 2.951597571372985840e-01 5.090774893760681152e-01 2.969332933425903320e-01 6.103847026824951172e-01 0.000000000000000000e+00
8.696148991584777832e-01 9.420306086540222168e-01 9.827278852462768555e-01 9.836512207984924316e-01 9.798157811164855957e-01 0.000000000000000000e+00
6.009806990623474121e-01 8.211157917976379395e-01 9.117593169212341309e-01 9.920965433120727539e-01 9.973561167716979980e-01 0.000000000000000000e+00
8.830144405364990234e-01 9.716570973396301270e-01 9.909834861755371094e-01 9.976437091827392578e-01 9.988406300544738770e-01 0.000000000000000000e+00
8.136946558952331543e-01 9.499118328094482422e-01 9.803618788719177246e-01 9.960591197013854980e-01 9.965605139732360840e-01 0.000000000000000000e+00
9.246947169303894043e-01 9.840039014816284180e-01 9.976537823677062988e-01 9.996609687805175781e-01 9.998903274536132812e-01 0.000000000000000000e+00
3.803247809410095215e-01 7.362394332885742188e-01 9.310193657875061035e-01 9.094510674476623535e-01 9.707402586936950684e-01 0.000000000000000000e+00
3.634081184864044189e-01 7.220566868782043457e-01 9.166302680969238281e-01 8.598906397819519043e-01 8.449773788452148438e-01 0.000000000000000000e+00
9.217741489410400391e-01 9.926765561103820801e-01 9.986744523048400879e-01 9.998033046722412109e-01 9.999202489852905273e-01 0.000000000000000000e+00
9.915278553962707520e-01 9.997292160987854004e-01 9.999573230743408203e-01 9.999835491180419922e-01 9.999907612800598145e-01 0.000000000000000000e+00
9.934409856796264648e-01 9.996726512908935547e-01 9.999880790710449219e-01 9.999986886978149414e-01 9.999997615814208984e-01 0.000000000000000000e+00
9.874739050865173340e-01 9.994637966156005859e-01 9.999396800994873047e-01 9.999940395355224609e-01 9.999995827674865723e-01 0.000000000000000000e+00
9.471455216407775879e-01 9.984944462776184082e-01 9.999367594718933105e-01 9.999843835830688477e-01 9.999991059303283691e-01 0.000000000000000000e+00
9.281925559043884277e-01 9.981459379196166992e-01 9.998878836631774902e-01 9.999970197677612305e-01 9.999994635581970215e-01 0.000000000000000000e+00
9.994885325431823730e-01 9.999962449073791504e-01 9.999999403953552246e-01 1.000000000000000000e+00 1.000000000000000000e+00 0.000000000000000000e+00
7.208142876625061035e-01 8.675140738487243652e-01 8.086531162261962891e-01 9.429510831832885742e-01 9.734508991241455078e-01 0.000000000000000000e+00
9.809334278106689453e-01 9.995539784431457520e-01 9.999596476554870605e-01 9.999973177909851074e-01 9.999994039535522461e-01 0.000000000000000000e+00
9.956856369972229004e-01 9.999132156372070312e-01 9.999929070472717285e-01 9.999992251396179199e-01 9.999999403953552246e-01 0.000000000000000000e+00
9.976454973220825195e-01 9.999930858612060547e-01 9.999997019767761230e-01 1.000000000000000000e+00 1.000000000000000000e+00 0.000000000000000000e+00
9.972773790359497070e-01 9.999800324440002441e-01 9.999998807907104492e-01 1.000000000000000000e+00 1.000000000000000000e+00 0.000000000000000000e+00
9.999265670776367188e-01 9.999998211860656738e-01 1.000000000000000000e+00 1.000000000000000000e+00 1.000000000000000000e+00 0.000000000000000000e+00
9.997621774673461914e-01 9.999997019767761230e-01 1.000000000000000000e+00 1.000000000000000000e+00 1.000000000000000000e+00 0.000000000000000000e+00
1.007290333509445190e-01 9.485208988189697266e-01 9.628700613975524902e-01 9.862186908721923828e-01 9.958133697509765625e-01 1.000000000000000000e+00
-5.096440911293029785e-01 -5.002180933952331543e-01 -4.384137988090515137e-01 -1.468459963798522949e-01 7.117613554000854492e-01 2.000000000000000000e+00
1.007290333509445190e-01 9.485208988189697266e-01 9.628700613975524902e-01 9.862186908721923828e-01 9.958133697509765625e-01 1.000000000000000000e+00
-5.096440911293029785e-01 -5.002180933952331543e-01 -4.384137988090515137e-01 -1.468459963798522949e-01 7.117613554000854492e-01 2.000000000000000000e+00
1.007290333509445190e-01 9.485208988189697266e-01 9.628700613975524902e-01 9.862186908721923828e-01 9.958133697509765625e-01 1.000000000000000000e+00
-5.096440911293029785e-01 -5.002180933952331543e-01 -4.384137988090515137e-01 -1.468459963798522949e-01 7.117613554000854492e-01 2.000000000000000000e+00
1.007290333509445190e-01 9.485208988189697266e-01 9.628700613975524902e-01 9.862186908721923828e-01 9.958133697509765625e-01 1.000000000000000000e+00
-5.096440911293029785e-01 -5.002180933952331543e-01 -4.384137988090515137e-01 -1.468459963798522949e-01 7.117613554000854492e-01 2.000000000000000000e+00
1.007290333509445190e-01 9.485208988189697266e-01 9.628700613975524902e-01 9.862186908721923828e-01 9.958133697509765625e-01 1.000000000000000000e+00
-5.096440911293029785e-01 -5.002180933952331543e-01 -4.384137988090515137e-01 -1.468459963798522949e-01 7.117613554000854492e-01 2.000000000000000000e+00
1.007290333509445190e-01 9.485208988189697266e-01 9.628700613975524902e-01 9.862186908721923828e-01 9.958133697509765625e-01 1.000000000000000000e+00
-5.096440911293029785e-01 -5.002180933952331543e-01 -4.384137988090515137e-01 -1.468459963798522949e-01 7.117613554000854492e-01 2.000000000000000000e+00
1.007290333509445190e-01 9.485208988189697266e-01 9.628700613975524902e-01 9.862186908721923828e-01 9.958133697509765625e-01 1.000000000000000000e+00
-5.096440911293029785e-01 -5.002180933952331543e-01 -4.384137988090515137e-01 -1.468459963798522949e-01 7.117613554000854492e-01 2.000000000000000000e+00
1.007290333509445190e-01 9.485208988189697266e-01 9.628700613975524902e-01 9.862186908721923828e-01 9.958133697509765625e-01 1.000000000000000000e+00
-5.096440911293029785e-01 -5.002180933952331543e-01 -4.384137988090515137e-01 -1.468459963798522949e-01 7.117613554000854492e-01 2.000000000000000000e+00
1.007290333509445190e-01 9.485208988189697266e-01 9.628700613975524902e-01 9.862186908721923828e-01 9.958133697509765625e-01 1.000000000000000000e+00
-5.096440911293029785e-01 -5.002180933952331543e-01 -4.384137988090515137e-01 -1.468459963798522949e-01 7.117613554000854492e-01 2.000000000000000000e+00
1.007290333509445190e-01 9.485208988189697266e-01 9.628700613975524902e-01 9.862186908721923828e-01 9.958133697509765625e-01 1.000000000000000000e+00
-5.096440911293029785e-01 -5.002180933952331543e-01 -4.384137988090515137e-01 -1.468459963798522949e-01 7.117613554000854492e-01 2.000000000000000000e+00
-5.069707632064819336e-01 -5.134808421134948730e-01 -5.098134279251098633e-01 -4.356726109981536865e-01 -4.825274348258972168e-01 0.000000000000000000e+00
6.143300980329513550e-02 6.216333061456680298e-02 1.202399283647537231e-01 -4.705281257629394531e-01 -5.037617087364196777e-01 0.000000000000000000e+00
8.514750003814697266e-01 9.616432785987854004e-01 9.872499704360961914e-01 9.946429729461669922e-01 9.967057108879089355e-01 0.000000000000000000e+00
8.549516797065734863e-01 9.980799555778503418e-01 9.999497532844543457e-01 9.999896883964538574e-01 9.999948740005493164e-01 0.000000000000000000e+00
6.465109586715698242e-01 9.690863490104675293e-01 9.925308227539062500e-01 9.979581832885742188e-01 9.996035695075988770e-01 0.000000000000000000e+00
-4.044440984725952148e-01 -2.465159446001052856e-01 1.759781986474990845e-01 8.647196926176548004e-03 2.755214273929595947e-01 0.000000000000000000e+00
7.393031120300292969e-01 8.981462717056274414e-01 9.505401253700256348e-01 9.262868165969848633e-01 9.543502926826477051e-01 0.000000000000000000e+00
-5.193361043930053711e-01 -5.308486819267272949e-01 -5.383851528167724609e-01 -5.522468090057373047e-01 -5.536808967590332031e-01 1.000000000000000000e+00
-5.105138421058654785e-01 -5.105535984039306641e-01 -4.784482121467590332e-01 -4.948856532573699951e-01 -5.192322134971618652e-01 2.000000000000000000e+00
-5.193361043930053711e-01 -5.308486819267272949e-01 -5.383851528167724609e-01 -5.522468090057373047e-01 -5.536808967590332031e-01 1.000000000000000000e+00
-5.105138421058654785e-01 -5.105535984039306641e-01 -4.784482121467590332e-01 -4.948856532573699951e-01 -5.192322134971618652e-01 2.000000000000000000e+00
-5.193361043930053711e-01 -5.308486819267272949e-01 -5.383851528167724609e-01 -5.522468090057373047e-01 -5.536808967590332031e-01 1.000000000000000000e+00
-5.105138421058654785e-01 -5.105535984039306641e-01 -4.784482121467590332e-01 -4.948856532573699951e-01 -5.192322134971618652e-01 2.000000000000000000e+00
-5.193361043930053711e-01 -5.308486819267272949e-01 -5.383851528167724609e-01 -5.522468090057373047e-01 -5.536808967590332031e-01 1.000000000000000000e+00
-5.105138421058654785e-01 -5.105535984039306641e-01 -4.784482121467590332e-01 -4.948856532573699951e-01 -5.192322134971618652e-01 2.000000000000000000e+00
-5.193361043930053711e-01 -5.308486819267272949e-01 -5.383851528167724609e-01 -5.522468090057373047e-01 -5.536808967590332031e-01 1.000000000000000000e+00
-5.105138421058654785e-01 -5.105535984039306641e-01 -4.784482121467590332e-01 -4.948856532573699951e-01 -5.192322134971618652e-01 2.000000000000000000e+00
-5.193361043930053711e-01 -5.308486819267272949e-01 -5.383851528167724609e-01 -5.522468090057373047e-01 -5.536808967590332031e-01 1.000000000000000000e+00
-5.105138421058654785e-01 -5.105535984039306641e-01 -4.784482121467590332e-01 -4.948856532573699951e-01 -5.192322134971618652e-01 2.000000000000000000e+00
-5.193361043930053711e-01 -5.308486819267272949e-01 -5.383851528167724609e-01 -5.522468090057373047e-01 -5.536808967590332031e-01 1.000000000000000000e+00
-5.105138421058654785e-01 -5.105535984039306641e-01 -4.784482121467590332e-01 -4.948856532573699951e-01 -5.192322134971618652e-01 2.000000000000000000e+00
-5.193361043930053711e-01 -5.308486819267272949e-01 -5.383851528167724609e-01 -5.522468090057373047e-01 -5.536808967590332031e-01 1.000000000000000000e+00
-5.105138421058654785e-01 -5.105535984039306641e-01 -4.784482121467590332e-01 -4.948856532573699951e-01 -5.192322134971618652e-01 2.000000000000000000e+00
-5.193361043930053711e-01 -5.308486819267272949e-01 -5.383851528167724609e-01 -5.522468090057373047e-01 -5.536808967590332031e-01 1.000000000000000000e+00
-5.105138421058654785e-01 -5.105535984039306641e-01 -4.784482121467590332e-01 -4.948856532573699951e-01 -5.192322134971618652e-01 2.000000000000000000e+00
-5.193361043930053711e-01 -5.308486819267272949e-01 -5.383851528167724609e-01 -5.522468090057373047e-01 -5.536808967590332031e-01 1.000000000000000000e+00
-5.105138421058654785e-01 -5.105535984039306641e-01 -4.784482121467590332e-01 -4.948856532573699951e-01 -5.192322134971618652e-01 2.000000000000000000e+00
8.308930397033691406e-01 9.757604598999023438e-01 9.922624230384826660e-01 9.906501173973083496e-01 9.980902075767517090e-01 0.000000000000000000e+00
6.904574632644653320e-01 9.880334734916687012e-01 9.968397617340087891e-01 9.993932843208312988e-01 9.996293783187866211e-01 0.000000000000000000e+00
9.175376892089843750e-01 9.932642579078674316e-01 9.971639513969421387e-01 9.991558194160461426e-01 9.997131824493408203e-01 0.000000000000000000e+00
-1.175928339362144470e-01 3.217130601406097412e-01 7.743594646453857422e-01 9.064896106719970703e-01 9.739072322845458984e-01 0.000000000000000000e+00
-5.150205492973327637e-01 -5.112080574035644531e-01 -4.286193549633026123e-01 2.699373364448547363e-01 6.376987695693969727e-01 0.000000000000000000e+00
-5.118392109870910645e-01 -5.120528936386108398e-01 -4.985890090465545654e-01 -5.114607214927673340e-01 -5.268094539642333984e-01 0.000000000000000000e+00
-5.199477672576904297e-01 -5.142118930816650391e-01 -5.205390453338623047e-01 -5.257644057273864746e-01 -5.315025448799133301e-01 0.000000000000000000e+00
9.806227684020996094e-01 9.995248913764953613e-01 9.999930262565612793e-01 9.999994635581970215e-01 1.000000000000000000e+00 0.000000000000000000e+00
8.839240670204162598e-01 9.966781139373779297e-01 9.998468160629272461e-01 9.999939799308776855e-01 9.999994039535522461e-01 0.000000000000000000e+00
9.179401993751525879e-01 9.824717640876770020e-01 9.898204803466796875e-01 9.978265762329101562e-01 9.984963536262512207e-01 0.000000000000000000e+00
7.263390421867370605e-01 9.327100515365600586e-01 9.725613594055175781e-01 9.910956621170043945e-01 9.973228573799133301e-01 0.000000000000000000e+00
9.922639727592468262e-01 9.994893670082092285e-01 9.999797344207763672e-01 9.999907016754150391e-01 9.999919533729553223e-01 0.000000000000000000e+00
9.987083673477172852e-01 9.999927282333374023e-01 9.999998211860656738e-01 1.000000000000000000e+00 1.000000000000000000e+00 0.000000000000000000e+00
9.999067783355712891e-01 9.999997019767761230e-01 1.000000000000000000e+00 1.000000000000000000e+00 1.000000000000000000e+00 0.000000000000000000e+00
-5.089942216873168945e-01 -5.324484109878540039e-01 -5.235621929168701172e-01 -4.792938530445098877e-01 9.218100309371948242e-01 0.000000000000000000e+00
9.671527147293090820e-01 9.997572898864746094e-01 9.990752339363098145e-01 9.970629215240478516e-01 9.969670176506042480e-01 0.000000000000000000e+00
9.653065800666809082e-01 9.968170523643493652e-01 9.996172785758972168e-01 9.999889135360717773e-01 9.999988079071044922e-01 0.000000000000000000e+00
9.949590563774108887e-01 9.998982548713684082e-01 9.999973177909851074e-01 9.999997615814208984e-01 9.999999403953552246e-01 0.000000000000000000e+00
9.990627765655517578e-01 9.999884963035583496e-01 9.999988675117492676e-01 9.999999403953552246e-01 1.000000000000000000e+00 0.000000000000000000e+00
9.982399344444274902e-01 9.999772310256958008e-01 9.999997615814208984e-01 1.000000000000000000e+00 1.000000000000000000e+00 0.000000000000000000e+00
9.993662238121032715e-01 9.999902248382568359e-01 9.999992847442626953e-01 9.999999403953552246e-01 1.000000000000000000e+00 0.000000000000000000e+00
7.500503659248352051e-01 9.992258548736572266e-01 9.999611973762512207e-01 9.999907612800598145e-01 9.999895095825195312e-01 0.000000000000000000e+00
-2.861259579658508301e-01 8.011949062347412109e-01 9.497787952423095703e-01 9.834712147712707520e-01 9.944092035293579102e-01 0.000000000000000000e+00
-5.454977154731750488e-01 -5.686774253845214844e-01 -5.795110464096069336e-01 -4.460891485214233398e-01 9.259358644485473633e-01 0.000000000000000000e+00
3.668797612190246582e-01 7.195197343826293945e-01 4.091035723686218262e-01 6.816262006759643555e-01 6.944158077239990234e-01 0.000000000000000000e+00
9.288830757141113281e-01 9.700912237167358398e-01 9.870253801345825195e-01 9.935851097106933594e-01 9.977268576622009277e-01 0.000000000000000000e+00
9.733381271362304688e-01 9.933745265007019043e-01 9.996677637100219727e-01 9.998860955238342285e-01 9.999529719352722168e-01 0.000000000000000000e+00
9.732244610786437988e-01 9.988043308258056641e-01 9.996708035469055176e-01 9.999324679374694824e-01 9.999863505363464355e-01 0.000000000000000000e+00
9.995244145393371582e-01 9.999985694885253906e-01 9.999999403953552246e-01 1.000000000000000000e+00 1.000000000000000000e+00 0.000000000000000000e+00
9.979160428047180176e-01 9.999843239784240723e-01 9.999999403953552246e-01 1.000000000000000000e+00 1.000000000000000000e+00 0.000000000000000000e+00
9.987519383430480957e-01 9.999759197235107422e-01 9.999994635581970215e-01 9.999999403953552246e-01 1.000000000000000000e+00 0.000000000000000000e+00
9.938082098960876465e-01 9.999462366104125977e-01 9.999993443489074707e-01 1.000000000000000000e+00 1.000000000000000000e+00 0.000000000000000000e+00
7.403946518898010254e-01 9.854421615600585938e-01 9.995366930961608887e-01 9.999923110008239746e-01 9.999997019767761230e-01 0.000000000000000000e+00
4.917218089103698730e-01 9.882947802543640137e-01 9.980127215385437012e-01 9.993943572044372559e-01 9.999607205390930176e-01 0.000000000000000000e+00
9.092084765434265137e-01 9.962286949157714844e-01 9.987643957138061523e-01 9.987595081329345703e-01 9.996090531349182129e-01 0.000000000000000000e+00
9.887951016426086426e-01 9.993402957916259766e-01 9.998646378517150879e-01 9.998914599418640137e-01 9.997553825378417969e-01 0.000000000000000000e+00
9.945067167282104492e-01 9.998229742050170898e-01 9.999891519546508789e-01 9.999992251396179199e-01 9.999998211860656738e-01 0.000000000000000000e+00
9.952474236488342285e-01 9.999200105667114258e-01 9.999978542327880859e-01 9.999998807907104492e-01 1.000000000000000000e+00 0.000000000000000000e+00
9.862260818481445312e-01 9.995388984680175781e-01 9.999732971191406250e-01 9.999974370002746582e-01 9.999995231628417969e-01 0.000000000000000000e+00
8.002191781997680664e-01 9.358098506927490234e-01 9.811177253723144531e-01 9.972537159919738770e-01 9.995606541633605957e-01 0.000000000000000000e+00
9.904251694679260254e-01 9.995828270912170410e-01 9.999021291732788086e-01 9.999863505363464355e-01 9.999935030937194824e-01 0.000000000000000000e+00
