2.812246680259704590e-01 2.269817292690277100e-01 3.425410985946655273e-01 3.076425790786743164e-01 3.377970457077026367e-01 0.000000000000000000e+00
-4.177230596542358398e-02 -9.691055864095687866e-02 -1.714001297950744629e-01 -1.646718233823776245e-01 3.864616854116320610e-03 0.000000000000000000e+00
-5.199012905359268188e-02 -1.352379620075225830e-01 -4.766358062624931335e-02 -1.268544048070907593e-01 -9.906597435474395752e-02 0.000000000000000000e+00
2.246444225311279297e-01 1.768920719623565674e-01 1.649513840675354004e-01 7.920923084020614624e-02 7.852056622505187988e-02 0.000000000000000000e+00
3.675366938114166260e-01 2.262991368770599365e-01 2.328605204820632935e-01 4.329402148723602295e-01 3.814780116081237793e-01 0.000000000000000000e+00
4.232992529869079590e-01 5.019273161888122559e-01 5.240131020545959473e-01 5.601748824119567871e-01 4.565413892269134521e-01 0.000000000000000000e+00
4.417671859264373779e-01 4.874614179134368896e-01 6.082094311714172363e-01 5.756299495697021484e-01 5.936965942382812500e-01 0.000000000000000000e+00
2.747063338756561279e-01 3.032014369964599609e-01 4.557459950447082520e-01 4.622937142848968506e-01 5.028584599494934082e-01 0.000000000000000000e+00
3.046478331089019775e-01 3.388851284980773926e-01 3.599168658256530762e-01 3.138568997383117676e-01 2.778696417808532715e-01 0.000000000000000000e+00
2.103152871131896973e-01 3.163533210754394531e-01 2.480340600013732910e-01 2.131210863590240479e-01 3.281635046005249023e-01 0.000000000000000000e+00
1.196016222238540649e-01 2.520715296268463135e-01 4.295330941677093506e-01 3.738739490509033203e-01 3.466354310512542725e-01 0.000000000000000000e+00
1.013851761817932129e-01 2.243375927209854126e-01 2.906316518783569336e-01 1.810961961746215820e-01 2.231978923082351685e-01 0.000000000000000000e+00
1.938407123088836670e-01 2.321743816137313843e-01 1.912866532802581787e-01 2.659055292606353760e-01 2.065061926841735840e-01 0.000000000000000000e+00
2.517562508583068848e-01 2.427539080381393433e-01 3.112500309944152832e-01 3.945916891098022461e-01 2.801212668418884277e-01 0.000000000000000000e+00
6.673084497451782227e-01 6.568400263786315918e-01 7.369114160537719727e-01 7.665539383888244629e-01 7.271891236305236816e-01 0.000000000000000000e+00
2.160816490650177002e-01 2.904943823814392090e-01 3.896898925304412842e-01 4.404382705688476562e-01 4.111553132534027100e-01 0.000000000000000000e+00
5.048076510429382324e-01 6.086548566818237305e-01 6.005347371101379395e-01 6.405853033065795898e-01 5.789642333984375000e-01 0.000000000000000000e+00
2.584157288074493408e-01 4.116626083850860596e-01 4.691911935806274414e-01 5.075061321258544922e-01 5.977159142494201660e-01 0.000000000000000000e+00
3.057914674282073975e-01 5.650545954704284668e-01 6.931172609329223633e-01 7.080678343772888184e-01 6.962520480155944824e-01 0.000000000000000000e+00
3.936671316623687744e-01 5.813865065574645996e-01 8.212571740150451660e-01 7.987253069877624512e-01 7.956833839416503906e-01 0.000000000000000000e+00
1.789015978574752808e-01 3.353662788867950439e-01 6.020432710647583008e-01 6.825487613677978516e-01 6.350286602973937988e-01 0.000000000000000000e+00
6.058298349380493164e-01 7.120178341865539551e-01 7.209243774414062500e-01 7.072746753692626953e-01 7.405678629875183105e-01 0.000000000000000000e+00
4.972086548805236816e-01 5.616771578788757324e-01 5.773514509201049805e-01 6.127023696899414062e-01 6.448076367378234863e-01 0.000000000000000000e+00
4.488504678010940552e-02 4.248253703117370605e-01 5.493258237838745117e-01 4.962703287601470947e-01 4.220275878906250000e-01 0.000000000000000000e+00
2.034463137388229370e-01 2.471082098782062531e-02 -2.754236571490764618e-02 -1.206027716398239136e-01 -2.065251953899860382e-02 0.000000000000000000e+00
7.594458013772964478e-02 9.906586259603500366e-02 2.100736498832702637e-01 2.607818841934204102e-01 2.852837145328521729e-01 0.000000000000000000e+00
5.612908601760864258e-01 5.393885374069213867e-01 3.768546879291534424e-01 2.813872396945953369e-01 2.002002596855163574e-01 0.000000000000000000e+00
3.823164999485015869e-01 3.542590439319610596e-01 4.343243837356567383e-01 4.840149283409118652e-01 6.133681535720825195e-01 0.000000000000000000e+00
4.373649358749389648e-01 6.068950891494750977e-01 6.984217166900634766e-01 6.576279401779174805e-01 6.866251230239868164e-01 0.000000000000000000e+00
6.037514805793762207e-01 6.987103223800659180e-01 6.936488747596740723e-01 6.782773137092590332e-01 7.562419772148132324e-01 0.000000000000000000e+00
5.958864092826843262e-01 6.349205374717712402e-01 6.585313081741333008e-01 7.444461584091186523e-01 7.266573309898376465e-01 0.000000000000000000e+00
-1.043005287647247314e-01 7.239636778831481934e-02 1.016739159822463989e-01 4.122748374938964844e-01 6.247757077217102051e-01 0.000000000000000000e+00
-2.038498073816299438e-01 -2.356713712215423584e-01 -2.412763535976409912e-01 -1.896411329507827759e-01 -1.488062441349029541e-01 0.000000000000000000e+00
-6.258145719766616821e-02 -2.572396099567413330e-01 -2.626095712184906006e-01 -2.685264050960540771e-01 -2.704985439777374268e-01 0.000000000000000000e+00
-4.153207316994667053e-02 -1.347927302122116089e-01 8.932361006736755371e-02 2.844131588935852051e-01 1.532612890005111694e-01 0.000000000000000000e+00
4.591531455516815186e-01 6.461815237998962402e-01 6.568572521209716797e-01 6.992603540420532227e-01 6.565206646919250488e-01 0.000000000000000000e+00
4.905373454093933105e-01 6.808415055274963379e-01 7.854818701744079590e-01 8.253473043441772461e-01 7.709341645240783691e-01 0.000000000000000000e+00
5.615456700325012207e-01 7.248678803443908691e-01 7.988693118095397949e-01 7.896324992179870605e-01 7.662287950515747070e-01 0.000000000000000000e+00
5.581223964691162109e-01 6.347554326057434082e-01 7.506812214851379395e-01 7.677977085113525391e-01 7.877425551414489746e-01 0.000000000000000000e+00
4.380388855934143066e-01 5.742921829223632812e-01 6.193705201148986816e-01 6.491479873657226562e-01 6.813451051712036133e-01 0.000000000000000000e+00
5.079050660133361816e-01 6.930013298988342285e-01 7.502709031105041504e-01 7.743195891380310059e-01 8.042069673538208008e-01 0.000000000000000000e+00
2.417687028646469116e-01 5.761591792106628418e-01 7.290080189704895020e-01 7.337722182273864746e-01 7.878794074058532715e-01 0.000000000000000000e+00
4.257183969020843506e-01 5.137783288955688477e-01 5.291759967803955078e-01 6.016178727149963379e-01 5.168883800506591797e-01 1.000000000000000000e+00
3.755462169647216797e-01 5.325622558593750000e-01 5.587667226791381836e-01 6.761069893836975098e-01 6.391112804412841797e-01 2.000000000000000000e+00
4.257183969020843506e-01 5.137783288955688477e-01 5.291759967803955078e-01 6.016178727149963379e-01 5.168883800506591797e-01 1.000000000000000000e+00
3.755462169647216797e-01 5.325622558593750000e-01 5.587667226791381836e-01 6.761069893836975098e-01 6.391112804412841797e-01 2.000000000000000000e+00
4.257183969020843506e-01 5.137783288955688477e-01 5.291759967803955078e-01 6.016178727149963379e-01 5.168883800506591797e-01 1.000000000000000000e+00
3.755462169647216797e-01 5.325622558593750000e-01 5.587667226791381836e-01 6.761069893836975098e-01 6.391112804412841797e-01 2.000000000000000000e+00
4.257183969020843506e-01 5.137783288955688477e-01 5.291759967803955078e-01 6.016178727149963379e-01 5.168883800506591797e-01 1.000000000000000000e+00
3.755462169647216797e-01 5.325622558593750000e-01 5.587667226791381836e-01 6.761069893836975098e-01 6.391112804412841797e-01 2.000000000000000000e+00
4.257183969020843506e-01 5.137783288955688477e-01 5.291759967803955078e-01 6.016178727149963379e-01 5.168883800506591797e-01 1.000000000000000000e+00
3.755462169647216797e-01 5.325622558593750000e-01 5.587667226791381836e-01 6.761069893836975098e-01 6.391112804412841797e-01 2.000000000000000000e+00
4.257183969020843506e-01 5.137783288955688477e-01 5.291759967803955078e-01 6.016178727149963379e-01 5.168883800506591797e-01 1.000000000000000000e+00
3.755462169647216797e-01 5.325622558593750000e-01 5.587667226791381836e-01 6.761069893836975098e-01 6.391112804412841797e-01 2.000000000000000000e+00
4.257183969020843506e-01 5.137783288955688477e-01 5.291759967803955078e-01 6.016178727149963379e-01 5.168883800506591797e-01 1.000000000000000000e+00
3.755462169647216797e-01 5.325622558593750000e-01 5.587667226791381836e-01 6.761069893836975098e-01 6.391112804412841797e-01 2.000000000000000000e+00
4.257183969020843506e-01 5.137783288955688477e-01 5.291759967803955078e-01 6.016178727149963379e-01 5.168883800506591797e-01 1.000000000000000000e+00
3.755462169647216797e-01 5.325622558593750000e-01 5.587667226791381836e-01 6.761069893836975098e-01 6.391112804412841797e-01 2.000000000000000000e+00
4.257183969020843506e-01 5.137783288955688477e-01 5.291759967803955078e-01 6.016178727149963379e-01 5.168883800506591797e-01 1.000000000000000000e+00
3.755462169647216797e-01 5.325622558593750000e-01 5.587667226791381836e-01 6.761069893836975098e-01 6.391112804412841797e-01 2.000000000000000000e+00
4.257183969020843506e-01 5.137783288955688477e-01 5.291759967803955078e-01 6.016178727149963379e-01 5.168883800506591797e-01 1.000000000000000000e+00
3.755462169647216797e-01 5.325622558593750000e-01 5.587667226791381836e-01 6.761069893836975098e-01 6.391112804412841797e-01 2.000000000000000000e+00
4.992943108081817627e-01 6.824793815612792969e-01 6.958761215209960938e-01 7.024384140968322754e-01 7.435346841812133789e-01 0.000000000000000000e+00
1.486827433109283447e-01 3.427967429161071777e-01 5.084640979766845703e-01 5.317756533622741699e-01 6.531527042388916016e-01 0.000000000000000000e+00
3.447120487689971924e-01 5.693821310997009277e-01 6.340318918228149414e-01 6.457812786102294922e-01 5.370512604713439941e-01 0.000000000000000000e+00
3.432440459728240967e-01 5.339533686637878418e-01 5.718581080436706543e-01 6.026806831359863281e-01 5.642400383949279785e-01 0.000000000000000000e+00
-3.427152289077639580e-03 1.501208096742630005e-01 -4.740616306662559509e-02 -1.447535306215286255e-01 5.395842716097831726e-02 0.000000000000000000e+00
5.883003473281860352e-01 6.757419109344482422e-01 6.792981028556823730e-01 7.601235508918762207e-01 6.842857003211975098e-01 0.000000000000000000e+00
4.267559945583343506e-01 6.906638741493225098e-01 7.034023404121398926e-01 7.324257493019104004e-01 7.436969280242919922e-01 0.000000000000000000e+00
6.061413288116455078e-01 6.916725039482116699e-01 7.600030303001403809e-01 7.898138761520385742e-01 7.816253304481506348e-01 0.000000000000000000e+00
6.452250480651855469e-01 7.475334405899047852e-01 7.810733914375305176e-01 7.794276475906372070e-01 8.194596767425537109e-01 0.000000000000000000e+00
5.768930912017822266e-01 6.893188953399658203e-01 6.801987290382385254e-01 7.276044487953186035e-01 7.094496488571166992e-01 0.000000000000000000e+00
5.518085360527038574e-01 6.467658877372741699e-01 6.875558495521545410e-01 6.917303800582885742e-01 7.322467565536499023e-01 0.000000000000000000e+00
5.314065217971801758e-01 6.126327514648437500e-01 6.520513296127319336e-01 6.897998452186584473e-01 6.945078969001770020e-01 0.000000000000000000e+00
5.232980847358703613e-01 6.112480163574218750e-01 6.468040347099304199e-01 6.602953076362609863e-01 6.718586683273315430e-01 0.000000000000000000e+00
5.388210415840148926e-01 6.162542104721069336e-01 6.434943079948425293e-01 6.766453385353088379e-01 6.865900754928588867e-01 0.000000000000000000e+00
6.155893802642822266e-01 6.783525347709655762e-01 7.322655320167541504e-01 7.371104955673217773e-01 6.958418488502502441e-01 0.000000000000000000e+00
7.541700601577758789e-01 8.933021426200866699e-01 8.828743100166320801e-01 8.725358843803405762e-01 8.327116966247558594e-01 0.000000000000000000e+00
6.094076633453369141e-01 7.517623305320739746e-01 8.732669353485107422e-01 9.196092486381530762e-01 9.030712246894836426e-01 0.000000000000000000e+00
5.636478066444396973e-01 7.315734028816223145e-01 7.755604982376098633e-01 8.090249896049499512e-01 7.658343911170959473e-01 0.000000000000000000e+00
6.680163145065307617e-01 7.022350430488586426e-01 7.438932061195373535e-01 7.874637246131896973e-01 8.163561224937438965e-01 0.000000000000000000e+00
2.806105315685272217e-01 1.917200088500976562e-01 3.800344839692115784e-02 2.610003650188446045e-01 3.257723450660705566e-01 1.000000000000000000e+00
4.405250251293182373e-01 4.770902097225189209e-01 6.329337358474731445e-01 6.492574810981750488e-01 6.541894078254699707e-01 2.000000000000000000e+00
2.806105315685272217e-01 1.917200088500976562e-01 3.800344839692115784e-02 2.610003650188446045e-01 3.257723450660705566e-01 1.000000000000000000e+00
4.405250251293182373e-01 4.770902097225189209e-01 6.329337358474731445e-01 6.492574810981750488e-01 6.541894078254699707e-01 2.000000000000000000e+00
2.806105315685272217e-01 1.917200088500976562e-01 3.800344839692115784e-02 2.610003650188446045e-01 3.257723450660705566e-01 1.000000000000000000e+00
4.405250251293182373e-01 4.770902097225189209e-01 6.329337358474731445e-01 6.492574810981750488e-01 6.541894078254699707e-01 2.000000000000000000e+00
2.806105315685272217e-01 1.917200088500976562e-01 3.800344839692115784e-02 2.610003650188446045e-01 3.257723450660705566e-01 1.000000000000000000e+00
4.405250251293182373e-01 4.770902097225189209e-01 6.329337358474731445e-01 6.492574810981750488e-01 6.541894078254699707e-01 2.000000000000000000e+00
2.806105315685272217e-01 1.917200088500976562e-01 3.800344839692115784e-02 2.610003650188446045e-01 3.257723450660705566e-01 1.000000000000000000e+00
4.405250251293182373e-01 4.770902097225189209e-01 6.329337358474731445e-01 6.492574810981750488e-01 6.541894078254699707e-01 2.000000000000000000e+00
2.806105315685272217e-01 1.917200088500976562e-01 3.800344839692115784e-02 2.610003650188446045e-01 3.257723450660705566e-01 1.000000000000000000e+00
4.405250251293182373e-01 4.770902097225189209e-01 6.329337358474731445e-01 6.492574810981750488e-01 6.541894078254699707e-01 2.000000000000000000e+00
2.806105315685272217e-01 1.917200088500976562e-01 3.800344839692115784e-02 2.610003650188446045e-01 3.257723450660705566e-01 1.000000000000000000e+00
4.405250251293182373e-01 4.770902097225189209e-01 6.329337358474731445e-01 6.492574810981750488e-01 6.541894078254699707e-01 2.000000000000000000e+00
2.806105315685272217e-01 1.917200088500976562e-01 3.800344839692115784e-02 2.610003650188446045e-01 3.257723450660705566e-01 1.000000000000000000e+00
4.405250251293182373e-01 4.770902097225189209e-01 6.329337358474731445e-01 6.492574810981750488e-01 6.541894078254699707e-01 2.000000000000000000e+00
2.806105315685272217e-01 1.917200088500976562e-01 3.800344839692115784e-02 2.610003650188446045e-01 3.257723450660705566e-01 1.000000000000000000e+00
4.405250251293182373e-01 4.770902097225189209e-01 6.329337358474731445e-01 6.492574810981750488e-01 6.541894078254699707e-01 2.000000000000000000e+00
2.806105315685272217e-01 1.917200088500976562e-01 3.800344839692115784e-02 2.610003650188446045e-01 3.257723450660705566e-01 1.000000000000000000e+00
4.405250251293182373e-01 4.770902097225189209e-01 6.329337358474731445e-01 6.492574810981750488e-01 6.541894078254699707e-01 2.000000000000000000e+00
1.613423079252243042e-01 3.833054900169372559e-01 4.442174732685089111e-01 4.007721841335296631e-01 5.973466634750366211e-01 0.000000000000000000e+00
2.910988628864288330e-01 -2.890356816351413727e-03 -1.563462167978286743e-01 4.183162748813629150e-01 2.712225615978240967e-01 0.000000000000000000e+00
4.921296834945678711e-01 7.171369194984436035e-01 7.152617573738098145e-01 6.263222694396972656e-01 6.049047112464904785e-01 0.000000000000000000e+00
6.922614574432373047e-01 7.337718605995178223e-01 7.621975541114807129e-01 7.848432064056396484e-01 7.296497225761413574e-01 0.000000000000000000e+00
6.317299008369445801e-01 7.095600366592407227e-01 8.171123862266540527e-01 7.666978240013122559e-01 8.024238348007202148e-01 0.000000000000000000e+00
7.936874777078628540e-02 8.265166729688644409e-02 2.309801131486892700e-01 -5.007107183337211609e-02 -2.102114409208297729e-01 1.000000000000000000e+00
4.404988139867782593e-03 2.138366550207138062e-01 -9.075157344341278076e-02 2.015781402587890625e-01 1.765534281730651855e-01 2.000000000000000000e+00
7.936874777078628540e-02 8.265166729688644409e-02 2.309801131486892700e-01 -5.007107183337211609e-02 -2.102114409208297729e-01 1.000000000000000000e+00
4.404988139867782593e-03 2.138366550207138062e-01 -9.075157344341278076e-02 2.015781402587890625e-01 1.765534281730651855e-01 2.000000000000000000e+00
7.936874777078628540e-02 8.265166729688644409e-02 2.309801131486892700e-01 -5.007107183337211609e-02 -2.102114409208297729e-01 1.000000000000000000e+00
4.404988139867782593e-03 2.138366550207138062e-01 -9.075157344341278076e-02 2.015781402587890625e-01 1.765534281730651855e-01 2.000000000000000000e+00
7.936874777078628540e-02 8.265166729688644409e-02 2.309801131486892700e-01 -5.007107183337211609e-02 -2.102114409208297729e-01 1.000000000000000000e+00
4.404988139867782593e-03 2.138366550207138062e-01 -9.075157344341278076e-02 2.015781402587890625e-01 1.765534281730651855e-01 2.000000000000000000e+00
7.936874777078628540e-02 8.265166729688644409e-02 2.309801131486892700e-01 -5.007107183337211609e-02 -2.102114409208297729e-01 1.000000000000000000e+00
4.404988139867782593e-03 2.138366550207138062e-01 -9.075157344341278076e-02 2.015781402587890625e-01 1.765534281730651855e-01 2.000000000000000000e+00
7.936874777078628540e-02 8.265166729688644409e-02 2.309801131486892700e-01 -5.007107183337211609e-02 -2.102114409208297729e-01 1.000000000000000000e+00
4.404988139867782593e-03 2.138366550207138062e-01 -9.075157344341278076e-02 2.015781402587890625e-01 1.765534281730651855e-01 2.000000000000000000e+00
7.936874777078628540e-02 8.265166729688644409e-02 2.309801131486892700e-01 -5.007107183337211609e-02 -2.102114409208297729e-01 1.000000000000000000e+00
4.404988139867782593e-03 2.138366550207138062e-01 -9.075157344341278076e-02 2.015781402587890625e-01 1.765534281730651855e-01 2.000000000000000000e+00
7.936874777078628540e-02 8.265166729688644409e-02 2.309801131486892700e-01 -5.007107183337211609e-02 -2.102114409208297729e-01 1.000000000000000000e+00
4.404988139867782593e-03 2.138366550207138062e-01 -9.075157344341278076e-02 2.015781402587890625e-01 1.765534281730651855e-01 2.000000000000000000e+00
7.936874777078628540e-02 8.265166729688644409e-02 2.309801131486892700e-01 -5.007107183337211609e-02 -2.102114409208297729e-01 1.000000000000000000e+00
4.404988139867782593e-03 2.138366550207138062e-01 -9.075157344341278076e-02 2.015781402587890625e-01 1.765534281730651855e-01 2.000000000000000000e+00
7.936874777078628540e-02 8.265166729688644409e-02 2.309801131486892700e-01 -5.007107183337211609e-02 -2.102114409208297729e-01 1.000000000000000000e+00
4.404988139867782593e-03 2.138366550207138062e-01 -9.075157344341278076e-02 2.015781402587890625e-01 1.765534281730651855e-01 2.000000000000000000e+00
5.772613286972045898e-01 6.518503427505493164e-01 6.756651401519775391e-01 6.538389921188354492e-01 7.313786149024963379e-01 0.000000000000000000e+00
5.882202386856079102e-01 6.978635787963867188e-01 7.306628823280334473e-01 7.879247069358825684e-01 7.953234314918518066e-01 0.000000000000000000e+00
4.317570030689239502e-01 6.012514233589172363e-01 7.536431550979614258e-01 7.457635402679443359e-01 7.044854164123535156e-01 0.000000000000000000e+00
3.315684497356414795e-01 5.543306469917297363e-01 6.584759950637817383e-01 6.822955012321472168e-01 6.785346865653991699e-01 0.000000000000000000e+00
3.711556196212768555e-01 5.003911256790161133e-01 5.540465116500854492e-01 5.679521560668945312e-01 6.053711175918579102e-01 0.000000000000000000e+00
4.590909481048583984e-01 6.121745109558105469e-01 6.409326195716857910e-01 6.781190633773803711e-01 6.880956888198852539e-01 0.000000000000000000e+00
5.613424777984619141e-01 6.105319261550903320e-01 6.265863776206970215e-01 6.651147007942199707e-01 6.793947815895080566e-01 0.000000000000000000e+00
4.985953867435455322e-01 5.413103103637695312e-01 6.131391525268554688e-01 6.185445189476013184e-01 6.923481225967407227e-01 0.000000000000000000e+00
6.567894220352172852e-01 7.639990448951721191e-01 8.129224181175231934e-01 8.831743597984313965e-01 8.667600154876708984e-01 0.000000000000000000e+00
1.802430003881454468e-01 4.795745015144348145e-01 6.740676164627075195e-01 7.368631362915039062e-01 7.873610854148864746e-01 0.000000000000000000e+00
1.544169485569000244e-01 3.876499533653259277e-01 6.768554449081420898e-01 7.727205157279968262e-01 7.896983623504638672e-01 0.000000000000000000e+00
4.795611500740051270e-01 7.461485862731933594e-01 7.288296222686767578e-01 7.344911098480224609e-01 8.100677132606506348e-01 0.000000000000000000e+00
5.587363243103027344e-01 7.312279343605041504e-01 8.520860075950622559e-01 8.283762931823730469e-01 7.854170799255371094e-01 0.000000000000000000e+00
4.745432138442993164e-01 6.826545000076293945e-01 6.530615687370300293e-01 5.863611698150634766e-01 6.312496066093444824e-01 0.000000000000000000e+00
5.894695520401000977e-01 6.997726559638977051e-01 7.501105070114135742e-01 7.910094261169433594e-01 7.716782093048095703e-01 0.000000000000000000e+00
6.468374729156494141e-01 7.411627769470214844e-01 7.771613597869873047e-01 7.745296359062194824e-01 7.636834383010864258e-01 0.000000000000000000e+00
7.283548712730407715e-01 7.811616659164428711e-01 8.255227804183959961e-01 8.504865765571594238e-01 8.623397350311279297e-01 0.000000000000000000e+00
6.927608251571655273e-01 7.737550139427185059e-01 7.988998889923095703e-01 8.457673192024230957e-01 8.466454148292541504e-01 0.000000000000000000e+00
6.385656595230102539e-01 6.991481781005859375e-01 7.238481044769287109e-01 7.317299246788024902e-01 8.160971999168395996e-01 0.000000000000000000e+00
6.125237345695495605e-01 6.993979215621948242e-01 7.613637447357177734e-01 7.536058425903320312e-01 7.791537046432495117e-01 0.000000000000000000e+00
6.288387775421142578e-01 7.058049440383911133e-01 7.357404232025146484e-01 8.127257227897644043e-01 7.630435824394226074e-01 0.000000000000000000e+00
4.544098973274230957e-01 5.386551618576049805e-01 6.685012578964233398e-01 6.350980401039123535e-01 6.476669311523437500e-01 0.000000000000000000e+00
6.215142011642456055e-01 7.297257781028747559e-01 7.323973774909973145e-01 7.336333990097045898e-01 8.219805359840393066e-01 0.000000000000000000e+00
5.143958330154418945e-01 7.569081783294677734e-01 7.392706871032714844e-01 8.065010905265808105e-01 8.262010812759399414e-01 0.000000000000000000e+00
5.457846522331237793e-01 6.543965935707092285e-01 7.176051139831542969e-01 7.580661177635192871e-01 7.380393147468566895e-01 0.000000000000000000e+00
6.946243047714233398e-01 8.462536334991455078e-01 8.938770890235900879e-01 8.730023503303527832e-01 8.860267400741577148e-01 0.000000000000000000e+00
5.610982179641723633e-01 7.997188568115234375e-01 7.578540444374084473e-01 8.174632787704467773e-01 7.962419390678405762e-01 0.000000000000000000e+00
-1.787529885768890381e-02 -8.756836503744125366e-02 -3.096253871917724609e-01 1.539918035268783569e-01 3.567256033420562744e-01 1.000000000000000000e+00
3.876119256019592285e-01 3.677592873573303223e-01 5.577934384346008301e-01 4.593115448951721191e-01 2.623789310455322266e-01 2.000000000000000000e+00
-1.787529885768890381e-02 -8.756836503744125366e-02 -3.096253871917724609e-01 1.539918035268783569e-01 3.567256033420562744e-01 1.000000000000000000e+00
3.876119256019592285e-01 3.677592873573303223e-01 5.577934384346008301e-01 4.593115448951721191e-01 2.623789310455322266e-01 2.000000000000000000e+00
-1.787529885768890381e-02 -8.756836503744125366e-02 -3.096253871917724609e-01 1.539918035268783569e-01 3.567256033420562744e-01 1.000000000000000000e+00
3.876119256019592285e-01 3.677592873573303223e-01 5.577934384346008301e-01 4.593115448951721191e-01 2.623789310455322266e-01 2.000000000000000000e+00
-1.787529885768890381e-02 -8.756836503744125366e-02 -3.096253871917724609e-01 1.539918035268783569e-01 3.567256033420562744e-01 1.000000000000000000e+00
3.876119256019592285e-01 3.677592873573303223e-01 5.577934384346008301e-01 4.593115448951721191e-01 2.623789310455322266e-01 2.000000000000000000e+00
-1.787529885768890381e-02 -8.756836503744125366e-02 -3.096253871917724609e-01 1.539918035268783569e-01 3.567256033420562744e-01 1.000000000000000000e+00
3.876119256019592285e-01 3.677592873573303223e-01 5.577934384346008301e-01 4.593115448951721191e-01 2.623789310455322266e-01 2.000000000000000000e+00
-1.787529885768890381e-02 -8.756836503744125366e-02 -3.096253871917724609e-01 1.539918035268783569e-01 3.567256033420562744e-01 1.000000000000000000e+00
3.876119256019592285e-01 3.677592873573303223e-01 5.577934384346008301e-01 4.593115448951721191e-01 2.623789310455322266e-01 2.000000000000000000e+00
-1.787529885768890381e-02 -8.756836503744125366e-02 -3.096253871917724609e-01 1.539918035268783569e-01 3.567256033420562744e-01 1.000000000000000000e+00
3.876119256019592285e-01 3.677592873573303223e-01 5.577934384346008301e-01 4.593115448951721191e-01 2.623789310455322266e-01 2.000000000000000000e+00
-1.787529885768890381e-02 -8.756836503744125366e-02 -3.096253871917724609e-01 1.539918035268783569e-01 3.567256033420562744e-01 1.000000000000000000e+00
3.876119256019592285e-01 3.677592873573303223e-01 5.577934384346008301e-01 4.593115448951721191e-01 2.623789310455322266e-01 2.000000000000000000e+00
-1.787529885768890381e-02 -8.756836503744125366e-02 -3.096253871917724609e-01 1.539918035268783569e-01 3.567256033420562744e-01 1.000000000000000000e+00
3.876119256019592285e-01 3.677592873573303223e-01 5.577934384346008301e-01 4.593115448951721191e-01 2.623789310455322266e-01 2.000000000000000000e+00
-1.787529885768890381e-02 -8.756836503744125366e-02 -3.096253871917724609e-01 1.539918035268783569e-01 3.567256033420562744e-01 1.000000000000000000e+00
3.876119256019592285e-01 3.677592873573303223e-01 5.577934384346008301e-01 4.593115448951721191e-01 2.623789310455322266e-01 2.000000000000000000e+00
6.541445851325988770e-01 7.882221937179565430e-01 8.179906010627746582e-01 8.697865605354309082e-01 8.541185259819030762e-01 0.000000000000000000e+00
7.046456336975097656e-01 7.992971539497375488e-01 8.178178668022155762e-01 8.013380765914916992e-01 7.779508829116821289e-01 0.000000000000000000e+00
6.478860378265380859e-01 7.724221944808959961e-01 8.053776621818542480e-01 8.343754410743713379e-01 8.351265192031860352e-01 0.000000000000000000e+00
6.509109735488891602e-01 8.017517924308776855e-01 8.140851259231567383e-01 8.377025127410888672e-01 7.971953153610229492e-01 0.000000000000000000e+00
6.407678127288818359e-01 8.217548727989196777e-01 8.410662412643432617e-01 8.263542652130126953e-01 8.431085348129272461e-01 0.000000000000000000e+00
6.711856722831726074e-01 8.548150658607482910e-01 8.784776926040649414e-01 8.770951032638549805e-01 9.004643559455871582e-01 0.000000000000000000e+00
6.416969895362854004e-01 8.184269070625305176e-01 8.375097513198852539e-01 8.623689413070678711e-01 8.727461695671081543e-01 0.000000000000000000e+00
1.552723050117492676e-01 2.738433778285980225e-01 1.403825134038925171e-01 -8.659724891185760498e-02 -1.001219004392623901e-01 0.000000000000000000e+00
6.914444267749786377e-02 1.376373618841171265e-01 -4.530674964189529419e-02 -1.665600091218948364e-01 -7.499606162309646606e-02 0.000000000000000000e+00
4.487592354416847229e-02 -8.420756459236145020e-02 2.717257663607597351e-02 1.473504602909088135e-01 -9.982069954276084900e-03 0.000000000000000000e+00
2.076851725578308105e-01 1.765839904546737671e-01 1.317362189292907715e-01 1.490142196416854858e-01 1.154881715774536133e-01 0.000000000000000000e+00
3.890752792358398438e-01 4.157367646694183350e-01 4.252665340900421143e-01 4.079425036907196045e-01 3.755068480968475342e-01 0.000000000000000000e+00
1.812760233879089355e-01 2.650606036186218262e-01 1.504106074571609497e-01 2.892307937145233154e-01 4.041689932346343994e-01 0.000000000000000000e+00
-1.091177240014076233e-01 -1.715763956308364868e-01 -1.423235088586807251e-01 -1.031359061598777771e-01 -1.819645613431930542e-02 0.000000000000000000e+00
4.437755644321441650e-01 4.350358843803405762e-01 4.774761795997619629e-01 6.392961740493774414e-01 7.426249980926513672e-01 0.000000000000000000e+00
5.320605039596557617e-01 5.999896526336669922e-01 6.076439619064331055e-01 6.344860792160034180e-01 6.938125491142272949e-01 0.000000000000000000e+00
4.597642123699188232e-01 5.908910632133483887e-01 6.361333131790161133e-01 6.533704996109008789e-01 7.065229415893554688e-01 0.000000000000000000e+00
6.040715575218200684e-01 6.464601755142211914e-01 7.181277275085449219e-01 7.273980975151062012e-01 7.155140042304992676e-01 0.000000000000000000e+00
5.759124755859375000e-01 5.851538181304931641e-01 6.462976336479187012e-01 7.618840932846069336e-01 7.398239970207214355e-01 0.000000000000000000e+00
7.278490662574768066e-01 7.953899502754211426e-01 7.784356474876403809e-01 7.808586955070495605e-01 7.545558810234069824e-01 0.000000000000000000e+00
5.971755385398864746e-01 7.147352099418640137e-01 8.352501988410949707e-01 8.667772412300109863e-01 8.492473959922790527e-01 0.000000000000000000e+00
3.506255149841308594e-01 5.501552224159240723e-01 6.475238204002380371e-01 6.863734722137451172e-01 7.524853348731994629e-01 0.000000000000000000e+00
4.290618598461151123e-01 4.240016341209411621e-01 5.378792285919189453e-01 6.357802152633666992e-01 6.697189807891845703e-01 0.000000000000000000e+00
3.780669569969177246e-01 5.455411672592163086e-01 6.102644205093383789e-01 7.544958591461181641e-01 7.915345430374145508e-01 0.000000000000000000e+00
3.384984433650970459e-01 5.183319449424743652e-01 5.925586223602294922e-01 6.682281494140625000e-01 7.049042582511901855e-01 0.000000000000000000e+00
4.819290935993194580e-01 6.296803355216979980e-01 6.634349822998046875e-01 2.922769188880920410e-01 4.762492775917053223e-01 0.000000000000000000e+00
1.760589629411697388e-01 2.141701132059097290e-01 1.895233541727066040e-01 2.860842645168304443e-01 4.098739922046661377e-01 0.000000000000000000e+00
3.807182908058166504e-01 4.746628701686859131e-01 2.828755974769592285e-01 2.514737248420715332e-01 1.866047829389572144e-01 0.000000000000000000e+00
6.623424887657165527e-01 8.261033892631530762e-01 8.544462323188781738e-01 8.937845230102539062e-01 9.480347037315368652e-01 0.000000000000000000e+00
7.657181620597839355e-01 8.492598533630371094e-01 8.435878753662109375e-01 8.830639123916625977e-01 9.190574884414672852e-01 0.000000000000000000e+00
8.021445870399475098e-01 9.029898643493652344e-01 9.331306815147399902e-01 9.355159401893615723e-01 9.187008142471313477e-01 0.000000000000000000e+00
6.301704049110412598e-01 7.774494290351867676e-01 8.322995305061340332e-01 8.935221433639526367e-01 9.206282496452331543e-01 0.000000000000000000e+00
6.663157343864440918e-01 7.537001371383666992e-01 8.620060086250305176e-01 8.565643429756164551e-01 8.622863888740539551e-01 0.000000000000000000e+00
6.180946826934814453e-01 8.005868196487426758e-01 8.541829586029052734e-01 8.363522887229919434e-01 8.503478169441223145e-01 0.000000000000000000e+00
5.843663811683654785e-01 6.923617720603942871e-01 7.557170987129211426e-01 7.836427092552185059e-01 8.252009153366088867e-01 0.000000000000000000e+00
8.089199662208557129e-01 8.860489726066589355e-01 9.178774356842041016e-01 9.288568496704101562e-01 9.355849027633666992e-01 0.000000000000000000e+00
7.752914428710937500e-01 8.723060488700866699e-01 9.159519076347351074e-01 9.192674756050109863e-01 9.311977624893188477e-01 0.000000000000000000e+00
7.971954345703125000e-01 8.946911096572875977e-01 9.167119860649108887e-01 9.268755316734313965e-01 9.372376203536987305e-01 0.000000000000000000e+00
8.003845214843750000e-01 8.862532973289489746e-01 9.079340100288391113e-01 9.261483550071716309e-01 9.312195777893066406e-01 0.000000000000000000e+00
7.989549636840820312e-01 8.595914244651794434e-01 8.900363445281982422e-01 9.261947870254516602e-01 9.381670951843261719e-01 0.000000000000000000e+00
8.396098017692565918e-01 9.216083884239196777e-01 9.467545747756958008e-01 9.564727544784545898e-01 9.559000134468078613e-01 0.000000000000000000e+00
7.710631489753723145e-01 8.646553754806518555e-01 9.293496012687683105e-01 9.450149536132812500e-01 9.571178555488586426e-01 0.000000000000000000e+00
2.211148887872695923e-01 4.437699317932128906e-01 4.405386149883270264e-01 5.940849781036376953e-01 6.848374009132385254e-01 0.000000000000000000e+00
3.371800482273101807e-01 5.706529617309570312e-01 5.058150887489318848e-01 4.834038913249969482e-01 5.179201960563659668e-01 0.000000000000000000e+00
2.395443469285964966e-01 2.369936108589172363e-01 3.441739380359649658e-01 3.596099019050598145e-01 5.242331027984619141e-01 0.000000000000000000e+00
3.111153244972229004e-01 4.761749505996704102e-01 4.506976604461669922e-01 4.679094254970550537e-01 3.002688586711883545e-01 0.000000000000000000e+00
4.209542572498321533e-01 4.677502810955047607e-01 3.879142999649047852e-01 5.283471345901489258e-01 3.832595944404602051e-01 0.000000000000000000e+00
4.498200118541717529e-01 5.723808407783508301e-01 6.103398799896240234e-01 5.580767989158630371e-01 5.479204058647155762e-01 0.000000000000000000e+00
5.544117689132690430e-01 6.991279125213623047e-01 7.354217767715454102e-01 7.042474150657653809e-01 5.722237229347229004e-01 0.000000000000000000e+00
6.501630544662475586e-01 7.978875041007995605e-01 8.474083542823791504e-01 8.905661702156066895e-01 8.817998766899108887e-01 0.000000000000000000e+00
6.693437695503234863e-01 7.990445494651794434e-01 7.931154966354370117e-01 8.659013509750366211e-01 8.345367312431335449e-01 0.000000000000000000e+00
6.534950733184814453e-01 7.072018384933471680e-01 7.072534561157226562e-01 7.508448362350463867e-01 9.052586555480957031e-01 0.000000000000000000e+00
5.238315463066101074e-01 7.687985301017761230e-01 7.924655079841613770e-01 6.950156092643737793e-01 8.222641944885253906e-01 0.000000000000000000e+00
2.825896739959716797e-01 4.776893854141235352e-01 7.159087657928466797e-01 8.302378654479980469e-01 8.783512115478515625e-01 0.000000000000000000e+00
1.557391230016946793e-02 6.622925400733947754e-01 7.792146801948547363e-01 7.617146372795104980e-01 8.257793784141540527e-01 0.000000000000000000e+00
2.542947828769683838e-01 5.940946191549301147e-02 6.089954376220703125e-01 6.910139918327331543e-01 6.927178502082824707e-01 0.000000000000000000e+00
6.280826926231384277e-01 6.709273457527160645e-01 7.740188241004943848e-01 8.581662178039550781e-01 8.759086728096008301e-01 0.000000000000000000e+00
6.179648041725158691e-01 8.291906118392944336e-01 8.501023650169372559e-01 8.641308546066284180e-01 8.457285761833190918e-01 0.000000000000000000e+00
6.480291485786437988e-01 7.146491408348083496e-01 8.187362551689147949e-01 8.476288318634033203e-01 8.497802615165710449e-01 0.000000000000000000e+00
6.664471030235290527e-01 7.811926007270812988e-01 8.209362030029296875e-01 8.250022530555725098e-01 8.427472114562988281e-01 0.000000000000000000e+00
6.900981664657592773e-01 8.075014948844909668e-01 8.313868641853332520e-01 8.630158305168151855e-01 8.546808958053588867e-01 0.000000000000000000e+00
7.229900360107421875e-01 8.042989373207092285e-01 8.553802371025085449e-01 8.849173188209533691e-01 8.446491956710815430e-01 0.000000000000000000e+00
6.878501772880554199e-01 7.891124486923217773e-01 8.198826313018798828e-01 8.813961148262023926e-01 8.428005576133728027e-01 0.000000000000000000e+00
5.826103687286376953e-01 6.949790716171264648e-01 7.436602711677551270e-01 7.671859860420227051e-01 7.726860046386718750e-01 0.000000000000000000e+00
5.908316373825073242e-01 6.256856322288513184e-01 6.678208112716674805e-01 7.057347893714904785e-01 7.267794013023376465e-01 0.000000000000000000e+00
6.060867905616760254e-01 6.908106803894042969e-01 7.235628366470336914e-01 7.404800057411193848e-01 7.297070622444152832e-01 0.000000000000000000e+00
5.787799358367919922e-01 6.532005071640014648e-01 7.175134420394897461e-01 7.587726116180419922e-01 7.826458215713500977e-01 0.000000000000000000e+00
5.136336684226989746e-01 6.147548556327819824e-01 6.177999377250671387e-01 6.935850381851196289e-01 6.941785216331481934e-01 0.000000000000000000e+00
3.460533916950225830e-01 3.968200087547302246e-01 5.587400794029235840e-01 6.303210854530334473e-01 6.502287983894348145e-01 0.000000000000000000e+00
5.136073827743530273e-01 4.503913521766662598e-01 5.740324258804321289e-01 1.832834929227828979e-01 4.052818119525909424e-01 0.000000000000000000e+00
5.649254322052001953e-01 6.639630794525146484e-01 7.389392256736755371e-01 7.672847509384155273e-01 7.869767546653747559e-01 0.000000000000000000e+00
7.685218453407287598e-01 8.867297768592834473e-01 8.931713700294494629e-01 8.791264891624450684e-01 8.297124505043029785e-01 0.000000000000000000e+00
5.596719384193420410e-01 8.214698433876037598e-01 8.786980509757995605e-01 9.339299798011779785e-01 9.370957612991333008e-01 0.000000000000000000e+00
5.800397396087646484e-01 7.234174609184265137e-01 8.017814755439758301e-01 8.195577263832092285e-01 8.405603170394897461e-01 0.000000000000000000e+00
2.257389128208160400e-01 6.369052529335021973e-01 8.043254613876342773e-01 8.768580555915832520e-01 9.055500030517578125e-01 0.000000000000000000e+00
1.415595412254333496e-01 2.839088439941406250e-01 3.570436835289001465e-01 3.818835616111755371e-01 4.791181981563568115e-01 0.000000000000000000e+00
4.062203466892242432e-01 4.700011610984802246e-01 5.639629364013671875e-01 5.657484531402587891e-01 4.828133583068847656e-01 0.000000000000000000e+00
6.175585389137268066e-01 5.268554091453552246e-01 5.600416660308837891e-01 6.130581498146057129e-01 6.203184723854064941e-01 0.000000000000000000e+00
3.970323801040649414e-01 5.976871252059936523e-01 6.603093147277832031e-01 6.833147406578063965e-01 7.678819894790649414e-01 0.000000000000000000e+00
5.284609198570251465e-01 5.903124809265136719e-01 5.744533538818359375e-01 7.115224003791809082e-01 7.134476900100708008e-01 0.000000000000000000e+00
4.825743138790130615e-01 7.012908458709716797e-01 7.921642065048217773e-01 7.849419713020324707e-01 7.921116352081298828e-01 0.000000000000000000e+00
4.815174937248229980e-01 6.997346282005310059e-01 7.163870930671691895e-01 7.634540796279907227e-01 7.633316516876220703e-01 0.000000000000000000e+00
5.796980261802673340e-01 7.101252079010009766e-01 7.632896304130554199e-01 8.073173761367797852e-01 8.063731789588928223e-01 0.000000000000000000e+00
4.680696725845336914e-01 6.604025959968566895e-01 7.179532647132873535e-01 8.171424269676208496e-01 8.166522383689880371e-01 0.000000000000000000e+00
5.378588438034057617e-01 6.159824728965759277e-01 6.862962245941162109e-01 6.838937401771545410e-01 7.195966243743896484e-01 0.000000000000000000e+00
3.739463686943054199e-01 3.949174582958221436e-01 4.719836711883544922e-01 5.868650674819946289e-01 6.307615637779235840e-01 0.000000000000000000e+00
4.556525945663452148e-01 5.036502480506896973e-01 5.221852064132690430e-01 5.933416485786437988e-01 6.525824666023254395e-01 0.000000000000000000e+00
2.990229725837707520e-01 2.998086214065551758e-01 4.612466692924499512e-01 5.466861128807067871e-01 5.248408913612365723e-01 0.000000000000000000e+00
6.192742288112640381e-02 2.711141407489776611e-01 4.650452435016632080e-01 5.620985031127929688e-01 5.835411548614501953e-01 0.000000000000000000e+00
2.359656393527984619e-01 4.204232394695281982e-01 4.723720252513885498e-01 3.112374842166900635e-01 4.597123265266418457e-01 0.000000000000000000e+00
-5.978494882583618164e-02 -5.503180623054504395e-02 -1.408763378858566284e-01 -1.898081898689270020e-01 -1.041556522250175476e-01 0.000000000000000000e+00
7.524437308311462402e-01 7.952792048454284668e-01 8.904390931129455566e-01 9.179689288139343262e-01 8.919348120689392090e-01 0.000000000000000000e+00
6.573024392127990723e-01 8.208162188529968262e-01 8.481472134590148926e-01 8.722518086433410645e-01 8.662084341049194336e-01 0.000000000000000000e+00
6.179851889610290527e-01 7.701035737991333008e-01 7.959895730018615723e-01 7.972580194473266602e-01 8.446207642555236816e-01 0.000000000000000000e+00
7.426211833953857422e-01 8.132507801055908203e-01 8.634427785873413086e-01 9.078150987625122070e-01 9.116212725639343262e-01 0.000000000000000000e+00
5.443259477615356445e-01 6.382131576538085938e-01 6.562824845314025879e-01 7.881651520729064941e-01 7.524365782737731934e-01 0.000000000000000000e+00
6.213675141334533691e-01 6.168344020843505859e-01 5.871083140373229980e-01 5.388280153274536133e-01 6.257963776588439941e-01 0.000000000000000000e+00
4.832161068916320801e-01 6.298509836196899414e-01 6.933061480522155762e-01 6.496191024780273438e-01 6.454364657402038574e-01 0.000000000000000000e+00
5.229036808013916016e-01 6.151329278945922852e-01 6.648069024085998535e-01 6.974001526832580566e-01 7.319578528404235840e-01 0.000000000000000000e+00
5.461785793304443359e-01 6.239202022552490234e-01 6.623467803001403809e-01 6.733680963516235352e-01 6.657928228378295898e-01 0.000000000000000000e+00
5.275900363922119141e-01 6.304965615272521973e-01 6.757417321205139160e-01 6.908668875694274902e-01 6.915525197982788086e-01 0.000000000000000000e+00
5.380264520645141602e-01 6.210492253303527832e-01 6.531248688697814941e-01 6.604242324829101562e-01 6.653136610984802246e-01 0.000000000000000000e+00
5.126045942306518555e-01 6.042035818099975586e-01 6.442511677742004395e-01 6.675059199333190918e-01 6.828839182853698730e-01 0.000000000000000000e+00
5.353640317916870117e-01 6.217947006225585938e-01 6.550686955451965332e-01 6.836039423942565918e-01 6.766451001167297363e-01 0.000000000000000000e+00
5.187860727310180664e-01 6.165899038314819336e-01 6.684905290603637695e-01 6.853934526443481445e-01 6.896269917488098145e-01 0.000000000000000000e+00
3.648762106895446777e-01 4.974690377712249756e-01 6.867436766624450684e-01 7.134309411048889160e-01 8.045096993446350098e-01 0.000000000000000000e+00
3.267044126987457275e-01 5.393258929252624512e-01 5.657190084457397461e-01 6.452689766883850098e-01 7.238203883171081543e-01 0.000000000000000000e+00
4.310478568077087402e-01 5.233786106109619141e-01 4.746988415718078613e-01 5.709956884384155273e-01 4.608994424343109131e-01 0.000000000000000000e+00
3.291538357734680176e-01 5.644118785858154297e-01 5.632590055465698242e-01 6.445966958999633789e-01 6.675971746444702148e-01 0.000000000000000000e+00
2.172067016363143921e-01 6.274044513702392578e-01 6.311693191528320312e-01 7.358035445213317871e-01 7.307209372520446777e-01 0.000000000000000000e+00
6.770820021629333496e-01 7.659330964088439941e-01 6.643432378768920898e-01 5.892226696014404297e-01 4.061683714389801025e-01 0.000000000000000000e+00
6.877133250236511230e-01 8.227656483650207520e-01 8.789691925048828125e-01 8.820825219154357910e-01 8.869822621345520020e-01 0.000000000000000000e+00
5.628854781389236450e-02 1.559388637542724609e-01 1.357893943786621094e-01 -1.874963343143463135e-01 -3.148073256015777588e-01 1.000000000000000000e+00
4.332860708236694336e-01 4.700885415077209473e-01 3.836247622966766357e-01 3.522389233112335205e-01 3.475446105003356934e-01 2.000000000000000000e+00
5.628854781389236450e-02 1.559388637542724609e-01 1.357893943786621094e-01 -1.874963343143463135e-01 -3.148073256015777588e-01 1.000000000000000000e+00
4.332860708236694336e-01 4.700885415077209473e-01 3.836247622966766357e-01 3.522389233112335205e-01 3.475446105003356934e-01 2.000000000000000000e+00
5.628854781389236450e-02 1.559388637542724609e-01 1.357893943786621094e-01 -1.874963343143463135e-01 -3.148073256015777588e-01 1.000000000000000000e+00
4.332860708236694336e-01 4.700885415077209473e-01 3.836247622966766357e-01 3.522389233112335205e-01 3.475446105003356934e-01 2.000000000000000000e+00
5.628854781389236450e-02 1.559388637542724609e-01 1.357893943786621094e-01 -1.874963343143463135e-01 -3.148073256015777588e-01 1.000000000000000000e+00
4.332860708236694336e-01 4.700885415077209473e-01 3.836247622966766357e-01 3.522389233112335205e-01 3.475446105003356934e-01 2.000000000000000000e+00
5.628854781389236450e-02 1.559388637542724609e-01 1.357893943786621094e-01 -1.874963343143463135e-01 -3.148073256015777588e-01 1.000000000000000000e+00
4.332860708236694336e-01 4.700885415077209473e-01 3.836247622966766357e-01 3.522389233112335205e-01 3.475446105003356934e-01 2.000000000000000000e+00
5.628854781389236450e-02 1.559388637542724609e-01 1.357893943786621094e-01 -1.874963343143463135e-01 -3.148073256015777588e-01 1.000000000000000000e+00
4.332860708236694336e-01 4.700885415077209473e-01 3.836247622966766357e-01 3.522389233112335205e-01 3.475446105003356934e-01 2.000000000000000000e+00
5.628854781389236450e-02 1.559388637542724609e-01 1.357893943786621094e-01 -1.874963343143463135e-01 -3.148073256015777588e-01 1.000000000000000000e+00
4.332860708236694336e-01 4.700885415077209473e-01 3.836247622966766357e-01 3.522389233112335205e-01 3.475446105003356934e-01 2.000000000000000000e+00
5.628854781389236450e-02 1.559388637542724609e-01 1.357893943786621094e-01 -1.874963343143463135e-01 -3.148073256015777588e-01 1.000000000000000000e+00
4.332860708236694336e-01 4.700885415077209473e-01 3.836247622966766357e-01 3.522389233112335205e-01 3.475446105003356934e-01 2.000000000000000000e+00
5.628854781389236450e-02 1.559388637542724609e-01 1.357893943786621094e-01 -1.874963343143463135e-01 -3.148073256015777588e-01 1.000000000000000000e+00
4.332860708236694336e-01 4.700885415077209473e-01 3.836247622966766357e-01 3.522389233112335205e-01 3.475446105003356934e-01 2.000000000000000000e+00
5.628854781389236450e-02 1.559388637542724609e-01 1.357893943786621094e-01 -1.874963343143463135e-01 -3.148073256015777588e-01 1.000000000000000000e+00
4.332860708236694336e-01 4.700885415077209473e-01 3.836247622966766357e-01 3.522389233112335205e-01 3.475446105003356934e-01 2.000000000000000000e+00
4.335408210754394531e-01 4.938365817070007324e-01 5.356670022010803223e-01 6.299891471862792969e-01 6.282013654708862305e-01 0.000000000000000000e+00
3.854959607124328613e-01 5.683665275573730469e-01 5.923706889152526855e-01 6.253571510314941406e-01 6.276509761810302734e-01 0.000000000000000000e+00
3.448262810707092285e-01 3.926905989646911621e-01 3.841808140277862549e-01 4.291686713695526123e-01 4.096277356147766113e-01 0.000000000000000000e+00
4.382749497890472412e-01 4.684871137142181396e-01 5.213312506675720215e-01 5.573528409004211426e-01 4.985460042953491211e-01 0.000000000000000000e+00
4.024340510368347168e-01 4.675025045871734619e-01 5.266560912132263184e-01 4.967220425605773926e-01 4.957098662853240967e-01 0.000000000000000000e+00
3.889268338680267334e-01 5.109078288078308105e-01 5.390285849571228027e-01 5.282847285270690918e-01 4.956319630146026611e-01 0.000000000000000000e+00
3.176898062229156494e-01 5.446243286132812500e-01 5.649064183235168457e-01 5.914760231971740723e-01 5.924270749092102051e-01 0.000000000000000000e+00
7.206996083259582520e-01 8.401089906692504883e-01 8.597126007080078125e-01 8.739603161811828613e-01 8.710757493972778320e-01 0.000000000000000000e+00
7.192145586013793945e-01 7.492687106132507324e-01 7.988359928131103516e-01 8.154692649841308594e-01 8.398030996322631836e-01 0.000000000000000000e+00
7.866411805152893066e-01 8.742268681526184082e-01 8.522297143936157227e-01 9.044372439384460449e-01 9.044565558433532715e-01 0.000000000000000000e+00
7.010606527328491211e-01 8.498452901840209961e-01 8.920505642890930176e-01 8.889946937561035156e-01 9.019599556922912598e-01 0.000000000000000000e+00
6.072502136230468750e-01 6.762130856513977051e-01 7.552137374877929688e-01 8.031086325645446777e-01 8.277698159217834473e-01 0.000000000000000000e+00
6.557734608650207520e-01 7.956072092056274414e-01 7.981288433074951172e-01 8.088191151618957520e-01 7.523252964019775391e-01 0.000000000000000000e+00
5.001369118690490723e-01 6.022869348526000977e-01 6.110446453094482422e-01 7.099363207817077637e-01 7.768308520317077637e-01 0.000000000000000000e+00
4.440841972827911377e-01 4.344095885753631592e-01 4.812246859073638916e-01 5.216512084007263184e-01 5.130239725112915039e-01 0.000000000000000000e+00
5.429795980453491211e-01 5.608686208724975586e-01 5.818539857864379883e-01 5.394092202186584473e-01 5.969601273536682129e-01 0.000000000000000000e+00
5.335145592689514160e-01 6.508343815803527832e-01 6.342716217041015625e-01 6.127407550811767578e-01 6.906684637069702148e-01 0.000000000000000000e+00
4.831025600433349609e-01 5.541182160377502441e-01 5.995250940322875977e-01 6.353058815002441406e-01 7.427530288696289062e-01 0.000000000000000000e+00
5.565031766891479492e-01 6.570674777030944824e-01 7.126635313034057617e-01 6.894342303276062012e-01 6.374657750129699707e-01 0.000000000000000000e+00
5.185580849647521973e-01 6.849730610847473145e-01 7.676042914390563965e-01 7.474756240844726562e-01 7.348652482032775879e-01 0.000000000000000000e+00
5.539831519126892090e-01 5.623887777328491211e-01 6.618812680244445801e-01 6.934209465980529785e-01 7.254961729049682617e-01 0.000000000000000000e+00
5.965097546577453613e-01 7.251492738723754883e-01 8.150134682655334473e-01 8.767132759094238281e-01 8.821026086807250977e-01 0.000000000000000000e+00
7.020778656005859375e-01 7.885068058967590332e-01 8.174439072608947754e-01 8.193539977073669434e-01 8.304096460342407227e-01 0.000000000000000000e+00
7.504222989082336426e-01 8.875744342803955078e-01 9.088538289070129395e-01 8.984758853912353516e-01 9.056395292282104492e-01 0.000000000000000000e+00
7.986359596252441406e-01 9.014793634414672852e-01 9.187273979187011719e-01 9.471136331558227539e-01 9.595660567283630371e-01 0.000000000000000000e+00
7.319825291633605957e-01 8.398023247718811035e-01 9.025129675865173340e-01 9.270092844963073730e-01 9.433436393737792969e-01 0.000000000000000000e+00
8.357980847358703613e-01 8.876889944076538086e-01 9.333654642105102539e-01 9.344551563262939453e-01 9.522399306297302246e-01 0.000000000000000000e+00
7.469124197959899902e-01 8.709589242935180664e-01 9.358385801315307617e-01 9.542591571807861328e-01 9.507244229316711426e-01 0.000000000000000000e+00
4.439611434936523438e-01 4.975190758705139160e-01 5.854713320732116699e-01 6.406100988388061523e-01 6.170300841331481934e-01 0.000000000000000000e+00
5.979237556457519531e-01 6.062442064285278320e-01 6.517444252967834473e-01 7.159310579299926758e-01 7.194062471389770508e-01 0.000000000000000000e+00
5.868907570838928223e-01 6.497774720191955566e-01 7.043154239654541016e-01 7.712141871452331543e-01 7.663549184799194336e-01 0.000000000000000000e+00
4.935849905014038086e-01 5.924553871154785156e-01 6.574104428291320801e-01 6.459154486656188965e-01 6.629501581192016602e-01 0.000000000000000000e+00
4.847659170627593994e-01 5.337539911270141602e-01 4.895699322223663330e-01 5.775039196014404297e-01 5.114362835884094238e-01 0.000000000000000000e+00
5.282493233680725098e-01 6.503974199295043945e-01 7.011213898658752441e-01 7.018021941184997559e-01 6.789847016334533691e-01 0.000000000000000000e+00
4.996239840984344482e-01 5.690177679061889648e-01 6.431154012680053711e-01 6.456612348556518555e-01 7.010390162467956543e-01 0.000000000000000000e+00
4.256516695022583008e-01 6.466881632804870605e-01 6.967719197273254395e-01 7.001224160194396973e-01 7.870782017707824707e-01 1.000000000000000000e+00
4.009787440299987793e-01 6.666767597198486328e-01 7.296279072761535645e-01 7.908110618591308594e-01 6.859349608421325684e-01 2.000000000000000000e+00
4.256516695022583008e-01 6.466881632804870605e-01 6.967719197273254395e-01 7.001224160194396973e-01 7.870782017707824707e-01 1.000000000000000000e+00
4.009787440299987793e-01 6.666767597198486328e-01 7.296279072761535645e-01 7.908110618591308594e-01 6.859349608421325684e-01 2.000000000000000000e+00
4.256516695022583008e-01 6.466881632804870605e-01 6.967719197273254395e-01 7.001224160194396973e-01 7.870782017707824707e-01 1.000000000000000000e+00
4.009787440299987793e-01 6.666767597198486328e-01 7.296279072761535645e-01 7.908110618591308594e-01 6.859349608421325684e-01 2.000000000000000000e+00
4.256516695022583008e-01 6.466881632804870605e-01 6.967719197273254395e-01 7.001224160194396973e-01 7.870782017707824707e-01 1.000000000000000000e+00
4.009787440299987793e-01 6.666767597198486328e-01 7.296279072761535645e-01 7.908110618591308594e-01 6.859349608421325684e-01 2.000000000000000000e+00
4.256516695022583008e-01 6.466881632804870605e-01 6.967719197273254395e-01 7.001224160194396973e-01 7.870782017707824707e-01 1.000000000000000000e+00
4.009787440299987793e-01 6.666767597198486328e-01 7.296279072761535645e-01 7.908110618591308594e-01 6.859349608421325684e-01 2.000000000000000000e+00
4.256516695022583008e-01 6.466881632804870605e-01 6.967719197273254395e-01 7.001224160194396973e-01 7.870782017707824707e-01 1.000000000000000000e+00
4.009787440299987793e-01 6.666767597198486328e-01 7.296279072761535645e-01 7.908110618591308594e-01 6.859349608421325684e-01 2.000000000000000000e+00
4.256516695022583008e-01 6.466881632804870605e-01 6.967719197273254395e-01 7.001224160194396973e-01 7.870782017707824707e-01 1.000000000000000000e+00
4.009787440299987793e-01 6.666767597198486328e-01 7.296279072761535645e-01 7.908110618591308594e-01 6.859349608421325684e-01 2.000000000000000000e+00
4.256516695022583008e-01 6.466881632804870605e-01 6.967719197273254395e-01 7.001224160194396973e-01 7.870782017707824707e-01 1.000000000000000000e+00
4.009787440299987793e-01 6.666767597198486328e-01 7.296279072761535645e-01 7.908110618591308594e-01 6.859349608421325684e-01 2.000000000000000000e+00
4.256516695022583008e-01 6.466881632804870605e-01 6.967719197273254395e-01 7.001224160194396973e-01 7.870782017707824707e-01 1.000000000000000000e+00
4.009787440299987793e-01 6.666767597198486328e-01 7.296279072761535645e-01 7.908110618591308594e-01 6.859349608421325684e-01 2.000000000000000000e+00
4.256516695022583008e-01 6.466881632804870605e-01 6.967719197273254395e-01 7.001224160194396973e-01 7.870782017707824707e-01 1.000000000000000000e+00
4.009787440299987793e-01 6.666767597198486328e-01 7.296279072761535645e-01 7.908110618591308594e-01 6.859349608421325684e-01 2.000000000000000000e+00
4.734402596950531006e-01 5.128983259201049805e-01 5.596578717231750488e-01 6.540271043777465820e-01 5.932475328445434570e-01 0.000000000000000000e+00
3.639239072799682617e-01 4.036742448806762695e-01 5.951353907585144043e-01 5.832483172416687012e-01 6.181480288505554199e-01 0.000000000000000000e+00
4.920352995395660400e-01 5.473074913024902344e-01 4.905725121498107910e-01 4.610662758350372314e-01 5.007116198539733887e-01 0.000000000000000000e+00
2.799706161022186279e-01 3.773700594902038574e-01 5.286591053009033203e-01 6.751656532287597656e-01 7.506000399589538574e-01 0.000000000000000000e+00
2.876648008823394775e-01 3.554678261280059814e-01 4.743817150592803955e-01 5.827294588088989258e-01 5.299188494682312012e-01 0.000000000000000000e+00
1.174962893128395081e-01 4.065724909305572510e-01 4.722051620483398438e-01 5.784757137298583984e-01 6.149775981903076172e-01 0.000000000000000000e+00
-6.905020028352737427e-02 1.241050958633422852e-01 7.825969904661178589e-02 4.308146834373474121e-01 4.499648213386535645e-01 0.000000000000000000e+00
5.362511277198791504e-01 7.085946798324584961e-01 7.271532416343688965e-01 7.163644433021545410e-01 7.627660036087036133e-01 0.000000000000000000e+00
5.822749733924865723e-01 8.497701883316040039e-01 7.841435670852661133e-01 7.426758408546447754e-01 6.912710070610046387e-01 0.000000000000000000e+00
3.820592164993286133e-01 5.756413340568542480e-01 4.624192714691162109e-01 4.993304610252380371e-01 5.058702230453491211e-01 0.000000000000000000e+00
3.124674260616302490e-01 5.075982213020324707e-01 5.115641355514526367e-01 6.654590368270874023e-01 7.556666135787963867e-01 0.000000000000000000e+00
5.741160511970520020e-01 5.495467185974121094e-01 4.816853106021881104e-01 4.235601127147674561e-01 6.002560257911682129e-01 0.000000000000000000e+00
6.113964319229125977e-01 6.545859575271606445e-01 6.806830167770385742e-01 7.699748873710632324e-01 8.181039690971374512e-01 1.000000000000000000e+00
6.170519590377807617e-01 6.908962130546569824e-01 7.432138323783874512e-01 7.886970043182373047e-01 7.743508219718933105e-01 2.000000000000000000e+00
6.113964319229125977e-01 6.545859575271606445e-01 6.806830167770385742e-01 7.699748873710632324e-01 8.181039690971374512e-01 1.000000000000000000e+00
6.170519590377807617e-01 6.908962130546569824e-01 7.432138323783874512e-01 7.886970043182373047e-01 7.743508219718933105e-01 2.000000000000000000e+00
6.113964319229125977e-01 6.545859575271606445e-01 6.806830167770385742e-01 7.699748873710632324e-01 8.181039690971374512e-01 1.000000000000000000e+00
6.170519590377807617e-01 6.908962130546569824e-01 7.432138323783874512e-01 7.886970043182373047e-01 7.743508219718933105e-01 2.000000000000000000e+00
6.113964319229125977e-01 6.545859575271606445e-01 6.806830167770385742e-01 7.699748873710632324e-01 8.181039690971374512e-01 1.000000000000000000e+00
6.170519590377807617e-01 6.908962130546569824e-01 7.432138323783874512e-01 7.886970043182373047e-01 7.743508219718933105e-01 2.000000000000000000e+00
6.113964319229125977e-01 6.545859575271606445e-01 6.806830167770385742e-01 7.699748873710632324e-01 8.181039690971374512e-01 1.000000000000000000e+00
6.170519590377807617e-01 6.908962130546569824e-01 7.432138323783874512e-01 7.886970043182373047e-01 7.743508219718933105e-01 2.000000000000000000e+00
6.113964319229125977e-01 6.545859575271606445e-01 6.806830167770385742e-01 7.699748873710632324e-01 8.181039690971374512e-01 1.000000000000000000e+00
6.170519590377807617e-01 6.908962130546569824e-01 7.432138323783874512e-01 7.886970043182373047e-01 7.743508219718933105e-01 2.000000000000000000e+00
6.113964319229125977e-01 6.545859575271606445e-01 6.806830167770385742e-01 7.699748873710632324e-01 8.181039690971374512e-01 1.000000000000000000e+00
6.170519590377807617e-01 6.908962130546569824e-01 7.432138323783874512e-01 7.886970043182373047e-01 7.743508219718933105e-01 2.000000000000000000e+00
6.113964319229125977e-01 6.545859575271606445e-01 6.806830167770385742e-01 7.699748873710632324e-01 8.181039690971374512e-01 1.000000000000000000e+00
6.170519590377807617e-01 6.908962130546569824e-01 7.432138323783874512e-01 7.886970043182373047e-01 7.743508219718933105e-01 2.000000000000000000e+00
6.113964319229125977e-01 6.545859575271606445e-01 6.806830167770385742e-01 7.699748873710632324e-01 8.181039690971374512e-01 1.000000000000000000e+00
6.170519590377807617e-01 6.908962130546569824e-01 7.432138323783874512e-01 7.886970043182373047e-01 7.743508219718933105e-01 2.000000000000000000e+00
6.113964319229125977e-01 6.545859575271606445e-01 6.806830167770385742e-01 7.699748873710632324e-01 8.181039690971374512e-01 1.000000000000000000e+00
6.170519590377807617e-01 6.908962130546569824e-01 7.432138323783874512e-01 7.886970043182373047e-01 7.743508219718933105e-01 2.000000000000000000e+00
5.008521676063537598e-01 6.696146130561828613e-01 6.886055469512939453e-01 7.276707887649536133e-01 6.218222975730895996e-01 0.000000000000000000e+00
3.471230566501617432e-01 4.393231868743896484e-01 4.552636146545410156e-01 4.806849062442779541e-01 5.183129906654357910e-01 0.000000000000000000e+00
1.940285563468933105e-01 3.187424242496490479e-01 3.928248286247253418e-01 4.606468677520751953e-01 4.919009208679199219e-01 0.000000000000000000e+00
3.875648081302642822e-01 3.604582846164703369e-01 2.744848430156707764e-01 2.371912300586700439e-01 2.634058296680450439e-01 0.000000000000000000e+00
4.524560868740081787e-01 4.773655533790588379e-01 4.760614633560180664e-01 4.953598380088806152e-01 5.143045186996459961e-01 0.000000000000000000e+00
-1.377980858087539673e-01 -2.451749145984649658e-01 -2.584140598773956299e-01 -2.596181631088256836e-01 -2.796761393547058105e-01 1.000000000000000000e+00
3.995424509048461914e-01 3.896673023700714111e-01 4.148524701595306396e-01 3.033018112182617188e-01 3.452534973621368408e-01 2.000000000000000000e+00
-1.377980858087539673e-01 -2.451749145984649658e-01 -2.584140598773956299e-01 -2.596181631088256836e-01 -2.796761393547058105e-01 1.000000000000000000e+00
3.995424509048461914e-01 3.896673023700714111e-01 4.148524701595306396e-01 3.033018112182617188e-01 3.452534973621368408e-01 2.000000000000000000e+00
-1.377980858087539673e-01 -2.451749145984649658e-01 -2.584140598773956299e-01 -2.596181631088256836e-01 -2.796761393547058105e-01 1.000000000000000000e+00
3.995424509048461914e-01 3.896673023700714111e-01 4.148524701595306396e-01 3.033018112182617188e-01 3.452534973621368408e-01 2.000000000000000000e+00
-1.377980858087539673e-01 -2.451749145984649658e-01 -2.584140598773956299e-01 -2.596181631088256836e-01 -2.796761393547058105e-01 1.000000000000000000e+00
3.995424509048461914e-01 3.896673023700714111e-01 4.148524701595306396e-01 3.033018112182617188e-01 3.452534973621368408e-01 2.000000000000000000e+00
-1.377980858087539673e-01 -2.451749145984649658e-01 -2.584140598773956299e-01 -2.596181631088256836e-01 -2.796761393547058105e-01 1.000000000000000000e+00
3.995424509048461914e-01 3.896673023700714111e-01 4.148524701595306396e-01 3.033018112182617188e-01 3.452534973621368408e-01 2.000000000000000000e+00
-1.377980858087539673e-01 -2.451749145984649658e-01 -2.584140598773956299e-01 -2.596181631088256836e-01 -2.796761393547058105e-01 1.000000000000000000e+00
3.995424509048461914e-01 3.896673023700714111e-01 4.148524701595306396e-01 3.033018112182617188e-01 3.452534973621368408e-01 2.000000000000000000e+00
-1.377980858087539673e-01 -2.451749145984649658e-01 -2.584140598773956299e-01 -2.596181631088256836e-01 -2.796761393547058105e-01 1.000000000000000000e+00
3.995424509048461914e-01 3.896673023700714111e-01 4.148524701595306396e-01 3.033018112182617188e-01 3.452534973621368408e-01 2.000000000000000000e+00
-1.377980858087539673e-01 -2.451749145984649658e-01 -2.584140598773956299e-01 -2.596181631088256836e-01 -2.796761393547058105e-01 1.000000000000000000e+00
3.995424509048461914e-01 3.896673023700714111e-01 4.148524701595306396e-01 3.033018112182617188e-01 3.452534973621368408e-01 2.000000000000000000e+00
-1.377980858087539673e-01 -2.451749145984649658e-01 -2.584140598773956299e-01 -2.596181631088256836e-01 -2.796761393547058105e-01 1.000000000000000000e+00
3.995424509048461914e-01 3.896673023700714111e-01 4.148524701595306396e-01 3.033018112182617188e-01 3.452534973621368408e-01 2.000000000000000000e+00
-1.377980858087539673e-01 -2.451749145984649658e-01 -2.584140598773956299e-01 -2.596181631088256836e-01 -2.796761393547058105e-01 1.000000000000000000e+00
3.995424509048461914e-01 3.896673023700714111e-01 4.148524701595306396e-01 3.033018112182617188e-01 3.452534973621368408e-01 2.000000000000000000e+00
3.309615254402160645e-01 4.321740865707397461e-01 4.920038580894470215e-01 5.090646743774414062e-01 4.880872964859008789e-01 0.000000000000000000e+00
5.935521423816680908e-02 2.055751234292984009e-01 2.639219164848327637e-01 1.584290862083435059e-01 1.216879263520240784e-01 0.000000000000000000e+00
4.518888592720031738e-01 5.992142558097839355e-01 6.905618906021118164e-01 6.383873224258422852e-01 5.483846664428710938e-01 0.000000000000000000e+00
6.707714200019836426e-01 7.913736701011657715e-01 8.416240215301513672e-01 8.051943778991699219e-01 7.623038887977600098e-01 0.000000000000000000e+00
6.095834374427795410e-01 7.698000669479370117e-01 7.416442036628723145e-01 7.899877429008483887e-01 8.404551148414611816e-01 0.000000000000000000e+00
7.465464472770690918e-01 8.385926485061645508e-01 8.804072141647338867e-01 8.465103507041931152e-01 8.393673300743103027e-01 0.000000000000000000e+00
5.925573706626892090e-01 7.781080603599548340e-01 7.454316616058349609e-01 7.978567481040954590e-01 8.528459072113037109e-01 0.000000000000000000e+00
4.883902966976165771e-01 5.869319438934326172e-01 5.607661604881286621e-01 4.514850080013275146e-01 4.374930560588836670e-01 0.000000000000000000e+00
4.609652459621429443e-01 6.710192561149597168e-01 6.724356412887573242e-01 6.261529922485351562e-01 6.550728678703308105e-01 0.000000000000000000e+00
5.100612044334411621e-01 6.541717052459716797e-01 7.309213876724243164e-01 7.672623395919799805e-01 7.606616020202636719e-01 0.000000000000000000e+00
4.425728619098663330e-01 3.982813656330108643e-01 5.438170433044433594e-01 6.755477786064147949e-01 6.443703770637512207e-01 0.000000000000000000e+00
-2.773786187171936035e-01 -2.145613282918930054e-01 1.340903043746948242e-01 1.413884311914443970e-01 2.259117215871810913e-01 0.000000000000000000e+00
2.143472582101821899e-01 1.843848973512649536e-01 -1.790464371442794800e-01 -2.501679062843322754e-01 -2.600281238555908203e-01 0.000000000000000000e+00
3.377714157104492188e-01 9.498021751642227173e-02 1.860528588294982910e-01 -1.505227386951446533e-02 1.038417890667915344e-01 0.000000000000000000e+00
6.720607280731201172e-01 7.364689111709594727e-01 7.975776195526123047e-01 8.506316542625427246e-01 8.672175407409667969e-01 0.000000000000000000e+00
6.486652493476867676e-01 7.692540884017944336e-01 7.713249325752258301e-01 8.184847235679626465e-01 8.184581995010375977e-01 0.000000000000000000e+00
6.388140916824340820e-01 7.614284753799438477e-01 7.536160945892333984e-01 7.680650949478149414e-01 7.739722132682800293e-01 0.000000000000000000e+00
6.235181689262390137e-01 7.135758996009826660e-01 7.821279168128967285e-01 8.004357814788818359e-01 7.853673696517944336e-01 0.000000000000000000e+00
6.014732718467712402e-01 6.755771040916442871e-01 7.487709522247314453e-01 8.016178607940673828e-01 8.097504377365112305e-01 0.000000000000000000e+00
5.995348691940307617e-01 7.327110171318054199e-01 8.198269605636596680e-01 8.170142173767089844e-01 8.040251135826110840e-01 0.000000000000000000e+00
7.084680199623107910e-01 7.811264991760253906e-01 8.457800149917602539e-01 8.200981020927429199e-01 8.469277620315551758e-01 0.000000000000000000e+00
6.194111704826354980e-01 6.931493282318115234e-01 7.125638723373413086e-01 7.637165784835815430e-01 7.528589367866516113e-01 0.000000000000000000e+00
3.215650618076324463e-01 4.465518593788146973e-01 4.564920067787170410e-01 4.895970225334167480e-01 6.363817453384399414e-01 0.000000000000000000e+00
3.987880945205688477e-01 4.847147464752197266e-01 4.402690529823303223e-01 3.984007835388183594e-01 5.015085935592651367e-01 0.000000000000000000e+00
5.665082335472106934e-01 5.552430152893066406e-01 6.276260614395141602e-01 5.242096185684204102e-01 6.603964567184448242e-01 0.000000000000000000e+00
6.323630213737487793e-01 6.540291905403137207e-01 7.020990252494812012e-01 7.334659099578857422e-01 7.488215565681457520e-01 0.000000000000000000e+00
5.027770400047302246e-01 5.469160676002502441e-01 5.575956702232360840e-01 5.765982270240783691e-01 6.568012237548828125e-01 0.000000000000000000e+00
3.537186384201049805e-01 4.339857399463653564e-01 4.922728836536407471e-01 5.211031436920166016e-01 5.000445246696472168e-01 0.000000000000000000e+00
2.054440081119537354e-01 4.799849390983581543e-01 4.016890525817871094e-01 6.027813553810119629e-01 6.190401911735534668e-01 0.000000000000000000e+00
2.516279220581054688e-01 6.417931914329528809e-01 5.865290760993957520e-01 7.397158145904541016e-01 5.733354091644287109e-01 0.000000000000000000e+00
2.470749914646148682e-01 3.801767826080322266e-01 3.897185325622558594e-01 4.778293669223785400e-01 4.638341069221496582e-01 0.000000000000000000e+00
2.125817537307739258e-01 2.541908919811248779e-01 2.743971645832061768e-01 3.326152563095092773e-01 3.263258337974548340e-01 0.000000000000000000e+00
2.325674146413803101e-01 -2.322314493358135223e-02 -1.146088987588882446e-01 1.296812742948532104e-01 2.996525466442108154e-01 0.000000000000000000e+00
2.279513031244277954e-01 1.906682401895523071e-01 2.228989899158477783e-01 4.984031245112419128e-02 3.360383585095405579e-02 0.000000000000000000e+00
4.122982025146484375e-01 4.554446637630462646e-01 6.144731640815734863e-01 6.517810225486755371e-01 6.007313132286071777e-01 0.000000000000000000e+00
-2.276614755392074585e-01 -2.734787762165069580e-01 -2.536872327327728271e-01 -2.166451811790466309e-01 -1.955625265836715698e-01 0.000000000000000000e+00
8.466518484055995941e-04 1.467812508344650269e-01 1.093025878071784973e-01 -7.618062198162078857e-02 -2.594284713268280029e-01 0.000000000000000000e+00
3.643853962421417236e-02 1.933754682540893555e-01 1.576195061206817627e-01 2.534443438053131104e-01 2.725580930709838867e-01 0.000000000000000000e+00
1.962617635726928711e-01 2.931488752365112305e-01 4.027888774871826172e-01 2.851986885070800781e-01 2.182704508304595947e-01 0.000000000000000000e+00
2.511657774448394775e-01 4.432753920555114746e-01 5.361780524253845215e-01 6.291440129280090332e-01 5.006920695304870605e-01 0.000000000000000000e+00
1.290163248777389526e-01 2.085062563419342041e-01 2.412504553794860840e-01 3.671784996986389160e-01 3.640557527542114258e-01 0.000000000000000000e+00
-2.371150851249694824e-01 -2.745553851127624512e-01 -3.512454032897949219e-01 -3.410771489143371582e-01 -3.300753235816955566e-01 1.000000000000000000e+00
-1.736330986022949219e-01 -1.276842802762985229e-01 -1.968548893928527832e-01 -3.240854144096374512e-01 -2.811084389686584473e-01 2.000000000000000000e+00
-2.371150851249694824e-01 -2.745553851127624512e-01 -3.512454032897949219e-01 -3.410771489143371582e-01 -3.300753235816955566e-01 1.000000000000000000e+00
-1.736330986022949219e-01 -1.276842802762985229e-01 -1.968548893928527832e-01 -3.240854144096374512e-01 -2.811084389686584473e-01 2.000000000000000000e+00
-2.371150851249694824e-01 -2.745553851127624512e-01 -3.512454032897949219e-01 -3.410771489143371582e-01 -3.300753235816955566e-01 1.000000000000000000e+00
-1.736330986022949219e-01 -1.276842802762985229e-01 -1.968548893928527832e-01 -3.240854144096374512e-01 -2.811084389686584473e-01 2.000000000000000000e+00
-2.371150851249694824e-01 -2.745553851127624512e-01 -3.512454032897949219e-01 -3.410771489143371582e-01 -3.300753235816955566e-01 1.000000000000000000e+00
-1.736330986022949219e-01 -1.276842802762985229e-01 -1.968548893928527832e-01 -3.240854144096374512e-01 -2.811084389686584473e-01 2.000000000000000000e+00
-2.371150851249694824e-01 -2.745553851127624512e-01 -3.512454032897949219e-01 -3.410771489143371582e-01 -3.300753235816955566e-01 1.000000000000000000e+00
-1.736330986022949219e-01 -1.276842802762985229e-01 -1.968548893928527832e-01 -3.240854144096374512e-01 -2.811084389686584473e-01 2.000000000000000000e+00
-2.371150851249694824e-01 -2.745553851127624512e-01 -3.512454032897949219e-01 -3.410771489143371582e-01 -3.300753235816955566e-01 1.000000000000000000e+00
-1.736330986022949219e-01 -1.276842802762985229e-01 -1.968548893928527832e-01 -3.240854144096374512e-01 -2.811084389686584473e-01 2.000000000000000000e+00
-2.371150851249694824e-01 -2.745553851127624512e-01 -3.512454032897949219e-01 -3.410771489143371582e-01 -3.300753235816955566e-01 1.000000000000000000e+00
-1.736330986022949219e-01 -1.276842802762985229e-01 -1.968548893928527832e-01 -3.240854144096374512e-01 -2.811084389686584473e-01 2.000000000000000000e+00
-2.371150851249694824e-01 -2.745553851127624512e-01 -3.512454032897949219e-01 -3.410771489143371582e-01 -3.300753235816955566e-01 1.000000000000000000e+00
-1.736330986022949219e-01 -1.276842802762985229e-01 -1.968548893928527832e-01 -3.240854144096374512e-01 -2.811084389686584473e-01 2.000000000000000000e+00
-2.371150851249694824e-01 -2.745553851127624512e-01 -3.512454032897949219e-01 -3.410771489143371582e-01 -3.300753235816955566e-01 1.000000000000000000e+00
-1.736330986022949219e-01 -1.276842802762985229e-01 -1.968548893928527832e-01 -3.240854144096374512e-01 -2.811084389686584473e-01 2.000000000000000000e+00
-2.371150851249694824e-01 -2.745553851127624512e-01 -3.512454032897949219e-01 -3.410771489143371582e-01 -3.300753235816955566e-01 1.000000000000000000e+00
-1.736330986022949219e-01 -1.276842802762985229e-01 -1.968548893928527832e-01 -3.240854144096374512e-01 -2.811084389686584473e-01 2.000000000000000000e+00
2.850594222545623779e-01 2.740221321582794189e-01 2.455860376358032227e-01 2.313463091850280762e-01 2.108673900365829468e-01 0.000000000000000000e+00
2.769853472709655762e-01 2.598727345466613770e-01 2.272573858499526978e-01 2.411604523658752441e-01 2.514613270759582520e-01 0.000000000000000000e+00
3.151086568832397461e-01 2.961220741271972656e-01 3.556413054466247559e-01 3.521683812141418457e-01 3.259656131267547607e-01 0.000000000000000000e+00
2.632813155651092529e-01 2.728025913238525391e-01 2.649051547050476074e-01 2.977655231952667236e-01 3.028473258018493652e-01 0.000000000000000000e+00
4.588806256651878357e-02 4.141239821910858154e-02 9.115699678659439087e-03 1.283859312534332275e-01 1.959320306777954102e-01 0.000000000000000000e+00
1.447290331125259399e-01 1.037004441022872925e-01 2.263753442093729973e-03 7.553210854530334473e-02 1.367752999067306519e-01 0.000000000000000000e+00
9.175503253936767578e-02 -2.305087819695472717e-02 -6.235992908477783203e-02 -7.035087328404188156e-03 -6.653851270675659180e-02 0.000000000000000000e+00
5.258940458297729492e-01 6.475157141685485840e-01 7.562507987022399902e-01 7.701625823974609375e-01 7.736057639122009277e-01 0.000000000000000000e+00
5.135983228683471680e-01 7.676619291305541992e-01 8.112688064575195312e-01 8.221825957298278809e-01 8.120336532592773438e-01 0.000000000000000000e+00
6.709402799606323242e-01 8.340861201286315918e-01 8.657702207565307617e-01 8.040204048156738281e-01 8.253971934318542480e-01 0.000000000000000000e+00
5.988928079605102539e-01 6.242866516113281250e-01 6.094886064529418945e-01 6.844701170921325684e-01 6.863303184509277344e-01 0.000000000000000000e+00
4.607245922088623047e-01 5.616868734359741211e-01 5.880079865455627441e-01 6.421334147453308105e-01 6.517804861068725586e-01 0.000000000000000000e+00
4.766497910022735596e-01 6.164420247077941895e-01 6.366865634918212891e-01 6.895880699157714844e-01 7.300847768783569336e-01 0.000000000000000000e+00
2.440367937088012695e-01 4.101767838001251221e-01 4.142534732818603516e-01 4.811928868293762207e-01 6.033956408500671387e-01 0.000000000000000000e+00
5.607061386108398438e-01 6.434046030044555664e-01 6.684596538543701172e-01 6.460477709770202637e-01 6.834732294082641602e-01 0.000000000000000000e+00
7.166757583618164062e-01 7.402452826499938965e-01 7.472375035285949707e-01 7.774957418441772461e-01 8.123027086257934570e-01 0.000000000000000000e+00
6.918683648109436035e-01 7.797484993934631348e-01 8.102086782455444336e-01 8.164393901824951172e-01 8.123543858528137207e-01 0.000000000000000000e+00
5.915368795394897461e-01 6.884251236915588379e-01 7.476333379745483398e-01 7.514641880989074707e-01 7.719052433967590332e-01 0.000000000000000000e+00
5.812417864799499512e-01 6.552978157997131348e-01 7.003451585769653320e-01 7.161340713500976562e-01 7.265182137489318848e-01 0.000000000000000000e+00
5.316672921180725098e-01 6.889907717704772949e-01 7.256432771682739258e-01 8.124441504478454590e-01 7.539731860160827637e-01 0.000000000000000000e+00
3.006479144096374512e-01 3.937772512435913086e-01 4.999712109565734863e-01 6.188567280769348145e-01 5.955694913864135742e-01 0.000000000000000000e+00
5.122539401054382324e-01 6.134052872657775879e-01 6.741639971733093262e-01 5.565893650054931641e-01 5.596265792846679688e-01 0.000000000000000000e+00
4.614008665084838867e-01 6.094946265220642090e-01 6.731946468353271484e-01 6.754257678985595703e-01 6.992492675781250000e-01 0.000000000000000000e+00
7.394223809242248535e-01 8.136930465698242188e-01 7.618742585182189941e-01 7.915166020393371582e-01 8.098036646842956543e-01 0.000000000000000000e+00
5.772389769554138184e-01 6.196278929710388184e-01 7.537270188331604004e-01 7.869049906730651855e-01 8.122361302375793457e-01 0.000000000000000000e+00
5.600888729095458984e-01 6.330971121788024902e-01 6.507583260536193848e-01 7.030822634696960449e-01 7.685847878456115723e-01 0.000000000000000000e+00
4.002644419670104980e-01 6.234214305877685547e-01 6.936177015304565430e-01 7.297752499580383301e-01 7.801190018653869629e-01 0.000000000000000000e+00
4.530567824840545654e-01 7.067164182662963867e-01 7.503471970558166504e-01 7.378168702125549316e-01 6.897009611129760742e-01 0.000000000000000000e+00
5.417886972427368164e-01 7.291812300682067871e-01 7.634438872337341309e-01 8.289886116981506348e-01 8.367975950241088867e-01 0.000000000000000000e+00
5.408435463905334473e-01 6.166226863861083984e-01 6.488243341445922852e-01 6.657750010490417480e-01 6.553481817245483398e-01 0.000000000000000000e+00
6.321291327476501465e-01 6.740064024925231934e-01 7.000740766525268555e-01 6.897569298744201660e-01 7.018843293190002441e-01 0.000000000000000000e+00
6.442059278488159180e-01 7.314402461051940918e-01 7.750595211982727051e-01 8.080077171325683594e-01 8.061856627464294434e-01 0.000000000000000000e+00
3.950535058975219727e-01 5.808896422386169434e-01 5.029355883598327637e-01 5.372918844223022461e-01 6.186643242835998535e-01 0.000000000000000000e+00
5.311162471771240234e-01 7.464843392372131348e-01 7.980479001998901367e-01 7.592139840126037598e-01 8.118388652801513672e-01 0.000000000000000000e+00
6.695400476455688477e-01 7.442191243171691895e-01 8.102297186851501465e-01 9.072071313858032227e-01 8.541228175163269043e-01 0.000000000000000000e+00
6.007635593414306641e-01 7.333498001098632812e-01 8.394392728805541992e-01 8.509241938591003418e-01 7.822045087814331055e-01 0.000000000000000000e+00
6.007670760154724121e-01 7.305245995521545410e-01 7.937136292457580566e-01 8.344616889953613281e-01 8.160538673400878906e-01 0.000000000000000000e+00
7.761319875717163086e-01 8.361356854438781738e-01 8.217291831970214844e-01 8.395254015922546387e-01 8.382501006126403809e-01 0.000000000000000000e+00
7.195037007331848145e-01 8.868266940116882324e-01 9.214475750923156738e-01 9.294494390487670898e-01 9.571237564086914062e-01 0.000000000000000000e+00
7.496423721313476562e-01 8.620865941047668457e-01 9.081478118896484375e-01 9.416325688362121582e-01 9.320835471153259277e-01 0.000000000000000000e+00
8.176457285881042480e-01 9.111092090606689453e-01 9.441226720809936523e-01 9.405005574226379395e-01 9.421318769454956055e-01 0.000000000000000000e+00
7.664740085601806641e-01 8.059614896774291992e-01 8.915305733680725098e-01 9.066227078437805176e-01 9.250611662864685059e-01 0.000000000000000000e+00
3.456620275974273682e-01 4.807360768318176270e-01 4.238168895244598389e-01 4.185400903224945068e-01 4.282152950763702393e-01 1.000000000000000000e+00
6.942057609558105469e-01 7.623357772827148438e-01 7.726991772651672363e-01 7.966946959495544434e-01 7.402025461196899414e-01 2.000000000000000000e+00
3.456620275974273682e-01 4.807360768318176270e-01 4.238168895244598389e-01 4.185400903224945068e-01 4.282152950763702393e-01 1.000000000000000000e+00
6.942057609558105469e-01 7.623357772827148438e-01 7.726991772651672363e-01 7.966946959495544434e-01 7.402025461196899414e-01 2.000000000000000000e+00
3.456620275974273682e-01 4.807360768318176270e-01 4.238168895244598389e-01 4.185400903224945068e-01 4.282152950763702393e-01 1.000000000000000000e+00
6.942057609558105469e-01 7.623357772827148438e-01 7.726991772651672363e-01 7.966946959495544434e-01 7.402025461196899414e-01 2.000000000000000000e+00
3.456620275974273682e-01 4.807360768318176270e-01 4.238168895244598389e-01 4.185400903224945068e-01 4.282152950763702393e-01 1.000000000000000000e+00
6.942057609558105469e-01 7.623357772827148438e-01 7.726991772651672363e-01 7.966946959495544434e-01 7.402025461196899414e-01 2.000000000000000000e+00
3.456620275974273682e-01 4.807360768318176270e-01 4.238168895244598389e-01 4.185400903224945068e-01 4.282152950763702393e-01 1.000000000000000000e+00
6.942057609558105469e-01 7.623357772827148438e-01 7.726991772651672363e-01 7.966946959495544434e-01 7.402025461196899414e-01 2.000000000000000000e+00
3.456620275974273682e-01 4.807360768318176270e-01 4.238168895244598389e-01 4.185400903224945068e-01 4.282152950763702393e-01 1.000000000000000000e+00
6.942057609558105469e-01 7.623357772827148438e-01 7.726991772651672363e-01 7.966946959495544434e-01 7.402025461196899414e-01 2.000000000000000000e+00
3.456620275974273682e-01 4.807360768318176270e-01 4.238168895244598389e-01 4.185400903224945068e-01 4.282152950763702393e-01 1.000000000000000000e+00
6.942057609558105469e-01 7.623357772827148438e-01 7.726991772651672363e-01 7.966946959495544434e-01 7.402025461196899414e-01 2.000000000000000000e+00
3.456620275974273682e-01 4.807360768318176270e-01 4.238168895244598389e-01 4.185400903224945068e-01 4.282152950763702393e-01 1.000000000000000000e+00
6.942057609558105469e-01 7.623357772827148438e-01 7.726991772651672363e-01 7.966946959495544434e-01 7.402025461196899414e-01 2.000000000000000000e+00
3.456620275974273682e-01 4.807360768318176270e-01 4.238168895244598389e-01 4.185400903224945068e-01 4.282152950763702393e-01 1.000000000000000000e+00
6.942057609558105469e-01 7.623357772827148438e-01 7.726991772651672363e-01 7.966946959495544434e-01 7.402025461196899414e-01 2.000000000000000000e+00
3.456620275974273682e-01 4.807360768318176270e-01 4.238168895244598389e-01 4.185400903224945068e-01 4.282152950763702393e-01 1.000000000000000000e+00
6.942057609558105469e-01 7.623357772827148438e-01 7.726991772651672363e-01 7.966946959495544434e-01 7.402025461196899414e-01 2.000000000000000000e+00
6.230331063270568848e-01 7.469646334648132324e-01 7.764720320701599121e-01 7.831904292106628418e-01 7.569154500961303711e-01 0.000000000000000000e+00
6.762121915817260742e-01 7.691003084182739258e-01 8.214564919471740723e-01 8.388652801513671875e-01 8.337997794151306152e-01 0.000000000000000000e+00
6.253446936607360840e-01 7.731215953826904297e-01 8.515012264251708984e-01 8.693046569824218750e-01 8.626245856285095215e-01 0.000000000000000000e+00
3.980470597743988037e-01 6.214804649353027344e-01 7.658223509788513184e-01 8.060709238052368164e-01 8.531315326690673828e-01 0.000000000000000000e+00
2.196281552314758301e-01 5.239706039428710938e-01 5.800648927688598633e-01 6.843758821487426758e-01 7.494375705718994141e-01 0.000000000000000000e+00
4.075463712215423584e-01 3.933643102645874023e-01 4.292279481887817383e-01 4.693937599658966064e-01 4.740588963031768799e-01 0.000000000000000000e+00
5.323785543441772461e-01 5.924017429351806641e-01 7.153115868568420410e-01 7.834194898605346680e-01 8.087034821510314941e-01 0.000000000000000000e+00
5.644996762275695801e-01 3.129746392369270325e-02 4.551468789577484131e-01 4.813882410526275635e-01 5.467473864555358887e-01 1.000000000000000000e+00
5.229976177215576172e-01 6.479152441024780273e-01 6.805083155632019043e-01 6.841972470283508301e-01 7.011615037918090820e-01 2.000000000000000000e+00
5.644996762275695801e-01 3.129746392369270325e-02 4.551468789577484131e-01 4.813882410526275635e-01 5.467473864555358887e-01 1.000000000000000000e+00
5.229976177215576172e-01 6.479152441024780273e-01 6.805083155632019043e-01 6.841972470283508301e-01 7.011615037918090820e-01 2.000000000000000000e+00
5.644996762275695801e-01 3.129746392369270325e-02 4.551468789577484131e-01 4.813882410526275635e-01 5.467473864555358887e-01 1.000000000000000000e+00
5.229976177215576172e-01 6.479152441024780273e-01 6.805083155632019043e-01 6.841972470283508301e-01 7.011615037918090820e-01 2.000000000000000000e+00
5.644996762275695801e-01 3.129746392369270325e-02 4.551468789577484131e-01 4.813882410526275635e-01 5.467473864555358887e-01 1.000000000000000000e+00
5.229976177215576172e-01 6.479152441024780273e-01 6.805083155632019043e-01 6.841972470283508301e-01 7.011615037918090820e-01 2.000000000000000000e+00
5.644996762275695801e-01 3.129746392369270325e-02 4.551468789577484131e-01 4.813882410526275635e-01 5.467473864555358887e-01 1.000000000000000000e+00
5.229976177215576172e-01 6.479152441024780273e-01 6.805083155632019043e-01 6.841972470283508301e-01 7.011615037918090820e-01 2.000000000000000000e+00
5.644996762275695801e-01 3.129746392369270325e-02 4.551468789577484131e-01 4.813882410526275635e-01 5.467473864555358887e-01 1.000000000000000000e+00
5.229976177215576172e-01 6.479152441024780273e-01 6.805083155632019043e-01 6.841972470283508301e-01 7.011615037918090820e-01 2.000000000000000000e+00
5.644996762275695801e-01 3.129746392369270325e-02 4.551468789577484131e-01 4.813882410526275635e-01 5.467473864555358887e-01 1.000000000000000000e+00
5.229976177215576172e-01 6.479152441024780273e-01 6.805083155632019043e-01 6.841972470283508301e-01 7.011615037918090820e-01 2.000000000000000000e+00
5.644996762275695801e-01 3.129746392369270325e-02 4.551468789577484131e-01 4.813882410526275635e-01 5.467473864555358887e-01 1.000000000000000000e+00
5.229976177215576172e-01 6.479152441024780273e-01 6.805083155632019043e-01 6.841972470283508301e-01 7.011615037918090820e-01 2.000000000000000000e+00
5.644996762275695801e-01 3.129746392369270325e-02 4.551468789577484131e-01 4.813882410526275635e-01 5.467473864555358887e-01 1.000000000000000000e+00
5.229976177215576172e-01 6.479152441024780273e-01 6.805083155632019043e-01 6.841972470283508301e-01 7.011615037918090820e-01 2.000000000000000000e+00
5.644996762275695801e-01 3.129746392369270325e-02 4.551468789577484131e-01 4.813882410526275635e-01 5.467473864555358887e-01 1.000000000000000000e+00
5.229976177215576172e-01 6.479152441024780273e-01 6.805083155632019043e-01 6.841972470283508301e-01 7.011615037918090820e-01 2.000000000000000000e+00
5.252943038940429688e-01 6.380143165588378906e-01 6.793361306190490723e-01 6.745623946189880371e-01 6.313481330871582031e-01 0.000000000000000000e+00
5.035797357559204102e-01 6.264256238937377930e-01 6.508033275604248047e-01 6.708753108978271484e-01 6.886262297630310059e-01 0.000000000000000000e+00
2.212569415569305420e-01 3.672181963920593262e-01 4.480139315128326416e-01 6.067280173301696777e-01 6.142976284027099609e-01 0.000000000000000000e+00
-1.383707113564014435e-02 3.454498946666717529e-01 4.646926820278167725e-01 5.287591814994812012e-01 5.319497585296630859e-01 0.000000000000000000e+00
-1.343567818403244019e-01 -6.607583165168762207e-02 -3.956082463264465332e-02 1.060095429420471191e-01 7.327235490083694458e-02 0.000000000000000000e+00
-1.274470835924148560e-01 -8.714793622493743896e-02 7.196034491062164307e-02 2.707653939723968506e-01 3.734922111034393311e-01 0.000000000000000000e+00
8.772525936365127563e-03 3.778768330812454224e-02 -7.188087701797485352e-02 -1.898147761821746826e-01 -1.679205298423767090e-01 0.000000000000000000e+00
3.053204417228698730e-01 4.885596036911010742e-01 5.968723893165588379e-01 6.217057108879089355e-01 6.727774143218994141e-01 0.000000000000000000e+00
2.276549935340881348e-01 4.194821417331695557e-01 6.863712668418884277e-01 7.854703068733215332e-01 7.302594184875488281e-01 0.000000000000000000e+00
3.332956135272979736e-01 6.641986370086669922e-01 6.162962913513183594e-01 6.985048055648803711e-01 5.394217371940612793e-01 0.000000000000000000e+00
3.382124304771423340e-01 4.857505261898040771e-01 5.448079109191894531e-01 5.037350654602050781e-01 5.034064054489135742e-01 0.000000000000000000e+00
5.502111315727233887e-01 7.727141976356506348e-01 7.878699898719787598e-01 7.705677151679992676e-01 7.632698416709899902e-01 0.000000000000000000e+00
5.836794376373291016e-01 6.720716357231140137e-01 6.982331871986389160e-01 7.144664525985717773e-01 8.925846815109252930e-01 0.000000000000000000e+00
6.407812237739562988e-01 6.993027925491333008e-01 7.215253710746765137e-01 7.372223734855651855e-01 7.313460707664489746e-01 0.000000000000000000e+00
-8.336126059293746948e-02 -4.859817400574684143e-02 -2.999931201338768005e-02 7.057924568653106689e-02 4.319778978824615479e-01 0.000000000000000000e+00
1.977752149105072021e-01 4.640559107065200806e-02 5.920888856053352356e-02 2.266876995563507080e-01 6.236758083105087280e-02 0.000000000000000000e+00
5.962378382682800293e-01 6.129262447357177734e-01 5.180041790008544922e-01 5.447102785110473633e-01 3.892905116081237793e-01 0.000000000000000000e+00
4.993287622928619385e-01 6.688462495803833008e-01 7.383584976196289062e-01 7.368467450141906738e-01 7.537521123886108398e-01 0.000000000000000000e+00
6.685002446174621582e-01 7.456667423248291016e-01 7.237902879714965820e-01 7.485933303833007812e-01 7.444080114364624023e-01 0.000000000000000000e+00
6.287892460823059082e-01 7.289634943008422852e-01 7.785407304763793945e-01 7.728563547134399414e-01 7.724899053573608398e-01 0.000000000000000000e+00
5.171985030174255371e-01 6.678131222724914551e-01 7.156293392181396484e-01 7.144623994827270508e-01 7.643596529960632324e-01 0.000000000000000000e+00
4.653086960315704346e-01 5.415442585945129395e-01 6.293201446533203125e-01 7.183806300163269043e-01 6.570910215377807617e-01 0.000000000000000000e+00
1.044049039483070374e-01 2.545898556709289551e-01 3.619970083236694336e-01 4.691129624843597412e-01 3.957024812698364258e-01 0.000000000000000000e+00
2.131927311420440674e-01 1.867167353630065918e-01 4.791197925806045532e-02 3.891441971063613892e-02 7.119581848382949829e-02 0.000000000000000000e+00
3.419256210327148438e-01 3.985274136066436768e-01 4.155424833297729492e-01 4.269034266471862793e-01 3.258564472198486328e-01 0.000000000000000000e+00
3.454150855541229248e-01 3.250076770782470703e-01 4.142812788486480713e-01 4.942515194416046143e-01 5.170747637748718262e-01 0.000000000000000000e+00
2.831974327564239502e-01 5.755150914192199707e-01 5.750767588615417480e-01 5.204354524612426758e-01 5.980474948883056641e-01 0.000000000000000000e+00
3.447078764438629150e-01 3.393964171409606934e-01 3.926000297069549561e-01 3.788556158542633057e-01 5.392974019050598145e-01 0.000000000000000000e+00
4.507213830947875977e-01 5.961845517158508301e-01 6.212654709815979004e-01 6.496146917343139648e-01 5.580694675445556641e-01 0.000000000000000000e+00
2.460961937904357910e-01 4.462964534759521484e-01 4.655520021915435791e-01 5.501260757446289062e-01 5.981472730636596680e-01 0.000000000000000000e+00
2.587707936763763428e-01 5.244988203048706055e-01 4.430519044399261475e-01 4.725919961929321289e-01 5.121887326240539551e-01 0.000000000000000000e+00
2.338306009769439697e-01 3.847585916519165039e-01 5.299163460731506348e-01 6.118546724319458008e-01 7.285290360450744629e-01 0.000000000000000000e+00
-6.433295458555221558e-02 4.304730147123336792e-02 8.290138095617294312e-02 3.174763917922973633e-01 4.083038568496704102e-01 0.000000000000000000e+00
9.716201573610305786e-02 2.248710095882415771e-01 2.197596132755279541e-01 8.088738471269607544e-02 1.729194372892379761e-01 0.000000000000000000e+00
3.201611936092376709e-01 5.202227234840393066e-01 5.520541667938232422e-01 4.428337216377258301e-01 4.258410632610321045e-01 0.000000000000000000e+00
2.858037948608398438e-01 2.378827035427093506e-01 3.418789207935333252e-01 2.046026289463043213e-01 4.763494729995727539e-01 0.000000000000000000e+00
4.312616586685180664e-01 3.890991806983947754e-01 3.371387720108032227e-01 2.543133199214935303e-01 3.526217341423034668e-01 0.000000000000000000e+00
4.655391573905944824e-01 4.731650948524475098e-01 5.297779440879821777e-01 5.411471128463745117e-01 5.710949301719665527e-01 0.000000000000000000e+00
5.166538357734680176e-01 6.054021716117858887e-01 5.964406728744506836e-01 6.256794333457946777e-01 6.221218109130859375e-01 0.000000000000000000e+00
9.136591851711273193e-02 -1.757509708404541016e-01 -1.743984967470169067e-01 -4.262628406286239624e-02 3.946678340435028076e-01 0.000000000000000000e+00
5.130877494812011719e-01 4.817279577255249023e-01 4.600397348403930664e-01 4.091400504112243652e-01 -3.511352464556694031e-03 0.000000000000000000e+00
