6.964341402053833008e-01 8.125175237655639648e-01 8.810980319976806641e-01 8.958380818367004395e-01 9.129590392112731934e-01 0.000000000000000000e+00
3.604508042335510254e-01 9.505405277013778687e-02 1.371867954730987549e-01 3.283991813659667969e-01 5.100786089897155762e-01 0.000000000000000000e+00
-5.162905454635620117e-01 -4.913821518421173096e-01 -5.130022168159484863e-01 -5.057820677757263184e-01 -4.791705906391143799e-01 0.000000000000000000e+00
6.960213929414749146e-02 -4.507997632026672363e-01 -3.482348620891571045e-01 -1.238322183489799500e-01 -3.921445608139038086e-01 0.000000000000000000e+00
4.055622220039367676e-01 4.074486792087554932e-01 5.604568719863891602e-01 7.132412791252136230e-01 6.886444091796875000e-01 0.000000000000000000e+00
5.169946551322937012e-01 5.816814899444580078e-01 6.586409807205200195e-01 7.484960556030273438e-01 8.478245139122009277e-01 0.000000000000000000e+00
6.476793289184570312e-01 7.547355890274047852e-01 8.435775041580200195e-01 8.386294245719909668e-01 8.785602450370788574e-01 0.000000000000000000e+00
5.422073006629943848e-01 6.046114563941955566e-01 7.081419825553894043e-01 7.704527974128723145e-01 7.935377359390258789e-01 0.000000000000000000e+00
6.080553531646728516e-01 6.899217367172241211e-01 7.837194204330444336e-01 7.630167007446289062e-01 7.887951135635375977e-01 0.000000000000000000e+00
6.154010891914367676e-01 7.312735319137573242e-01 7.796284556388854980e-01 7.890561819076538086e-01 8.431596159934997559e-01 0.000000000000000000e+00
5.697636604309082031e-01 6.997683644294738770e-01 7.594638466835021973e-01 7.941082119941711426e-01 8.457155823707580566e-01 0.000000000000000000e+00
6.602652072906494141e-01 7.339510321617126465e-01 7.988576889038085938e-01 8.270930051803588867e-01 8.417137861251831055e-01 0.000000000000000000e+00
5.945224761962890625e-01 7.381550073623657227e-01 7.932577729225158691e-01 8.429887294769287109e-01 8.701851963996887207e-01 0.000000000000000000e+00
6.451017856597900391e-01 7.313880920410156250e-01 8.254126906394958496e-01 8.938453197479248047e-01 9.188306331634521484e-01 0.000000000000000000e+00
-2.870247364044189453e-01 1.489641666412353516e-01 5.711106061935424805e-01 7.668828368186950684e-01 8.779462575912475586e-01 0.000000000000000000e+00
-2.454598695039749146e-01 -3.236841857433319092e-01 -4.224511981010437012e-01 -4.425667822360992432e-01 -4.765534102916717529e-01 0.000000000000000000e+00
-5.403745174407958984e-01 -5.545779466629028320e-01 -5.618900656700134277e-01 -5.470951199531555176e-01 -5.595365762710571289e-01 0.000000000000000000e+00
-5.434881448745727539e-01 -5.648583173751831055e-01 -5.814559459686279297e-01 -5.873079299926757812e-01 -6.011530160903930664e-01 0.000000000000000000e+00
-5.047818422317504883e-01 -3.374765515327453613e-01 -8.013168722391128540e-02 -2.387520074844360352e-01 -5.315153598785400391e-01 0.000000000000000000e+00
6.964291334152221680e-01 7.866829037666320801e-01 7.473760843276977539e-01 7.273545861244201660e-01 7.664391994476318359e-01 0.000000000000000000e+00
-5.087748765945434570e-01 -5.282878875732421875e-01 -4.022860229015350342e-01 5.633801221847534180e-01 7.023271322250366211e-01 0.000000000000000000e+00
4.621835052967071533e-01 4.983173012733459473e-01 6.717382669448852539e-01 7.856436967849731445e-01 8.871512413024902344e-01 0.000000000000000000e+00
4.123271703720092773e-01 3.570729196071624756e-01 6.782422065734863281e-01 7.365651130676269531e-01 8.241638541221618652e-01 0.000000000000000000e+00
-4.868517220020294189e-01 -4.796818196773529053e-01 -4.524637758731842041e-01 9.153478592634201050e-02 3.960866332054138184e-01 0.000000000000000000e+00
-5.562494993209838867e-01 -5.883827209472656250e-01 -5.817610025405883789e-01 -5.663799047470092773e-01 -5.496859550476074219e-01 0.000000000000000000e+00
-4.040985107421875000e-01 -6.571933031082153320e-01 -7.306497693061828613e-01 -7.672228217124938965e-01 -7.348628044128417969e-01 0.000000000000000000e+00
3.344643712043762207e-01 2.399872094392776489e-01 5.857270359992980957e-01 5.164413452148437500e-01 5.393982529640197754e-01 0.000000000000000000e+00
6.269744634628295898e-01 7.650694251060485840e-01 8.178652524948120117e-01 8.141354322433471680e-01 8.608655333518981934e-01 0.000000000000000000e+00
-6.434112191200256348e-01 -6.347848176956176758e-01 -2.245949804782867432e-01 5.813012123107910156e-01 9.556742310523986816e-01 0.000000000000000000e+00
-6.816970109939575195e-01 -7.131010293960571289e-01 -7.267935276031494141e-01 -7.218713760375976562e-01 -7.207971811294555664e-01 0.000000000000000000e+00
2.418329864740371704e-01 3.740983903408050537e-01 2.316931635141372681e-01 -2.597915828227996826e-01 -4.600561559200286865e-01 0.000000000000000000e+00
-6.421905755996704102e-01 -6.186401844024658203e-01 -5.174825787544250488e-01 5.139771103858947754e-01 7.339165210723876953e-01 0.000000000000000000e+00
-6.077078580856323242e-01 -6.587424278259277344e-01 -6.748902797698974609e-01 -6.788144111633300781e-01 -6.787478923797607422e-01 0.000000000000000000e+00
-5.301693677902221680e-01 -5.218939185142517090e-01 -6.212627887725830078e-01 -6.162056922912597656e-01 -5.514144897460937500e-01 0.000000000000000000e+00
-3.836152553558349609e-01 -4.768994748592376709e-01 -5.697208046913146973e-01 -5.777826309204101562e-01 -5.653140544891357422e-01 0.000000000000000000e+00
5.086222887039184570e-01 7.349404692649841309e-01 8.626966476440429688e-01 8.634060621261596680e-01 8.450842499732971191e-01 0.000000000000000000e+00
6.069813966751098633e-01 6.908285021781921387e-01 7.973369359970092773e-01 8.174096941947937012e-01 8.091561198234558105e-01 0.000000000000000000e+00
4.745793342590332031e-01 7.616611719131469727e-01 7.356643080711364746e-01 8.271778821945190430e-01 8.978226780891418457e-01 0.000000000000000000e+00
8.445709347724914551e-01 8.629946708679199219e-01 9.170584678649902344e-01 9.160427451133728027e-01 9.455783367156982422e-01 0.000000000000000000e+00
8.525028228759765625e-01 9.409094452857971191e-01 9.754034876823425293e-01 9.815212488174438477e-01 9.851592779159545898e-01 0.000000000000000000e+00
8.271137475967407227e-01 9.278145432472229004e-01 9.735424518585205078e-01 9.880233407020568848e-01 9.923189878463745117e-01 0.000000000000000000e+00
4.659656584262847900e-01 7.189102768898010254e-01 8.164578676223754883e-01 9.360616207122802734e-01 9.637327790260314941e-01 0.000000000000000000e+00
-5.032055974006652832e-01 -5.545184612274169922e-01 -6.006361842155456543e-01 -6.286451816558837891e-01 -6.569162607192993164e-01 1.000000000000000000e+00
4.176945984363555908e-02 5.358780622482299805e-01 7.228757143020629883e-01 7.980079650878906250e-01 6.940047740936279297e-01 2.000000000000000000e+00
-5.032055974006652832e-01 -5.545184612274169922e-01 -6.006361842155456543e-01 -6.286451816558837891e-01 -6.569162607192993164e-01 1.000000000000000000e+00
4.176945984363555908e-02 5.358780622482299805e-01 7.228757143020629883e-01 7.980079650878906250e-01 6.940047740936279297e-01 2.000000000000000000e+00
-5.032055974006652832e-01 -5.545184612274169922e-01 -6.006361842155456543e-01 -6.286451816558837891e-01 -6.569162607192993164e-01 1.000000000000000000e+00
4.176945984363555908e-02 5.358780622482299805e-01 7.228757143020629883e-01 7.980079650878906250e-01 6.940047740936279297e-01 2.000000000000000000e+00
-5.032055974006652832e-01 -5.545184612274169922e-01 -6.006361842155456543e-01 -6.286451816558837891e-01 -6.569162607192993164e-01 1.000000000000000000e+00
4.176945984363555908e-02 5.358780622482299805e-01 7.228757143020629883e-01 7.980079650878906250e-01 6.940047740936279297e-01 2.000000000000000000e+00
-5.032055974006652832e-01 -5.545184612274169922e-01 -6.006361842155456543e-01 -6.286451816558837891e-01 -6.569162607192993164e-01 1.000000000000000000e+00
4.176945984363555908e-02 5.358780622482299805e-01 7.228757143020629883e-01 7.980079650878906250e-01 6.940047740936279297e-01 2.000000000000000000e+00
-5.032055974006652832e-01 -5.545184612274169922e-01 -6.006361842155456543e-01 -6.286451816558837891e-01 -6.569162607192993164e-01 1.000000000000000000e+00
4.176945984363555908e-02 5.358780622482299805e-01 7.228757143020629883e-01 7.980079650878906250e-01 6.940047740936279297e-01 2.000000000000000000e+00
-5.032055974006652832e-01 -5.545184612274169922e-01 -6.006361842155456543e-01 -6.286451816558837891e-01 -6.569162607192993164e-01 1.000000000000000000e+00
4.176945984363555908e-02 5.358780622482299805e-01 7.228757143020629883e-01 7.980079650878906250e-01 6.940047740936279297e-01 2.000000000000000000e+00
-5.032055974006652832e-01 -5.545184612274169922e-01 -6.006361842155456543e-01 -6.286451816558837891e-01 -6.569162607192993164e-01 1.000000000000000000e+00
4.176945984363555908e-02 5.358780622482299805e-01 7.228757143020629883e-01 7.980079650878906250e-01 6.940047740936279297e-01 2.000000000000000000e+00
-5.032055974006652832e-01 -5.545184612274169922e-01 -6.006361842155456543e-01 -6.286451816558837891e-01 -6.569162607192993164e-01 1.000000000000000000e+00
4.176945984363555908e-02 5.358780622482299805e-01 7.228757143020629883e-01 7.980079650878906250e-01 6.940047740936279297e-01 2.000000000000000000e+00
-5.032055974006652832e-01 -5.545184612274169922e-01 -6.006361842155456543e-01 -6.286451816558837891e-01 -6.569162607192993164e-01 1.000000000000000000e+00
4.176945984363555908e-02 5.358780622482299805e-01 7.228757143020629883e-01 7.980079650878906250e-01 6.940047740936279297e-01 2.000000000000000000e+00
8.275521993637084961e-01 8.950133919715881348e-01 9.706345796585083008e-01 9.804985523223876953e-01 9.819343090057373047e-01 0.000000000000000000e+00
3.693095743656158447e-01 8.252760171890258789e-01 9.421817660331726074e-01 9.706506133079528809e-01 9.889566898345947266e-01 0.000000000000000000e+00
6.599076986312866211e-01 9.171836972236633301e-01 9.276197552680969238e-01 9.256796836853027344e-01 9.211462736129760742e-01 0.000000000000000000e+00
5.608803629875183105e-01 8.930023312568664551e-01 9.245828986167907715e-01 9.684203267097473145e-01 9.804332256317138672e-01 0.000000000000000000e+00
-1.078339014202356339e-02 1.760695427656173706e-01 5.632156133651733398e-01 7.181452512741088867e-01 9.051623940467834473e-01 0.000000000000000000e+00
8.757303953170776367e-01 9.240232706069946289e-01 9.458782076835632324e-01 9.505624175071716309e-01 9.700757861137390137e-01 0.000000000000000000e+00
7.150787115097045898e-01 9.088630080223083496e-01 9.453216195106506348e-01 9.837094545364379883e-01 9.914429187774658203e-01 0.000000000000000000e+00
-4.269208014011383057e-01 -5.111953020095825195e-01 -5.393152236938476562e-01 -5.600458383560180664e-01 -5.524701476097106934e-01 0.000000000000000000e+00
-4.460227787494659424e-01 -4.516238570213317871e-01 -2.657151818275451660e-01 2.046430483460426331e-02 1.400608867406845093e-01 0.000000000000000000e+00
3.298759758472442627e-01 5.229979157447814941e-01 6.185611486434936523e-01 5.737282037734985352e-01 1.205154731869697571e-01 0.000000000000000000e+00
2.809991538524627686e-01 4.121885299682617188e-01 4.553558528423309326e-01 4.630522131919860840e-01 5.036077499389648438e-01 0.000000000000000000e+00
2.941214740276336670e-01 4.053925871849060059e-01 4.559495747089385986e-01 4.595791995525360107e-01 4.496957361698150635e-01 0.000000000000000000e+00
2.696577608585357666e-01 3.957923054695129395e-01 4.385472238063812256e-01 4.652407169342041016e-01 4.759408235549926758e-01 0.000000000000000000e+00
2.541764676570892334e-01 3.693982064723968506e-01 4.043657481670379639e-01 4.343836307525634766e-01 4.596506655216217041e-01 0.000000000000000000e+00
-1.867182105779647827e-01 1.737478524446487427e-01 3.643769025802612305e-01 4.784137606620788574e-01 7.238553166389465332e-01 0.000000000000000000e+00
1.319084316492080688e-01 4.114057719707489014e-01 6.679025888442993164e-01 3.771071135997772217e-01 4.574446082115173340e-01 0.000000000000000000e+00
7.690727710723876953e-01 8.481332659721374512e-01 8.998409509658813477e-01 9.235534667968750000e-01 9.123989343643188477e-01 0.000000000000000000e+00
8.382562398910522461e-01 9.545180201530456543e-01 9.667855501174926758e-01 9.804712533950805664e-01 9.827280640602111816e-01 0.000000000000000000e+00
8.201668858528137207e-01 9.211427569389343262e-01 9.779790639877319336e-01 9.887580275535583496e-01 9.889713525772094727e-01 0.000000000000000000e+00
-5.892968177795410156e-01 -6.700423955917358398e-01 -6.998065710067749023e-01 -6.852152347564697266e-01 -6.783207654953002930e-01 1.000000000000000000e+00
-3.011338114738464355e-01 -5.959584712982177734e-01 -5.896904468536376953e-01 -5.827890634536743164e-01 -6.086671352386474609e-01 2.000000000000000000e+00
-5.892968177795410156e-01 -6.700423955917358398e-01 -6.998065710067749023e-01 -6.852152347564697266e-01 -6.783207654953002930e-01 1.000000000000000000e+00
-3.011338114738464355e-01 -5.959584712982177734e-01 -5.896904468536376953e-01 -5.827890634536743164e-01 -6.086671352386474609e-01 2.000000000000000000e+00
-5.892968177795410156e-01 -6.700423955917358398e-01 -6.998065710067749023e-01 -6.852152347564697266e-01 -6.783207654953002930e-01 1.000000000000000000e+00
-3.011338114738464355e-01 -5.959584712982177734e-01 -5.896904468536376953e-01 -5.827890634536743164e-01 -6.086671352386474609e-01 2.000000000000000000e+00
-5.892968177795410156e-01 -6.700423955917358398e-01 -6.998065710067749023e-01 -6.852152347564697266e-01 -6.783207654953002930e-01 1.000000000000000000e+00
-3.011338114738464355e-01 -5.959584712982177734e-01 -5.896904468536376953e-01 -5.827890634536743164e-01 -6.086671352386474609e-01 2.000000000000000000e+00
-5.892968177795410156e-01 -6.700423955917358398e-01 -6.998065710067749023e-01 -6.852152347564697266e-01 -6.783207654953002930e-01 1.000000000000000000e+00
-3.011338114738464355e-01 -5.959584712982177734e-01 -5.896904468536376953e-01 -5.827890634536743164e-01 -6.086671352386474609e-01 2.000000000000000000e+00
-5.892968177795410156e-01 -6.700423955917358398e-01 -6.998065710067749023e-01 -6.852152347564697266e-01 -6.783207654953002930e-01 1.000000000000000000e+00
-3.011338114738464355e-01 -5.959584712982177734e-01 -5.896904468536376953e-01 -5.827890634536743164e-01 -6.086671352386474609e-01 2.000000000000000000e+00
-5.892968177795410156e-01 -6.700423955917358398e-01 -6.998065710067749023e-01 -6.852152347564697266e-01 -6.783207654953002930e-01 1.000000000000000000e+00
-3.011338114738464355e-01 -5.959584712982177734e-01 -5.896904468536376953e-01 -5.827890634536743164e-01 -6.086671352386474609e-01 2.000000000000000000e+00
-5.892968177795410156e-01 -6.700423955917358398e-01 -6.998065710067749023e-01 -6.852152347564697266e-01 -6.783207654953002930e-01 1.000000000000000000e+00
-3.011338114738464355e-01 -5.959584712982177734e-01 -5.896904468536376953e-01 -5.827890634536743164e-01 -6.086671352386474609e-01 2.000000000000000000e+00
-5.892968177795410156e-01 -6.700423955917358398e-01 -6.998065710067749023e-01 -6.852152347564697266e-01 -6.783207654953002930e-01 1.000000000000000000e+00
-3.011338114738464355e-01 -5.959584712982177734e-01 -5.896904468536376953e-01 -5.827890634536743164e-01 -6.086671352386474609e-01 2.000000000000000000e+00
-5.892968177795410156e-01 -6.700423955917358398e-01 -6.998065710067749023e-01 -6.852152347564697266e-01 -6.783207654953002930e-01 1.000000000000000000e+00
-3.011338114738464355e-01 -5.959584712982177734e-01 -5.896904468536376953e-01 -5.827890634536743164e-01 -6.086671352386474609e-01 2.000000000000000000e+00
-2.145711332559585571e-01 7.714861035346984863e-01 8.557155728340148926e-01 9.185457229614257812e-01 9.486790299415588379e-01 0.000000000000000000e+00
-6.501150131225585938e-01 -6.455868482589721680e-01 -6.701641082763671875e-01 -6.129533052444458008e-01 -3.533503413200378418e-01 0.000000000000000000e+00
1.086279004812240601e-01 -2.809315919876098633e-01 -5.560272336006164551e-01 -6.007501482963562012e-01 -6.449371576309204102e-01 0.000000000000000000e+00
9.440839290618896484e-01 9.757151603698730469e-01 9.951996803283691406e-01 9.956830739974975586e-01 9.959253668785095215e-01 0.000000000000000000e+00
9.225522875785827637e-01 9.779048562049865723e-01 9.918521642684936523e-01 9.958088397979736328e-01 9.971079230308532715e-01 0.000000000000000000e+00
8.925755023956298828e-01 9.774580001831054688e-01 9.921933412551879883e-01 9.793063402175903320e-01 8.818770051002502441e-01 1.000000000000000000e+00
-4.353927448391914368e-02 5.050414800643920898e-01 8.358490467071533203e-01 9.828997254371643066e-01 9.946215748786926270e-01 2.000000000000000000e+00
8.925755023956298828e-01 9.774580001831054688e-01 9.921933412551879883e-01 9.793063402175903320e-01 8.818770051002502441e-01 1.000000000000000000e+00
-4.353927448391914368e-02 5.050414800643920898e-01 8.358490467071533203e-01 9.828997254371643066e-01 9.946215748786926270e-01 2.000000000000000000e+00
8.925755023956298828e-01 9.774580001831054688e-01 9.921933412551879883e-01 9.793063402175903320e-01 8.818770051002502441e-01 1.000000000000000000e+00
-4.353927448391914368e-02 5.050414800643920898e-01 8.358490467071533203e-01 9.828997254371643066e-01 9.946215748786926270e-01 2.000000000000000000e+00
8.925755023956298828e-01 9.774580001831054688e-01 9.921933412551879883e-01 9.793063402175903320e-01 8.818770051002502441e-01 1.000000000000000000e+00
-4.353927448391914368e-02 5.050414800643920898e-01 8.358490467071533203e-01 9.828997254371643066e-01 9.946215748786926270e-01 2.000000000000000000e+00
8.925755023956298828e-01 9.774580001831054688e-01 9.921933412551879883e-01 9.793063402175903320e-01 8.818770051002502441e-01 1.000000000000000000e+00
-4.353927448391914368e-02 5.050414800643920898e-01 8.358490467071533203e-01 9.828997254371643066e-01 9.946215748786926270e-01 2.000000000000000000e+00
8.925755023956298828e-01 9.774580001831054688e-01 9.921933412551879883e-01 9.793063402175903320e-01 8.818770051002502441e-01 1.000000000000000000e+00
-4.353927448391914368e-02 5.050414800643920898e-01 8.358490467071533203e-01 9.828997254371643066e-01 9.946215748786926270e-01 2.000000000000000000e+00
8.925755023956298828e-01 9.774580001831054688e-01 9.921933412551879883e-01 9.793063402175903320e-01 8.818770051002502441e-01 1.000000000000000000e+00
-4.353927448391914368e-02 5.050414800643920898e-01 8.358490467071533203e-01 9.828997254371643066e-01 9.946215748786926270e-01 2.000000000000000000e+00
8.925755023956298828e-01 9.774580001831054688e-01 9.921933412551879883e-01 9.793063402175903320e-01 8.818770051002502441e-01 1.000000000000000000e+00
-4.353927448391914368e-02 5.050414800643920898e-01 8.358490467071533203e-01 9.828997254371643066e-01 9.946215748786926270e-01 2.000000000000000000e+00
8.925755023956298828e-01 9.774580001831054688e-01 9.921933412551879883e-01 9.793063402175903320e-01 8.818770051002502441e-01 1.000000000000000000e+00
-4.353927448391914368e-02 5.050414800643920898e-01 8.358490467071533203e-01 9.828997254371643066e-01 9.946215748786926270e-01 2.000000000000000000e+00
8.925755023956298828e-01 9.774580001831054688e-01 9.921933412551879883e-01 9.793063402175903320e-01 8.818770051002502441e-01 1.000000000000000000e+00
-4.353927448391914368e-02 5.050414800643920898e-01 8.358490467071533203e-01 9.828997254371643066e-01 9.946215748786926270e-01 2.000000000000000000e+00
-4.797358810901641846e-01 -4.843977689743041992e-01 -4.953431785106658936e-01 -4.767590761184692383e-01 -4.468783736228942871e-01 0.000000000000000000e+00
-2.783019244670867920e-01 -4.246334731578826904e-01 -4.637819528579711914e-01 -4.660567045211791992e-01 -4.424735903739929199e-01 0.000000000000000000e+00
2.287430465221405029e-01 3.336913883686065674e-01 4.748926162719726562e-01 5.680581331253051758e-01 2.710591256618499756e-01 0.000000000000000000e+00
2.885450720787048340e-01 6.044700145721435547e-01 7.004849314689636230e-01 7.561077475547790527e-01 8.806541562080383301e-01 0.000000000000000000e+00
5.050097107887268066e-01 5.844101905822753906e-01 8.687964081764221191e-01 9.227259159088134766e-01 9.424530863761901855e-01 0.000000000000000000e+00
5.680731534957885742e-01 5.989310145378112793e-01 6.377412080764770508e-01 7.939556241035461426e-01 8.506512045860290527e-01 0.000000000000000000e+00
6.115127801895141602e-01 7.114205956459045410e-01 7.511979937553405762e-01 8.362985253334045410e-01 8.778617382049560547e-01 0.000000000000000000e+00
-4.614725112915039062e-01 1.577015966176986694e-01 6.237361431121826172e-01 7.977764606475830078e-01 8.812426328659057617e-01 0.000000000000000000e+00
-5.384230017662048340e-01 -5.459406375885009766e-01 -5.403079986572265625e-01 -5.386667251586914062e-01 -5.157942771911621094e-01 0.000000000000000000e+00
-5.689783096313476562e-01 -5.694930553436279297e-01 -5.249657630920410156e-01 -5.069237351417541504e-01 -4.944652020931243896e-01 0.000000000000000000e+00
-5.772703886032104492e-01 -5.893931388854980469e-01 -5.968923568725585938e-01 -6.097536087036132812e-01 -6.262761354446411133e-01 0.000000000000000000e+00
-5.564652681350708008e-01 -5.740089416503906250e-01 -6.054897308349609375e-01 -6.155916452407836914e-01 -6.184535026550292969e-01 0.000000000000000000e+00
-5.442038774490356445e-01 -5.415011644363403320e-01 -5.366245508193969727e-01 -5.226508378982543945e-01 -5.277779102325439453e-01 0.000000000000000000e+00
-4.770153164863586426e-01 -4.835200309753417969e-01 -4.795646667480468750e-01 -3.997860252857208252e-01 -4.621255397796630859e-01 0.000000000000000000e+00
8.203583955764770508e-01 9.328324794769287109e-01 9.739377498626708984e-01 9.790883660316467285e-01 9.845777750015258789e-01 0.000000000000000000e+00
7.043976783752441406e-01 8.622918725013732910e-01 9.340476989746093750e-01 9.640751481056213379e-01 9.808835387229919434e-01 0.000000000000000000e+00
7.535783052444458008e-01 8.853772878646850586e-01 9.585397243499755859e-01 9.620025157928466797e-01 9.662806391716003418e-01 0.000000000000000000e+00
8.088148236274719238e-01 9.231748580932617188e-01 9.496920108795166016e-01 9.626157879829406738e-01 9.774754047393798828e-01 0.000000000000000000e+00
8.166951537132263184e-01 9.315786361694335938e-01 9.713222980499267578e-01 9.888655543327331543e-01 9.895054697990417480e-01 0.000000000000000000e+00
8.127144575119018555e-01 9.361101984977722168e-01 9.611451029777526855e-01 9.846386909484863281e-01 9.912769794464111328e-01 0.000000000000000000e+00
8.236089348793029785e-01 9.228657484054565430e-01 9.495654702186584473e-01 9.720388650894165039e-01 9.840880632400512695e-01 0.000000000000000000e+00
-5.413859486579895020e-01 -5.490222573280334473e-01 -5.740675926208496094e-01 -4.693828523159027100e-01 -5.214677453041076660e-01 0.000000000000000000e+00
-2.915028333663940430e-01 -3.685123324394226074e-01 -3.800500929355621338e-01 -4.269832670688629150e-01 -4.117637276649475098e-01 0.000000000000000000e+00
-5.812659263610839844e-01 -6.473643779754638672e-01 -6.577381491661071777e-01 -6.458451747894287109e-01 -6.066761016845703125e-01 0.000000000000000000e+00
-6.567993164062500000e-01 -6.842637062072753906e-01 -6.964220404624938965e-01 -6.989198327064514160e-01 -6.876412034034729004e-01 0.000000000000000000e+00
-5.262687802314758301e-01 -5.754553079605102539e-01 -5.795981287956237793e-01 -6.018522977828979492e-01 -6.556448340415954590e-01 0.000000000000000000e+00
1.450701802968978882e-01 2.117820829153060913e-01 8.100808411836624146e-02 4.947005510330200195e-01 4.339990019798278809e-01 0.000000000000000000e+00
-6.433500051498413086e-01 -6.897419095039367676e-01 -6.973977088928222656e-01 -5.687167644500732422e-01 -5.832592248916625977e-01 1.000000000000000000e+00
-4.074056148529052734e-01 -5.472245216369628906e-01 -5.903775691986083984e-01 -6.221312284469604492e-01 -6.524522304534912109e-01 2.000000000000000000e+00
-6.433500051498413086e-01 -6.897419095039367676e-01 -6.973977088928222656e-01 -5.687167644500732422e-01 -5.832592248916625977e-01 1.000000000000000000e+00
-4.074056148529052734e-01 -5.472245216369628906e-01 -5.903775691986083984e-01 -6.221312284469604492e-01 -6.524522304534912109e-01 2.000000000000000000e+00
-6.433500051498413086e-01 -6.897419095039367676e-01 -6.973977088928222656e-01 -5.687167644500732422e-01 -5.832592248916625977e-01 1.000000000000000000e+00
-4.074056148529052734e-01 -5.472245216369628906e-01 -5.903775691986083984e-01 -6.221312284469604492e-01 -6.524522304534912109e-01 2.000000000000000000e+00
-6.433500051498413086e-01 -6.897419095039367676e-01 -6.973977088928222656e-01 -5.687167644500732422e-01 -5.832592248916625977e-01 1.000000000000000000e+00
-4.074056148529052734e-01 -5.472245216369628906e-01 -5.903775691986083984e-01 -6.221312284469604492e-01 -6.524522304534912109e-01 2.000000000000000000e+00
-6.433500051498413086e-01 -6.897419095039367676e-01 -6.973977088928222656e-01 -5.687167644500732422e-01 -5.832592248916625977e-01 1.000000000000000000e+00
-4.074056148529052734e-01 -5.472245216369628906e-01 -5.903775691986083984e-01 -6.221312284469604492e-01 -6.524522304534912109e-01 2.000000000000000000e+00
-6.433500051498413086e-01 -6.897419095039367676e-01 -6.973977088928222656e-01 -5.687167644500732422e-01 -5.832592248916625977e-01 1.000000000000000000e+00
-4.074056148529052734e-01 -5.472245216369628906e-01 -5.903775691986083984e-01 -6.221312284469604492e-01 -6.524522304534912109e-01 2.000000000000000000e+00
-6.433500051498413086e-01 -6.897419095039367676e-01 -6.973977088928222656e-01 -5.687167644500732422e-01 -5.832592248916625977e-01 1.000000000000000000e+00
-4.074056148529052734e-01 -5.472245216369628906e-01 -5.903775691986083984e-01 -6.221312284469604492e-01 -6.524522304534912109e-01 2.000000000000000000e+00
-6.433500051498413086e-01 -6.897419095039367676e-01 -6.973977088928222656e-01 -5.687167644500732422e-01 -5.832592248916625977e-01 1.000000000000000000e+00
-4.074056148529052734e-01 -5.472245216369628906e-01 -5.903775691986083984e-01 -6.221312284469604492e-01 -6.524522304534912109e-01 2.000000000000000000e+00
-6.433500051498413086e-01 -6.897419095039367676e-01 -6.973977088928222656e-01 -5.687167644500732422e-01 -5.832592248916625977e-01 1.000000000000000000e+00
-4.074056148529052734e-01 -5.472245216369628906e-01 -5.903775691986083984e-01 -6.221312284469604492e-01 -6.524522304534912109e-01 2.000000000000000000e+00
-6.433500051498413086e-01 -6.897419095039367676e-01 -6.973977088928222656e-01 -5.687167644500732422e-01 -5.832592248916625977e-01 1.000000000000000000e+00
-4.074056148529052734e-01 -5.472245216369628906e-01 -5.903775691986083984e-01 -6.221312284469604492e-01 -6.524522304534912109e-01 2.000000000000000000e+00
9.746475219726562500e-01 9.965283870697021484e-01 9.990069270133972168e-01 9.996671676635742188e-01 9.998530149459838867e-01 0.000000000000000000e+00
9.711482524871826172e-01 9.932829141616821289e-01 9.992399811744689941e-01 9.997087717056274414e-01 9.999179244041442871e-01 0.000000000000000000e+00
9.837733507156372070e-01 9.981465935707092285e-01 9.997446537017822266e-01 9.998869895935058594e-01 9.999507069587707520e-01 0.000000000000000000e+00
9.682028889656066895e-01 9.979075789451599121e-01 9.998039007186889648e-01 9.999380707740783691e-01 9.999823570251464844e-01 0.000000000000000000e+00
9.793787598609924316e-01 9.976104497909545898e-01 9.996542930603027344e-01 9.999197721481323242e-01 9.999703168869018555e-01 0.000000000000000000e+00
9.693688154220581055e-01 9.967774748802185059e-01 9.991640448570251465e-01 9.998257756233215332e-01 9.999614357948303223e-01 0.000000000000000000e+00
9.597416520118713379e-01 9.943355917930603027e-01 9.991844296455383301e-01 9.997569322586059570e-01 9.999409914016723633e-01 0.000000000000000000e+00
8.878382444381713867e-01 9.678678512573242188e-01 9.848836064338684082e-01 9.915562272071838379e-01 9.941489100456237793e-01 0.000000000000000000e+00
9.300205111503601074e-01 9.814619421958923340e-01 9.928604960441589355e-01 9.952958226203918457e-01 9.967216849327087402e-01 0.000000000000000000e+00
9.375072121620178223e-01 9.804217219352722168e-01 9.914878010749816895e-01 9.954599738121032715e-01 9.984034299850463867e-01 0.000000000000000000e+00
9.383535981178283691e-01 9.866734743118286133e-01 9.956686496734619141e-01 9.979594349861145020e-01 9.989581704139709473e-01 0.000000000000000000e+00
9.520992040634155273e-01 9.875866770744323730e-01 9.967342615127563477e-01 9.986302256584167480e-01 9.994134902954101562e-01 0.000000000000000000e+00
8.258157968521118164e-01 9.019901156425476074e-01 9.493495225906372070e-01 9.821088314056396484e-01 9.951754808425903320e-01 0.000000000000000000e+00
4.310294240713119507e-02 5.039739012718200684e-01 6.297124624252319336e-01 7.652216553688049316e-01 8.614551424980163574e-01 0.000000000000000000e+00
8.075807690620422363e-01 9.249055385589599609e-01 9.476276636123657227e-01 9.609334468841552734e-01 9.696391224861145020e-01 0.000000000000000000e+00
7.301192283630371094e-01 9.081190824508666992e-01 9.591393470764160156e-01 9.803050756454467773e-01 9.899866580963134766e-01 0.000000000000000000e+00
2.526069879531860352e-01 5.596688985824584961e-01 8.050888776779174805e-01 8.612183332443237305e-01 9.413376450538635254e-01 0.000000000000000000e+00
7.287842631340026855e-01 8.858615756034851074e-01 9.325339198112487793e-01 9.374718070030212402e-01 9.248411655426025391e-01 0.000000000000000000e+00
2.645989954471588135e-01 7.117931842803955078e-01 8.202857971191406250e-01 8.437567353248596191e-01 8.981296420097351074e-01 0.000000000000000000e+00
5.384327769279479980e-01 7.001940011978149414e-01 8.517350554466247559e-01 8.696811795234680176e-01 9.026255011558532715e-01 0.000000000000000000e+00
4.962194263935089111e-01 7.023639678955078125e-01 8.060277104377746582e-01 8.625013232231140137e-01 9.325099587440490723e-01 0.000000000000000000e+00
4.591175019741058350e-01 8.862518668174743652e-01 9.392982721328735352e-01 9.681448340415954590e-01 9.760044813156127930e-01 0.000000000000000000e+00
-9.051284939050674438e-02 -1.315892934799194336e-01 -2.018089406192302704e-02 -9.304866939783096313e-02 8.904056157916784286e-04 0.000000000000000000e+00
-6.509593725204467773e-01 -6.793969273567199707e-01 -5.276407003402709961e-01 -3.479614108800888062e-02 6.743164658546447754e-01 0.000000000000000000e+00
-6.202009916305541992e-01 -6.714808344841003418e-01 -7.001352310180664062e-01 -6.967321038246154785e-01 -6.976546645164489746e-01 0.000000000000000000e+00
-5.811342000961303711e-01 -6.460380554199218750e-01 -6.636452674865722656e-01 -5.994781255722045898e-01 -5.999302864074707031e-01 0.000000000000000000e+00
-6.654207706451416016e-01 -6.790264844894409180e-01 -6.912791132926940918e-01 -6.777133941650390625e-01 -6.938059329986572266e-01 0.000000000000000000e+00
-5.330815315246582031e-01 -6.445994973182678223e-01 -6.830743551254272461e-01 -7.025901675224304199e-01 -7.113732099533081055e-01 0.000000000000000000e+00
8.964154720306396484e-01 9.708825349807739258e-01 9.667865633964538574e-01 9.816973209381103516e-01 9.834898114204406738e-01 0.000000000000000000e+00
9.645692706108093262e-01 9.922632575035095215e-01 9.975416064262390137e-01 9.986500740051269531e-01 9.991161823272705078e-01 0.000000000000000000e+00
9.542950391769409180e-01 9.953163862228393555e-01 9.988572597503662109e-01 9.996534585952758789e-01 9.998031854629516602e-01 0.000000000000000000e+00
9.300711750984191895e-01 9.640550613403320312e-01 9.811683297157287598e-01 9.946810603141784668e-01 9.974367618560791016e-01 0.000000000000000000e+00
7.796605825424194336e-01 8.645107746124267578e-01 9.410093426704406738e-01 9.846228361129760742e-01 9.927808046340942383e-01 0.000000000000000000e+00
8.076993227005004883e-01 9.190680980682373047e-01 9.777463078498840332e-01 9.911162257194519043e-01 9.923195838928222656e-01 0.000000000000000000e+00
8.388377428054809570e-01 9.450193643569946289e-01 9.640533924102783203e-01 9.834690093994140625e-01 9.804345965385437012e-01 0.000000000000000000e+00
8.921166062355041504e-01 9.519534707069396973e-01 9.823445677757263184e-01 9.903164505958557129e-01 9.939579367637634277e-01 0.000000000000000000e+00
8.960766792297363281e-01 9.627231955528259277e-01 9.832230210304260254e-01 9.910128712654113770e-01 9.945808649063110352e-01 0.000000000000000000e+00
8.991221785545349121e-01 9.617249965667724609e-01 9.844902753829956055e-01 9.923356771469116211e-01 9.950481057167053223e-01 0.000000000000000000e+00
9.017571210861206055e-01 9.601825475692749023e-01 9.803202748298645020e-01 9.864133596420288086e-01 9.923232197761535645e-01 0.000000000000000000e+00
8.915500044822692871e-01 9.533228874206542969e-01 9.827516078948974609e-01 9.920563697814941406e-01 9.948753118515014648e-01 0.000000000000000000e+00
9.190859794616699219e-01 9.754579663276672363e-01 9.883422255516052246e-01 9.924964308738708496e-01 9.949112534523010254e-01 0.000000000000000000e+00
8.826003670692443848e-01 9.387431144714355469e-01 9.810043573379516602e-01 9.962313175201416016e-01 9.972255229949951172e-01 0.000000000000000000e+00
9.657307863235473633e-01 9.899132251739501953e-01 9.986895322799682617e-01 9.996049404144287109e-01 9.998815059661865234e-01 0.000000000000000000e+00
9.249317646026611328e-01 9.828074574470520020e-01 9.942767620086669922e-01 9.983069896697998047e-01 9.990299344062805176e-01 0.000000000000000000e+00
7.975682020187377930e-01 8.685684204101562500e-01 9.575573801994323730e-01 9.831956028938293457e-01 9.925023913383483887e-01 0.000000000000000000e+00
7.651507854461669922e-01 8.482162952423095703e-01 9.264705777168273926e-01 9.717336297035217285e-01 9.836263656616210938e-01 0.000000000000000000e+00
5.825915336608886719e-01 8.533652424812316895e-01 9.053544998168945312e-01 9.481479525566101074e-01 9.619072079658508301e-01 0.000000000000000000e+00
-1.591576188802719116e-01 2.815043926239013672e-01 4.828598797321319580e-01 6.452181339263916016e-01 7.805873155593872070e-01 0.000000000000000000e+00
-5.169739127159118652e-01 -5.545732975006103516e-01 -5.110492706298828125e-01 -5.026898384094238281e-01 -2.525961399078369141e-01 0.000000000000000000e+00
9.599775075912475586e-01 9.934212565422058105e-01 9.979882836341857910e-01 9.991483688354492188e-01 9.993274807929992676e-01 0.000000000000000000e+00
9.562681317329406738e-01 9.954534769058227539e-01 9.981761574745178223e-01 9.993033409118652344e-01 9.998389482498168945e-01 0.000000000000000000e+00
9.460783600807189941e-01 9.939208030700683594e-01 9.980482459068298340e-01 9.995518326759338379e-01 9.998199343681335449e-01 0.000000000000000000e+00
7.111462354660034180e-01 9.297963976860046387e-01 9.711982607841491699e-01 9.829403758049011230e-01 9.977233409881591797e-01 0.000000000000000000e+00
-5.024888366460800171e-02 -2.029802352190017700e-01 7.089524269104003906e-01 9.379194974899291992e-01 9.692914485931396484e-01 0.000000000000000000e+00
8.384049534797668457e-01 9.246844649314880371e-01 9.260463714599609375e-01 9.056020379066467285e-01 9.262721538543701172e-01 0.000000000000000000e+00
4.808649420738220215e-01 7.886731028556823730e-01 9.203518629074096680e-01 9.734709858894348145e-01 9.816817641258239746e-01 0.000000000000000000e+00
9.645054340362548828e-01 9.962744712829589844e-01 9.994183778762817383e-01 9.998242259025573730e-01 9.998957514762878418e-01 0.000000000000000000e+00
9.441188573837280273e-01 9.952967762947082520e-01 9.992949962615966797e-01 9.997343420982360840e-01 9.999160170555114746e-01 0.000000000000000000e+00
9.865514636039733887e-01 9.989537596702575684e-01 9.998431801795959473e-01 9.999468326568603516e-01 9.999714493751525879e-01 0.000000000000000000e+00
9.810682535171508789e-01 9.976359009742736816e-01 9.995962381362915039e-01 9.999356269836425781e-01 9.999719858169555664e-01 0.000000000000000000e+00
9.771874547004699707e-01 9.980288743972778320e-01 9.996510148048400879e-01 9.999059438705444336e-01 9.999732375144958496e-01 0.000000000000000000e+00
9.795634746551513672e-01 9.976626038551330566e-01 9.994660019874572754e-01 9.998446106910705566e-01 9.999611377716064453e-01 0.000000000000000000e+00
9.649283885955810547e-01 9.894071221351623535e-01 9.984462261199951172e-01 9.994693994522094727e-01 9.998679161071777344e-01 0.000000000000000000e+00
3.869473636150360107e-01 4.494414627552032471e-01 4.700973331928253174e-01 4.928519129753112793e-01 5.116699934005737305e-01 0.000000000000000000e+00
4.196988344192504883e-01 4.988402724266052246e-01 5.678150653839111328e-01 5.937144756317138672e-01 6.069535017013549805e-01 0.000000000000000000e+00
5.352568626403808594e-01 5.965042114257812500e-01 6.318786144256591797e-01 6.624576449394226074e-01 6.718254089355468750e-01 0.000000000000000000e+00
4.743803739547729492e-01 6.187732219696044922e-01 6.611711382865905762e-01 7.043862342834472656e-01 7.182043194770812988e-01 0.000000000000000000e+00
2.304574400186538696e-01 3.865771293640136719e-01 4.220942854881286621e-01 5.170153975486755371e-01 5.829251408576965332e-01 0.000000000000000000e+00
2.399162650108337402e-01 4.141314923763275146e-01 4.940140545368194580e-01 5.477730035781860352e-01 5.830761194229125977e-01 0.000000000000000000e+00
6.090821027755737305e-01 6.680432558059692383e-01 6.700578927993774414e-01 6.364783048629760742e-01 6.385226249694824219e-01 0.000000000000000000e+00
7.364683151245117188e-01 8.787554502487182617e-01 9.578750133514404297e-01 9.800977706909179688e-01 9.894046187400817871e-01 0.000000000000000000e+00
2.916467189788818359e-01 5.814940929412841797e-01 6.759739518165588379e-01 7.337499856948852539e-01 9.051872491836547852e-01 0.000000000000000000e+00
-4.321241080760955811e-01 -2.281275689601898193e-01 3.041374981403350830e-01 5.485749244689941406e-01 5.281077027320861816e-01 0.000000000000000000e+00
-5.086572766304016113e-01 -1.526770889759063721e-01 4.902904331684112549e-01 7.009955644607543945e-01 6.761692762374877930e-01 0.000000000000000000e+00
-5.954488515853881836e-01 -4.877315461635589600e-01 -4.925038814544677734e-01 -4.503343105316162109e-01 -2.562753856182098389e-01 0.000000000000000000e+00
-6.309831738471984863e-01 -6.386849880218505859e-01 -6.650875806808471680e-01 -6.697775125503540039e-01 -6.821094155311584473e-01 0.000000000000000000e+00
-6.416416168212890625e-01 -6.576141119003295898e-01 -6.037278175354003906e-01 -6.237481832504272461e-01 -6.205143928527832031e-01 0.000000000000000000e+00
7.086774706840515137e-01 9.155163764953613281e-01 9.620940089225769043e-01 9.784631729125976562e-01 9.869385957717895508e-01 0.000000000000000000e+00
-4.984755814075469971e-01 -5.291319489479064941e-01 -3.658888041973114014e-01 5.520612597465515137e-01 7.055055499076843262e-01 0.000000000000000000e+00
2.872765064239501953e-01 3.962452709674835205e-01 2.417870238423347473e-02 -4.983102977275848389e-01 -5.527957081794738770e-01 0.000000000000000000e+00
-5.288618206977844238e-01 -5.465298891067504883e-01 -5.139149427413940430e-01 -4.385288059711456299e-01 -1.122081279754638672e-01 0.000000000000000000e+00
-4.962743222713470459e-01 -1.224605292081832886e-01 4.180847406387329102e-01 7.047625780105590820e-01 7.621480226516723633e-01 0.000000000000000000e+00
4.861887395381927490e-01 7.278237938880920410e-01 5.495330095291137695e-01 -2.089428752660751343e-01 -6.525749713182449341e-02 0.000000000000000000e+00
4.364295005798339844e-01 8.101925849914550781e-01 8.910582661628723145e-01 9.000874757766723633e-01 8.700286149978637695e-01 0.000000000000000000e+00
7.025099992752075195e-01 8.332409858703613281e-01 9.095821380615234375e-01 9.358618855476379395e-01 9.595480561256408691e-01 0.000000000000000000e+00
3.418143605813384056e-03 1.560323685407638550e-01 3.249569237232208252e-01 6.156897544860839844e-01 7.003777027130126953e-01 0.000000000000000000e+00
2.696348130702972412e-01 3.350817859172821045e-01 4.728374481201171875e-01 3.557320237159729004e-01 3.584880232810974121e-01 0.000000000000000000e+00
1.294685155153274536e-01 3.129853904247283936e-01 6.268798112869262695e-01 6.952337622642517090e-01 7.469347715377807617e-01 0.000000000000000000e+00
-4.660097956657409668e-01 -4.878381192684173584e-01 6.523022800683975220e-02 4.989266097545623779e-01 6.074597835540771484e-01 0.000000000000000000e+00
6.890563964843750000e-01 4.594218432903289795e-01 8.175589442253112793e-01 9.027695655822753906e-01 8.350845575332641602e-01 0.000000000000000000e+00
-3.891057074069976807e-01 -1.827182024717330933e-01 4.867973029613494873e-01 7.712034583091735840e-01 9.355900287628173828e-01 0.000000000000000000e+00
9.541640877723693848e-01 9.963459372520446777e-01 9.992802143096923828e-01 9.998684525489807129e-01 9.999176859855651855e-01 0.000000000000000000e+00
9.455555081367492676e-01 9.906747341156005859e-01 9.985218644142150879e-01 9.996377229690551758e-01 9.997458457946777344e-01 0.000000000000000000e+00
9.603875279426574707e-01 9.953542947769165039e-01 9.994880557060241699e-01 9.998175501823425293e-01 9.999020099639892578e-01 0.000000000000000000e+00
9.054455757141113281e-01 9.627763032913208008e-01 9.783802032470703125e-01 9.879983067512512207e-01 9.957817792892456055e-01 0.000000000000000000e+00
7.764573097229003906e-01 9.114992618560791016e-01 9.787169098854064941e-01 9.933704137802124023e-01 9.964138865470886230e-01 0.000000000000000000e+00
1.089213788509368896e-01 3.239066898822784424e-01 6.362890601158142090e-01 8.411742448806762695e-01 9.461749196052551270e-01 0.000000000000000000e+00
-3.503790795803070068e-01 2.363769859075546265e-01 5.803228616714477539e-01 5.425916910171508789e-01 7.240663766860961914e-01 0.000000000000000000e+00
9.517170190811157227e-01 9.889791011810302734e-01 9.962529540061950684e-01 9.982652068138122559e-01 9.990714192390441895e-01 0.000000000000000000e+00
9.539318084716796875e-01 9.898543953895568848e-01 9.968004822731018066e-01 9.987232685089111328e-01 9.993734955787658691e-01 0.000000000000000000e+00
9.491333961486816406e-01 9.879936575889587402e-01 9.961294531822204590e-01 9.982978105545043945e-01 9.991383552551269531e-01 0.000000000000000000e+00
9.551131129264831543e-01 9.892707467079162598e-01 9.965981245040893555e-01 9.985503554344177246e-01 9.992484450340270996e-01 0.000000000000000000e+00
9.573212265968322754e-01 9.906953573226928711e-01 9.972165226936340332e-01 9.988446235656738281e-01 9.994209408760070801e-01 0.000000000000000000e+00
9.538410305976867676e-01 9.899448752403259277e-01 9.969946742057800293e-01 9.987384676933288574e-01 9.993980526924133301e-01 0.000000000000000000e+00
9.544357657432556152e-01 9.900041222572326660e-01 9.968840479850769043e-01 9.986757040023803711e-01 9.993525147438049316e-01 0.000000000000000000e+00
-5.362596511840820312e-01 -5.322813987731933594e-01 -4.689357280731201172e-01 -4.067625701427459717e-01 -2.547170221805572510e-01 0.000000000000000000e+00
-5.963889360427856445e-01 -6.172776818275451660e-01 -5.700528025627136230e-01 -5.777616500854492188e-01 -5.399795770645141602e-01 0.000000000000000000e+00
-4.771832823753356934e-01 -5.237925648689270020e-01 -4.950375556945800781e-01 -4.856329858303070068e-01 -5.228094458580017090e-01 0.000000000000000000e+00
-4.140189290046691895e-01 -2.298066765069961548e-01 1.543274521827697754e-01 5.881355404853820801e-01 7.929885387420654297e-01 0.000000000000000000e+00
-5.392227768898010254e-01 -4.921826422214508057e-01 -5.211822986602783203e-01 -4.351990222930908203e-01 -1.568471640348434448e-01 0.000000000000000000e+00
-3.627265989780426025e-01 1.535448012873530388e-03 -4.393368661403656006e-01 -4.279825985431671143e-01 -4.423573315143585205e-01 0.000000000000000000e+00
7.428880929946899414e-01 8.030671477317810059e-01 7.472158074378967285e-01 7.462458610534667969e-01 8.433708548545837402e-01 0.000000000000000000e+00
-5.364123582839965820e-01 -5.202453136444091797e-01 -4.816054999828338623e-01 -3.644578754901885986e-01 -1.484587639570236206e-01 1.000000000000000000e+00
-5.381608605384826660e-01 -5.037538409233093262e-01 -4.696508646011352539e-01 -3.855449557304382324e-01 -2.566801309585571289e-01 2.000000000000000000e+00
-5.364123582839965820e-01 -5.202453136444091797e-01 -4.816054999828338623e-01 -3.644578754901885986e-01 -1.484587639570236206e-01 1.000000000000000000e+00
-5.381608605384826660e-01 -5.037538409233093262e-01 -4.696508646011352539e-01 -3.855449557304382324e-01 -2.566801309585571289e-01 2.000000000000000000e+00
-5.364123582839965820e-01 -5.202453136444091797e-01 -4.816054999828338623e-01 -3.644578754901885986e-01 -1.484587639570236206e-01 1.000000000000000000e+00
-5.381608605384826660e-01 -5.037538409233093262e-01 -4.696508646011352539e-01 -3.855449557304382324e-01 -2.566801309585571289e-01 2.000000000000000000e+00
-5.364123582839965820e-01 -5.202453136444091797e-01 -4.816054999828338623e-01 -3.644578754901885986e-01 -1.484587639570236206e-01 1.000000000000000000e+00
-5.381608605384826660e-01 -5.037538409233093262e-01 -4.696508646011352539e-01 -3.855449557304382324e-01 -2.566801309585571289e-01 2.000000000000000000e+00
-5.364123582839965820e-01 -5.202453136444091797e-01 -4.816054999828338623e-01 -3.644578754901885986e-01 -1.484587639570236206e-01 1.000000000000000000e+00
-5.381608605384826660e-01 -5.037538409233093262e-01 -4.696508646011352539e-01 -3.855449557304382324e-01 -2.566801309585571289e-01 2.000000000000000000e+00
-5.364123582839965820e-01 -5.202453136444091797e-01 -4.816054999828338623e-01 -3.644578754901885986e-01 -1.484587639570236206e-01 1.000000000000000000e+00
-5.381608605384826660e-01 -5.037538409233093262e-01 -4.696508646011352539e-01 -3.855449557304382324e-01 -2.566801309585571289e-01 2.000000000000000000e+00
-5.364123582839965820e-01 -5.202453136444091797e-01 -4.816054999828338623e-01 -3.644578754901885986e-01 -1.484587639570236206e-01 1.000000000000000000e+00
-5.381608605384826660e-01 -5.037538409233093262e-01 -4.696508646011352539e-01 -3.855449557304382324e-01 -2.566801309585571289e-01 2.000000000000000000e+00
-5.364123582839965820e-01 -5.202453136444091797e-01 -4.816054999828338623e-01 -3.644578754901885986e-01 -1.484587639570236206e-01 1.000000000000000000e+00
-5.381608605384826660e-01 -5.037538409233093262e-01 -4.696508646011352539e-01 -3.855449557304382324e-01 -2.566801309585571289e-01 2.000000000000000000e+00
-5.364123582839965820e-01 -5.202453136444091797e-01 -4.816054999828338623e-01 -3.644578754901885986e-01 -1.484587639570236206e-01 1.000000000000000000e+00
-5.381608605384826660e-01 -5.037538409233093262e-01 -4.696508646011352539e-01 -3.855449557304382324e-01 -2.566801309585571289e-01 2.000000000000000000e+00
-5.364123582839965820e-01 -5.202453136444091797e-01 -4.816054999828338623e-01 -3.644578754901885986e-01 -1.484587639570236206e-01 1.000000000000000000e+00
-5.381608605384826660e-01 -5.037538409233093262e-01 -4.696508646011352539e-01 -3.855449557304382324e-01 -2.566801309585571289e-01 2.000000000000000000e+00
6.163414716720581055e-01 7.421280741691589355e-01 7.473034858703613281e-01 8.104937076568603516e-01 8.386943936347961426e-01 0.000000000000000000e+00
6.057231426239013672e-01 6.996896862983703613e-01 7.889345884323120117e-01 8.283611536026000977e-01 8.397765755653381348e-01 0.000000000000000000e+00
5.571688413619995117e-01 6.343662738800048828e-01 6.965729594230651855e-01 7.829509973526000977e-01 8.070533871650695801e-01 0.000000000000000000e+00
2.735164761543273926e-01 4.799633920192718506e-01 5.617959499359130859e-01 6.396054029464721680e-01 6.764385700225830078e-01 0.000000000000000000e+00
4.787762165069580078e-01 5.523163676261901855e-01 5.757935047149658203e-01 5.826396942138671875e-01 6.390703916549682617e-01 0.000000000000000000e+00
6.001839637756347656e-01 6.934695243835449219e-01 7.538386583328247070e-01 7.767726182937622070e-01 7.742166519165039062e-01 0.000000000000000000e+00
5.076615810394287109e-01 6.606019735336303711e-01 8.018964529037475586e-01 8.288672566413879395e-01 8.321557044982910156e-01 0.000000000000000000e+00
5.996086597442626953e-01 7.408070564270019531e-01 8.587617874145507812e-01 9.045324325561523438e-01 9.404553174972534180e-01 0.000000000000000000e+00
7.052694559097290039e-01 8.242835402488708496e-01 8.902570605278015137e-01 9.366222023963928223e-01 9.391977787017822266e-01 0.000000000000000000e+00
5.195766687393188477e-01 6.224983334541320801e-01 7.152938842773437500e-01 8.180349469184875488e-01 8.809114098548889160e-01 0.000000000000000000e+00
3.271380439400672913e-02 1.397110372781753540e-01 6.012794971466064453e-01 6.890385150909423828e-01 6.192697286605834961e-01 0.000000000000000000e+00
2.067987471818923950e-01 2.759488523006439209e-01 5.795537829399108887e-01 6.040725111961364746e-01 4.975753426551818848e-01 0.000000000000000000e+00
-2.773496806621551514e-01 -4.845856428146362305e-01 -4.659931063652038574e-01 -3.571576178073883057e-01 5.330236628651618958e-02 0.000000000000000000e+00
-6.375204920768737793e-01 -6.497130393981933594e-01 -6.143950223922729492e-01 -6.043090224266052246e-01 -5.465741753578186035e-01 0.000000000000000000e+00
8.972773551940917969e-01 9.670546650886535645e-01 9.797382354736328125e-01 9.839084744453430176e-01 9.892277121543884277e-01 0.000000000000000000e+00
8.635630011558532715e-01 9.605067968368530273e-01 9.834817647933959961e-01 9.896857142448425293e-01 9.937970638275146484e-01 0.000000000000000000e+00
8.285516500473022461e-01 9.089266657829284668e-01 9.519886970520019531e-01 9.654518961906433105e-01 9.844595193862915039e-01 0.000000000000000000e+00
7.749193906784057617e-01 8.786707520484924316e-01 9.355869293212890625e-01 9.614911675453186035e-01 9.678093194961547852e-01 0.000000000000000000e+00
7.548226118087768555e-01 8.447081446647644043e-01 9.194659590721130371e-01 9.376137852668762207e-01 9.511681199073791504e-01 0.000000000000000000e+00
5.694552659988403320e-01 7.545155286788940430e-01 8.934076428413391113e-01 9.386810064315795898e-01 9.528611302375793457e-01 0.000000000000000000e+00
5.859103202819824219e-01 7.333735823631286621e-01 7.848224639892578125e-01 8.453792333602905273e-01 8.129031658172607422e-01 0.000000000000000000e+00
-3.034532368183135986e-01 3.270163238048553467e-01 8.524066805839538574e-01 9.719818234443664551e-01 9.858052134513854980e-01 0.000000000000000000e+00
1.485436856746673584e-01 3.160316050052642822e-01 8.128671050071716309e-01 8.668367266654968262e-01 9.048257470130920410e-01 0.000000000000000000e+00
8.529112339019775391e-01 8.973962664604187012e-01 9.655542969703674316e-01 9.712895154953002930e-01 9.856259822845458984e-01 0.000000000000000000e+00
9.394729137420654297e-01 9.836353659629821777e-01 9.946190714836120605e-01 9.978308081626892090e-01 9.980432391166687012e-01 0.000000000000000000e+00
6.377907991409301758e-01 8.994264602661132812e-01 9.701075553894042969e-01 9.896407127380371094e-01 9.960342049598693848e-01 0.000000000000000000e+00
4.025175273418426514e-01 4.735982120037078857e-01 7.450192570686340332e-01 8.491117954254150391e-01 9.184816479682922363e-01 0.000000000000000000e+00
-5.101299881935119629e-01 -2.338675856590270996e-01 3.924596607685089111e-01 8.442669510841369629e-01 8.534637689590454102e-01 0.000000000000000000e+00
-8.352364413440227509e-03 1.422472745180130005e-01 3.730801045894622803e-01 3.519424796104431152e-01 6.561936140060424805e-01 0.000000000000000000e+00
2.130999267101287842e-01 5.641080141067504883e-01 8.213813900947570801e-01 7.481795549392700195e-01 8.407824039459228516e-01 0.000000000000000000e+00
5.418940782546997070e-01 8.215659260749816895e-01 9.157486557960510254e-01 9.477662444114685059e-01 9.529805183410644531e-01 0.000000000000000000e+00
8.493613600730895996e-01 9.483876228332519531e-01 9.647787809371948242e-01 9.756496548652648926e-01 9.772726893424987793e-01 0.000000000000000000e+00
9.050999879837036133e-01 9.539709687232971191e-01 9.768196344375610352e-01 9.859124422073364258e-01 9.892845153808593750e-01 0.000000000000000000e+00
8.797917366027832031e-01 9.496030807495117188e-01 9.707078337669372559e-01 9.860610961914062500e-01 9.888540506362915039e-01 0.000000000000000000e+00
7.964206933975219727e-01 8.900817632675170898e-01 9.457180500030517578e-01 9.629226922988891602e-01 9.769605994224548340e-01 0.000000000000000000e+00
-4.841703772544860840e-01 -2.930964231491088867e-01 2.188625745475292206e-02 5.000177025794982910e-01 6.804762482643127441e-01 1.000000000000000000e+00
1.324768513441085815e-01 3.209813535213470459e-01 6.182136535644531250e-01 6.751487255096435547e-01 8.407636880874633789e-01 2.000000000000000000e+00
-4.841703772544860840e-01 -2.930964231491088867e-01 2.188625745475292206e-02 5.000177025794982910e-01 6.804762482643127441e-01 1.000000000000000000e+00
1.324768513441085815e-01 3.209813535213470459e-01 6.182136535644531250e-01 6.751487255096435547e-01 8.407636880874633789e-01 2.000000000000000000e+00
-4.841703772544860840e-01 -2.930964231491088867e-01 2.188625745475292206e-02 5.000177025794982910e-01 6.804762482643127441e-01 1.000000000000000000e+00
1.324768513441085815e-01 3.209813535213470459e-01 6.182136535644531250e-01 6.751487255096435547e-01 8.407636880874633789e-01 2.000000000000000000e+00
-4.841703772544860840e-01 -2.930964231491088867e-01 2.188625745475292206e-02 5.000177025794982910e-01 6.804762482643127441e-01 1.000000000000000000e+00
1.324768513441085815e-01 3.209813535213470459e-01 6.182136535644531250e-01 6.751487255096435547e-01 8.407636880874633789e-01 2.000000000000000000e+00
-4.841703772544860840e-01 -2.930964231491088867e-01 2.188625745475292206e-02 5.000177025794982910e-01 6.804762482643127441e-01 1.000000000000000000e+00
1.324768513441085815e-01 3.209813535213470459e-01 6.182136535644531250e-01 6.751487255096435547e-01 8.407636880874633789e-01 2.000000000000000000e+00
-4.841703772544860840e-01 -2.930964231491088867e-01 2.188625745475292206e-02 5.000177025794982910e-01 6.804762482643127441e-01 1.000000000000000000e+00
1.324768513441085815e-01 3.209813535213470459e-01 6.182136535644531250e-01 6.751487255096435547e-01 8.407636880874633789e-01 2.000000000000000000e+00
-4.841703772544860840e-01 -2.930964231491088867e-01 2.188625745475292206e-02 5.000177025794982910e-01 6.804762482643127441e-01 1.000000000000000000e+00
1.324768513441085815e-01 3.209813535213470459e-01 6.182136535644531250e-01 6.751487255096435547e-01 8.407636880874633789e-01 2.000000000000000000e+00
-4.841703772544860840e-01 -2.930964231491088867e-01 2.188625745475292206e-02 5.000177025794982910e-01 6.804762482643127441e-01 1.000000000000000000e+00
1.324768513441085815e-01 3.209813535213470459e-01 6.182136535644531250e-01 6.751487255096435547e-01 8.407636880874633789e-01 2.000000000000000000e+00
-4.841703772544860840e-01 -2.930964231491088867e-01 2.188625745475292206e-02 5.000177025794982910e-01 6.804762482643127441e-01 1.000000000000000000e+00
1.324768513441085815e-01 3.209813535213470459e-01 6.182136535644531250e-01 6.751487255096435547e-01 8.407636880874633789e-01 2.000000000000000000e+00
-4.841703772544860840e-01 -2.930964231491088867e-01 2.188625745475292206e-02 5.000177025794982910e-01 6.804762482643127441e-01 1.000000000000000000e+00
1.324768513441085815e-01 3.209813535213470459e-01 6.182136535644531250e-01 6.751487255096435547e-01 8.407636880874633789e-01 2.000000000000000000e+00
8.650189638137817383e-01 9.512426257133483887e-01 9.752769470214843750e-01 9.846112132072448730e-01 9.898835420608520508e-01 0.000000000000000000e+00
7.515109777450561523e-01 8.381903171539306641e-01 9.096464514732360840e-01 9.661777615547180176e-01 9.853795170783996582e-01 0.000000000000000000e+00
-5.610412359237670898e-01 -6.087267398834228516e-01 -6.122096180915832520e-01 -5.447273254394531250e-01 2.282993793487548828e-01 0.000000000000000000e+00
3.896929323673248291e-01 8.481672406196594238e-01 9.557892680168151855e-01 9.490644931793212891e-01 8.503215312957763672e-01 0.000000000000000000e+00
-3.465012311935424805e-01 3.006439805030822754e-01 7.294687032699584961e-01 8.310108184814453125e-01 9.602401256561279297e-01 0.000000000000000000e+00
-5.330506563186645508e-01 -6.739973425865173340e-01 -7.194819450378417969e-01 -7.362508773803710938e-01 -7.475063800811767578e-01 0.000000000000000000e+00
-6.667474508285522461e-01 -6.960165500640869141e-01 -6.989353895187377930e-01 -6.414948701858520508e-01 -6.152538061141967773e-01 0.000000000000000000e+00
-4.644426107406616211e-01 -4.574260115623474121e-01 -3.785156905651092529e-01 2.864167690277099609e-01 7.846249938011169434e-01 0.000000000000000000e+00
-5.161264538764953613e-01 -5.444732904434204102e-01 -5.390987396240234375e-01 -5.457427501678466797e-01 -5.438781380653381348e-01 0.000000000000000000e+00
-5.429219007492065430e-01 -6.114484667778015137e-01 -6.376507282257080078e-01 -6.368124485015869141e-01 -6.226131916046142578e-01 0.000000000000000000e+00
-2.386253476142883301e-01 -1.954246610403060913e-01 -4.866220653057098389e-01 -5.432500243186950684e-01 -5.918555259704589844e-01 0.000000000000000000e+00
8.451231122016906738e-01 9.183389544486999512e-01 9.572787880897521973e-01 9.713211059570312500e-01 9.821001887321472168e-01 0.000000000000000000e+00
6.077331304550170898e-01 6.885247826576232910e-01 7.470585107803344727e-01 7.459585666656494141e-01 7.087126374244689941e-01 1.000000000000000000e+00
6.345181465148925781e-01 7.162839174270629883e-01 7.824508547782897949e-01 8.515635132789611816e-01 8.560154438018798828e-01 2.000000000000000000e+00
6.077331304550170898e-01 6.885247826576232910e-01 7.470585107803344727e-01 7.459585666656494141e-01 7.087126374244689941e-01 1.000000000000000000e+00
6.345181465148925781e-01 7.162839174270629883e-01 7.824508547782897949e-01 8.515635132789611816e-01 8.560154438018798828e-01 2.000000000000000000e+00
6.077331304550170898e-01 6.885247826576232910e-01 7.470585107803344727e-01 7.459585666656494141e-01 7.087126374244689941e-01 1.000000000000000000e+00
6.345181465148925781e-01 7.162839174270629883e-01 7.824508547782897949e-01 8.515635132789611816e-01 8.560154438018798828e-01 2.000000000000000000e+00
6.077331304550170898e-01 6.885247826576232910e-01 7.470585107803344727e-01 7.459585666656494141e-01 7.087126374244689941e-01 1.000000000000000000e+00
6.345181465148925781e-01 7.162839174270629883e-01 7.824508547782897949e-01 8.515635132789611816e-01 8.560154438018798828e-01 2.000000000000000000e+00
6.077331304550170898e-01 6.885247826576232910e-01 7.470585107803344727e-01 7.459585666656494141e-01 7.087126374244689941e-01 1.000000000000000000e+00
6.345181465148925781e-01 7.162839174270629883e-01 7.824508547782897949e-01 8.515635132789611816e-01 8.560154438018798828e-01 2.000000000000000000e+00
6.077331304550170898e-01 6.885247826576232910e-01 7.470585107803344727e-01 7.459585666656494141e-01 7.087126374244689941e-01 1.000000000000000000e+00
6.345181465148925781e-01 7.162839174270629883e-01 7.824508547782897949e-01 8.515635132789611816e-01 8.560154438018798828e-01 2.000000000000000000e+00
6.077331304550170898e-01 6.885247826576232910e-01 7.470585107803344727e-01 7.459585666656494141e-01 7.087126374244689941e-01 1.000000000000000000e+00
6.345181465148925781e-01 7.162839174270629883e-01 7.824508547782897949e-01 8.515635132789611816e-01 8.560154438018798828e-01 2.000000000000000000e+00
6.077331304550170898e-01 6.885247826576232910e-01 7.470585107803344727e-01 7.459585666656494141e-01 7.087126374244689941e-01 1.000000000000000000e+00
6.345181465148925781e-01 7.162839174270629883e-01 7.824508547782897949e-01 8.515635132789611816e-01 8.560154438018798828e-01 2.000000000000000000e+00
6.077331304550170898e-01 6.885247826576232910e-01 7.470585107803344727e-01 7.459585666656494141e-01 7.087126374244689941e-01 1.000000000000000000e+00
6.345181465148925781e-01 7.162839174270629883e-01 7.824508547782897949e-01 8.515635132789611816e-01 8.560154438018798828e-01 2.000000000000000000e+00
6.077331304550170898e-01 6.885247826576232910e-01 7.470585107803344727e-01 7.459585666656494141e-01 7.087126374244689941e-01 1.000000000000000000e+00
6.345181465148925781e-01 7.162839174270629883e-01 7.824508547782897949e-01 8.515635132789611816e-01 8.560154438018798828e-01 2.000000000000000000e+00
-5.806590318679809570e-01 -6.090503931045532227e-01 -5.785574913024902344e-01 -6.133856177330017090e-01 -6.181734204292297363e-01 0.000000000000000000e+00
-2.306745797395706177e-01 -4.975023269653320312e-01 -5.228866934776306152e-01 -5.595161914825439453e-01 -5.766253471374511719e-01 0.000000000000000000e+00
5.194696784019470215e-01 7.928544282913208008e-01 8.625428080558776855e-01 8.950377702713012695e-01 8.969145417213439941e-01 0.000000000000000000e+00
7.764996886253356934e-01 8.380494117736816406e-01 8.968394994735717773e-01 8.491047024726867676e-01 9.135432243347167969e-01 0.000000000000000000e+00
8.747791051864624023e-01 9.641689658164978027e-01 9.799557328224182129e-01 9.775398373603820801e-01 9.814393520355224609e-01 0.000000000000000000e+00
-6.411209106445312500e-01 -6.672506332397460938e-01 -6.894806027412414551e-01 -7.508548498153686523e-01 -7.842079997062683105e-01 1.000000000000000000e+00
-5.919969081878662109e-01 -6.118134260177612305e-01 -6.069006919860839844e-01 -6.033198833465576172e-01 -5.985699892044067383e-01 2.000000000000000000e+00
-6.411209106445312500e-01 -6.672506332397460938e-01 -6.894806027412414551e-01 -7.508548498153686523e-01 -7.842079997062683105e-01 1.000000000000000000e+00
-5.919969081878662109e-01 -6.118134260177612305e-01 -6.069006919860839844e-01 -6.033198833465576172e-01 -5.985699892044067383e-01 2.000000000000000000e+00
-6.411209106445312500e-01 -6.672506332397460938e-01 -6.894806027412414551e-01 -7.508548498153686523e-01 -7.842079997062683105e-01 1.000000000000000000e+00
-5.919969081878662109e-01 -6.118134260177612305e-01 -6.069006919860839844e-01 -6.033198833465576172e-01 -5.985699892044067383e-01 2.000000000000000000e+00
-6.411209106445312500e-01 -6.672506332397460938e-01 -6.894806027412414551e-01 -7.508548498153686523e-01 -7.842079997062683105e-01 1.000000000000000000e+00
-5.919969081878662109e-01 -6.118134260177612305e-01 -6.069006919860839844e-01 -6.033198833465576172e-01 -5.985699892044067383e-01 2.000000000000000000e+00
-6.411209106445312500e-01 -6.672506332397460938e-01 -6.894806027412414551e-01 -7.508548498153686523e-01 -7.842079997062683105e-01 1.000000000000000000e+00
-5.919969081878662109e-01 -6.118134260177612305e-01 -6.069006919860839844e-01 -6.033198833465576172e-01 -5.985699892044067383e-01 2.000000000000000000e+00
-6.411209106445312500e-01 -6.672506332397460938e-01 -6.894806027412414551e-01 -7.508548498153686523e-01 -7.842079997062683105e-01 1.000000000000000000e+00
-5.919969081878662109e-01 -6.118134260177612305e-01 -6.069006919860839844e-01 -6.033198833465576172e-01 -5.985699892044067383e-01 2.000000000000000000e+00
-6.411209106445312500e-01 -6.672506332397460938e-01 -6.894806027412414551e-01 -7.508548498153686523e-01 -7.842079997062683105e-01 1.000000000000000000e+00
-5.919969081878662109e-01 -6.118134260177612305e-01 -6.069006919860839844e-01 -6.033198833465576172e-01 -5.985699892044067383e-01 2.000000000000000000e+00
-6.411209106445312500e-01 -6.672506332397460938e-01 -6.894806027412414551e-01 -7.508548498153686523e-01 -7.842079997062683105e-01 1.000000000000000000e+00
-5.919969081878662109e-01 -6.118134260177612305e-01 -6.069006919860839844e-01 -6.033198833465576172e-01 -5.985699892044067383e-01 2.000000000000000000e+00
-6.411209106445312500e-01 -6.672506332397460938e-01 -6.894806027412414551e-01 -7.508548498153686523e-01 -7.842079997062683105e-01 1.000000000000000000e+00
-5.919969081878662109e-01 -6.118134260177612305e-01 -6.069006919860839844e-01 -6.033198833465576172e-01 -5.985699892044067383e-01 2.000000000000000000e+00
-6.411209106445312500e-01 -6.672506332397460938e-01 -6.894806027412414551e-01 -7.508548498153686523e-01 -7.842079997062683105e-01 1.000000000000000000e+00
-5.919969081878662109e-01 -6.118134260177612305e-01 -6.069006919860839844e-01 -6.033198833465576172e-01 -5.985699892044067383e-01 2.000000000000000000e+00
4.668872654438018799e-01 7.254317998886108398e-01 8.541465997695922852e-01 9.088793992996215820e-01 9.397779703140258789e-01 0.000000000000000000e+00
-4.423484802246093750e-01 -4.451218545436859131e-01 -4.298444986343383789e-01 -4.329832792282104492e-01 -4.221333861351013184e-01 0.000000000000000000e+00
-4.523911476135253906e-01 -4.849668145179748535e-01 -5.090144872665405273e-01 -5.173621773719787598e-01 -5.186955332756042480e-01 0.000000000000000000e+00
-1.646580100059509277e-01 6.023869663476943970e-02 -9.237278997898101807e-02 -2.198054939508438110e-01 -3.842402994632720947e-01 0.000000000000000000e+00
-3.375693857669830322e-01 -4.291994571685791016e-01 -4.516215622425079346e-01 -4.518792927265167236e-01 -4.694016277790069580e-01 0.000000000000000000e+00
2.522791326045989990e-01 3.627451956272125244e-01 2.099265754222869873e-01 -2.947758138179779053e-01 -2.544773817062377930e-01 0.000000000000000000e+00
1.992872655391693115e-01 1.078824102878570557e-01 3.074460625648498535e-01 5.893443226814270020e-01 5.800755023956298828e-01 0.000000000000000000e+00
6.835185289382934570e-01 7.983785867691040039e-01 8.201020956039428711e-01 8.854168057441711426e-01 9.304262995719909668e-01 0.000000000000000000e+00
6.792000532150268555e-01 7.894558906555175781e-01 8.436748981475830078e-01 8.900767564773559570e-01 9.188279509544372559e-01 0.000000000000000000e+00
3.419246077537536621e-01 4.289526939392089844e-01 7.142956256866455078e-01 7.915470600128173828e-01 8.339126110076904297e-01 0.000000000000000000e+00
-3.677742183208465576e-01 -4.019480645656585693e-01 -4.093007147312164307e-01 -4.035810232162475586e-01 -4.000630378723144531e-01 0.000000000000000000e+00
-3.883484899997711182e-01 -1.835713237524032593e-01 6.725684404373168945e-01 3.799301683902740479e-01 -5.947633087635040283e-02 0.000000000000000000e+00
-2.777260728180408478e-02 -4.712851047515869141e-01 -4.832429587841033936e-01 -4.691935479640960693e-01 -4.463540017604827881e-01 0.000000000000000000e+00
1.712936609983444214e-01 4.603080153465270996e-01 3.739049434661865234e-01 -3.285746322944760323e-03 -2.102266848087310791e-01 0.000000000000000000e+00
5.632566213607788086e-01 6.693571805953979492e-01 7.269623279571533203e-01 7.144652605056762695e-01 6.897430419921875000e-01 0.000000000000000000e+00
5.803246498107910156e-01 7.595441937446594238e-01 8.498419523239135742e-01 8.814635872840881348e-01 8.753970861434936523e-01 0.000000000000000000e+00
7.618923187255859375e-01 8.849242329597473145e-01 9.178903102874755859e-01 9.387042522430419922e-01 9.417055845260620117e-01 0.000000000000000000e+00
7.985740303993225098e-01 9.068447947502136230e-01 9.473698735237121582e-01 9.670370221138000488e-01 9.712086915969848633e-01 0.000000000000000000e+00
9.198971986770629883e-01 9.792367219924926758e-01 9.899895787239074707e-01 9.928376674652099609e-01 9.927740097045898438e-01 0.000000000000000000e+00
8.934171795845031738e-01 9.649698138236999512e-01 9.889469742774963379e-01 9.947798848152160645e-01 9.974915981292724609e-01 0.000000000000000000e+00
5.280826687812805176e-01 8.254130482673645020e-01 9.518544673919677734e-01 9.844974875450134277e-01 9.909508228302001953e-01 0.000000000000000000e+00
-2.765329778194427490e-01 -3.299600481986999512e-01 -4.847816228866577148e-01 -5.282425284385681152e-01 -5.416108369827270508e-01 0.000000000000000000e+00
-2.375918179750442505e-01 -1.363121420145034790e-01 -2.184379398822784424e-01 -7.716842740774154663e-02 -3.899621963500976562e-01 0.000000000000000000e+00
-3.277092278003692627e-01 -3.874199688434600830e-01 -4.125512242317199707e-01 -3.554512262344360352e-01 -1.745347827672958374e-01 0.000000000000000000e+00
1.038749590516090393e-01 9.190271794795989990e-02 -2.403394579887390137e-01 -2.249116301536560059e-01 -2.884730696678161621e-01 0.000000000000000000e+00
1.562443375587463379e-01 1.026463806629180908e-01 2.721852958202362061e-01 3.719240427017211914e-01 3.296155035495758057e-01 0.000000000000000000e+00
4.781750440597534180e-01 5.818063616752624512e-01 5.875309109687805176e-01 6.084747314453125000e-01 5.471919178962707520e-01 0.000000000000000000e+00
4.532068371772766113e-01 5.766804814338684082e-01 6.419851779937744141e-01 6.419374942779541016e-01 6.731907129287719727e-01 0.000000000000000000e+00
-4.992113113403320312e-01 -4.119831919670104980e-01 3.142903745174407959e-02 2.604258060455322266e-01 5.979924201965332031e-01 0.000000000000000000e+00
-7.378881424665451050e-02 -5.148624181747436523e-01 -4.038225412368774414e-01 -3.361760377883911133e-01 1.373108327388763428e-01 0.000000000000000000e+00
2.585300505161285400e-01 -1.156006976962089539e-01 2.660767436027526855e-01 3.991322815418243408e-01 6.204814910888671875e-01 0.000000000000000000e+00
4.909471869468688965e-01 7.143700718879699707e-01 7.156221866607666016e-01 8.056820631027221680e-01 9.159442186355590820e-01 0.000000000000000000e+00
7.902110219001770020e-01 8.684504032135009766e-01 9.490578174591064453e-01 9.612742066383361816e-01 9.604188203811645508e-01 0.000000000000000000e+00
8.542125821113586426e-01 9.478375911712646484e-01 9.770574569702148438e-01 9.858568310737609863e-01 9.910607933998107910e-01 0.000000000000000000e+00
6.156134605407714844e-01 8.630154728889465332e-01 9.615579843521118164e-01 9.879741072654724121e-01 9.927673935890197754e-01 0.000000000000000000e+00
-5.448336601257324219e-01 -5.227119922637939453e-01 -4.873554408550262451e-01 -4.905478060245513916e-01 -4.956769943237304688e-01 0.000000000000000000e+00
-5.237292051315307617e-01 -4.922835826873779297e-01 -4.951070845127105713e-01 -4.890375733375549316e-01 -4.838675558567047119e-01 0.000000000000000000e+00
-5.767996311187744141e-01 -5.552000403404235840e-01 -5.211148262023925781e-01 -5.005329847335815430e-01 -4.997445344924926758e-01 0.000000000000000000e+00
-4.185151159763336182e-01 -3.639048635959625244e-01 -4.559726417064666748e-01 -5.046882629394531250e-01 -4.789440333843231201e-01 0.000000000000000000e+00
6.856911778450012207e-01 6.035408377647399902e-01 7.652992010116577148e-01 7.465389370918273926e-01 6.687967777252197266e-01 0.000000000000000000e+00
9.866019487380981445e-01 9.977543354034423828e-01 9.990454316139221191e-01 9.987310767173767090e-01 9.969400167465209961e-01 0.000000000000000000e+00
-5.649994611740112305e-01 -5.607534646987915039e-01 -5.448251962661743164e-01 -5.333383083343505859e-01 -5.567386150360107422e-01 1.000000000000000000e+00
-5.278370380401611328e-01 -4.945058226585388184e-01 -4.688813686370849609e-01 -5.027875304222106934e-01 -4.755663871765136719e-01 2.000000000000000000e+00
-5.649994611740112305e-01 -5.607534646987915039e-01 -5.448251962661743164e-01 -5.333383083343505859e-01 -5.567386150360107422e-01 1.000000000000000000e+00
-5.278370380401611328e-01 -4.945058226585388184e-01 -4.688813686370849609e-01 -5.027875304222106934e-01 -4.755663871765136719e-01 2.000000000000000000e+00
-5.649994611740112305e-01 -5.607534646987915039e-01 -5.448251962661743164e-01 -5.333383083343505859e-01 -5.567386150360107422e-01 1.000000000000000000e+00
-5.278370380401611328e-01 -4.945058226585388184e-01 -4.688813686370849609e-01 -5.027875304222106934e-01 -4.755663871765136719e-01 2.000000000000000000e+00
-5.649994611740112305e-01 -5.607534646987915039e-01 -5.448251962661743164e-01 -5.333383083343505859e-01 -5.567386150360107422e-01 1.000000000000000000e+00
-5.278370380401611328e-01 -4.945058226585388184e-01 -4.688813686370849609e-01 -5.027875304222106934e-01 -4.755663871765136719e-01 2.000000000000000000e+00
-5.649994611740112305e-01 -5.607534646987915039e-01 -5.448251962661743164e-01 -5.333383083343505859e-01 -5.567386150360107422e-01 1.000000000000000000e+00
-5.278370380401611328e-01 -4.945058226585388184e-01 -4.688813686370849609e-01 -5.027875304222106934e-01 -4.755663871765136719e-01 2.000000000000000000e+00
-5.649994611740112305e-01 -5.607534646987915039e-01 -5.448251962661743164e-01 -5.333383083343505859e-01 -5.567386150360107422e-01 1.000000000000000000e+00
-5.278370380401611328e-01 -4.945058226585388184e-01 -4.688813686370849609e-01 -5.027875304222106934e-01 -4.755663871765136719e-01 2.000000000000000000e+00
-5.649994611740112305e-01 -5.607534646987915039e-01 -5.448251962661743164e-01 -5.333383083343505859e-01 -5.567386150360107422e-01 1.000000000000000000e+00
-5.278370380401611328e-01 -4.945058226585388184e-01 -4.688813686370849609e-01 -5.027875304222106934e-01 -4.755663871765136719e-01 2.000000000000000000e+00
-5.649994611740112305e-01 -5.607534646987915039e-01 -5.448251962661743164e-01 -5.333383083343505859e-01 -5.567386150360107422e-01 1.000000000000000000e+00
-5.278370380401611328e-01 -4.945058226585388184e-01 -4.688813686370849609e-01 -5.027875304222106934e-01 -4.755663871765136719e-01 2.000000000000000000e+00
-5.649994611740112305e-01 -5.607534646987915039e-01 -5.448251962661743164e-01 -5.333383083343505859e-01 -5.567386150360107422e-01 1.000000000000000000e+00
-5.278370380401611328e-01 -4.945058226585388184e-01 -4.688813686370849609e-01 -5.027875304222106934e-01 -4.755663871765136719e-01 2.000000000000000000e+00
-5.649994611740112305e-01 -5.607534646987915039e-01 -5.448251962661743164e-01 -5.333383083343505859e-01 -5.567386150360107422e-01 1.000000000000000000e+00
-5.278370380401611328e-01 -4.945058226585388184e-01 -4.688813686370849609e-01 -5.027875304222106934e-01 -4.755663871765136719e-01 2.000000000000000000e+00
4.103086292743682861e-01 4.422708749771118164e-01 5.131736993789672852e-01 3.849787712097167969e-01 2.203831970691680908e-01 0.000000000000000000e+00
2.767125070095062256e-01 3.852789700031280518e-01 4.538851678371429443e-01 5.278811454772949219e-01 5.583586692810058594e-01 0.000000000000000000e+00
4.320319890975952148e-01 5.336806774139404297e-01 5.500653982162475586e-01 5.552456974983215332e-01 5.512468814849853516e-01 0.000000000000000000e+00
3.235892653465270996e-01 4.667221009731292725e-01 4.884055256843566895e-01 5.199643373489379883e-01 5.289345383644104004e-01 0.000000000000000000e+00
-1.569280475378036499e-01 -2.129110544919967651e-01 7.149764895439147949e-02 2.634057700634002686e-01 4.034301936626434326e-01 0.000000000000000000e+00
5.864568948745727539e-01 6.768059730529785156e-01 5.961450338363647461e-01 5.101939439773559570e-01 3.694701790809631348e-01 0.000000000000000000e+00
-3.798664808273315430e-01 -4.347398877143859863e-01 -1.580031514167785645e-01 5.130478739738464355e-01 7.502764463424682617e-01 0.000000000000000000e+00
-1.949766576290130615e-01 4.565512835979461670e-01 7.075260877609252930e-01 8.279219865798950195e-01 8.618320226669311523e-01 0.000000000000000000e+00
3.180058002471923828e-01 4.480328559875488281e-01 5.608294010162353516e-01 6.263039708137512207e-01 6.553781032562255859e-01 0.000000000000000000e+00
-5.098722577095031738e-01 -3.265379965305328369e-01 2.562466636300086975e-02 2.953039109706878662e-01 3.442451655864715576e-01 0.000000000000000000e+00
-4.379377663135528564e-01 -4.210876524448394775e-01 -4.297380149364471436e-01 -4.015235304832458496e-01 -4.960518181324005127e-01 0.000000000000000000e+00
-5.185875892639160156e-01 -5.324812531471252441e-01 -5.308446288108825684e-01 -5.053871870040893555e-01 -5.071201324462890625e-01 0.000000000000000000e+00
-4.722927808761596680e-01 -5.187695026397705078e-01 -5.455006957054138184e-01 -5.745952129364013672e-01 -5.968791246414184570e-01 0.000000000000000000e+00
-4.042025804519653320e-01 -4.464568793773651123e-01 -4.600831270217895508e-01 -5.056380033493041992e-01 -5.275385975837707520e-01 0.000000000000000000e+00
-3.007695311680436134e-03 4.846249818801879883e-01 4.248330891132354736e-01 2.731339931488037109e-01 -1.648121625185012817e-01 0.000000000000000000e+00
1.358362585306167603e-01 4.468724131584167480e-01 7.411600351333618164e-01 8.364295959472656250e-01 8.121134042739868164e-01 0.000000000000000000e+00
7.057075500488281250e-01 8.314757347106933594e-01 8.558591604232788086e-01 8.880118727684020996e-01 8.577479124069213867e-01 0.000000000000000000e+00
7.943518161773681641e-01 8.864873647689819336e-01 9.074143767356872559e-01 9.304324984550476074e-01 9.346629977226257324e-01 0.000000000000000000e+00
-6.057535409927368164e-01 -4.927934408187866211e-01 -1.991572231054306030e-01 5.270761251449584961e-01 8.860626220703125000e-01 0.000000000000000000e+00
-7.540549635887145996e-01 -8.548394441604614258e-01 -8.404314517974853516e-01 -8.013258576393127441e-01 -7.265232801437377930e-01 0.000000000000000000e+00
-8.628986477851867676e-01 -9.320761561393737793e-01 -9.434448480606079102e-01 -9.419243335723876953e-01 -9.260847568511962891e-01 0.000000000000000000e+00
7.724914550781250000e-01 8.763647079467773438e-01 8.914842605590820312e-01 9.367786049842834473e-01 9.632316231727600098e-01 0.000000000000000000e+00
7.459571957588195801e-01 8.915297985076904297e-01 9.162073135375976562e-01 9.424250125885009766e-01 9.488635063171386719e-01 0.000000000000000000e+00
6.683030128479003906e-01 7.741245031356811523e-01 8.391270041465759277e-01 9.131125807762145996e-01 9.352871179580688477e-01 0.000000000000000000e+00
5.114470720291137695e-01 6.081861853599548340e-01 7.343548536300659180e-01 8.564121723175048828e-01 8.755730986595153809e-01 0.000000000000000000e+00
1.220274567604064941e-01 1.939916312694549561e-01 5.436196327209472656e-01 8.193606138229370117e-01 8.598402738571166992e-01 0.000000000000000000e+00
3.549152314662933350e-01 4.751496911048889160e-01 4.327316284179687500e-01 6.214643120765686035e-01 7.186888456344604492e-01 0.000000000000000000e+00
3.912325203418731689e-01 6.198304891586303711e-01 7.900466918945312500e-01 7.711044549942016602e-01 8.299132585525512695e-01 0.000000000000000000e+00
6.317672729492187500e-01 8.123879432678222656e-01 8.912778496742248535e-01 9.489564895629882812e-01 9.726456999778747559e-01 0.000000000000000000e+00
8.735136985778808594e-01 9.381307363510131836e-01 9.675909280776977539e-01 9.685456156730651855e-01 9.583764672279357910e-01 0.000000000000000000e+00
8.298169374465942383e-01 9.174343943595886230e-01 9.525880813598632812e-01 9.673198461532592773e-01 9.809072017669677734e-01 0.000000000000000000e+00
7.216247916221618652e-01 8.053032159805297852e-01 8.667128086090087891e-01 8.973692059516906738e-01 9.438962340354919434e-01 0.000000000000000000e+00
5.046294927597045898e-01 6.491452455520629883e-01 6.868911385536193848e-01 8.718700408935546875e-01 9.552085399627685547e-01 0.000000000000000000e+00
-5.184434652328491211e-01 -5.796298980712890625e-01 -5.851595401763916016e-01 -4.385669827461242676e-01 1.082921475172042847e-01 0.000000000000000000e+00
9.657151699066162109e-01 9.932579994201660156e-01 9.974056482315063477e-01 9.975480437278747559e-01 9.962683320045471191e-01 0.000000000000000000e+00
-2.826888561248779297e-01 -1.462170183658599854e-01 3.209407329559326172e-01 2.529152631759643555e-01 6.812638044357299805e-01 0.000000000000000000e+00
1.321227997541427612e-01 2.103266119956970215e-01 2.443683147430419922e-01 4.838169217109680176e-01 5.909838080406188965e-01 0.000000000000000000e+00
6.916085481643676758e-01 7.766380906105041504e-01 8.418351411819458008e-01 8.470836281776428223e-01 8.115349411964416504e-01 0.000000000000000000e+00
8.735293149948120117e-01 9.306025505065917969e-01 9.740976095199584961e-01 9.848022460937500000e-01 9.947813153266906738e-01 0.000000000000000000e+00
9.490665793418884277e-01 9.844849109649658203e-01 9.945469498634338379e-01 9.975066781044006348e-01 9.982079863548278809e-01 0.000000000000000000e+00
9.579664468765258789e-01 9.870592355728149414e-01 9.962376952171325684e-01 9.987133145332336426e-01 9.993500113487243652e-01 0.000000000000000000e+00
9.678120613098144531e-01 9.947723150253295898e-01 9.986006021499633789e-01 9.993320703506469727e-01 9.996739029884338379e-01 0.000000000000000000e+00
-2.408522963523864746e-01 3.015355169773101807e-01 2.755023539066314697e-01 5.114454627037048340e-01 5.293841361999511719e-01 1.000000000000000000e+00
5.764172673225402832e-01 4.370337128639221191e-01 7.474552392959594727e-01 7.864544391632080078e-01 8.707438707351684570e-01 2.000000000000000000e+00
-2.408522963523864746e-01 3.015355169773101807e-01 2.755023539066314697e-01 5.114454627037048340e-01 5.293841361999511719e-01 1.000000000000000000e+00
5.764172673225402832e-01 4.370337128639221191e-01 7.474552392959594727e-01 7.864544391632080078e-01 8.707438707351684570e-01 2.000000000000000000e+00
-2.408522963523864746e-01 3.015355169773101807e-01 2.755023539066314697e-01 5.114454627037048340e-01 5.293841361999511719e-01 1.000000000000000000e+00
5.764172673225402832e-01 4.370337128639221191e-01 7.474552392959594727e-01 7.864544391632080078e-01 8.707438707351684570e-01 2.000000000000000000e+00
-2.408522963523864746e-01 3.015355169773101807e-01 2.755023539066314697e-01 5.114454627037048340e-01 5.293841361999511719e-01 1.000000000000000000e+00
5.764172673225402832e-01 4.370337128639221191e-01 7.474552392959594727e-01 7.864544391632080078e-01 8.707438707351684570e-01 2.000000000000000000e+00
-2.408522963523864746e-01 3.015355169773101807e-01 2.755023539066314697e-01 5.114454627037048340e-01 5.293841361999511719e-01 1.000000000000000000e+00
5.764172673225402832e-01 4.370337128639221191e-01 7.474552392959594727e-01 7.864544391632080078e-01 8.707438707351684570e-01 2.000000000000000000e+00
-2.408522963523864746e-01 3.015355169773101807e-01 2.755023539066314697e-01 5.114454627037048340e-01 5.293841361999511719e-01 1.000000000000000000e+00
5.764172673225402832e-01 4.370337128639221191e-01 7.474552392959594727e-01 7.864544391632080078e-01 8.707438707351684570e-01 2.000000000000000000e+00
-2.408522963523864746e-01 3.015355169773101807e-01 2.755023539066314697e-01 5.114454627037048340e-01 5.293841361999511719e-01 1.000000000000000000e+00
5.764172673225402832e-01 4.370337128639221191e-01 7.474552392959594727e-01 7.864544391632080078e-01 8.707438707351684570e-01 2.000000000000000000e+00
-2.408522963523864746e-01 3.015355169773101807e-01 2.755023539066314697e-01 5.114454627037048340e-01 5.293841361999511719e-01 1.000000000000000000e+00
5.764172673225402832e-01 4.370337128639221191e-01 7.474552392959594727e-01 7.864544391632080078e-01 8.707438707351684570e-01 2.000000000000000000e+00
-2.408522963523864746e-01 3.015355169773101807e-01 2.755023539066314697e-01 5.114454627037048340e-01 5.293841361999511719e-01 1.000000000000000000e+00
5.764172673225402832e-01 4.370337128639221191e-01 7.474552392959594727e-01 7.864544391632080078e-01 8.707438707351684570e-01 2.000000000000000000e+00
-2.408522963523864746e-01 3.015355169773101807e-01 2.755023539066314697e-01 5.114454627037048340e-01 5.293841361999511719e-01 1.000000000000000000e+00
5.764172673225402832e-01 4.370337128639221191e-01 7.474552392959594727e-01 7.864544391632080078e-01 8.707438707351684570e-01 2.000000000000000000e+00
8.015558123588562012e-01 9.054756164550781250e-01 9.470431804656982422e-01 9.764407277107238770e-01 9.790050983428955078e-01 0.000000000000000000e+00
5.598829984664916992e-01 7.206414341926574707e-01 8.214150071144104004e-01 9.029430150985717773e-01 9.617806077003479004e-01 0.000000000000000000e+00
7.924607396125793457e-01 8.548879623413085938e-01 9.300792217254638672e-01 9.317216873168945312e-01 9.250389337539672852e-01 0.000000000000000000e+00
7.541902065277099609e-01 8.992484211921691895e-01 9.616197347640991211e-01 9.790153503417968750e-01 9.865403771400451660e-01 0.000000000000000000e+00
-6.730698943138122559e-01 -6.482664346694946289e-01 -4.915595054626464844e-01 3.806979358196258545e-01 7.818109989166259766e-01 0.000000000000000000e+00
-7.547740936279296875e-01 -7.883259057998657227e-01 -8.284362554550170898e-01 -8.242110013961791992e-01 -8.010910749435424805e-01 0.000000000000000000e+00
-6.878679990768432617e-01 -7.135275602340698242e-01 -7.612596154212951660e-01 -7.877854108810424805e-01 -7.957106828689575195e-01 0.000000000000000000e+00
7.725555896759033203e-01 8.738015294075012207e-01 9.485322237014770508e-01 9.928768873214721680e-01 9.962947368621826172e-01 1.000000000000000000e+00
8.910803198814392090e-01 9.600484967231750488e-01 9.836617112159729004e-01 9.897260069847106934e-01 9.916647672653198242e-01 2.000000000000000000e+00
7.725555896759033203e-01 8.738015294075012207e-01 9.485322237014770508e-01 9.928768873214721680e-01 9.962947368621826172e-01 1.000000000000000000e+00
8.910803198814392090e-01 9.600484967231750488e-01 9.836617112159729004e-01 9.897260069847106934e-01 9.916647672653198242e-01 2.000000000000000000e+00
7.725555896759033203e-01 8.738015294075012207e-01 9.485322237014770508e-01 9.928768873214721680e-01 9.962947368621826172e-01 1.000000000000000000e+00
8.910803198814392090e-01 9.600484967231750488e-01 9.836617112159729004e-01 9.897260069847106934e-01 9.916647672653198242e-01 2.000000000000000000e+00
7.725555896759033203e-01 8.738015294075012207e-01 9.485322237014770508e-01 9.928768873214721680e-01 9.962947368621826172e-01 1.000000000000000000e+00
8.910803198814392090e-01 9.600484967231750488e-01 9.836617112159729004e-01 9.897260069847106934e-01 9.916647672653198242e-01 2.000000000000000000e+00
7.725555896759033203e-01 8.738015294075012207e-01 9.485322237014770508e-01 9.928768873214721680e-01 9.962947368621826172e-01 1.000000000000000000e+00
8.910803198814392090e-01 9.600484967231750488e-01 9.836617112159729004e-01 9.897260069847106934e-01 9.916647672653198242e-01 2.000000000000000000e+00
7.725555896759033203e-01 8.738015294075012207e-01 9.485322237014770508e-01 9.928768873214721680e-01 9.962947368621826172e-01 1.000000000000000000e+00
8.910803198814392090e-01 9.600484967231750488e-01 9.836617112159729004e-01 9.897260069847106934e-01 9.916647672653198242e-01 2.000000000000000000e+00
7.725555896759033203e-01 8.738015294075012207e-01 9.485322237014770508e-01 9.928768873214721680e-01 9.962947368621826172e-01 1.000000000000000000e+00
8.910803198814392090e-01 9.600484967231750488e-01 9.836617112159729004e-01 9.897260069847106934e-01 9.916647672653198242e-01 2.000000000000000000e+00
7.725555896759033203e-01 8.738015294075012207e-01 9.485322237014770508e-01 9.928768873214721680e-01 9.962947368621826172e-01 1.000000000000000000e+00
8.910803198814392090e-01 9.600484967231750488e-01 9.836617112159729004e-01 9.897260069847106934e-01 9.916647672653198242e-01 2.000000000000000000e+00
7.725555896759033203e-01 8.738015294075012207e-01 9.485322237014770508e-01 9.928768873214721680e-01 9.962947368621826172e-01 1.000000000000000000e+00
8.910803198814392090e-01 9.600484967231750488e-01 9.836617112159729004e-01 9.897260069847106934e-01 9.916647672653198242e-01 2.000000000000000000e+00
7.725555896759033203e-01 8.738015294075012207e-01 9.485322237014770508e-01 9.928768873214721680e-01 9.962947368621826172e-01 1.000000000000000000e+00
8.910803198814392090e-01 9.600484967231750488e-01 9.836617112159729004e-01 9.897260069847106934e-01 9.916647672653198242e-01 2.000000000000000000e+00
8.558176755905151367e-01 9.462885856628417969e-01 9.675860404968261719e-01 9.745534062385559082e-01 9.844167232513427734e-01 0.000000000000000000e+00
8.687824010848999023e-01 9.340439438819885254e-01 9.643693566322326660e-01 9.871782660484313965e-01 9.880849123001098633e-01 0.000000000000000000e+00
8.559427261352539062e-01 9.405571222305297852e-01 9.711458683013916016e-01 9.830162525177001953e-01 9.890187382698059082e-01 0.000000000000000000e+00
6.722919344902038574e-01 8.128105998039245605e-01 9.259346127510070801e-01 9.765050411224365234e-01 9.860718846321105957e-01 0.000000000000000000e+00
-1.491502225399017334e-01 3.496381938457489014e-01 5.120449662208557129e-01 6.490807533264160156e-01 7.859604954719543457e-01 0.000000000000000000e+00
1.764133125543594360e-01 4.665696024894714355e-01 4.951815009117126465e-01 4.912862479686737061e-01 3.908913433551788330e-01 0.000000000000000000e+00
-4.681211113929748535e-01 -5.024667978286743164e-01 -5.030216574668884277e-01 -5.411459207534790039e-01 -4.343910813331604004e-01 0.000000000000000000e+00
4.022099673748016357e-01 6.033335328102111816e-01 7.137823104858398438e-01 6.752455234527587891e-01 7.113979458808898926e-01 0.000000000000000000e+00
-2.910187467932701111e-02 6.193327903747558594e-01 8.333258628845214844e-01 8.786761760711669922e-01 9.201626777648925781e-01 0.000000000000000000e+00
4.787874221801757812e-01 6.703382730484008789e-01 8.061093091964721680e-01 8.761268854141235352e-01 7.828165888786315918e-01 0.000000000000000000e+00
6.767722368240356445e-01 8.076403141021728516e-01 8.909059762954711914e-01 9.101070165634155273e-01 9.331004023551940918e-01 0.000000000000000000e+00
7.702769041061401367e-01 9.178317785263061523e-01 9.728047251701354980e-01 9.757621884346008301e-01 9.842439889907836914e-01 0.000000000000000000e+00
8.849748969078063965e-01 9.719698429107666016e-01 9.899111986160278320e-01 9.926028251647949219e-01 9.953409433364868164e-01 0.000000000000000000e+00
8.489806652069091797e-01 9.666564464569091797e-01 9.917302131652832031e-01 9.963477849960327148e-01 9.978209137916564941e-01 0.000000000000000000e+00
3.781542479991912842e-01 5.736476778984069824e-01 7.189077138900756836e-01 8.686218261718750000e-01 9.630051851272583008e-01 0.000000000000000000e+00
1.840190142393112183e-01 4.156623780727386475e-01 5.913290977478027344e-01 7.906638383865356445e-01 7.401796579360961914e-01 0.000000000000000000e+00
2.884799242019653320e-01 5.001534223556518555e-01 6.580522060394287109e-01 7.210879921913146973e-01 7.668136358261108398e-01 0.000000000000000000e+00
6.523296833038330078e-01 8.225460648536682129e-01 8.487299680709838867e-01 9.296258091926574707e-01 9.142832159996032715e-01 0.000000000000000000e+00
8.573619127273559570e-01 9.357470870018005371e-01 9.633479714393615723e-01 9.770905971527099609e-01 9.761460423469543457e-01 0.000000000000000000e+00
9.165139198303222656e-01 9.663628339767456055e-01 9.833593368530273438e-01 9.914438128471374512e-01 9.943787455558776855e-01 0.000000000000000000e+00
9.047231674194335938e-01 9.673984050750732422e-01 9.881282448768615723e-01 9.932959079742431641e-01 9.967674016952514648e-01 0.000000000000000000e+00
-1.841996461153030396e-01 2.505971789360046387e-01 7.688172459602355957e-01 8.318650722503662109e-01 8.807126283645629883e-01 0.000000000000000000e+00
-4.840923249721527100e-01 -4.899259805679321289e-01 -4.824427366256713867e-01 -4.308892786502838135e-01 4.188748449087142944e-02 0.000000000000000000e+00
3.274192512035369873e-01 6.818069219589233398e-01 6.787283420562744141e-01 7.696445584297180176e-01 4.981855154037475586e-01 0.000000000000000000e+00
7.961280345916748047e-01 8.777681589126586914e-01 9.076725840568542480e-01 9.207214117050170898e-01 9.359095096588134766e-01 0.000000000000000000e+00
8.892477750778198242e-01 9.520071148872375488e-01 9.729445576667785645e-01 9.808924198150634766e-01 9.854242801666259766e-01 0.000000000000000000e+00
9.258802533149719238e-01 9.765706062316894531e-01 9.903572797775268555e-01 9.963400959968566895e-01 9.975640773773193359e-01 0.000000000000000000e+00
9.074500203132629395e-01 9.631592035293579102e-01 9.847059845924377441e-01 9.935804009437561035e-01 9.959508180618286133e-01 0.000000000000000000e+00
8.672051429748535156e-01 9.545332789421081543e-01 9.718129038810729980e-01 9.809530973434448242e-01 9.841588735580444336e-01 0.000000000000000000e+00
-5.069124698638916016e-01 -4.038104116916656494e-01 4.186721444129943848e-01 8.968633413314819336e-01 9.701983928680419922e-01 0.000000000000000000e+00
-3.853817284107208252e-01 -5.485758781433105469e-01 -6.551997661590576172e-01 -6.290614604949951172e-01 -5.497765541076660156e-01 0.000000000000000000e+00
-5.950575470924377441e-01 -7.063451409339904785e-01 -6.339412927627563477e-01 1.372965127229690552e-01 4.328150153160095215e-01 0.000000000000000000e+00
-6.951905488967895508e-01 -7.711308002471923828e-01 -7.945553064346313477e-01 -7.897371649742126465e-01 -7.596902847290039062e-01 0.000000000000000000e+00
-6.709343194961547852e-01 -7.488739490509033203e-01 -7.495761513710021973e-01 -7.539967298507690430e-01 -7.598077654838562012e-01 0.000000000000000000e+00
-6.466621160507202148e-01 -7.592424750328063965e-01 -7.750509381294250488e-01 -7.844849824905395508e-01 -8.018468022346496582e-01 0.000000000000000000e+00
7.520680427551269531e-01 7.988354563713073730e-01 8.127269148826599121e-01 8.301420211791992188e-01 8.054684996604919434e-01 0.000000000000000000e+00
8.972668647766113281e-01 9.700679779052734375e-01 9.837843775749206543e-01 9.911704063415527344e-01 9.880746603012084961e-01 0.000000000000000000e+00
8.043461441993713379e-01 9.364223480224609375e-01 9.757100343704223633e-01 9.899659156799316406e-01 9.952236413955688477e-01 0.000000000000000000e+00
6.317197084426879883e-01 7.511478662490844727e-01 8.253890872001647949e-01 8.679052591323852539e-01 9.109188318252563477e-01 0.000000000000000000e+00
-3.722311556339263916e-01 -4.450829923152923584e-01 -4.483050704002380371e-01 -4.346261322498321533e-01 -1.560808122158050537e-01 0.000000000000000000e+00
6.477681398391723633e-01 6.909314990043640137e-01 7.791332006454467773e-01 7.751389741897583008e-01 6.333700418472290039e-01 0.000000000000000000e+00
