7.419407367706298828e-01 8.492730855941772461e-01 9.065513610839843750e-01 9.377236366271972656e-01 9.526027441024780273e-01 0.000000000000000000e+00
5.359066128730773926e-01 7.271773815155029297e-01 6.021153926849365234e-01 6.366367340087890625e-01 6.638184785842895508e-01 0.000000000000000000e+00
-5.639580637216567993e-02 -8.479969203472137451e-02 -1.735315322875976562e-01 3.568029701709747314e-01 7.122188210487365723e-01 0.000000000000000000e+00
8.822264671325683594e-01 9.295866489410400391e-01 9.314423203468322754e-01 9.300107359886169434e-01 9.320468902587890625e-01 0.000000000000000000e+00
8.828685879707336426e-01 9.639278650283813477e-01 9.900362491607666016e-01 9.965902566909790039e-01 9.988911151885986328e-01 0.000000000000000000e+00
7.629063129425048828e-01 8.800098896026611328e-01 9.357980489730834961e-01 9.668882489204406738e-01 9.867838621139526367e-01 0.000000000000000000e+00
8.260420560836791992e-01 8.788577318191528320e-01 9.022871255874633789e-01 9.188814163208007812e-01 9.199836850166320801e-01 0.000000000000000000e+00
7.185922861099243164e-01 8.088302016258239746e-01 9.165470600128173828e-01 9.469807744026184082e-01 9.701321721076965332e-01 0.000000000000000000e+00
8.263472318649291992e-01 9.274239540100097656e-01 9.617065191268920898e-01 9.804010391235351562e-01 9.841978549957275391e-01 0.000000000000000000e+00
8.565180301666259766e-01 9.217024445533752441e-01 9.566525220870971680e-01 9.693848490715026855e-01 9.865820407867431641e-01 0.000000000000000000e+00
9.037951231002807617e-01 9.593650698661804199e-01 9.789537191390991211e-01 9.866065382957458496e-01 9.929600358009338379e-01 0.000000000000000000e+00
8.926068544387817383e-01 9.390715956687927246e-01 9.733784198760986328e-01 9.893267750740051270e-01 9.934653043746948242e-01 0.000000000000000000e+00
8.910174369812011719e-01 9.629144072532653809e-01 9.886202812194824219e-01 9.953719377517700195e-01 9.983103871345520020e-01 0.000000000000000000e+00
8.688900470733642578e-01 9.204701781272888184e-01 9.739224314689636230e-01 9.867092370986938477e-01 9.955270886421203613e-01 0.000000000000000000e+00
-5.440185219049453735e-02 2.747149765491485596e-01 6.058226823806762695e-01 7.567753791809082031e-01 8.870575428009033203e-01 0.000000000000000000e+00
-5.285532474517822266e-01 -5.658594369888305664e-01 -5.588840246200561523e-01 -5.542019009590148926e-01 -5.234636068344116211e-01 0.000000000000000000e+00
-5.473735332489013672e-01 -5.805174112319946289e-01 -5.751648545265197754e-01 -5.519169569015502930e-01 -5.039058327674865723e-01 0.000000000000000000e+00
-5.545781850814819336e-01 -5.716021060943603516e-01 -5.663863420486450195e-01 -5.745165944099426270e-01 -5.626503229141235352e-01 0.000000000000000000e+00
-2.860890626907348633e-01 1.055746972560882568e-01 5.989979505538940430e-01 7.402420043945312500e-01 7.015205621719360352e-01 0.000000000000000000e+00
3.103127181529998779e-01 6.473048925399780273e-01 7.611055374145507812e-01 8.521801233291625977e-01 9.140748977661132812e-01 0.000000000000000000e+00
-2.556170225143432617e-01 -2.206476926803588867e-01 3.103894889354705811e-01 6.798707842826843262e-01 8.359590768814086914e-01 0.000000000000000000e+00
7.568997144699096680e-01 8.953181505203247070e-01 9.342338442802429199e-01 9.723011851310729980e-01 9.803875088691711426e-01 0.000000000000000000e+00
2.572892606258392334e-02 5.641446113586425781e-01 8.129975199699401855e-01 9.094560742378234863e-01 9.483320116996765137e-01 0.000000000000000000e+00
-4.862108528614044189e-01 -4.918952882289886475e-01 -5.124502182006835938e-01 -5.147663950920104980e-01 -5.110068321228027344e-01 0.000000000000000000e+00
-5.453326106071472168e-01 -5.819941163063049316e-01 -5.967223644256591797e-01 -5.797898769378662109e-01 -5.630691051483154297e-01 0.000000000000000000e+00
-5.319111347198486328e-01 -6.204855442047119141e-01 -6.626740694046020508e-01 -7.046536803245544434e-01 -7.278659343719482422e-01 0.000000000000000000e+00
4.288291037082672119e-01 5.318409800529479980e-01 6.054236888885498047e-01 7.905507683753967285e-01 7.941502332687377930e-01 0.000000000000000000e+00
6.316605210304260254e-01 8.317675590515136719e-01 8.735529184341430664e-01 8.790954351425170898e-01 8.888107538223266602e-01 0.000000000000000000e+00
-5.702267885208129883e-01 4.202176630496978760e-01 8.256946802139282227e-01 9.608900547027587891e-01 9.935225248336791992e-01 0.000000000000000000e+00
-6.243672370910644531e-01 -6.226432323455810547e-01 -6.813329458236694336e-01 -7.245779037475585938e-01 -7.044823169708251953e-01 0.000000000000000000e+00
-4.699545204639434814e-01 -4.302253723144531250e-01 -4.950689673423767090e-01 -5.206990242004394531e-01 -5.291873812675476074e-01 0.000000000000000000e+00
-5.379453301429748535e-01 -2.005905956029891968e-01 7.560444623231887817e-02 -2.836978994309902191e-02 2.168803066015243530e-01 0.000000000000000000e+00
-5.299554467201232910e-01 -5.387133955955505371e-01 -5.248693823814392090e-01 -2.213318496942520142e-01 3.504805564880371094e-01 0.000000000000000000e+00
3.090704381465911865e-01 6.370670795440673828e-01 7.909486293792724609e-01 8.571544885635375977e-01 8.586111068725585938e-01 0.000000000000000000e+00
6.509610414505004883e-01 7.993202805519104004e-01 9.541388154029846191e-01 9.597331881523132324e-01 9.784632325172424316e-01 0.000000000000000000e+00
6.869912147521972656e-01 9.195498824119567871e-01 9.766379594802856445e-01 9.925661683082580566e-01 9.969961047172546387e-01 0.000000000000000000e+00
8.359043598175048828e-01 9.642934203147888184e-01 9.783216714859008789e-01 9.945540428161621094e-01 9.951162338256835938e-01 0.000000000000000000e+00
9.541559219360351562e-01 9.964792132377624512e-01 9.985822439193725586e-01 9.986171722412109375e-01 9.995234608650207520e-01 0.000000000000000000e+00
9.625453352928161621e-01 9.953236579895019531e-01 9.994927048683166504e-01 9.999076724052429199e-01 9.999867677688598633e-01 0.000000000000000000e+00
9.671925902366638184e-01 9.945318102836608887e-01 9.993966817855834961e-01 9.999372363090515137e-01 9.999825954437255859e-01 0.000000000000000000e+00
9.720175862312316895e-01 9.972277283668518066e-01 9.997153282165527344e-01 9.999676346778869629e-01 9.999979734420776367e-01 0.000000000000000000e+00
6.237596869468688965e-01 8.650109767913818359e-01 9.836961627006530762e-01 9.976901412010192871e-01 9.997609257698059082e-01 0.000000000000000000e+00
-5.106424093246459961e-01 -5.749036669731140137e-01 -6.085646152496337891e-01 -6.463264822959899902e-01 -6.632306575775146484e-01 1.000000000000000000e+00
3.051362931728363037e-01 4.999440908432006836e-01 5.384383201599121094e-01 5.115153193473815918e-01 -4.427517652511596680e-01 2.000000000000000000e+00
-5.106424093246459961e-01 -5.749036669731140137e-01 -6.085646152496337891e-01 -6.463264822959899902e-01 -6.632306575775146484e-01 1.000000000000000000e+00
3.051362931728363037e-01 4.999440908432006836e-01 5.384383201599121094e-01 5.115153193473815918e-01 -4.427517652511596680e-01 2.000000000000000000e+00
-5.106424093246459961e-01 -5.749036669731140137e-01 -6.085646152496337891e-01 -6.463264822959899902e-01 -6.632306575775146484e-01 1.000000000000000000e+00
3.051362931728363037e-01 4.999440908432006836e-01 5.384383201599121094e-01 5.115153193473815918e-01 -4.427517652511596680e-01 2.000000000000000000e+00
-5.106424093246459961e-01 -5.749036669731140137e-01 -6.085646152496337891e-01 -6.463264822959899902e-01 -6.632306575775146484e-01 1.000000000000000000e+00
3.051362931728363037e-01 4.999440908432006836e-01 5.384383201599121094e-01 5.115153193473815918e-01 -4.427517652511596680e-01 2.000000000000000000e+00
-5.106424093246459961e-01 -5.749036669731140137e-01 -6.085646152496337891e-01 -6.463264822959899902e-01 -6.632306575775146484e-01 1.000000000000000000e+00
3.051362931728363037e-01 4.999440908432006836e-01 5.384383201599121094e-01 5.115153193473815918e-01 -4.427517652511596680e-01 2.000000000000000000e+00
-5.106424093246459961e-01 -5.749036669731140137e-01 -6.085646152496337891e-01 -6.463264822959899902e-01 -6.632306575775146484e-01 1.000000000000000000e+00
3.051362931728363037e-01 4.999440908432006836e-01 5.384383201599121094e-01 5.115153193473815918e-01 -4.427517652511596680e-01 2.000000000000000000e+00
-5.106424093246459961e-01 -5.749036669731140137e-01 -6.085646152496337891e-01 -6.463264822959899902e-01 -6.632306575775146484e-01 1.000000000000000000e+00
3.051362931728363037e-01 4.999440908432006836e-01 5.384383201599121094e-01 5.115153193473815918e-01 -4.427517652511596680e-01 2.000000000000000000e+00
-5.106424093246459961e-01 -5.749036669731140137e-01 -6.085646152496337891e-01 -6.463264822959899902e-01 -6.632306575775146484e-01 1.000000000000000000e+00
3.051362931728363037e-01 4.999440908432006836e-01 5.384383201599121094e-01 5.115153193473815918e-01 -4.427517652511596680e-01 2.000000000000000000e+00
-5.106424093246459961e-01 -5.749036669731140137e-01 -6.085646152496337891e-01 -6.463264822959899902e-01 -6.632306575775146484e-01 1.000000000000000000e+00
3.051362931728363037e-01 4.999440908432006836e-01 5.384383201599121094e-01 5.115153193473815918e-01 -4.427517652511596680e-01 2.000000000000000000e+00
-5.106424093246459961e-01 -5.749036669731140137e-01 -6.085646152496337891e-01 -6.463264822959899902e-01 -6.632306575775146484e-01 1.000000000000000000e+00
3.051362931728363037e-01 4.999440908432006836e-01 5.384383201599121094e-01 5.115153193473815918e-01 -4.427517652511596680e-01 2.000000000000000000e+00
8.969599008560180664e-01 9.714034199714660645e-01 9.895744323730468750e-01 9.989022612571716309e-01 9.999057054519653320e-01 0.000000000000000000e+00
7.837281227111816406e-01 9.169309139251708984e-01 9.685000181198120117e-01 9.967197775840759277e-01 9.994037151336669922e-01 0.000000000000000000e+00
8.723444342613220215e-01 9.459918141365051270e-01 9.832795262336730957e-01 9.946776032447814941e-01 9.985148310661315918e-01 0.000000000000000000e+00
7.008526325225830078e-01 8.561332225799560547e-01 9.489873647689819336e-01 9.920922517776489258e-01 9.974737167358398438e-01 0.000000000000000000e+00
6.657150983810424805e-01 7.457127571105957031e-01 8.290541172027587891e-01 8.896778225898742676e-01 9.674947857856750488e-01 0.000000000000000000e+00
8.513004183769226074e-01 9.626757502555847168e-01 9.919512271881103516e-01 9.955982565879821777e-01 9.983357191085815430e-01 0.000000000000000000e+00
8.459239602088928223e-01 9.070221185684204102e-01 9.829047918319702148e-01 9.930706024169921875e-01 9.985383152961730957e-01 0.000000000000000000e+00
8.613775968551635742e-01 9.330756664276123047e-01 9.797555208206176758e-01 9.941261410713195801e-01 9.984201788902282715e-01 0.000000000000000000e+00
9.114987254142761230e-01 9.833831191062927246e-01 9.964832663536071777e-01 9.984540939331054688e-01 9.996353387832641602e-01 0.000000000000000000e+00
9.158235788345336914e-01 9.763438105583190918e-01 9.942414760589599609e-01 9.985029697418212891e-01 9.996725916862487793e-01 0.000000000000000000e+00
9.259439706802368164e-01 9.803315997123718262e-01 9.956933259963989258e-01 9.985311031341552734e-01 9.995002746582031250e-01 0.000000000000000000e+00
9.250515103340148926e-01 9.786154031753540039e-01 9.943545460700988770e-01 9.983925819396972656e-01 9.994186758995056152e-01 0.000000000000000000e+00
9.173650741577148438e-01 9.765290617942810059e-01 9.930353760719299316e-01 9.977204203605651855e-01 9.991901516914367676e-01 0.000000000000000000e+00
9.090019464492797852e-01 9.728745818138122559e-01 9.916299581527709961e-01 9.970167279243469238e-01 9.988654851913452148e-01 0.000000000000000000e+00
1.785382479429244995e-01 5.193539261817932129e-01 6.410132646560668945e-01 6.932705640792846680e-01 6.739116907119750977e-01 0.000000000000000000e+00
2.552433684468269348e-02 2.683309912681579590e-01 5.390319824218750000e-01 4.670266807079315186e-01 7.450983524322509766e-01 0.000000000000000000e+00
4.629858732223510742e-01 6.114153265953063965e-01 6.668627262115478516e-01 7.905951142311096191e-01 7.934753894805908203e-01 0.000000000000000000e+00
8.878356218338012695e-01 9.689160585403442383e-01 9.899839758872985840e-01 9.962593913078308105e-01 9.956951737403869629e-01 0.000000000000000000e+00
9.311344623565673828e-01 9.869258403778076172e-01 9.956784248352050781e-01 9.980789422988891602e-01 9.990109205245971680e-01 0.000000000000000000e+00
-5.710812807083129883e-01 -5.843729972839355469e-01 -6.121832132339477539e-01 -6.394057273864746094e-01 -6.701059341430664062e-01 1.000000000000000000e+00
-3.823004961013793945e-01 -5.312749147415161133e-01 -5.596605539321899414e-01 -5.439301133155822754e-01 -5.733370780944824219e-01 2.000000000000000000e+00
-5.710812807083129883e-01 -5.843729972839355469e-01 -6.121832132339477539e-01 -6.394057273864746094e-01 -6.701059341430664062e-01 1.000000000000000000e+00
-3.823004961013793945e-01 -5.312749147415161133e-01 -5.596605539321899414e-01 -5.439301133155822754e-01 -5.733370780944824219e-01 2.000000000000000000e+00
-5.710812807083129883e-01 -5.843729972839355469e-01 -6.121832132339477539e-01 -6.394057273864746094e-01 -6.701059341430664062e-01 1.000000000000000000e+00
-3.823004961013793945e-01 -5.312749147415161133e-01 -5.596605539321899414e-01 -5.439301133155822754e-01 -5.733370780944824219e-01 2.000000000000000000e+00
-5.710812807083129883e-01 -5.843729972839355469e-01 -6.121832132339477539e-01 -6.394057273864746094e-01 -6.701059341430664062e-01 1.000000000000000000e+00
-3.823004961013793945e-01 -5.312749147415161133e-01 -5.596605539321899414e-01 -5.439301133155822754e-01 -5.733370780944824219e-01 2.000000000000000000e+00
-5.710812807083129883e-01 -5.843729972839355469e-01 -6.121832132339477539e-01 -6.394057273864746094e-01 -6.701059341430664062e-01 1.000000000000000000e+00
-3.823004961013793945e-01 -5.312749147415161133e-01 -5.596605539321899414e-01 -5.439301133155822754e-01 -5.733370780944824219e-01 2.000000000000000000e+00
-5.710812807083129883e-01 -5.843729972839355469e-01 -6.121832132339477539e-01 -6.394057273864746094e-01 -6.701059341430664062e-01 1.000000000000000000e+00
-3.823004961013793945e-01 -5.312749147415161133e-01 -5.596605539321899414e-01 -5.439301133155822754e-01 -5.733370780944824219e-01 2.000000000000000000e+00
-5.710812807083129883e-01 -5.843729972839355469e-01 -6.121832132339477539e-01 -6.394057273864746094e-01 -6.701059341430664062e-01 1.000000000000000000e+00
-3.823004961013793945e-01 -5.312749147415161133e-01 -5.596605539321899414e-01 -5.439301133155822754e-01 -5.733370780944824219e-01 2.000000000000000000e+00
-5.710812807083129883e-01 -5.843729972839355469e-01 -6.121832132339477539e-01 -6.394057273864746094e-01 -6.701059341430664062e-01 1.000000000000000000e+00
-3.823004961013793945e-01 -5.312749147415161133e-01 -5.596605539321899414e-01 -5.439301133155822754e-01 -5.733370780944824219e-01 2.000000000000000000e+00
-5.710812807083129883e-01 -5.843729972839355469e-01 -6.121832132339477539e-01 -6.394057273864746094e-01 -6.701059341430664062e-01 1.000000000000000000e+00
-3.823004961013793945e-01 -5.312749147415161133e-01 -5.596605539321899414e-01 -5.439301133155822754e-01 -5.733370780944824219e-01 2.000000000000000000e+00
-5.710812807083129883e-01 -5.843729972839355469e-01 -6.121832132339477539e-01 -6.394057273864746094e-01 -6.701059341430664062e-01 1.000000000000000000e+00
-3.823004961013793945e-01 -5.312749147415161133e-01 -5.596605539321899414e-01 -5.439301133155822754e-01 -5.733370780944824219e-01 2.000000000000000000e+00
7.435221076011657715e-01 9.198184609413146973e-01 9.712353348731994629e-01 9.943733215332031250e-01 9.975997209548950195e-01 0.000000000000000000e+00
7.189277410507202148e-01 8.914691805839538574e-01 9.338022470474243164e-01 9.799493551254272461e-01 9.956383109092712402e-01 0.000000000000000000e+00
8.220604062080383301e-01 9.445381164550781250e-01 9.855575561523437500e-01 9.953902363777160645e-01 9.987646937370300293e-01 0.000000000000000000e+00
9.506925344467163086e-01 9.938223361968994141e-01 9.990069270133972168e-01 9.998067617416381836e-01 9.999393224716186523e-01 0.000000000000000000e+00
9.304080605506896973e-01 9.899189472198486328e-01 9.974854588508605957e-01 9.994145631790161133e-01 9.999100565910339355e-01 0.000000000000000000e+00
-3.055941760540008545e-01 -2.923420071601867676e-01 -2.833489179611206055e-01 -2.901072502136230469e-01 1.816021651029586792e-01 1.000000000000000000e+00
7.308031320571899414e-01 7.633585929870605469e-01 9.548573493957519531e-01 9.817621707916259766e-01 9.889577031135559082e-01 2.000000000000000000e+00
-3.055941760540008545e-01 -2.923420071601867676e-01 -2.833489179611206055e-01 -2.901072502136230469e-01 1.816021651029586792e-01 1.000000000000000000e+00
7.308031320571899414e-01 7.633585929870605469e-01 9.548573493957519531e-01 9.817621707916259766e-01 9.889577031135559082e-01 2.000000000000000000e+00
-3.055941760540008545e-01 -2.923420071601867676e-01 -2.833489179611206055e-01 -2.901072502136230469e-01 1.816021651029586792e-01 1.000000000000000000e+00
7.308031320571899414e-01 7.633585929870605469e-01 9.548573493957519531e-01 9.817621707916259766e-01 9.889577031135559082e-01 2.000000000000000000e+00
-3.055941760540008545e-01 -2.923420071601867676e-01 -2.833489179611206055e-01 -2.901072502136230469e-01 1.816021651029586792e-01 1.000000000000000000e+00
7.308031320571899414e-01 7.633585929870605469e-01 9.548573493957519531e-01 9.817621707916259766e-01 9.889577031135559082e-01 2.000000000000000000e+00
-3.055941760540008545e-01 -2.923420071601867676e-01 -2.833489179611206055e-01 -2.901072502136230469e-01 1.816021651029586792e-01 1.000000000000000000e+00
7.308031320571899414e-01 7.633585929870605469e-01 9.548573493957519531e-01 9.817621707916259766e-01 9.889577031135559082e-01 2.000000000000000000e+00
-3.055941760540008545e-01 -2.923420071601867676e-01 -2.833489179611206055e-01 -2.901072502136230469e-01 1.816021651029586792e-01 1.000000000000000000e+00
7.308031320571899414e-01 7.633585929870605469e-01 9.548573493957519531e-01 9.817621707916259766e-01 9.889577031135559082e-01 2.000000000000000000e+00
-3.055941760540008545e-01 -2.923420071601867676e-01 -2.833489179611206055e-01 -2.901072502136230469e-01 1.816021651029586792e-01 1.000000000000000000e+00
7.308031320571899414e-01 7.633585929870605469e-01 9.548573493957519531e-01 9.817621707916259766e-01 9.889577031135559082e-01 2.000000000000000000e+00
-3.055941760540008545e-01 -2.923420071601867676e-01 -2.833489179611206055e-01 -2.901072502136230469e-01 1.816021651029586792e-01 1.000000000000000000e+00
7.308031320571899414e-01 7.633585929870605469e-01 9.548573493957519531e-01 9.817621707916259766e-01 9.889577031135559082e-01 2.000000000000000000e+00
-3.055941760540008545e-01 -2.923420071601867676e-01 -2.833489179611206055e-01 -2.901072502136230469e-01 1.816021651029586792e-01 1.000000000000000000e+00
7.308031320571899414e-01 7.633585929870605469e-01 9.548573493957519531e-01 9.817621707916259766e-01 9.889577031135559082e-01 2.000000000000000000e+00
-3.055941760540008545e-01 -2.923420071601867676e-01 -2.833489179611206055e-01 -2.901072502136230469e-01 1.816021651029586792e-01 1.000000000000000000e+00
7.308031320571899414e-01 7.633585929870605469e-01 9.548573493957519531e-01 9.817621707916259766e-01 9.889577031135559082e-01 2.000000000000000000e+00
9.489338397979736328e-01 9.852269887924194336e-01 9.963003993034362793e-01 9.992504119873046875e-01 9.999360442161560059e-01 0.000000000000000000e+00
8.641068339347839355e-01 9.481701850891113281e-01 9.914471507072448730e-01 9.980295896530151367e-01 9.995327591896057129e-01 0.000000000000000000e+00
9.074915051460266113e-01 9.801955819129943848e-01 9.944478273391723633e-01 9.971247911453247070e-01 9.991068840026855469e-01 0.000000000000000000e+00
9.378248453140258789e-01 9.822895526885986328e-01 9.940130114555358887e-01 9.978496432304382324e-01 9.995215535163879395e-01 0.000000000000000000e+00
9.262558221817016602e-01 9.713972806930541992e-01 9.954786896705627441e-01 9.984708428382873535e-01 9.994135499000549316e-01 0.000000000000000000e+00
9.394799470901489258e-01 9.821494221687316895e-01 9.963303208351135254e-01 9.987454414367675781e-01 9.996539950370788574e-01 0.000000000000000000e+00
9.171229600906372070e-01 9.835729598999023438e-01 9.957329034805297852e-01 9.995153546333312988e-01 9.998644590377807617e-01 0.000000000000000000e+00
-5.316879749298095703e-01 -5.340479612350463867e-01 -5.398013591766357422e-01 -5.340906977653503418e-01 -4.497175812721252441e-01 0.000000000000000000e+00
4.083349108695983887e-01 7.968837022781372070e-01 6.002112627029418945e-01 -1.497132051736116409e-02 -5.203841328620910645e-01 0.000000000000000000e+00
-5.341817736625671387e-01 -5.363053083419799805e-01 -5.522218942642211914e-01 6.654825806617736816e-02 4.561370611190795898e-01 0.000000000000000000e+00
-5.340407490730285645e-01 -5.338865518569946289e-01 -5.557817816734313965e-01 -5.716629624366760254e-01 -5.733567476272583008e-01 0.000000000000000000e+00
-5.166876912117004395e-01 -1.167329996824264526e-01 -5.300067663192749023e-01 -5.414323806762695312e-01 -5.579219460487365723e-01 0.000000000000000000e+00
-2.667967677116394043e-01 2.275354266166687012e-01 1.842913776636123657e-01 3.014391362667083740e-01 5.805459022521972656e-01 0.000000000000000000e+00
7.117228507995605469e-01 7.863197922706604004e-01 8.454928994178771973e-01 9.294009208679199219e-01 9.194772243499755859e-01 0.000000000000000000e+00
7.546870708465576172e-01 8.898313641548156738e-01 9.579581022262573242e-01 9.841180443763732910e-01 9.927233457565307617e-01 0.000000000000000000e+00
8.114365935325622559e-01 9.260526895523071289e-01 9.718137979507446289e-01 9.886170625686645508e-01 9.950941801071166992e-01 0.000000000000000000e+00
7.656939625740051270e-01 9.118354916572570801e-01 9.556910395622253418e-01 9.814389348030090332e-01 9.904839396476745605e-01 0.000000000000000000e+00
7.093057632446289062e-01 8.005393147468566895e-01 9.136614203453063965e-01 9.360491633415222168e-01 9.735024571418762207e-01 0.000000000000000000e+00
5.647110939025878906e-01 6.472790241241455078e-01 8.253089785575866699e-01 8.987361192703247070e-01 9.658976793289184570e-01 0.000000000000000000e+00
5.325644612312316895e-01 7.875761985778808594e-01 8.450277447700500488e-01 8.880305886268615723e-01 9.358824491500854492e-01 0.000000000000000000e+00
4.610823690891265869e-01 5.862871408462524414e-01 7.472594380378723145e-01 8.585506677627563477e-01 9.203864932060241699e-01 0.000000000000000000e+00
8.263316154479980469e-01 9.597276449203491211e-01 9.903206229209899902e-01 9.956294298171997070e-01 9.985172152519226074e-01 0.000000000000000000e+00
8.791061043739318848e-01 9.742333889007568359e-01 9.958064556121826172e-01 9.991344809532165527e-01 9.998132586479187012e-01 0.000000000000000000e+00
8.960976600646972656e-01 9.783304333686828613e-01 9.966636300086975098e-01 9.994465708732604980e-01 9.998553395271301270e-01 0.000000000000000000e+00
7.620077133178710938e-01 9.095257520675659180e-01 9.714767932891845703e-01 9.922842383384704590e-01 9.985803365707397461e-01 0.000000000000000000e+00
9.351570010185241699e-01 9.829409122467041016e-01 9.915896654129028320e-01 9.984056353569030762e-01 9.994552731513977051e-01 0.000000000000000000e+00
9.589335322380065918e-01 9.915570020675659180e-01 9.987592697143554688e-01 9.998067021369934082e-01 9.999685883522033691e-01 0.000000000000000000e+00
-4.750754237174987793e-01 -5.384196639060974121e-01 -5.299192070960998535e-01 -6.078125834465026855e-01 -6.368834972381591797e-01 1.000000000000000000e+00
8.149719238281250000e-01 9.222112894058227539e-01 9.412124752998352051e-01 9.738858342170715332e-01 9.731079936027526855e-01 2.000000000000000000e+00
-4.750754237174987793e-01 -5.384196639060974121e-01 -5.299192070960998535e-01 -6.078125834465026855e-01 -6.368834972381591797e-01 1.000000000000000000e+00
8.149719238281250000e-01 9.222112894058227539e-01 9.412124752998352051e-01 9.738858342170715332e-01 9.731079936027526855e-01 2.000000000000000000e+00
-4.750754237174987793e-01 -5.384196639060974121e-01 -5.299192070960998535e-01 -6.078125834465026855e-01 -6.368834972381591797e-01 1.000000000000000000e+00
8.149719238281250000e-01 9.222112894058227539e-01 9.412124752998352051e-01 9.738858342170715332e-01 9.731079936027526855e-01 2.000000000000000000e+00
-4.750754237174987793e-01 -5.384196639060974121e-01 -5.299192070960998535e-01 -6.078125834465026855e-01 -6.368834972381591797e-01 1.000000000000000000e+00
8.149719238281250000e-01 9.222112894058227539e-01 9.412124752998352051e-01 9.738858342170715332e-01 9.731079936027526855e-01 2.000000000000000000e+00
-4.750754237174987793e-01 -5.384196639060974121e-01 -5.299192070960998535e-01 -6.078125834465026855e-01 -6.368834972381591797e-01 1.000000000000000000e+00
8.149719238281250000e-01 9.222112894058227539e-01 9.412124752998352051e-01 9.738858342170715332e-01 9.731079936027526855e-01 2.000000000000000000e+00
-4.750754237174987793e-01 -5.384196639060974121e-01 -5.299192070960998535e-01 -6.078125834465026855e-01 -6.368834972381591797e-01 1.000000000000000000e+00
8.149719238281250000e-01 9.222112894058227539e-01 9.412124752998352051e-01 9.738858342170715332e-01 9.731079936027526855e-01 2.000000000000000000e+00
-4.750754237174987793e-01 -5.384196639060974121e-01 -5.299192070960998535e-01 -6.078125834465026855e-01 -6.368834972381591797e-01 1.000000000000000000e+00
8.149719238281250000e-01 9.222112894058227539e-01 9.412124752998352051e-01 9.738858342170715332e-01 9.731079936027526855e-01 2.000000000000000000e+00
-4.750754237174987793e-01 -5.384196639060974121e-01 -5.299192070960998535e-01 -6.078125834465026855e-01 -6.368834972381591797e-01 1.000000000000000000e+00
8.149719238281250000e-01 9.222112894058227539e-01 9.412124752998352051e-01 9.738858342170715332e-01 9.731079936027526855e-01 2.000000000000000000e+00
-4.750754237174987793e-01 -5.384196639060974121e-01 -5.299192070960998535e-01 -6.078125834465026855e-01 -6.368834972381591797e-01 1.000000000000000000e+00
8.149719238281250000e-01 9.222112894058227539e-01 9.412124752998352051e-01 9.738858342170715332e-01 9.731079936027526855e-01 2.000000000000000000e+00
-4.750754237174987793e-01 -5.384196639060974121e-01 -5.299192070960998535e-01 -6.078125834465026855e-01 -6.368834972381591797e-01 1.000000000000000000e+00
8.149719238281250000e-01 9.222112894058227539e-01 9.412124752998352051e-01 9.738858342170715332e-01 9.731079936027526855e-01 2.000000000000000000e+00
9.997982382774353027e-01 9.999961256980895996e-01 1.000000000000000000e+00 1.000000000000000000e+00 1.000000000000000000e+00 0.000000000000000000e+00
9.998914599418640137e-01 9.999988675117492676e-01 1.000000000000000000e+00 1.000000000000000000e+00 1.000000000000000000e+00 0.000000000000000000e+00
9.999258518218994141e-01 9.999995827674865723e-01 1.000000000000000000e+00 1.000000000000000000e+00 1.000000000000000000e+00 0.000000000000000000e+00
9.998552203178405762e-01 9.999992251396179199e-01 1.000000000000000000e+00 1.000000000000000000e+00 1.000000000000000000e+00 0.000000000000000000e+00
9.991115927696228027e-01 9.999962449073791504e-01 9.999999403953552246e-01 1.000000000000000000e+00 1.000000000000000000e+00 0.000000000000000000e+00
9.997265338897705078e-01 9.999975562095642090e-01 1.000000000000000000e+00 1.000000000000000000e+00 1.000000000000000000e+00 0.000000000000000000e+00
9.994215369224548340e-01 9.999856352806091309e-01 9.999999403953552246e-01 1.000000000000000000e+00 1.000000000000000000e+00 0.000000000000000000e+00
8.041630983352661133e-01 8.747805953025817871e-01 9.250739216804504395e-01 9.469314813613891602e-01 9.619940519332885742e-01 0.000000000000000000e+00
6.017121076583862305e-01 7.496207356452941895e-01 7.807256579399108887e-01 9.081988930702209473e-01 9.350565075874328613e-01 0.000000000000000000e+00
3.689924776554107666e-01 5.772627592086791992e-01 5.801259279251098633e-01 6.371096372604370117e-01 9.290345311164855957e-01 0.000000000000000000e+00
5.064711570739746094e-01 6.703431606292724609e-01 7.496800422668457031e-01 8.167200088500976562e-01 8.411351442337036133e-01 0.000000000000000000e+00
6.613768339157104492e-01 6.556606292724609375e-01 6.964683532714843750e-01 7.661906480789184570e-01 8.325989246368408203e-01 0.000000000000000000e+00
-3.958489894866943359e-01 -3.738952875137329102e-01 -2.102981656789779663e-01 -9.867957234382629395e-02 5.383523702621459961e-01 0.000000000000000000e+00
-3.282336294651031494e-01 -6.144512072205543518e-02 -2.708170115947723389e-01 4.815796017646789551e-01 6.382905244827270508e-01 0.000000000000000000e+00
8.365050554275512695e-01 9.551758170127868652e-01 9.899438619613647461e-01 9.985208511352539062e-01 9.996768236160278320e-01 0.000000000000000000e+00
8.490482568740844727e-01 9.503301382064819336e-01 9.893378019332885742e-01 9.963819384574890137e-01 9.980427026748657227e-01 0.000000000000000000e+00
7.834159135818481445e-01 9.079492688179016113e-01 9.671347737312316895e-01 9.922609329223632812e-01 9.983745217323303223e-01 0.000000000000000000e+00
7.979103326797485352e-01 9.137067794799804688e-01 9.686914682388305664e-01 9.871999621391296387e-01 9.976754188537597656e-01 0.000000000000000000e+00
6.118296384811401367e-01 7.966746687889099121e-01 9.223299026489257812e-01 9.590696096420288086e-01 9.715782999992370605e-01 0.000000000000000000e+00
3.978468775749206543e-01 7.897881269454956055e-01 8.677284121513366699e-01 9.297029972076416016e-01 9.678692221641540527e-01 0.000000000000000000e+00
6.682382822036743164e-01 7.398867607116699219e-01 8.767611980438232422e-01 9.301486015319824219e-01 9.388247132301330566e-01 0.000000000000000000e+00
5.000097155570983887e-01 5.978941917419433594e-01 7.419271469116210938e-01 7.500326633453369141e-01 7.963648438453674316e-01 0.000000000000000000e+00
-6.156099960207939148e-02 -3.883009850978851318e-01 -4.045550227165222168e-01 -5.932452902197837830e-02 2.456812560558319092e-01 0.000000000000000000e+00
-5.918294191360473633e-01 -5.986487865447998047e-01 -6.054440736770629883e-01 -6.007112264633178711e-01 -5.406719446182250977e-01 0.000000000000000000e+00
-5.842590332031250000e-01 -5.791136026382446289e-01 -5.955805778503417969e-01 -6.316244602203369141e-01 -6.360123157501220703e-01 0.000000000000000000e+00
-5.407962799072265625e-01 -5.558477640151977539e-01 -5.810531377792358398e-01 -5.902373790740966797e-01 -6.121559143066406250e-01 0.000000000000000000e+00
-5.831551551818847656e-01 -5.858917236328125000e-01 -6.076829433441162109e-01 -6.059027910232543945e-01 -6.052334308624267578e-01 0.000000000000000000e+00
-5.843054056167602539e-01 -5.252411365509033203e-01 -5.230274796485900879e-01 -5.581028461456298828e-01 -5.864973068237304688e-01 0.000000000000000000e+00
7.000310420989990234e-01 7.967907190322875977e-01 8.763625621795654297e-01 9.375262856483459473e-01 9.721161723136901855e-01 0.000000000000000000e+00
9.008885622024536133e-01 9.691283702850341797e-01 9.901450276374816895e-01 9.969528317451477051e-01 9.989436864852905273e-01 0.000000000000000000e+00
9.557521343231201172e-01 9.942442774772644043e-01 9.989076852798461914e-01 9.998381137847900391e-01 9.999643564224243164e-01 0.000000000000000000e+00
8.889113664627075195e-01 9.497544169425964355e-01 9.917765855789184570e-01 9.992082118988037109e-01 9.998852014541625977e-01 0.000000000000000000e+00
7.094606161117553711e-01 7.928466796875000000e-01 9.008989930152893066e-01 9.832429289817810059e-01 9.962338209152221680e-01 0.000000000000000000e+00
6.335753202438354492e-01 7.211526632308959961e-01 8.936122655868530273e-01 9.687001705169677734e-01 9.898857474327087402e-01 0.000000000000000000e+00
3.029480874538421631e-01 4.716072976589202881e-01 5.381257534027099609e-01 5.558972358703613281e-01 8.031156659126281738e-01 0.000000000000000000e+00
9.784981608390808105e-01 9.975153207778930664e-01 9.996373653411865234e-01 9.999255537986755371e-01 9.999859929084777832e-01 0.000000000000000000e+00
9.760330915451049805e-01 9.965891838073730469e-01 9.996445775032043457e-01 9.999389052391052246e-01 9.999899864196777344e-01 0.000000000000000000e+00
9.770371913909912109e-01 9.973177313804626465e-01 9.996597766876220703e-01 9.999598860740661621e-01 9.999895691871643066e-01 0.000000000000000000e+00
9.653791189193725586e-01 9.954335689544677734e-01 9.995582103729248047e-01 9.999150037765502930e-01 9.999830126762390137e-01 0.000000000000000000e+00
9.732112288475036621e-01 9.964525699615478516e-01 9.995108842849731445e-01 9.999061226844787598e-01 9.999781847000122070e-01 0.000000000000000000e+00
9.761375188827514648e-01 9.964050054550170898e-01 9.996055364608764648e-01 9.999347329139709473e-01 9.999856352806091309e-01 0.000000000000000000e+00
8.586696386337280273e-01 9.742131233215332031e-01 9.919917583465576172e-01 9.981180429458618164e-01 9.996875524520874023e-01 0.000000000000000000e+00
9.484813809394836426e-01 9.898117184638977051e-01 9.978546500205993652e-01 9.997965097427368164e-01 9.999673366546630859e-01 0.000000000000000000e+00
8.817747235298156738e-01 9.761623740196228027e-01 9.950115084648132324e-01 9.989377856254577637e-01 9.998992681503295898e-01 0.000000000000000000e+00
7.749465703964233398e-01 8.670053482055664062e-01 9.478477239608764648e-01 9.836096167564392090e-01 9.959485530853271484e-01 0.000000000000000000e+00
8.480986952781677246e-01 9.236189126968383789e-01 9.718521237373352051e-01 9.938078522682189941e-01 9.979667067527770996e-01 0.000000000000000000e+00
7.926266193389892578e-01 9.125868082046508789e-01 9.685246944427490234e-01 9.844172596931457520e-01 9.935157895088195801e-01 0.000000000000000000e+00
8.614006042480468750e-01 9.668874144554138184e-01 9.905215501785278320e-01 9.942128658294677734e-01 9.986882209777832031e-01 0.000000000000000000e+00
8.831450343132019043e-01 9.517066478729248047e-01 9.854436516761779785e-01 9.916194081306457520e-01 9.958914518356323242e-01 0.000000000000000000e+00
3.904798626899719238e-01 6.970825195312500000e-01 8.541231751441955566e-01 9.171667098999023438e-01 9.847331643104553223e-01 0.000000000000000000e+00
1.629098355770111084e-01 7.347747087478637695e-01 8.824171423912048340e-01 9.834361672401428223e-01 9.952050447463989258e-01 0.000000000000000000e+00
1.053429991006851196e-01 5.798385143280029297e-01 8.581811785697937012e-01 9.504553079605102539e-01 9.873217940330505371e-01 0.000000000000000000e+00
4.511300921440124512e-01 8.084576129913330078e-01 9.203523397445678711e-01 9.678183794021606445e-01 9.875073432922363281e-01 0.000000000000000000e+00
-1.871539801359176636e-01 3.527368605136871338e-01 5.368046760559082031e-01 7.112933397293090820e-01 8.831955790519714355e-01 0.000000000000000000e+00
4.248615801334381104e-01 3.718996644020080566e-01 6.976857185363769531e-01 8.275500535964965820e-01 9.178805947303771973e-01 0.000000000000000000e+00
-9.836909174919128418e-02 -4.933800548315048218e-02 -2.510229349136352539e-01 1.849764287471771240e-01 6.892101764678955078e-01 0.000000000000000000e+00
9.997509121894836426e-01 9.999986886978149414e-01 1.000000000000000000e+00 1.000000000000000000e+00 1.000000000000000000e+00 0.000000000000000000e+00
9.999143481254577637e-01 9.999988079071044922e-01 1.000000000000000000e+00 1.000000000000000000e+00 1.000000000000000000e+00 0.000000000000000000e+00
9.998435974121093750e-01 9.999991059303283691e-01 1.000000000000000000e+00 1.000000000000000000e+00 1.000000000000000000e+00 0.000000000000000000e+00
9.997820258140563965e-01 9.999994039535522461e-01 1.000000000000000000e+00 1.000000000000000000e+00 1.000000000000000000e+00 0.000000000000000000e+00
9.996755123138427734e-01 9.999975562095642090e-01 1.000000000000000000e+00 1.000000000000000000e+00 1.000000000000000000e+00 0.000000000000000000e+00
9.999316334724426270e-01 9.999989271163940430e-01 1.000000000000000000e+00 1.000000000000000000e+00 1.000000000000000000e+00 0.000000000000000000e+00
9.997224211692810059e-01 9.999961256980895996e-01 9.999998807907104492e-01 1.000000000000000000e+00 1.000000000000000000e+00 0.000000000000000000e+00
8.391453623771667480e-01 9.357523322105407715e-01 9.629092216491699219e-01 9.742705821990966797e-01 9.824447035789489746e-01 0.000000000000000000e+00
8.401049375534057617e-01 9.172567725181579590e-01 9.657469391822814941e-01 9.829224348068237305e-01 9.909871816635131836e-01 0.000000000000000000e+00
8.115729689598083496e-01 9.013793468475341797e-01 9.516514539718627930e-01 9.734277129173278809e-01 9.834286570549011230e-01 0.000000000000000000e+00
8.719533085823059082e-01 9.215915203094482422e-01 9.463601112365722656e-01 9.660196900367736816e-01 9.799898862838745117e-01 0.000000000000000000e+00
7.794184088706970215e-01 8.831357359886169434e-01 9.415489435195922852e-01 9.738678336143493652e-01 9.877178072929382324e-01 0.000000000000000000e+00
6.620810031890869141e-01 7.947701215744018555e-01 8.609766960144042969e-01 8.842121362686157227e-01 9.120674133300781250e-01 0.000000000000000000e+00
8.662946224212646484e-01 9.336500763893127441e-01 9.568999409675598145e-01 9.638463854789733887e-01 9.681864976882934570e-01 0.000000000000000000e+00
9.898605942726135254e-01 9.993188977241516113e-01 9.999750852584838867e-01 9.999954700469970703e-01 9.999992251396179199e-01 0.000000000000000000e+00
9.959023594856262207e-01 9.998654723167419434e-01 9.999928474426269531e-01 9.999983906745910645e-01 9.999998211860656738e-01 0.000000000000000000e+00
9.995981454849243164e-01 9.999859929084777832e-01 9.999998807907104492e-01 1.000000000000000000e+00 1.000000000000000000e+00 0.000000000000000000e+00
9.989517331123352051e-01 9.999946355819702148e-01 9.999999403953552246e-01 1.000000000000000000e+00 1.000000000000000000e+00 0.000000000000000000e+00
9.717323780059814453e-01 9.993318319320678711e-01 9.999887347221374512e-01 9.999997615814208984e-01 1.000000000000000000e+00 0.000000000000000000e+00
9.494217038154602051e-01 9.828446507453918457e-01 9.957507848739624023e-01 9.982618093490600586e-01 9.997745156288146973e-01 0.000000000000000000e+00
7.941673994064331055e-01 8.733015656471252441e-01 9.660933017730712891e-01 9.906308054924011230e-01 9.987257122993469238e-01 0.000000000000000000e+00
6.053498387336730957e-01 7.850619554519653320e-01 9.004709720611572266e-01 9.531930685043334961e-01 9.855722188949584961e-01 0.000000000000000000e+00
-4.774828553199768066e-01 -4.886355400085449219e-01 -9.336631745100021362e-02 2.407631725072860718e-01 6.099726557731628418e-01 0.000000000000000000e+00
-4.396035969257354736e-01 1.520097851753234863e-01 3.421552479267120361e-01 5.458287000656127930e-01 5.521827936172485352e-01 0.000000000000000000e+00
-4.820397496223449707e-01 -2.988083660602569580e-01 -4.732011854648590088e-01 -4.881365895271301270e-01 2.087971866130828857e-01 0.000000000000000000e+00
-5.492923259735107422e-01 -5.465626120567321777e-01 -5.309073328971862793e-01 1.213380228728055954e-02 2.792712450027465820e-01 0.000000000000000000e+00
-2.157122939825057983e-01 1.220209598541259766e-01 -5.653514340519905090e-02 2.751705944538116455e-01 3.193769752979278564e-01 0.000000000000000000e+00
1.663089245557785034e-01 7.016566991806030273e-01 8.351404666900634766e-01 9.512733817100524902e-01 9.636209607124328613e-01 0.000000000000000000e+00
8.084821105003356934e-01 9.194433689117431641e-01 9.777418971061706543e-01 9.934838414192199707e-01 9.965167641639709473e-01 0.000000000000000000e+00
6.746098995208740234e-01 7.510708570480346680e-01 8.420832753181457520e-01 9.057886004447937012e-01 9.423588514328002930e-01 0.000000000000000000e+00
7.983717918395996094e-01 8.910989165306091309e-01 9.366033077239990234e-01 9.453803300857543945e-01 9.615029096603393555e-01 0.000000000000000000e+00
7.862501144409179688e-01 8.397556543350219727e-01 9.021848440170288086e-01 9.551546573638916016e-01 9.857457280158996582e-01 0.000000000000000000e+00
5.408574342727661133e-01 8.272924423217773438e-01 8.487718701362609863e-01 9.019488096237182617e-01 9.546210765838623047e-01 0.000000000000000000e+00
3.721433281898498535e-01 8.174349665641784668e-01 9.411078095436096191e-01 9.423136115074157715e-01 9.688368439674377441e-01 0.000000000000000000e+00
-6.138844490051269531e-01 -6.313714981079101562e-01 -6.044154763221740723e-01 -2.769865691661834717e-01 5.349275469779968262e-01 0.000000000000000000e+00
9.489004611968994141e-01 9.936031103134155273e-01 9.996827244758605957e-01 9.999404549598693848e-01 9.999957084655761719e-01 0.000000000000000000e+00
9.880868792533874512e-01 9.986249804496765137e-01 9.996895194053649902e-01 9.999614953994750977e-01 9.999943971633911133e-01 0.000000000000000000e+00
9.715165495872497559e-01 9.955047965049743652e-01 9.993807673454284668e-01 9.999550580978393555e-01 9.999962449073791504e-01 0.000000000000000000e+00
9.470666050910949707e-01 9.932209253311157227e-01 9.984139204025268555e-01 9.997031092643737793e-01 9.999824762344360352e-01 0.000000000000000000e+00
8.878432512283325195e-01 9.872706532478332520e-01 9.934334158897399902e-01 9.986678361892700195e-01 9.994012117385864258e-01 0.000000000000000000e+00
7.698385119438171387e-01 8.847236633300781250e-01 9.508021473884582520e-01 9.689924120903015137e-01 9.874906539916992188e-01 0.000000000000000000e+00
9.343989491462707520e-01 9.863973259925842285e-01 9.968446493148803711e-01 9.996626377105712891e-01 9.998598694801330566e-01 0.000000000000000000e+00
9.666577577590942383e-01 9.952610731124877930e-01 9.993317723274230957e-01 9.998694658279418945e-01 9.999696612358093262e-01 0.000000000000000000e+00
9.781632423400878906e-01 9.958534240722656250e-01 9.995792508125305176e-01 9.999091029167175293e-01 9.999842643737792969e-01 0.000000000000000000e+00
9.854638576507568359e-01 9.981160163879394531e-01 9.997622370719909668e-01 9.999533891677856445e-01 9.999907612800598145e-01 0.000000000000000000e+00
9.876155853271484375e-01 9.985154271125793457e-01 9.998140931129455566e-01 9.999752044677734375e-01 9.999957084655761719e-01 0.000000000000000000e+00
9.871899485588073730e-01 9.985615015029907227e-01 9.998453259468078613e-01 9.999816417694091797e-01 9.999967813491821289e-01 0.000000000000000000e+00
9.896396994590759277e-01 9.989277720451354980e-01 9.998995065689086914e-01 9.999862909317016602e-01 9.999976754188537598e-01 0.000000000000000000e+00
9.897052049636840820e-01 9.989558458328247070e-01 9.999160170555114746e-01 9.999867081642150879e-01 9.999979138374328613e-01 0.000000000000000000e+00
-6.213467717170715332e-01 -6.001430749893188477e-01 -6.111512780189514160e-01 -3.021960258483886719e-01 3.187541067600250244e-01 0.000000000000000000e+00
-6.043075323104858398e-01 -5.830711722373962402e-01 -6.121028661727905273e-01 -6.339113712310791016e-01 -6.479991078376770020e-01 0.000000000000000000e+00
-5.843275189399719238e-01 -5.673964023590087891e-01 -5.866587758064270020e-01 -6.045243144035339355e-01 -6.139794588088989258e-01 0.000000000000000000e+00
-1.294647306203842163e-01 8.676952719688415527e-01 9.821206331253051758e-01 9.982407689094543457e-01 9.990677237510681152e-01 0.000000000000000000e+00
-5.340963006019592285e-01 -5.298481583595275879e-01 -5.610603094100952148e-01 -5.638408064842224121e-01 -5.633683204650878906e-01 0.000000000000000000e+00
3.409750163555145264e-01 5.392682552337646484e-01 3.686512410640716553e-01 3.190488517284393311e-01 3.415390551090240479e-01 0.000000000000000000e+00
8.930993080139160156e-01 9.376506209373474121e-01 9.458625316619873047e-01 9.621745944023132324e-01 9.813307523727416992e-01 0.000000000000000000e+00
-5.806604027748107910e-01 -5.604239106178283691e-01 -5.860190391540527344e-01 -5.525029897689819336e-01 -3.474448025226593018e-01 1.000000000000000000e+00
-6.035087704658508301e-01 -5.919090509414672852e-01 -5.856011509895324707e-01 -3.643346428871154785e-01 5.926313400268554688e-01 2.000000000000000000e+00
-5.806604027748107910e-01 -5.604239106178283691e-01 -5.860190391540527344e-01 -5.525029897689819336e-01 -3.474448025226593018e-01 1.000000000000000000e+00
-6.035087704658508301e-01 -5.919090509414672852e-01 -5.856011509895324707e-01 -3.643346428871154785e-01 5.926313400268554688e-01 2.000000000000000000e+00
-5.806604027748107910e-01 -5.604239106178283691e-01 -5.860190391540527344e-01 -5.525029897689819336e-01 -3.474448025226593018e-01 1.000000000000000000e+00
-6.035087704658508301e-01 -5.919090509414672852e-01 -5.856011509895324707e-01 -3.643346428871154785e-01 5.926313400268554688e-01 2.000000000000000000e+00
-5.806604027748107910e-01 -5.604239106178283691e-01 -5.860190391540527344e-01 -5.525029897689819336e-01 -3.474448025226593018e-01 1.000000000000000000e+00
-6.035087704658508301e-01 -5.919090509414672852e-01 -5.856011509895324707e-01 -3.643346428871154785e-01 5.926313400268554688e-01 2.000000000000000000e+00
-5.806604027748107910e-01 -5.604239106178283691e-01 -5.860190391540527344e-01 -5.525029897689819336e-01 -3.474448025226593018e-01 1.000000000000000000e+00
-6.035087704658508301e-01 -5.919090509414672852e-01 -5.856011509895324707e-01 -3.643346428871154785e-01 5.926313400268554688e-01 2.000000000000000000e+00
-5.806604027748107910e-01 -5.604239106178283691e-01 -5.860190391540527344e-01 -5.525029897689819336e-01 -3.474448025226593018e-01 1.000000000000000000e+00
-6.035087704658508301e-01 -5.919090509414672852e-01 -5.856011509895324707e-01 -3.643346428871154785e-01 5.926313400268554688e-01 2.000000000000000000e+00
-5.806604027748107910e-01 -5.604239106178283691e-01 -5.860190391540527344e-01 -5.525029897689819336e-01 -3.474448025226593018e-01 1.000000000000000000e+00
-6.035087704658508301e-01 -5.919090509414672852e-01 -5.856011509895324707e-01 -3.643346428871154785e-01 5.926313400268554688e-01 2.000000000000000000e+00
-5.806604027748107910e-01 -5.604239106178283691e-01 -5.860190391540527344e-01 -5.525029897689819336e-01 -3.474448025226593018e-01 1.000000000000000000e+00
-6.035087704658508301e-01 -5.919090509414672852e-01 -5.856011509895324707e-01 -3.643346428871154785e-01 5.926313400268554688e-01 2.000000000000000000e+00
-5.806604027748107910e-01 -5.604239106178283691e-01 -5.860190391540527344e-01 -5.525029897689819336e-01 -3.474448025226593018e-01 1.000000000000000000e+00
-6.035087704658508301e-01 -5.919090509414672852e-01 -5.856011509895324707e-01 -3.643346428871154785e-01 5.926313400268554688e-01 2.000000000000000000e+00
-5.806604027748107910e-01 -5.604239106178283691e-01 -5.860190391540527344e-01 -5.525029897689819336e-01 -3.474448025226593018e-01 1.000000000000000000e+00
-6.035087704658508301e-01 -5.919090509414672852e-01 -5.856011509895324707e-01 -3.643346428871154785e-01 5.926313400268554688e-01 2.000000000000000000e+00
6.962232589721679688e-01 7.677249908447265625e-01 8.541737198829650879e-01 8.939589858055114746e-01 9.334905743598937988e-01 0.000000000000000000e+00
7.023382186889648438e-01 7.569369077682495117e-01 8.423564434051513672e-01 8.672299385070800781e-01 9.084899425506591797e-01 0.000000000000000000e+00
6.538465023040771484e-01 7.222185134887695312e-01 8.096285462379455566e-01 8.602758646011352539e-01 9.031925201416015625e-01 0.000000000000000000e+00
5.544532537460327148e-01 6.320036053657531738e-01 5.946148037910461426e-01 7.018609046936035156e-01 7.724789381027221680e-01 0.000000000000000000e+00
6.097322702407836914e-01 7.188323736190795898e-01 6.166127324104309082e-01 3.568801879882812500e-01 2.333311289548873901e-01 0.000000000000000000e+00
7.828209996223449707e-01 8.154485225677490234e-01 8.519842028617858887e-01 8.741025328636169434e-01 8.932606577873229980e-01 0.000000000000000000e+00
5.437991619110107422e-01 7.810454964637756348e-01 9.147459864616394043e-01 9.223065972328186035e-01 9.536148905754089355e-01 0.000000000000000000e+00
9.406294822692871094e-01 9.811991453170776367e-01 9.959071874618530273e-01 9.981738328933715820e-01 9.991582632064819336e-01 0.000000000000000000e+00
9.119488596916198730e-01 9.806042313575744629e-01 9.922092556953430176e-01 9.977195858955383301e-01 9.989394545555114746e-01 0.000000000000000000e+00
8.027409315109252930e-01 9.458955526351928711e-01 9.894201755523681641e-01 9.983636736869812012e-01 9.994635581970214844e-01 0.000000000000000000e+00
5.099368691444396973e-01 6.979097127914428711e-01 8.624581098556518555e-01 9.404183626174926758e-01 9.714006185531616211e-01 0.000000000000000000e+00
7.861504554748535156e-01 8.868274688720703125e-01 9.221211075782775879e-01 9.443199038505554199e-01 9.642385840415954590e-01 0.000000000000000000e+00
6.507339477539062500e-01 7.988662123680114746e-01 9.187732934951782227e-01 9.430835843086242676e-01 9.921703934669494629e-01 0.000000000000000000e+00
1.778398603200912476e-01 7.796057462692260742e-01 9.239880442619323730e-01 9.335482120513916016e-01 9.232013821601867676e-01 0.000000000000000000e+00
9.568910598754882812e-01 9.857264161109924316e-01 9.923342466354370117e-01 9.965429902076721191e-01 9.979873299598693848e-01 0.000000000000000000e+00
8.914257287979125977e-01 9.699098467826843262e-01 9.879983663558959961e-01 9.977521896362304688e-01 9.995154142379760742e-01 0.000000000000000000e+00
8.872237205505371094e-01 9.543812274932861328e-01 9.730933308601379395e-01 9.875028729438781738e-01 9.939255714416503906e-01 0.000000000000000000e+00
8.635691404342651367e-01 9.631980657577514648e-01 9.826470017433166504e-01 9.932135343551635742e-01 9.973445534706115723e-01 0.000000000000000000e+00
8.773623108863830566e-01 9.558458328247070312e-01 9.886988997459411621e-01 9.920815229415893555e-01 9.960854053497314453e-01 0.000000000000000000e+00
8.367788791656494141e-01 9.614986181259155273e-01 9.814224243164062500e-01 9.928760528564453125e-01 9.950008392333984375e-01 0.000000000000000000e+00
9.318404793739318848e-01 9.839180707931518555e-01 9.944715499877929688e-01 9.965493083000183105e-01 9.977968335151672363e-01 0.000000000000000000e+00
5.885457992553710938e-01 8.570796251296997070e-01 9.596922397613525391e-01 9.942340850830078125e-01 9.993796348571777344e-01 0.000000000000000000e+00
7.832742333412170410e-01 9.438651800155639648e-01 9.925342202186584473e-01 9.978347420692443848e-01 9.992985129356384277e-01 0.000000000000000000e+00
9.379910826683044434e-01 9.813807010650634766e-01 9.972914457321166992e-01 9.997323155403137207e-01 9.999809861183166504e-01 0.000000000000000000e+00
9.731239080429077148e-01 9.965013861656188965e-01 9.996224045753479004e-01 9.999771714210510254e-01 9.999979734420776367e-01 0.000000000000000000e+00
9.440692663192749023e-01 9.940206408500671387e-01 9.993942379951477051e-01 9.999514222145080566e-01 9.999938607215881348e-01 0.000000000000000000e+00
9.380201101303100586e-01 9.861277937889099121e-01 9.979498386383056641e-01 9.997807741165161133e-01 9.999719858169555664e-01 0.000000000000000000e+00
8.150532245635986328e-01 9.724437594413757324e-01 9.948551654815673828e-01 9.996995925903320312e-01 9.999463558197021484e-01 0.000000000000000000e+00
8.187627196311950684e-01 9.281345605850219727e-01 9.858236312866210938e-01 9.945998191833496094e-01 9.980325698852539062e-01 0.000000000000000000e+00
7.833900451660156250e-01 9.053878188133239746e-01 9.603444337844848633e-01 9.918860793113708496e-01 9.969909191131591797e-01 0.000000000000000000e+00
7.465535402297973633e-01 9.414529800415039062e-01 9.845442771911621094e-01 9.963840842247009277e-01 9.988111853599548340e-01 0.000000000000000000e+00
9.453479647636413574e-01 9.832116961479187012e-01 9.961535334587097168e-01 9.991962313652038574e-01 9.996540546417236328e-01 0.000000000000000000e+00
8.720853328704833984e-01 9.785426259040832520e-01 9.955441951751708984e-01 9.989901781082153320e-01 9.998658299446105957e-01 0.000000000000000000e+00
9.510908722877502441e-01 9.901372790336608887e-01 9.977338910102844238e-01 9.995558857917785645e-01 9.998989701271057129e-01 0.000000000000000000e+00
8.947353959083557129e-01 9.694170355796813965e-01 9.967525005340576172e-01 9.995247125625610352e-01 9.998753070831298828e-01 0.000000000000000000e+00
6.669279336929321289e-01 9.052957296371459961e-01 9.679055809974670410e-01 9.827319979667663574e-01 9.936944246292114258e-01 1.000000000000000000e+00
8.041849136352539062e-01 9.451819062232971191e-01 9.809895157814025879e-01 9.923781156539916992e-01 9.975709915161132812e-01 2.000000000000000000e+00
6.669279336929321289e-01 9.052957296371459961e-01 9.679055809974670410e-01 9.827319979667663574e-01 9.936944246292114258e-01 1.000000000000000000e+00
8.041849136352539062e-01 9.451819062232971191e-01 9.809895157814025879e-01 9.923781156539916992e-01 9.975709915161132812e-01 2.000000000000000000e+00
6.669279336929321289e-01 9.052957296371459961e-01 9.679055809974670410e-01 9.827319979667663574e-01 9.936944246292114258e-01 1.000000000000000000e+00
8.041849136352539062e-01 9.451819062232971191e-01 9.809895157814025879e-01 9.923781156539916992e-01 9.975709915161132812e-01 2.000000000000000000e+00
6.669279336929321289e-01 9.052957296371459961e-01 9.679055809974670410e-01 9.827319979667663574e-01 9.936944246292114258e-01 1.000000000000000000e+00
8.041849136352539062e-01 9.451819062232971191e-01 9.809895157814025879e-01 9.923781156539916992e-01 9.975709915161132812e-01 2.000000000000000000e+00
6.669279336929321289e-01 9.052957296371459961e-01 9.679055809974670410e-01 9.827319979667663574e-01 9.936944246292114258e-01 1.000000000000000000e+00
8.041849136352539062e-01 9.451819062232971191e-01 9.809895157814025879e-01 9.923781156539916992e-01 9.975709915161132812e-01 2.000000000000000000e+00
6.669279336929321289e-01 9.052957296371459961e-01 9.679055809974670410e-01 9.827319979667663574e-01 9.936944246292114258e-01 1.000000000000000000e+00
8.041849136352539062e-01 9.451819062232971191e-01 9.809895157814025879e-01 9.923781156539916992e-01 9.975709915161132812e-01 2.000000000000000000e+00
6.669279336929321289e-01 9.052957296371459961e-01 9.679055809974670410e-01 9.827319979667663574e-01 9.936944246292114258e-01 1.000000000000000000e+00
8.041849136352539062e-01 9.451819062232971191e-01 9.809895157814025879e-01 9.923781156539916992e-01 9.975709915161132812e-01 2.000000000000000000e+00
6.669279336929321289e-01 9.052957296371459961e-01 9.679055809974670410e-01 9.827319979667663574e-01 9.936944246292114258e-01 1.000000000000000000e+00
8.041849136352539062e-01 9.451819062232971191e-01 9.809895157814025879e-01 9.923781156539916992e-01 9.975709915161132812e-01 2.000000000000000000e+00
6.669279336929321289e-01 9.052957296371459961e-01 9.679055809974670410e-01 9.827319979667663574e-01 9.936944246292114258e-01 1.000000000000000000e+00
8.041849136352539062e-01 9.451819062232971191e-01 9.809895157814025879e-01 9.923781156539916992e-01 9.975709915161132812e-01 2.000000000000000000e+00
6.669279336929321289e-01 9.052957296371459961e-01 9.679055809974670410e-01 9.827319979667663574e-01 9.936944246292114258e-01 1.000000000000000000e+00
8.041849136352539062e-01 9.451819062232971191e-01 9.809895157814025879e-01 9.923781156539916992e-01 9.975709915161132812e-01 2.000000000000000000e+00
8.226513862609863281e-01 9.192511439323425293e-01 9.660981297492980957e-01 9.840978980064392090e-01 9.898506402969360352e-01 0.000000000000000000e+00
6.918868422508239746e-01 7.346464395523071289e-01 8.177394270896911621e-01 9.161746501922607422e-01 9.667503833770751953e-01 0.000000000000000000e+00
-4.931026995182037354e-01 -5.249059200286865234e-01 -5.369772315025329590e-01 -5.534728765487670898e-01 -5.296453833580017090e-01 0.000000000000000000e+00
-4.999493658542633057e-01 -5.556939840316772461e-01 -5.250760316848754883e-01 -4.914374053478240967e-01 -4.589649140834808350e-01 0.000000000000000000e+00
-6.255978345870971680e-01 -6.305043101310729980e-01 -6.227384805679321289e-01 -5.969074964523315430e-01 -5.158460736274719238e-01 0.000000000000000000e+00
-5.840709209442138672e-01 -6.102098226547241211e-01 -6.430528163909912109e-01 -6.566404700279235840e-01 -6.530662178993225098e-01 0.000000000000000000e+00
-5.985434055328369141e-01 -6.143304109573364258e-01 -6.728435754776000977e-01 -7.242739796638488770e-01 -7.084449529647827148e-01 0.000000000000000000e+00
4.717526733875274658e-01 6.103843450546264648e-01 8.600232601165771484e-01 9.502533674240112305e-01 9.860452413558959961e-01 0.000000000000000000e+00
-5.105234980583190918e-01 -5.163356661796569824e-01 -5.044196844100952148e-01 -4.906167685985565186e-01 -4.835395812988281250e-01 0.000000000000000000e+00
-6.029441356658935547e-01 -6.352902650833129883e-01 -6.518117189407348633e-01 -6.508882045745849609e-01 -6.221598386764526367e-01 0.000000000000000000e+00
7.817679643630981445e-01 9.090113639831542969e-01 9.756065011024475098e-01 9.911455512046813965e-01 9.927634000778198242e-01 0.000000000000000000e+00
9.054494500160217285e-01 9.818438291549682617e-01 9.957941770553588867e-01 9.990541934967041016e-01 9.995707273483276367e-01 0.000000000000000000e+00
9.166440963745117188e-01 9.745782613754272461e-01 9.913978576660156250e-01 9.959191679954528809e-01 9.967595934867858887e-01 1.000000000000000000e+00
8.948476314544677734e-01 9.546347856521606445e-01 9.851257205009460449e-01 9.952068924903869629e-01 9.983987212181091309e-01 2.000000000000000000e+00
9.166440963745117188e-01 9.745782613754272461e-01 9.913978576660156250e-01 9.959191679954528809e-01 9.967595934867858887e-01 1.000000000000000000e+00
8.948476314544677734e-01 9.546347856521606445e-01 9.851257205009460449e-01 9.952068924903869629e-01 9.983987212181091309e-01 2.000000000000000000e+00
9.166440963745117188e-01 9.745782613754272461e-01 9.913978576660156250e-01 9.959191679954528809e-01 9.967595934867858887e-01 1.000000000000000000e+00
8.948476314544677734e-01 9.546347856521606445e-01 9.851257205009460449e-01 9.952068924903869629e-01 9.983987212181091309e-01 2.000000000000000000e+00
9.166440963745117188e-01 9.745782613754272461e-01 9.913978576660156250e-01 9.959191679954528809e-01 9.967595934867858887e-01 1.000000000000000000e+00
8.948476314544677734e-01 9.546347856521606445e-01 9.851257205009460449e-01 9.952068924903869629e-01 9.983987212181091309e-01 2.000000000000000000e+00
9.166440963745117188e-01 9.745782613754272461e-01 9.913978576660156250e-01 9.959191679954528809e-01 9.967595934867858887e-01 1.000000000000000000e+00
8.948476314544677734e-01 9.546347856521606445e-01 9.851257205009460449e-01 9.952068924903869629e-01 9.983987212181091309e-01 2.000000000000000000e+00
9.166440963745117188e-01 9.745782613754272461e-01 9.913978576660156250e-01 9.959191679954528809e-01 9.967595934867858887e-01 1.000000000000000000e+00
8.948476314544677734e-01 9.546347856521606445e-01 9.851257205009460449e-01 9.952068924903869629e-01 9.983987212181091309e-01 2.000000000000000000e+00
9.166440963745117188e-01 9.745782613754272461e-01 9.913978576660156250e-01 9.959191679954528809e-01 9.967595934867858887e-01 1.000000000000000000e+00
8.948476314544677734e-01 9.546347856521606445e-01 9.851257205009460449e-01 9.952068924903869629e-01 9.983987212181091309e-01 2.000000000000000000e+00
9.166440963745117188e-01 9.745782613754272461e-01 9.913978576660156250e-01 9.959191679954528809e-01 9.967595934867858887e-01 1.000000000000000000e+00
8.948476314544677734e-01 9.546347856521606445e-01 9.851257205009460449e-01 9.952068924903869629e-01 9.983987212181091309e-01 2.000000000000000000e+00
9.166440963745117188e-01 9.745782613754272461e-01 9.913978576660156250e-01 9.959191679954528809e-01 9.967595934867858887e-01 1.000000000000000000e+00
8.948476314544677734e-01 9.546347856521606445e-01 9.851257205009460449e-01 9.952068924903869629e-01 9.983987212181091309e-01 2.000000000000000000e+00
9.166440963745117188e-01 9.745782613754272461e-01 9.913978576660156250e-01 9.959191679954528809e-01 9.967595934867858887e-01 1.000000000000000000e+00
8.948476314544677734e-01 9.546347856521606445e-01 9.851257205009460449e-01 9.952068924903869629e-01 9.983987212181091309e-01 2.000000000000000000e+00
9.212650358676910400e-02 4.994140565395355225e-01 7.023905515670776367e-01 8.472920656204223633e-01 8.643282651901245117e-01 0.000000000000000000e+00
5.839932560920715332e-01 8.045263290405273438e-01 9.283285140991210938e-01 9.269529581069946289e-01 9.578353166580200195e-01 0.000000000000000000e+00
7.137361168861389160e-01 7.406256198883056641e-01 8.629459142684936523e-01 9.188607931137084961e-01 9.608483910560607910e-01 0.000000000000000000e+00
9.021387696266174316e-01 9.573733806610107422e-01 9.768590927124023438e-01 9.880561828613281250e-01 9.909406900405883789e-01 0.000000000000000000e+00
9.011800289154052734e-01 9.776872396469116211e-01 9.958518147468566895e-01 9.987046718597412109e-01 9.993622899055480957e-01 0.000000000000000000e+00
-5.610212683677673340e-01 -5.668658018112182617e-01 -5.131078362464904785e-01 -4.567306637763977051e-01 -6.128940582275390625e-01 1.000000000000000000e+00
-2.024002075195312500e-01 2.919399738311767578e-01 5.898123383522033691e-01 6.257600784301757812e-01 6.825528740882873535e-01 2.000000000000000000e+00
-5.610212683677673340e-01 -5.668658018112182617e-01 -5.131078362464904785e-01 -4.567306637763977051e-01 -6.128940582275390625e-01 1.000000000000000000e+00
-2.024002075195312500e-01 2.919399738311767578e-01 5.898123383522033691e-01 6.257600784301757812e-01 6.825528740882873535e-01 2.000000000000000000e+00
-5.610212683677673340e-01 -5.668658018112182617e-01 -5.131078362464904785e-01 -4.567306637763977051e-01 -6.128940582275390625e-01 1.000000000000000000e+00
-2.024002075195312500e-01 2.919399738311767578e-01 5.898123383522033691e-01 6.257600784301757812e-01 6.825528740882873535e-01 2.000000000000000000e+00
-5.610212683677673340e-01 -5.668658018112182617e-01 -5.131078362464904785e-01 -4.567306637763977051e-01 -6.128940582275390625e-01 1.000000000000000000e+00
-2.024002075195312500e-01 2.919399738311767578e-01 5.898123383522033691e-01 6.257600784301757812e-01 6.825528740882873535e-01 2.000000000000000000e+00
-5.610212683677673340e-01 -5.668658018112182617e-01 -5.131078362464904785e-01 -4.567306637763977051e-01 -6.128940582275390625e-01 1.000000000000000000e+00
-2.024002075195312500e-01 2.919399738311767578e-01 5.898123383522033691e-01 6.257600784301757812e-01 6.825528740882873535e-01 2.000000000000000000e+00
-5.610212683677673340e-01 -5.668658018112182617e-01 -5.131078362464904785e-01 -4.567306637763977051e-01 -6.128940582275390625e-01 1.000000000000000000e+00
-2.024002075195312500e-01 2.919399738311767578e-01 5.898123383522033691e-01 6.257600784301757812e-01 6.825528740882873535e-01 2.000000000000000000e+00
-5.610212683677673340e-01 -5.668658018112182617e-01 -5.131078362464904785e-01 -4.567306637763977051e-01 -6.128940582275390625e-01 1.000000000000000000e+00
-2.024002075195312500e-01 2.919399738311767578e-01 5.898123383522033691e-01 6.257600784301757812e-01 6.825528740882873535e-01 2.000000000000000000e+00
-5.610212683677673340e-01 -5.668658018112182617e-01 -5.131078362464904785e-01 -4.567306637763977051e-01 -6.128940582275390625e-01 1.000000000000000000e+00
-2.024002075195312500e-01 2.919399738311767578e-01 5.898123383522033691e-01 6.257600784301757812e-01 6.825528740882873535e-01 2.000000000000000000e+00
-5.610212683677673340e-01 -5.668658018112182617e-01 -5.131078362464904785e-01 -4.567306637763977051e-01 -6.128940582275390625e-01 1.000000000000000000e+00
-2.024002075195312500e-01 2.919399738311767578e-01 5.898123383522033691e-01 6.257600784301757812e-01 6.825528740882873535e-01 2.000000000000000000e+00
-5.610212683677673340e-01 -5.668658018112182617e-01 -5.131078362464904785e-01 -4.567306637763977051e-01 -6.128940582275390625e-01 1.000000000000000000e+00
-2.024002075195312500e-01 2.919399738311767578e-01 5.898123383522033691e-01 6.257600784301757812e-01 6.825528740882873535e-01 2.000000000000000000e+00
-9.723701514303684235e-03 -2.487701922655105591e-01 4.608542621135711670e-01 6.480123996734619141e-01 8.249673843383789062e-01 0.000000000000000000e+00
-4.666115939617156982e-01 -4.976744949817657471e-01 -4.777322113513946533e-01 -4.615547358989715576e-01 -4.179230630397796631e-01 0.000000000000000000e+00
-2.504336833953857422e-01 -5.086011886596679688e-01 -4.926708936691284180e-01 -4.843276441097259521e-01 -4.593800902366638184e-01 0.000000000000000000e+00
1.739563494920730591e-01 -2.636463046073913574e-01 -4.445040225982666016e-01 -5.158697366714477539e-01 -5.082917809486389160e-01 0.000000000000000000e+00
-5.417225360870361328e-01 -5.562064647674560547e-01 -5.581219196319580078e-01 -5.621574521064758301e-01 -5.669845342636108398e-01 0.000000000000000000e+00
-5.280946493148803711e-01 -5.447676777839660645e-01 -5.373872518539428711e-01 -5.639709234237670898e-01 -5.742911696434020996e-01 0.000000000000000000e+00
-5.222366452217102051e-01 -5.387096405029296875e-01 -5.435070991516113281e-01 -5.464773178100585938e-01 -5.487380027770996094e-01 0.000000000000000000e+00
7.985683679580688477e-01 8.930698037147521973e-01 9.569581747055053711e-01 9.732220768928527832e-01 9.836112260818481445e-01 0.000000000000000000e+00
8.069091439247131348e-01 8.911241888999938965e-01 9.304553866386413574e-01 9.469048380851745605e-01 9.632779955863952637e-01 0.000000000000000000e+00
-3.474643230438232422e-01 -2.229009941220283508e-02 6.602659076452255249e-02 6.918494701385498047e-01 8.493137955665588379e-01 0.000000000000000000e+00
-3.524334132671356201e-01 -3.107738494873046875e-01 -2.175844758749008179e-01 -1.995660960674285889e-01 -1.637845337390899658e-01 0.000000000000000000e+00
-3.781528770923614502e-01 -2.705167233943939209e-01 -2.702255249023437500e-01 -1.796617358922958374e-01 -6.522721797227859497e-02 0.000000000000000000e+00
-4.275856912136077881e-01 -4.208976328372955322e-01 -4.008883833885192871e-01 -3.496543765068054199e-01 -2.841070592403411865e-01 0.000000000000000000e+00
6.543817520141601562e-01 6.386556029319763184e-01 4.830149412155151367e-01 -3.334012329578399658e-01 -4.795954823493957520e-01 0.000000000000000000e+00
9.975020885467529297e-01 9.999226331710815430e-01 9.999957680702209473e-01 9.999995827674865723e-01 9.999999403953552246e-01 0.000000000000000000e+00
9.977034330368041992e-01 9.998921155929565430e-01 9.999963045120239258e-01 9.999997019767761230e-01 1.000000000000000000e+00 0.000000000000000000e+00
9.987295866012573242e-01 9.998824000358581543e-01 9.999982714653015137e-01 9.999998211860656738e-01 1.000000000000000000e+00 0.000000000000000000e+00
9.991517066955566406e-01 9.999504685401916504e-01 9.999986886978149414e-01 9.999998807907104492e-01 1.000000000000000000e+00 0.000000000000000000e+00
9.999343156814575195e-01 9.999991655349731445e-01 1.000000000000000000e+00 1.000000000000000000e+00 1.000000000000000000e+00 0.000000000000000000e+00
9.998806715011596680e-01 9.999988675117492676e-01 1.000000000000000000e+00 1.000000000000000000e+00 1.000000000000000000e+00 0.000000000000000000e+00
9.996955990791320801e-01 9.999966025352478027e-01 9.999999403953552246e-01 1.000000000000000000e+00 1.000000000000000000e+00 0.000000000000000000e+00
8.912017941474914551e-01 9.816907644271850586e-01 9.968453049659729004e-01 9.994146823883056641e-01 9.997512698173522949e-01 0.000000000000000000e+00
8.968259096145629883e-01 9.787169098854064941e-01 9.969074726104736328e-01 9.990508556365966797e-01 9.997826814651489258e-01 0.000000000000000000e+00
8.914631009101867676e-01 9.797193408012390137e-01 9.902329444885253906e-01 9.969699382781982422e-01 9.992107748985290527e-01 0.000000000000000000e+00
9.278091788291931152e-01 9.772804975509643555e-01 9.900312423706054688e-01 9.953911900520324707e-01 9.984213709831237793e-01 0.000000000000000000e+00
8.529156446456909180e-01 9.575751423835754395e-01 9.808017015457153320e-01 9.930987954139709473e-01 9.970934987068176270e-01 0.000000000000000000e+00
8.793906569480895996e-01 9.512290954589843750e-01 9.838109612464904785e-01 9.939175248146057129e-01 9.975852966308593750e-01 0.000000000000000000e+00
8.660807609558105469e-01 9.604125022888183594e-01 9.845802187919616699e-01 9.942512512207031250e-01 9.978898167610168457e-01 0.000000000000000000e+00
-5.990713834762573242e-01 -5.800132751464843750e-01 -6.052382588386535645e-01 -5.986050367355346680e-01 -5.893058180809020996e-01 0.000000000000000000e+00
-5.771142244338989258e-01 -5.690946578979492188e-01 -5.942415595054626465e-01 -6.006277799606323242e-01 -5.978803634643554688e-01 0.000000000000000000e+00
-5.449197292327880859e-01 -5.459156632423400879e-01 -5.723242759704589844e-01 -4.633606970310211182e-01 -4.663059413433074951e-01 0.000000000000000000e+00
-5.355030298233032227e-01 -5.248469710350036621e-01 -5.530269742012023926e-01 -5.430579185485839844e-01 -1.742469668388366699e-01 0.000000000000000000e+00
-4.997541308403015137e-01 -4.771430790424346924e-01 -5.337449908256530762e-01 -5.450130105018615723e-01 -5.368040800094604492e-01 0.000000000000000000e+00
-7.835224270820617676e-02 2.354750931262969971e-01 2.609456479549407959e-01 -4.873607456684112549e-01 -3.987541794776916504e-01 0.000000000000000000e+00
5.187408924102783203e-01 5.120708346366882324e-01 5.748975276947021484e-01 7.272346019744873047e-01 8.509171009063720703e-01 0.000000000000000000e+00
-5.541397333145141602e-01 -5.543472170829772949e-01 -5.746457576751708984e-01 -5.890342593193054199e-01 -6.024816036224365234e-01 0.000000000000000000e+00
-5.593132376670837402e-01 -5.466303825378417969e-01 -5.651519298553466797e-01 -5.703088045120239258e-01 -5.743561983108520508e-01 0.000000000000000000e+00
-5.827299356460571289e-01 -5.589069724082946777e-01 -5.802892446517944336e-01 -5.905729532241821289e-01 -5.826607942581176758e-01 0.000000000000000000e+00
-6.171673536300659180e-02 7.552537918090820312e-01 8.485919237136840820e-01 8.534770011901855469e-01 8.285808563232421875e-01 0.000000000000000000e+00
5.418559312820434570e-01 5.770087242126464844e-01 3.265469372272491455e-01 3.108944296836853027e-01 3.648487925529479980e-01 0.000000000000000000e+00
9.183933138847351074e-01 9.611148238182067871e-01 9.864762425422668457e-01 9.941681027412414551e-01 9.926229715347290039e-01 0.000000000000000000e+00
-5.576013326644897461e-01 -5.662877559661865234e-01 -5.950855016708374023e-01 -6.114542484283447266e-01 -6.132572293281555176e-01 1.000000000000000000e+00
-5.624419450759887695e-01 -5.584874153137207031e-01 -5.878603458404541016e-01 -5.958362817764282227e-01 -6.005218029022216797e-01 2.000000000000000000e+00
-5.576013326644897461e-01 -5.662877559661865234e-01 -5.950855016708374023e-01 -6.114542484283447266e-01 -6.132572293281555176e-01 1.000000000000000000e+00
-5.624419450759887695e-01 -5.584874153137207031e-01 -5.878603458404541016e-01 -5.958362817764282227e-01 -6.005218029022216797e-01 2.000000000000000000e+00
-5.576013326644897461e-01 -5.662877559661865234e-01 -5.950855016708374023e-01 -6.114542484283447266e-01 -6.132572293281555176e-01 1.000000000000000000e+00
-5.624419450759887695e-01 -5.584874153137207031e-01 -5.878603458404541016e-01 -5.958362817764282227e-01 -6.005218029022216797e-01 2.000000000000000000e+00
-5.576013326644897461e-01 -5.662877559661865234e-01 -5.950855016708374023e-01 -6.114542484283447266e-01 -6.132572293281555176e-01 1.000000000000000000e+00
-5.624419450759887695e-01 -5.584874153137207031e-01 -5.878603458404541016e-01 -5.958362817764282227e-01 -6.005218029022216797e-01 2.000000000000000000e+00
-5.576013326644897461e-01 -5.662877559661865234e-01 -5.950855016708374023e-01 -6.114542484283447266e-01 -6.132572293281555176e-01 1.000000000000000000e+00
-5.624419450759887695e-01 -5.584874153137207031e-01 -5.878603458404541016e-01 -5.958362817764282227e-01 -6.005218029022216797e-01 2.000000000000000000e+00
-5.576013326644897461e-01 -5.662877559661865234e-01 -5.950855016708374023e-01 -6.114542484283447266e-01 -6.132572293281555176e-01 1.000000000000000000e+00
-5.624419450759887695e-01 -5.584874153137207031e-01 -5.878603458404541016e-01 -5.958362817764282227e-01 -6.005218029022216797e-01 2.000000000000000000e+00
-5.576013326644897461e-01 -5.662877559661865234e-01 -5.950855016708374023e-01 -6.114542484283447266e-01 -6.132572293281555176e-01 1.000000000000000000e+00
-5.624419450759887695e-01 -5.584874153137207031e-01 -5.878603458404541016e-01 -5.958362817764282227e-01 -6.005218029022216797e-01 2.000000000000000000e+00
-5.576013326644897461e-01 -5.662877559661865234e-01 -5.950855016708374023e-01 -6.114542484283447266e-01 -6.132572293281555176e-01 1.000000000000000000e+00
-5.624419450759887695e-01 -5.584874153137207031e-01 -5.878603458404541016e-01 -5.958362817764282227e-01 -6.005218029022216797e-01 2.000000000000000000e+00
-5.576013326644897461e-01 -5.662877559661865234e-01 -5.950855016708374023e-01 -6.114542484283447266e-01 -6.132572293281555176e-01 1.000000000000000000e+00
-5.624419450759887695e-01 -5.584874153137207031e-01 -5.878603458404541016e-01 -5.958362817764282227e-01 -6.005218029022216797e-01 2.000000000000000000e+00
-5.576013326644897461e-01 -5.662877559661865234e-01 -5.950855016708374023e-01 -6.114542484283447266e-01 -6.132572293281555176e-01 1.000000000000000000e+00
-5.624419450759887695e-01 -5.584874153137207031e-01 -5.878603458404541016e-01 -5.958362817764282227e-01 -6.005218029022216797e-01 2.000000000000000000e+00
9.548614025115966797e-01 9.911418557167053223e-01 9.976180195808410645e-01 9.993239045143127441e-01 9.997298717498779297e-01 0.000000000000000000e+00
9.578642249107360840e-01 9.899377226829528809e-01 9.981627464294433594e-01 9.995254874229431152e-01 9.998653531074523926e-01 0.000000000000000000e+00
9.635186195373535156e-01 9.927999377250671387e-01 9.988639950752258301e-01 9.996796250343322754e-01 9.999170899391174316e-01 0.000000000000000000e+00
9.567034244537353516e-01 9.919986128807067871e-01 9.985182285308837891e-01 9.997037053108215332e-01 9.999234080314636230e-01 0.000000000000000000e+00
9.047616720199584961e-01 9.808088541030883789e-01 9.941853880882263184e-01 9.988354444503784180e-01 9.996119141578674316e-01 0.000000000000000000e+00
9.612945914268493652e-01 9.934877753257751465e-01 9.983146786689758301e-01 9.996569156646728516e-01 9.998876452445983887e-01 0.000000000000000000e+00
9.016469717025756836e-01 9.848903417587280273e-01 9.980406761169433594e-01 9.995963573455810547e-01 9.998611211776733398e-01 0.000000000000000000e+00
9.941838383674621582e-01 9.990036487579345703e-01 9.999769926071166992e-01 9.999985694885253906e-01 9.999999403953552246e-01 0.000000000000000000e+00
9.850505590438842773e-01 9.993791580200195312e-01 9.999634623527526855e-01 9.999952316284179688e-01 9.999991059303283691e-01 0.000000000000000000e+00
9.943224191665649414e-01 9.993832111358642578e-01 9.999939799308776855e-01 9.999997019767761230e-01 1.000000000000000000e+00 0.000000000000000000e+00
9.477289319038391113e-01 9.831647872924804688e-01 9.953410625457763672e-01 9.993076920509338379e-01 9.999691247940063477e-01 0.000000000000000000e+00
8.182033300399780273e-01 7.730103135108947754e-01 9.491897821426391602e-01 9.813778400421142578e-01 9.957703948020935059e-01 0.000000000000000000e+00
7.443448305130004883e-01 9.036002755165100098e-01 9.138022661209106445e-01 8.868516683578491211e-01 7.771365046501159668e-01 0.000000000000000000e+00
9.197003245353698730e-01 9.708912968635559082e-01 9.912871718406677246e-01 9.941226243972778320e-01 9.972224235534667969e-01 0.000000000000000000e+00
3.883618414402008057e-01 7.384476661682128906e-01 8.878147602081298828e-01 9.558197855949401855e-01 9.884778857231140137e-01 0.000000000000000000e+00
8.046325445175170898e-01 9.133646488189697266e-01 9.667938947677612305e-01 9.839112162590026855e-01 9.930012822151184082e-01 0.000000000000000000e+00
8.528098464012145996e-01 9.377881884574890137e-01 9.670196175575256348e-01 9.853954315185546875e-01 9.946754574775695801e-01 0.000000000000000000e+00
9.004696607589721680e-01 9.629874825477600098e-01 9.863511323928833008e-01 9.912881851196289062e-01 9.971027374267578125e-01 0.000000000000000000e+00
7.872502207756042480e-01 8.745862245559692383e-01 9.449195861816406250e-01 9.782664775848388672e-01 9.956191778182983398e-01 0.000000000000000000e+00
7.062659263610839844e-01 9.304667115211486816e-01 9.720668196678161621e-01 9.904600977897644043e-01 9.967768788337707520e-01 0.000000000000000000e+00
5.849678516387939453e-01 8.686484694480895996e-01 9.529069662094116211e-01 9.863281250000000000e-01 9.969378113746643066e-01 0.000000000000000000e+00
6.142793893814086914e-01 6.313605904579162598e-01 5.056833624839782715e-01 3.873338401317596436e-01 -1.396656930446624756e-01 0.000000000000000000e+00
6.989170312881469727e-01 8.065887689590454102e-01 8.028391003608703613e-01 8.877972960472106934e-01 9.097728729248046875e-01 0.000000000000000000e+00
6.849952936172485352e-01 7.442661523818969727e-01 7.781212329864501953e-01 8.436738848686218262e-01 8.838930726051330566e-01 0.000000000000000000e+00
2.629497945308685303e-01 3.585197031497955322e-01 3.500462770462036133e-01 6.048299074172973633e-01 5.838552713394165039e-01 0.000000000000000000e+00
-3.721846044063568115e-01 -4.719171226024627686e-01 -4.042104780673980713e-01 1.790043562650680542e-01 -3.081719577312469482e-01 0.000000000000000000e+00
-4.569390416145324707e-01 -4.716724455356597900e-01 -4.839430451393127441e-01 -4.829068183898925781e-01 -4.752051234245300293e-01 0.000000000000000000e+00
-4.010572135448455811e-01 -3.620176911354064941e-01 -3.649954199790954590e-01 -3.421942889690399170e-01 -3.624235093593597412e-01 0.000000000000000000e+00
8.633367419242858887e-01 9.621741771697998047e-01 9.800719022750854492e-01 9.927574396133422852e-01 9.961023330688476562e-01 0.000000000000000000e+00
9.270126223564147949e-01 9.873870015144348145e-01 9.966254234313964844e-01 9.986587762832641602e-01 9.992750883102416992e-01 0.000000000000000000e+00
9.297851324081420898e-01 9.833991527557373047e-01 9.965374469757080078e-01 9.989430904388427734e-01 9.996631145477294922e-01 0.000000000000000000e+00
9.458094239234924316e-01 9.866354465484619141e-01 9.977288842201232910e-01 9.993153214454650879e-01 9.997507333755493164e-01 0.000000000000000000e+00
8.793936371803283691e-01 9.762257337570190430e-01 9.956887960433959961e-01 9.987925887107849121e-01 9.997878074645996094e-01 0.000000000000000000e+00
3.598621189594268799e-01 4.490664601325988770e-01 5.400277376174926758e-01 8.753386139869689941e-01 9.551703929901123047e-01 0.000000000000000000e+00
9.592500925064086914e-01 9.924347996711730957e-01 9.981572031974792480e-01 9.992055296897888184e-01 9.993707537651062012e-01 0.000000000000000000e+00
9.312080144882202148e-01 9.742605090141296387e-01 9.914120435714721680e-01 9.968683719635009766e-01 9.992203712463378906e-01 0.000000000000000000e+00
9.334277510643005371e-01 9.868251681327819824e-01 9.956735372543334961e-01 9.994884133338928223e-01 9.998967051506042480e-01 0.000000000000000000e+00
9.661958813667297363e-01 9.891462326049804688e-01 9.979771971702575684e-01 9.985784888267517090e-01 9.997718334197998047e-01 0.000000000000000000e+00
9.348003864288330078e-01 9.909067153930664062e-01 9.970363974571228027e-01 9.992602467536926270e-01 9.998318552970886230e-01 0.000000000000000000e+00
9.707562923431396484e-01 9.945028424263000488e-01 9.991043210029602051e-01 9.997115731239318848e-01 9.999145269393920898e-01 0.000000000000000000e+00
9.898118972778320312e-01 9.984651803970336914e-01 9.998569488525390625e-01 9.999717473983764648e-01 9.999904036521911621e-01 0.000000000000000000e+00
9.872726202011108398e-01 9.991285800933837891e-01 9.999009370803833008e-01 9.999822378158569336e-01 9.999951720237731934e-01 0.000000000000000000e+00
9.344727993011474609e-01 9.887809753417968750e-01 9.961413145065307617e-01 9.987571835517883301e-01 9.997857213020324707e-01 1.000000000000000000e+00
9.023398160934448242e-01 9.672597050666809082e-01 9.892209768295288086e-01 9.955387115478515625e-01 9.986252784729003906e-01 2.000000000000000000e+00
9.344727993011474609e-01 9.887809753417968750e-01 9.961413145065307617e-01 9.987571835517883301e-01 9.997857213020324707e-01 1.000000000000000000e+00
9.023398160934448242e-01 9.672597050666809082e-01 9.892209768295288086e-01 9.955387115478515625e-01 9.986252784729003906e-01 2.000000000000000000e+00
9.344727993011474609e-01 9.887809753417968750e-01 9.961413145065307617e-01 9.987571835517883301e-01 9.997857213020324707e-01 1.000000000000000000e+00
9.023398160934448242e-01 9.672597050666809082e-01 9.892209768295288086e-01 9.955387115478515625e-01 9.986252784729003906e-01 2.000000000000000000e+00
9.344727993011474609e-01 9.887809753417968750e-01 9.961413145065307617e-01 9.987571835517883301e-01 9.997857213020324707e-01 1.000000000000000000e+00
9.023398160934448242e-01 9.672597050666809082e-01 9.892209768295288086e-01 9.955387115478515625e-01 9.986252784729003906e-01 2.000000000000000000e+00
9.344727993011474609e-01 9.887809753417968750e-01 9.961413145065307617e-01 9.987571835517883301e-01 9.997857213020324707e-01 1.000000000000000000e+00
9.023398160934448242e-01 9.672597050666809082e-01 9.892209768295288086e-01 9.955387115478515625e-01 9.986252784729003906e-01 2.000000000000000000e+00
9.344727993011474609e-01 9.887809753417968750e-01 9.961413145065307617e-01 9.987571835517883301e-01 9.997857213020324707e-01 1.000000000000000000e+00
9.023398160934448242e-01 9.672597050666809082e-01 9.892209768295288086e-01 9.955387115478515625e-01 9.986252784729003906e-01 2.000000000000000000e+00
9.344727993011474609e-01 9.887809753417968750e-01 9.961413145065307617e-01 9.987571835517883301e-01 9.997857213020324707e-01 1.000000000000000000e+00
9.023398160934448242e-01 9.672597050666809082e-01 9.892209768295288086e-01 9.955387115478515625e-01 9.986252784729003906e-01 2.000000000000000000e+00
9.344727993011474609e-01 9.887809753417968750e-01 9.961413145065307617e-01 9.987571835517883301e-01 9.997857213020324707e-01 1.000000000000000000e+00
9.023398160934448242e-01 9.672597050666809082e-01 9.892209768295288086e-01 9.955387115478515625e-01 9.986252784729003906e-01 2.000000000000000000e+00
9.344727993011474609e-01 9.887809753417968750e-01 9.961413145065307617e-01 9.987571835517883301e-01 9.997857213020324707e-01 1.000000000000000000e+00
9.023398160934448242e-01 9.672597050666809082e-01 9.892209768295288086e-01 9.955387115478515625e-01 9.986252784729003906e-01 2.000000000000000000e+00
9.344727993011474609e-01 9.887809753417968750e-01 9.961413145065307617e-01 9.987571835517883301e-01 9.997857213020324707e-01 1.000000000000000000e+00
9.023398160934448242e-01 9.672597050666809082e-01 9.892209768295288086e-01 9.955387115478515625e-01 9.986252784729003906e-01 2.000000000000000000e+00
-4.241524636745452881e-01 -5.084254145622253418e-01 -5.492245554924011230e-01 -5.721473097801208496e-01 -5.869420766830444336e-01 0.000000000000000000e+00
-5.373957157135009766e-01 -5.564891695976257324e-01 -5.706040859222412109e-01 -5.753568410873413086e-01 -5.817031860351562500e-01 0.000000000000000000e+00
2.721328735351562500e-01 4.245265126228332520e-01 6.377854347229003906e-01 4.133757948875427246e-01 1.131879389286041260e-01 0.000000000000000000e+00
-6.076797246932983398e-01 -2.836113870143890381e-01 4.138854146003723145e-01 8.123170137405395508e-01 9.152133464813232422e-01 0.000000000000000000e+00
-4.527589380741119385e-01 -4.615702629089355469e-01 -1.547059416770935059e-01 9.566265344619750977e-02 6.946324557065963745e-02 0.000000000000000000e+00
-5.814386606216430664e-01 -3.843765258789062500e-01 -3.469361364841461182e-01 -3.859736323356628418e-01 2.657939791679382324e-01 0.000000000000000000e+00
-4.537176787853240967e-01 -2.352038919925689697e-01 2.383434623479843140e-01 6.676281690597534180e-01 8.551568388938903809e-01 0.000000000000000000e+00
-5.073884129524230957e-01 -5.180225372314453125e-01 -5.133782029151916504e-01 -5.620381236076354980e-01 -5.947395563125610352e-01 1.000000000000000000e+00
-5.190767049789428711e-01 -5.444979667663574219e-01 -5.808527469635009766e-01 -6.173249483108520508e-01 -6.270990967750549316e-01 2.000000000000000000e+00
-5.073884129524230957e-01 -5.180225372314453125e-01 -5.133782029151916504e-01 -5.620381236076354980e-01 -5.947395563125610352e-01 1.000000000000000000e+00
-5.190767049789428711e-01 -5.444979667663574219e-01 -5.808527469635009766e-01 -6.173249483108520508e-01 -6.270990967750549316e-01 2.000000000000000000e+00
-5.073884129524230957e-01 -5.180225372314453125e-01 -5.133782029151916504e-01 -5.620381236076354980e-01 -5.947395563125610352e-01 1.000000000000000000e+00
-5.190767049789428711e-01 -5.444979667663574219e-01 -5.808527469635009766e-01 -6.173249483108520508e-01 -6.270990967750549316e-01 2.000000000000000000e+00
-5.073884129524230957e-01 -5.180225372314453125e-01 -5.133782029151916504e-01 -5.620381236076354980e-01 -5.947395563125610352e-01 1.000000000000000000e+00
-5.190767049789428711e-01 -5.444979667663574219e-01 -5.808527469635009766e-01 -6.173249483108520508e-01 -6.270990967750549316e-01 2.000000000000000000e+00
-5.073884129524230957e-01 -5.180225372314453125e-01 -5.133782029151916504e-01 -5.620381236076354980e-01 -5.947395563125610352e-01 1.000000000000000000e+00
-5.190767049789428711e-01 -5.444979667663574219e-01 -5.808527469635009766e-01 -6.173249483108520508e-01 -6.270990967750549316e-01 2.000000000000000000e+00
-5.073884129524230957e-01 -5.180225372314453125e-01 -5.133782029151916504e-01 -5.620381236076354980e-01 -5.947395563125610352e-01 1.000000000000000000e+00
-5.190767049789428711e-01 -5.444979667663574219e-01 -5.808527469635009766e-01 -6.173249483108520508e-01 -6.270990967750549316e-01 2.000000000000000000e+00
-5.073884129524230957e-01 -5.180225372314453125e-01 -5.133782029151916504e-01 -5.620381236076354980e-01 -5.947395563125610352e-01 1.000000000000000000e+00
-5.190767049789428711e-01 -5.444979667663574219e-01 -5.808527469635009766e-01 -6.173249483108520508e-01 -6.270990967750549316e-01 2.000000000000000000e+00
-5.073884129524230957e-01 -5.180225372314453125e-01 -5.133782029151916504e-01 -5.620381236076354980e-01 -5.947395563125610352e-01 1.000000000000000000e+00
-5.190767049789428711e-01 -5.444979667663574219e-01 -5.808527469635009766e-01 -6.173249483108520508e-01 -6.270990967750549316e-01 2.000000000000000000e+00
-5.073884129524230957e-01 -5.180225372314453125e-01 -5.133782029151916504e-01 -5.620381236076354980e-01 -5.947395563125610352e-01 1.000000000000000000e+00
-5.190767049789428711e-01 -5.444979667663574219e-01 -5.808527469635009766e-01 -6.173249483108520508e-01 -6.270990967750549316e-01 2.000000000000000000e+00
-5.073884129524230957e-01 -5.180225372314453125e-01 -5.133782029151916504e-01 -5.620381236076354980e-01 -5.947395563125610352e-01 1.000000000000000000e+00
-5.190767049789428711e-01 -5.444979667663574219e-01 -5.808527469635009766e-01 -6.173249483108520508e-01 -6.270990967750549316e-01 2.000000000000000000e+00
8.864094614982604980e-01 9.622452259063720703e-01 9.881850481033325195e-01 9.927806854248046875e-01 9.980409741401672363e-01 0.000000000000000000e+00
8.993835449218750000e-01 9.778253436088562012e-01 9.910533428192138672e-01 9.972690939903259277e-01 9.992174506187438965e-01 0.000000000000000000e+00
8.219761252403259277e-01 9.645622968673706055e-01 9.874994754791259766e-01 9.978579878807067871e-01 9.996250271797180176e-01 0.000000000000000000e+00
-6.027512624859809875e-02 4.239719808101654053e-01 7.868356108665466309e-01 9.436236619949340820e-01 9.878076910972595215e-01 0.000000000000000000e+00
-5.317581892013549805e-01 -5.463102459907531738e-01 -5.720621943473815918e-01 -5.560968518257141113e-01 -5.312331318855285645e-01 0.000000000000000000e+00
-5.290919542312622070e-01 -5.516054630279541016e-01 -5.924097299575805664e-01 -6.177259087562561035e-01 -6.340808868408203125e-01 0.000000000000000000e+00
-4.834247529506683350e-01 -5.016261935234069824e-01 -4.867471456527709961e-01 -4.775914847850799561e-01 -5.085226297378540039e-01 0.000000000000000000e+00
8.121109008789062500e-01 9.361303448677062988e-01 9.922336339950561523e-01 9.973787665367126465e-01 9.995355010032653809e-01 0.000000000000000000e+00
-7.499939948320388794e-02 7.635077834129333496e-01 9.258667230606079102e-01 9.869420528411865234e-01 9.954185485839843750e-01 0.000000000000000000e+00
4.705217480659484863e-01 4.740938246250152588e-01 7.233567237854003906e-01 8.867348432540893555e-01 9.068907499313354492e-01 0.000000000000000000e+00
-3.661326169967651367e-01 7.573655340820550919e-03 3.804457485675811768e-01 7.034195661544799805e-01 8.240824937820434570e-01 0.000000000000000000e+00
6.943163871765136719e-01 7.810882329940795898e-01 8.887654542922973633e-01 9.475770592689514160e-01 9.755311012268066406e-01 0.000000000000000000e+00
9.268815517425537109e-01 9.751304388046264648e-01 9.958807826042175293e-01 9.987762570381164551e-01 9.995375275611877441e-01 0.000000000000000000e+00
9.881072640419006348e-01 9.983365535736083984e-01 9.998125433921813965e-01 9.999730587005615234e-01 9.999913573265075684e-01 0.000000000000000000e+00
4.003576934337615967e-01 3.046455085277557373e-01 4.712511599063873291e-01 8.404793739318847656e-01 9.738814234733581543e-01 0.000000000000000000e+00
7.432891130447387695e-01 9.708158969879150391e-01 9.869247674942016602e-01 9.926308393478393555e-01 9.976524114608764648e-01 0.000000000000000000e+00
8.368569612503051758e-01 9.492462277412414551e-01 9.821507930755615234e-01 9.964613318443298340e-01 9.990324378013610840e-01 0.000000000000000000e+00
9.210112094879150391e-01 9.832385778427124023e-01 9.944298267364501953e-01 9.985460638999938965e-01 9.993699193000793457e-01 0.000000000000000000e+00
9.623921513557434082e-01 9.939554929733276367e-01 9.982748627662658691e-01 9.994454383850097656e-01 9.997475743293762207e-01 0.000000000000000000e+00
9.457908272743225098e-01 9.873343110084533691e-01 9.978626966476440430e-01 9.996680617332458496e-01 9.999530911445617676e-01 0.000000000000000000e+00
9.778548479080200195e-01 9.950043559074401855e-01 9.992107748985290527e-01 9.997797012329101562e-01 9.999333024024963379e-01 0.000000000000000000e+00
-4.812285602092742920e-01 5.182175040245056152e-01 7.919625639915466309e-01 8.974673748016357422e-01 9.632256627082824707e-01 0.000000000000000000e+00
-3.553532361984252930e-01 9.734040498733520508e-02 4.076054692268371582e-01 2.986448109149932861e-01 4.893840253353118896e-01 0.000000000000000000e+00
6.598900556564331055e-01 7.564298510551452637e-01 8.781429529190063477e-01 9.690153598785400391e-01 9.934562444686889648e-01 0.000000000000000000e+00
6.359654664993286133e-01 6.510512232780456543e-01 7.569198608398437500e-01 8.290236592292785645e-01 9.164453744888305664e-01 0.000000000000000000e+00
7.811424732208251953e-01 7.236652374267578125e-01 8.827746510505676270e-01 9.283198118209838867e-01 9.613630175590515137e-01 0.000000000000000000e+00
7.221376895904541016e-01 7.760878801345825195e-01 8.890588283538818359e-01 9.324004650115966797e-01 9.785461425781250000e-01 0.000000000000000000e+00
8.859459161758422852e-01 9.785540699958801270e-01 9.857764840126037598e-01 9.931429028511047363e-01 9.962934255599975586e-01 0.000000000000000000e+00
9.779109954833984375e-01 9.960370063781738281e-01 9.991124868392944336e-01 9.997552633285522461e-01 9.999256134033203125e-01 0.000000000000000000e+00
9.038248062133789062e-01 9.779632091522216797e-01 9.986426234245300293e-01 9.997360110282897949e-01 9.999650120735168457e-01 0.000000000000000000e+00
9.672440290451049805e-01 9.879616498947143555e-01 9.986507892608642578e-01 9.994567632675170898e-01 9.998808503150939941e-01 0.000000000000000000e+00
8.849922418594360352e-01 9.824444055557250977e-01 9.988700151443481445e-01 9.997978806495666504e-01 9.999589323997497559e-01 0.000000000000000000e+00
2.900496721267700195e-01 7.499967217445373535e-01 9.481272697448730469e-01 9.928570389747619629e-01 9.981519579887390137e-01 0.000000000000000000e+00
8.899728059768676758e-01 9.773888587951660156e-01 9.902905821800231934e-01 9.955432415008544922e-01 9.989548325538635254e-01 0.000000000000000000e+00
8.948053121566772461e-01 9.823452830314636230e-01 9.951913952827453613e-01 9.976215958595275879e-01 9.996836185455322266e-01 0.000000000000000000e+00
9.180177450180053711e-01 9.540995955467224121e-01 9.761521816253662109e-01 9.880341887474060059e-01 9.910686612129211426e-01 0.000000000000000000e+00
9.396890401840209961e-01 9.864032864570617676e-01 9.970862269401550293e-01 9.992701411247253418e-01 9.996178746223449707e-01 0.000000000000000000e+00
9.274399280548095703e-01 9.765584468841552734e-01 9.956466555595397949e-01 9.990811347961425781e-01 9.997992515563964844e-01 0.000000000000000000e+00
8.747942447662353516e-01 9.531283378601074219e-01 9.865428805351257324e-01 9.954534769058227539e-01 9.977805614471435547e-01 0.000000000000000000e+00
6.758480072021484375e-01 7.634849548339843750e-01 8.489197492599487305e-01 9.367002844810485840e-01 9.763726592063903809e-01 0.000000000000000000e+00
8.994176983833312988e-01 9.552340507507324219e-01 9.795232415199279785e-01 9.926363229751586914e-01 9.958915114402770996e-01 0.000000000000000000e+00
