3.387417793273925781e-01 4.633626937866210938e-01 5.707167387008666992e-01 4.708848297595977783e-01 4.217886924743652344e-01 0.000000000000000000e+00
2.040371447801589966e-01 3.206777870655059814e-01 2.836898565292358398e-01 4.163368642330169678e-01 3.878149390220642090e-01 0.000000000000000000e+00
9.827544540166854858e-02 2.301524579524993896e-01 3.180003464221954346e-01 2.835454940795898438e-01 4.135826826095581055e-01 0.000000000000000000e+00
2.912917137145996094e-01 4.448317289352416992e-01 3.281030058860778809e-01 2.989828288555145264e-01 1.604753583669662476e-01 0.000000000000000000e+00
4.301772713661193848e-01 4.159042835235595703e-01 3.265100121498107910e-01 4.357874691486358643e-01 5.212004184722900391e-01 0.000000000000000000e+00
2.462437152862548828e-01 3.270834386348724365e-01 4.260425865650177002e-01 4.732098281383514404e-01 5.007573962211608887e-01 0.000000000000000000e+00
3.909396231174468994e-01 3.625693917274475098e-01 4.423031806945800781e-01 4.434136748313903809e-01 4.096901118755340576e-01 0.000000000000000000e+00
6.170429587364196777e-01 7.092643976211547852e-01 7.269483804702758789e-01 7.284452915191650391e-01 7.317868471145629883e-01 0.000000000000000000e+00
5.679551362991333008e-01 6.815381050109863281e-01 6.931254863739013672e-01 7.205308675765991211e-01 7.377364635467529297e-01 0.000000000000000000e+00
5.764282941818237305e-01 6.776422858238220215e-01 7.010195255279541016e-01 6.685034036636352539e-01 6.839492917060852051e-01 0.000000000000000000e+00
5.802459716796875000e-01 6.933487653732299805e-01 7.899826765060424805e-01 8.195775747299194336e-01 7.928505539894104004e-01 0.000000000000000000e+00
4.811457097530364990e-01 6.453543305397033691e-01 7.065957188606262207e-01 7.354488372802734375e-01 7.515791058540344238e-01 0.000000000000000000e+00
6.635742187500000000e-01 7.163760662078857422e-01 7.455214262008666992e-01 7.754366993904113770e-01 7.641003131866455078e-01 0.000000000000000000e+00
5.872731208801269531e-01 7.106448411941528320e-01 7.588746547698974609e-01 7.700914144515991211e-01 7.683560252189636230e-01 0.000000000000000000e+00
8.350001573562622070e-01 8.623433709144592285e-01 8.515146374702453613e-01 9.181621074676513672e-01 9.360525012016296387e-01 0.000000000000000000e+00
6.023601889610290527e-01 7.397578954696655273e-01 7.175543904304504395e-01 7.417286634445190430e-01 8.161563277244567871e-01 0.000000000000000000e+00
6.580283641815185547e-01 6.733518838882446289e-01 6.745272278785705566e-01 7.350647449493408203e-01 8.066716194152832031e-01 0.000000000000000000e+00
6.339733004570007324e-01 8.322241306304931641e-01 7.857971191406250000e-01 8.096810579299926758e-01 8.135704994201660156e-01 0.000000000000000000e+00
6.467462778091430664e-01 8.736041784286499023e-01 9.176723361015319824e-01 9.277462363243103027e-01 9.476060271263122559e-01 0.000000000000000000e+00
5.451511144638061523e-01 6.429155468940734863e-01 7.209397554397583008e-01 8.112018108367919922e-01 8.488561511039733887e-01 0.000000000000000000e+00
4.321903586387634277e-01 5.358012914657592773e-01 6.386600732803344727e-01 5.764594674110412598e-01 6.381980776786804199e-01 0.000000000000000000e+00
4.373030960559844971e-01 6.919200420379638672e-01 7.204569578170776367e-01 6.209579706192016602e-01 6.786472797393798828e-01 0.000000000000000000e+00
5.377649068832397461e-01 6.221927404403686523e-01 5.716815590858459473e-01 5.988981723785400391e-01 6.458835005760192871e-01 0.000000000000000000e+00
3.910689353942871094e-01 4.636205732822418213e-01 5.163192749023437500e-01 6.059243679046630859e-01 4.747986197471618652e-01 0.000000000000000000e+00
2.886052727699279785e-01 2.903657257556915283e-01 4.074462056159973145e-01 5.268024206161499023e-01 5.237023234367370605e-01 0.000000000000000000e+00
8.369508199393749237e-03 7.227265834808349609e-02 3.208439052104949951e-01 4.548735320568084717e-01 5.229538679122924805e-01 0.000000000000000000e+00
6.051402091979980469e-01 5.452270507812500000e-01 5.693095326423645020e-01 5.573298931121826172e-01 4.532971978187561035e-01 0.000000000000000000e+00
5.804613828659057617e-01 6.470315456390380859e-01 6.994321942329406738e-01 7.214098572731018066e-01 7.516685128211975098e-01 0.000000000000000000e+00
7.507257461547851562e-01 7.970381379127502441e-01 8.330586552619934082e-01 8.092367649078369141e-01 7.787550687789916992e-01 0.000000000000000000e+00
6.500052213668823242e-01 7.516246438026428223e-01 7.925900816917419434e-01 8.254152536392211914e-01 8.491469621658325195e-01 0.000000000000000000e+00
4.549386799335479736e-01 6.641328334808349609e-01 7.045581936836242676e-01 7.329226732254028320e-01 7.581706047058105469e-01 0.000000000000000000e+00
3.776519326493144035e-03 5.278174281120300293e-01 6.255741119384765625e-01 6.830474138259887695e-01 8.065693974494934082e-01 0.000000000000000000e+00
-1.823071986436843872e-01 -8.736121654510498047e-02 -7.947070151567459106e-02 -6.029274314641952515e-02 1.298400610685348511e-01 0.000000000000000000e+00
1.804646402597427368e-01 1.735022477805614471e-02 -6.658131629228591919e-02 5.072422325611114502e-02 -1.054380536079406738e-01 0.000000000000000000e+00
4.869921877980232239e-02 1.371283680200576782e-01 3.440064489841461182e-01 3.938983976840972900e-01 3.704468905925750732e-01 0.000000000000000000e+00
4.411462247371673584e-01 6.575649380683898926e-01 7.300699353218078613e-01 7.859001159667968750e-01 7.268563508987426758e-01 0.000000000000000000e+00
4.436237812042236328e-01 6.440122127532958984e-01 7.343266606330871582e-01 8.169154524803161621e-01 7.895369529724121094e-01 0.000000000000000000e+00
5.851648449897766113e-01 6.896086931228637695e-01 6.680916547775268555e-01 6.610681414604187012e-01 6.172268390655517578e-01 0.000000000000000000e+00
6.724387407302856445e-01 7.860424518585205078e-01 8.111283183097839355e-01 7.849785089492797852e-01 7.734575867652893066e-01 0.000000000000000000e+00
4.450903236865997314e-01 6.457129120826721191e-01 7.475782036781311035e-01 8.032414913177490234e-01 8.154389858245849609e-01 0.000000000000000000e+00
5.688282847404479980e-01 6.834273338317871094e-01 7.472855448722839355e-01 7.904633283615112305e-01 7.771552801132202148e-01 0.000000000000000000e+00
2.407898157835006714e-01 4.668021500110626221e-01 6.009848713874816895e-01 7.820678949356079102e-01 7.902926206588745117e-01 0.000000000000000000e+00
4.597951769828796387e-01 4.564479291439056396e-01 5.150225758552551270e-01 2.998180091381072998e-01 2.817188799381256104e-01 1.000000000000000000e+00
4.719217419624328613e-01 6.651141643524169922e-01 6.022694110870361328e-01 5.602442622184753418e-01 6.389318108558654785e-01 2.000000000000000000e+00
4.597951769828796387e-01 4.564479291439056396e-01 5.150225758552551270e-01 2.998180091381072998e-01 2.817188799381256104e-01 1.000000000000000000e+00
4.719217419624328613e-01 6.651141643524169922e-01 6.022694110870361328e-01 5.602442622184753418e-01 6.389318108558654785e-01 2.000000000000000000e+00
4.597951769828796387e-01 4.564479291439056396e-01 5.150225758552551270e-01 2.998180091381072998e-01 2.817188799381256104e-01 1.000000000000000000e+00
4.719217419624328613e-01 6.651141643524169922e-01 6.022694110870361328e-01 5.602442622184753418e-01 6.389318108558654785e-01 2.000000000000000000e+00
4.597951769828796387e-01 4.564479291439056396e-01 5.150225758552551270e-01 2.998180091381072998e-01 2.817188799381256104e-01 1.000000000000000000e+00
4.719217419624328613e-01 6.651141643524169922e-01 6.022694110870361328e-01 5.602442622184753418e-01 6.389318108558654785e-01 2.000000000000000000e+00
4.597951769828796387e-01 4.564479291439056396e-01 5.150225758552551270e-01 2.998180091381072998e-01 2.817188799381256104e-01 1.000000000000000000e+00
4.719217419624328613e-01 6.651141643524169922e-01 6.022694110870361328e-01 5.602442622184753418e-01 6.389318108558654785e-01 2.000000000000000000e+00
4.597951769828796387e-01 4.564479291439056396e-01 5.150225758552551270e-01 2.998180091381072998e-01 2.817188799381256104e-01 1.000000000000000000e+00
4.719217419624328613e-01 6.651141643524169922e-01 6.022694110870361328e-01 5.602442622184753418e-01 6.389318108558654785e-01 2.000000000000000000e+00
4.597951769828796387e-01 4.564479291439056396e-01 5.150225758552551270e-01 2.998180091381072998e-01 2.817188799381256104e-01 1.000000000000000000e+00
4.719217419624328613e-01 6.651141643524169922e-01 6.022694110870361328e-01 5.602442622184753418e-01 6.389318108558654785e-01 2.000000000000000000e+00
4.597951769828796387e-01 4.564479291439056396e-01 5.150225758552551270e-01 2.998180091381072998e-01 2.817188799381256104e-01 1.000000000000000000e+00
4.719217419624328613e-01 6.651141643524169922e-01 6.022694110870361328e-01 5.602442622184753418e-01 6.389318108558654785e-01 2.000000000000000000e+00
4.597951769828796387e-01 4.564479291439056396e-01 5.150225758552551270e-01 2.998180091381072998e-01 2.817188799381256104e-01 1.000000000000000000e+00
4.719217419624328613e-01 6.651141643524169922e-01 6.022694110870361328e-01 5.602442622184753418e-01 6.389318108558654785e-01 2.000000000000000000e+00
4.597951769828796387e-01 4.564479291439056396e-01 5.150225758552551270e-01 2.998180091381072998e-01 2.817188799381256104e-01 1.000000000000000000e+00
4.719217419624328613e-01 6.651141643524169922e-01 6.022694110870361328e-01 5.602442622184753418e-01 6.389318108558654785e-01 2.000000000000000000e+00
6.072978973388671875e-01 7.262825965881347656e-01 7.451862692832946777e-01 8.173506259918212891e-01 8.025793433189392090e-01 0.000000000000000000e+00
4.194086492061614990e-01 6.485160589218139648e-01 6.679112315177917480e-01 7.725583314895629883e-01 7.728996276855468750e-01 0.000000000000000000e+00
4.619602859020233154e-01 6.840822100639343262e-01 7.060093879699707031e-01 7.408744096755981445e-01 6.270226240158081055e-01 0.000000000000000000e+00
5.550299882888793945e-01 5.565257072448730469e-01 6.735777258872985840e-01 6.606601476669311523e-01 6.905767917633056641e-01 0.000000000000000000e+00
3.555366098880767822e-01 6.045813560485839844e-01 5.771901607513427734e-01 4.879457950592041016e-01 5.650745034217834473e-01 0.000000000000000000e+00
7.169741392135620117e-01 8.212298750877380371e-01 8.181788325309753418e-01 8.433419466018676758e-01 7.788340449333190918e-01 0.000000000000000000e+00
5.656477212905883789e-01 7.376116514205932617e-01 7.762035727500915527e-01 8.087581396102905273e-01 8.471102714538574219e-01 0.000000000000000000e+00
6.994293928146362305e-01 7.676994800567626953e-01 8.424034118652343750e-01 8.532890081405639648e-01 8.660733103752136230e-01 0.000000000000000000e+00
4.164516329765319824e-01 5.873903036117553711e-01 6.466028690338134766e-01 6.716263294219970703e-01 7.783812284469604492e-01 0.000000000000000000e+00
6.501948833465576172e-01 7.044836282730102539e-01 6.644532680511474609e-01 6.798685789108276367e-01 6.671357154846191406e-01 0.000000000000000000e+00
3.908000290393829346e-01 4.266436398029327393e-01 4.467281103134155273e-01 4.694083631038665771e-01 6.634949445724487305e-01 0.000000000000000000e+00
3.899572789669036865e-01 4.240345060825347900e-01 4.331475198268890381e-01 4.443263411521911621e-01 4.427323639392852783e-01 0.000000000000000000e+00
3.864902555942535400e-01 4.473387897014617920e-01 4.512152075767517090e-01 4.599689543247222900e-01 4.733657836914062500e-01 0.000000000000000000e+00
3.878197968006134033e-01 4.456061720848083496e-01 4.426801800727844238e-01 4.823308289051055908e-01 4.888685941696166992e-01 0.000000000000000000e+00
5.214995741844177246e-01 5.541133880615234375e-01 4.524057507514953613e-01 4.923302233219146729e-01 4.990997910499572754e-01 0.000000000000000000e+00
4.150197207927703857e-01 7.258676290512084961e-01 6.504644155502319336e-01 5.105071067810058594e-01 6.229043006896972656e-01 0.000000000000000000e+00
6.063752174377441406e-01 6.926382780075073242e-01 7.709566354751586914e-01 7.805217504501342773e-01 7.113161087036132812e-01 0.000000000000000000e+00
3.315326571464538574e-01 5.301123857498168945e-01 6.763612031936645508e-01 7.503259778022766113e-01 7.169167995452880859e-01 0.000000000000000000e+00
5.340240001678466797e-01 5.666683316230773926e-01 6.258199214935302734e-01 6.371585726737976074e-01 6.488252878189086914e-01 0.000000000000000000e+00
-8.966003358364105225e-02 8.130699396133422852e-02 6.798153370618820190e-02 -2.391644939780235291e-02 2.696744203567504883e-01 1.000000000000000000e+00
1.942702233791351318e-01 3.435548245906829834e-01 3.357574045658111572e-01 3.638040125370025635e-01 4.696717262268066406e-01 2.000000000000000000e+00
-8.966003358364105225e-02 8.130699396133422852e-02 6.798153370618820190e-02 -2.391644939780235291e-02 2.696744203567504883e-01 1.000000000000000000e+00
1.942702233791351318e-01 3.435548245906829834e-01 3.357574045658111572e-01 3.638040125370025635e-01 4.696717262268066406e-01 2.000000000000000000e+00
-8.966003358364105225e-02 8.130699396133422852e-02 6.798153370618820190e-02 -2.391644939780235291e-02 2.696744203567504883e-01 1.000000000000000000e+00
1.942702233791351318e-01 3.435548245906829834e-01 3.357574045658111572e-01 3.638040125370025635e-01 4.696717262268066406e-01 2.000000000000000000e+00
-8.966003358364105225e-02 8.130699396133422852e-02 6.798153370618820190e-02 -2.391644939780235291e-02 2.696744203567504883e-01 1.000000000000000000e+00
1.942702233791351318e-01 3.435548245906829834e-01 3.357574045658111572e-01 3.638040125370025635e-01 4.696717262268066406e-01 2.000000000000000000e+00
-8.966003358364105225e-02 8.130699396133422852e-02 6.798153370618820190e-02 -2.391644939780235291e-02 2.696744203567504883e-01 1.000000000000000000e+00
1.942702233791351318e-01 3.435548245906829834e-01 3.357574045658111572e-01 3.638040125370025635e-01 4.696717262268066406e-01 2.000000000000000000e+00
-8.966003358364105225e-02 8.130699396133422852e-02 6.798153370618820190e-02 -2.391644939780235291e-02 2.696744203567504883e-01 1.000000000000000000e+00
1.942702233791351318e-01 3.435548245906829834e-01 3.357574045658111572e-01 3.638040125370025635e-01 4.696717262268066406e-01 2.000000000000000000e+00
-8.966003358364105225e-02 8.130699396133422852e-02 6.798153370618820190e-02 -2.391644939780235291e-02 2.696744203567504883e-01 1.000000000000000000e+00
1.942702233791351318e-01 3.435548245906829834e-01 3.357574045658111572e-01 3.638040125370025635e-01 4.696717262268066406e-01 2.000000000000000000e+00
-8.966003358364105225e-02 8.130699396133422852e-02 6.798153370618820190e-02 -2.391644939780235291e-02 2.696744203567504883e-01 1.000000000000000000e+00
1.942702233791351318e-01 3.435548245906829834e-01 3.357574045658111572e-01 3.638040125370025635e-01 4.696717262268066406e-01 2.000000000000000000e+00
-8.966003358364105225e-02 8.130699396133422852e-02 6.798153370618820190e-02 -2.391644939780235291e-02 2.696744203567504883e-01 1.000000000000000000e+00
1.942702233791351318e-01 3.435548245906829834e-01 3.357574045658111572e-01 3.638040125370025635e-01 4.696717262268066406e-01 2.000000000000000000e+00
-8.966003358364105225e-02 8.130699396133422852e-02 6.798153370618820190e-02 -2.391644939780235291e-02 2.696744203567504883e-01 1.000000000000000000e+00
1.942702233791351318e-01 3.435548245906829834e-01 3.357574045658111572e-01 3.638040125370025635e-01 4.696717262268066406e-01 2.000000000000000000e+00
5.976730585098266602e-01 7.149605154991149902e-01 7.626664042472839355e-01 7.688937783241271973e-01 6.673523187637329102e-01 0.000000000000000000e+00
3.165968656539916992e-01 6.753631234169006348e-01 6.498429775238037109e-01 7.529351711273193359e-01 7.637487649917602539e-01 0.000000000000000000e+00
5.160225033760070801e-01 7.319203019142150879e-01 7.639161944389343262e-01 6.928532719612121582e-01 5.975962281227111816e-01 0.000000000000000000e+00
6.343942880630493164e-01 7.713118195533752441e-01 8.101488351821899414e-01 7.745524644851684570e-01 7.507087588310241699e-01 0.000000000000000000e+00
6.619079709053039551e-01 7.507641911506652832e-01 7.590459585189819336e-01 6.300048232078552246e-01 7.429279088973999023e-01 0.000000000000000000e+00
2.503761649131774902e-01 1.993969380855560303e-01 1.300329621881246567e-02 3.909716755151748657e-02 -4.848008602857589722e-02 1.000000000000000000e+00
2.873627245426177979e-01 3.448791801929473877e-01 5.752257108688354492e-01 5.207386612892150879e-01 5.639054775238037109e-01 2.000000000000000000e+00
2.503761649131774902e-01 1.993969380855560303e-01 1.300329621881246567e-02 3.909716755151748657e-02 -4.848008602857589722e-02 1.000000000000000000e+00
2.873627245426177979e-01 3.448791801929473877e-01 5.752257108688354492e-01 5.207386612892150879e-01 5.639054775238037109e-01 2.000000000000000000e+00
2.503761649131774902e-01 1.993969380855560303e-01 1.300329621881246567e-02 3.909716755151748657e-02 -4.848008602857589722e-02 1.000000000000000000e+00
2.873627245426177979e-01 3.448791801929473877e-01 5.752257108688354492e-01 5.207386612892150879e-01 5.639054775238037109e-01 2.000000000000000000e+00
2.503761649131774902e-01 1.993969380855560303e-01 1.300329621881246567e-02 3.909716755151748657e-02 -4.848008602857589722e-02 1.000000000000000000e+00
2.873627245426177979e-01 3.448791801929473877e-01 5.752257108688354492e-01 5.207386612892150879e-01 5.639054775238037109e-01 2.000000000000000000e+00
2.503761649131774902e-01 1.993969380855560303e-01 1.300329621881246567e-02 3.909716755151748657e-02 -4.848008602857589722e-02 1.000000000000000000e+00
2.873627245426177979e-01 3.448791801929473877e-01 5.752257108688354492e-01 5.207386612892150879e-01 5.639054775238037109e-01 2.000000000000000000e+00
2.503761649131774902e-01 1.993969380855560303e-01 1.300329621881246567e-02 3.909716755151748657e-02 -4.848008602857589722e-02 1.000000000000000000e+00
2.873627245426177979e-01 3.448791801929473877e-01 5.752257108688354492e-01 5.207386612892150879e-01 5.639054775238037109e-01 2.000000000000000000e+00
2.503761649131774902e-01 1.993969380855560303e-01 1.300329621881246567e-02 3.909716755151748657e-02 -4.848008602857589722e-02 1.000000000000000000e+00
2.873627245426177979e-01 3.448791801929473877e-01 5.752257108688354492e-01 5.207386612892150879e-01 5.639054775238037109e-01 2.000000000000000000e+00
2.503761649131774902e-01 1.993969380855560303e-01 1.300329621881246567e-02 3.909716755151748657e-02 -4.848008602857589722e-02 1.000000000000000000e+00
2.873627245426177979e-01 3.448791801929473877e-01 5.752257108688354492e-01 5.207386612892150879e-01 5.639054775238037109e-01 2.000000000000000000e+00
2.503761649131774902e-01 1.993969380855560303e-01 1.300329621881246567e-02 3.909716755151748657e-02 -4.848008602857589722e-02 1.000000000000000000e+00
2.873627245426177979e-01 3.448791801929473877e-01 5.752257108688354492e-01 5.207386612892150879e-01 5.639054775238037109e-01 2.000000000000000000e+00
2.503761649131774902e-01 1.993969380855560303e-01 1.300329621881246567e-02 3.909716755151748657e-02 -4.848008602857589722e-02 1.000000000000000000e+00
2.873627245426177979e-01 3.448791801929473877e-01 5.752257108688354492e-01 5.207386612892150879e-01 5.639054775238037109e-01 2.000000000000000000e+00
4.628299176692962646e-01 6.115715503692626953e-01 7.422511577606201172e-01 7.374650239944458008e-01 7.197635769844055176e-01 0.000000000000000000e+00
4.185078442096710205e-01 4.542607069015502930e-01 5.970245599746704102e-01 7.001651525497436523e-01 7.334519624710083008e-01 0.000000000000000000e+00
3.774532079696655273e-01 4.986541867256164551e-01 5.449492931365966797e-01 6.573771238327026367e-01 6.043910384178161621e-01 0.000000000000000000e+00
3.504350483417510986e-01 5.127962827682495117e-01 4.701621532440185547e-01 4.675749838352203369e-01 4.370495378971099854e-01 0.000000000000000000e+00
2.803227603435516357e-01 4.136053323745727539e-01 4.397130906581878662e-01 5.050368905067443848e-01 5.102632641792297363e-01 0.000000000000000000e+00
3.810189962387084961e-01 5.449235439300537109e-01 5.561136007308959961e-01 6.219959259033203125e-01 6.305308341979980469e-01 0.000000000000000000e+00
4.969224929809570312e-01 5.004943013191223145e-01 4.377837777137756348e-01 4.855826497077941895e-01 4.950890839099884033e-01 0.000000000000000000e+00
4.183143675327301025e-01 4.842081665992736816e-01 5.487625598907470703e-01 5.381652116775512695e-01 5.442020893096923828e-01 0.000000000000000000e+00
4.719546437263488770e-01 5.399767160415649414e-01 4.598456919193267822e-01 6.857238411903381348e-01 6.693769693374633789e-01 0.000000000000000000e+00
-1.682147085666656494e-01 -1.006888747215270996e-01 3.148487508296966553e-01 2.119031399488449097e-01 3.980705738067626953e-01 0.000000000000000000e+00
2.648010551929473877e-01 4.089178442955017090e-01 4.580338299274444580e-01 3.883883655071258545e-01 3.841249644756317139e-01 0.000000000000000000e+00
2.434912323951721191e-01 4.437793493270874023e-01 5.174595713615417480e-01 4.418457746505737305e-01 5.160861611366271973e-01 0.000000000000000000e+00
3.900171816349029541e-01 5.093916058540344238e-01 6.471719741821289062e-01 6.171530485153198242e-01 5.301470160484313965e-01 0.000000000000000000e+00
3.854659795761108398e-01 5.969958901405334473e-01 6.021401882171630859e-01 5.975593328475952148e-01 5.665512084960937500e-01 0.000000000000000000e+00
3.131036460399627686e-01 3.902773559093475342e-01 3.485903143882751465e-01 4.206410348415374756e-01 4.939358234405517578e-01 0.000000000000000000e+00
5.957950949668884277e-01 6.181820631027221680e-01 5.326061844825744629e-01 5.264585018157958984e-01 5.505908727645874023e-01 0.000000000000000000e+00
5.782595872879028320e-01 7.385828495025634766e-01 7.817873358726501465e-01 7.404379248619079590e-01 6.723443269729614258e-01 0.000000000000000000e+00
7.275259494781494141e-01 7.838578820228576660e-01 8.194037079811096191e-01 8.365920186042785645e-01 8.097381591796875000e-01 0.000000000000000000e+00
5.639263391494750977e-01 7.108150720596313477e-01 7.544877529144287109e-01 7.595463395118713379e-01 7.771979570388793945e-01 0.000000000000000000e+00
3.538362979888916016e-01 5.501618385314941406e-01 5.452451109886169434e-01 6.375713348388671875e-01 7.782738804817199707e-01 0.000000000000000000e+00
3.742679953575134277e-01 4.193716943264007568e-01 5.341230034828186035e-01 5.551421642303466797e-01 5.743613839149475098e-01 0.000000000000000000e+00
3.989855647087097168e-01 4.550989568233489990e-01 3.804062604904174805e-01 3.762725591659545898e-01 3.441762328147888184e-01 0.000000000000000000e+00
3.986980617046356201e-01 4.342055618762969971e-01 4.664483070373535156e-01 4.878733456134796143e-01 5.596284270286560059e-01 0.000000000000000000e+00
2.371879965066909790e-01 4.416196942329406738e-01 5.536747574806213379e-01 5.566074848175048828e-01 5.602639913558959961e-01 0.000000000000000000e+00
-2.621702663600444794e-02 7.678777724504470825e-02 2.435986697673797607e-01 3.082723617553710938e-01 2.142194509506225586e-01 0.000000000000000000e+00
6.138159334659576416e-02 2.016761898994445801e-01 3.356145322322845459e-01 3.318872153759002686e-01 3.421904146671295166e-01 0.000000000000000000e+00
1.018846184015274048e-01 3.689224123954772949e-01 2.840453386306762695e-01 3.989762067794799805e-01 4.456790387630462646e-01 0.000000000000000000e+00
-6.284110248088836670e-02 -1.386986225843429565e-01 -2.644803822040557861e-01 1.593216508626937866e-01 4.387211799621582031e-01 1.000000000000000000e+00
2.411845922470092773e-01 2.670162618160247803e-01 2.733858525753021240e-01 1.159453671425580978e-02 3.161027282476425171e-02 2.000000000000000000e+00
-6.284110248088836670e-02 -1.386986225843429565e-01 -2.644803822040557861e-01 1.593216508626937866e-01 4.387211799621582031e-01 1.000000000000000000e+00
2.411845922470092773e-01 2.670162618160247803e-01 2.733858525753021240e-01 1.159453671425580978e-02 3.161027282476425171e-02 2.000000000000000000e+00
-6.284110248088836670e-02 -1.386986225843429565e-01 -2.644803822040557861e-01 1.593216508626937866e-01 4.387211799621582031e-01 1.000000000000000000e+00
2.411845922470092773e-01 2.670162618160247803e-01 2.733858525753021240e-01 1.159453671425580978e-02 3.161027282476425171e-02 2.000000000000000000e+00
-6.284110248088836670e-02 -1.386986225843429565e-01 -2.644803822040557861e-01 1.593216508626937866e-01 4.387211799621582031e-01 1.000000000000000000e+00
2.411845922470092773e-01 2.670162618160247803e-01 2.733858525753021240e-01 1.159453671425580978e-02 3.161027282476425171e-02 2.000000000000000000e+00
-6.284110248088836670e-02 -1.386986225843429565e-01 -2.644803822040557861e-01 1.593216508626937866e-01 4.387211799621582031e-01 1.000000000000000000e+00
2.411845922470092773e-01 2.670162618160247803e-01 2.733858525753021240e-01 1.159453671425580978e-02 3.161027282476425171e-02 2.000000000000000000e+00
-6.284110248088836670e-02 -1.386986225843429565e-01 -2.644803822040557861e-01 1.593216508626937866e-01 4.387211799621582031e-01 1.000000000000000000e+00
2.411845922470092773e-01 2.670162618160247803e-01 2.733858525753021240e-01 1.159453671425580978e-02 3.161027282476425171e-02 2.000000000000000000e+00
-6.284110248088836670e-02 -1.386986225843429565e-01 -2.644803822040557861e-01 1.593216508626937866e-01 4.387211799621582031e-01 1.000000000000000000e+00
2.411845922470092773e-01 2.670162618160247803e-01 2.733858525753021240e-01 1.159453671425580978e-02 3.161027282476425171e-02 2.000000000000000000e+00
-6.284110248088836670e-02 -1.386986225843429565e-01 -2.644803822040557861e-01 1.593216508626937866e-01 4.387211799621582031e-01 1.000000000000000000e+00
2.411845922470092773e-01 2.670162618160247803e-01 2.733858525753021240e-01 1.159453671425580978e-02 3.161027282476425171e-02 2.000000000000000000e+00
-6.284110248088836670e-02 -1.386986225843429565e-01 -2.644803822040557861e-01 1.593216508626937866e-01 4.387211799621582031e-01 1.000000000000000000e+00
2.411845922470092773e-01 2.670162618160247803e-01 2.733858525753021240e-01 1.159453671425580978e-02 3.161027282476425171e-02 2.000000000000000000e+00
-6.284110248088836670e-02 -1.386986225843429565e-01 -2.644803822040557861e-01 1.593216508626937866e-01 4.387211799621582031e-01 1.000000000000000000e+00
2.411845922470092773e-01 2.670162618160247803e-01 2.733858525753021240e-01 1.159453671425580978e-02 3.161027282476425171e-02 2.000000000000000000e+00
9.057826995849609375e-01 9.729042053222656250e-01 9.818992018699645996e-01 9.880322813987731934e-01 9.903952479362487793e-01 0.000000000000000000e+00
9.592331647872924805e-01 9.836940169334411621e-01 9.808347821235656738e-01 9.765555262565612793e-01 9.727827310562133789e-01 0.000000000000000000e+00
8.839101195335388184e-01 9.597929716110229492e-01 9.765100479125976562e-01 9.902713298797607422e-01 9.903070926666259766e-01 0.000000000000000000e+00
9.244711399078369141e-01 9.822868704795837402e-01 9.909504055976867676e-01 9.934868216514587402e-01 9.916675090789794922e-01 0.000000000000000000e+00
9.685214757919311523e-01 9.913638234138488770e-01 9.881799817085266113e-01 9.864590764045715332e-01 9.881106615066528320e-01 0.000000000000000000e+00
8.988199234008789062e-01 9.833607077598571777e-01 9.875423312187194824e-01 9.927150011062622070e-01 9.950550198554992676e-01 0.000000000000000000e+00
9.623906016349792480e-01 9.721210002899169922e-01 9.872533679008483887e-01 9.864730238914489746e-01 9.913511872291564941e-01 0.000000000000000000e+00
4.199538230895996094e-01 5.200543403625488281e-01 4.423090219497680664e-01 4.200926721096038818e-01 2.665896117687225342e-01 0.000000000000000000e+00
4.187775254249572754e-01 4.267514348030090332e-01 4.579391181468963623e-01 5.074356794357299805e-01 5.232130885124206543e-01 0.000000000000000000e+00
1.917822659015655518e-01 2.641295790672302246e-01 3.328119516372680664e-01 4.873261451721191406e-01 3.702029883861541748e-01 0.000000000000000000e+00
3.862815499305725098e-01 3.800313174724578857e-01 3.243466615676879883e-01 3.047651946544647217e-01 3.942728042602539062e-01 0.000000000000000000e+00
3.397078812122344971e-01 3.210415542125701904e-01 3.102831244468688965e-01 3.103553652763366699e-01 4.147805869579315186e-01 0.000000000000000000e+00
2.234212756156921387e-01 2.660090327262878418e-01 2.993949055671691895e-01 2.944351136684417725e-01 3.271349072456359863e-01 0.000000000000000000e+00
-4.947146028280258179e-02 -5.645043030381202698e-02 6.910195946693420410e-02 2.805913053452968597e-02 1.935356557369232178e-01 0.000000000000000000e+00
3.788016140460968018e-01 3.898111879825592041e-01 6.051274538040161133e-01 6.717948913574218750e-01 6.907510757446289062e-01 0.000000000000000000e+00
4.600106477737426758e-01 5.676980018615722656e-01 6.031845808029174805e-01 5.902651548385620117e-01 6.273490190505981445e-01 0.000000000000000000e+00
5.470944643020629883e-01 5.550963878631591797e-01 6.582798957824707031e-01 6.407338976860046387e-01 6.722575426101684570e-01 0.000000000000000000e+00
6.057665944099426270e-01 6.019983291625976562e-01 6.965157985687255859e-01 7.827552556991577148e-01 6.818127036094665527e-01 0.000000000000000000e+00
3.352128267288208008e-01 4.785081446170806885e-01 2.850132882595062256e-01 5.189171433448791504e-01 5.672249197959899902e-01 0.000000000000000000e+00
7.179791927337646484e-01 8.326079845428466797e-01 7.467939853668212891e-01 7.769975662231445312e-01 6.722500920295715332e-01 0.000000000000000000e+00
8.019262552261352539e-01 8.384567499160766602e-01 8.631927371025085449e-01 8.500192761421203613e-01 8.178903460502624512e-01 0.000000000000000000e+00
1.365628987550735474e-01 2.313660532236099243e-01 3.884519040584564209e-01 3.741114139556884766e-01 2.513640820980072021e-01 0.000000000000000000e+00
-9.003300964832305908e-02 -6.067910417914390564e-02 -1.279356628656387329e-01 2.622179687023162842e-02 1.763387620449066162e-01 0.000000000000000000e+00
3.761718980967998505e-03 -2.540512382984161377e-02 -1.382737159729003906e-01 -2.075192630290985107e-01 1.550423502922058105e-01 0.000000000000000000e+00
6.188714504241943359e-02 4.736964404582977295e-01 -3.373724967241287231e-02 -1.127352565526962280e-01 -1.857582181692123413e-01 0.000000000000000000e+00
1.760919690132141113e-01 2.726586759090423584e-01 1.694789975881576538e-01 -2.525728382170200348e-02 -1.229139566421508789e-01 0.000000000000000000e+00
-1.764253228902816772e-01 -1.792609244585037231e-01 -2.750998139381408691e-01 -1.538413465023040771e-01 -1.374755799770355225e-01 0.000000000000000000e+00
6.518562138080596924e-02 -3.529584035277366638e-02 2.748661339282989502e-01 1.861058771610260010e-01 -7.382270693778991699e-02 0.000000000000000000e+00
7.279841303825378418e-01 8.522918224334716797e-01 9.154013991355895996e-01 9.379264116287231445e-01 9.615930914878845215e-01 0.000000000000000000e+00
8.209012746810913086e-01 8.611003160476684570e-01 9.131339192390441895e-01 8.984099030494689941e-01 9.263536334037780762e-01 0.000000000000000000e+00
8.506652116775512695e-01 8.726859688758850098e-01 9.400472640991210938e-01 9.344690442085266113e-01 9.294595718383789062e-01 0.000000000000000000e+00
5.698850154876708984e-01 8.054735064506530762e-01 8.529112339019775391e-01 9.112152457237243652e-01 9.571141600608825684e-01 0.000000000000000000e+00
6.598507761955261230e-01 8.748062849044799805e-01 9.037797451019287109e-01 8.589665889739990234e-01 8.594824075698852539e-01 0.000000000000000000e+00
6.750744581222534180e-01 7.651391625404357910e-01 8.955495357513427734e-01 9.245329499244689941e-01 9.249943494796752930e-01 0.000000000000000000e+00
6.917433738708496094e-01 8.107429146766662598e-01 8.321417570114135742e-01 8.756397962570190430e-01 8.871017098426818848e-01 0.000000000000000000e+00
9.116743803024291992e-01 9.595060348510742188e-01 9.744651913642883301e-01 9.796608686447143555e-01 9.790787696838378906e-01 0.000000000000000000e+00
8.916112780570983887e-01 9.477901458740234375e-01 9.684545397758483887e-01 9.777352809906005859e-01 9.786036610603332520e-01 0.000000000000000000e+00
9.171929359436035156e-01 9.669483900070190430e-01 9.785143733024597168e-01 9.767196178436279297e-01 9.809578061103820801e-01 0.000000000000000000e+00
8.604725599288940430e-01 9.361683130264282227e-01 9.587633609771728516e-01 9.711210131645202637e-01 9.705435633659362793e-01 0.000000000000000000e+00
9.033165574073791504e-01 9.546548128128051758e-01 9.652836322784423828e-01 9.733193516731262207e-01 9.730173349380493164e-01 0.000000000000000000e+00
9.070026278495788574e-01 9.659759998321533203e-01 9.822193384170532227e-01 9.859451651573181152e-01 9.806966781616210938e-01 0.000000000000000000e+00
8.150874376296997070e-01 8.545119762420654297e-01 9.273449778556823730e-01 9.641694426536560059e-01 9.787758588790893555e-01 0.000000000000000000e+00
5.447250604629516602e-01 6.844593286514282227e-01 7.069697380065917969e-01 7.569622993469238281e-01 8.154556155204772949e-01 0.000000000000000000e+00
5.733137130737304688e-01 6.548056006431579590e-01 7.130258083343505859e-01 8.244933485984802246e-01 8.208086490631103516e-01 0.000000000000000000e+00
5.422489643096923828e-01 6.998052000999450684e-01 7.235174179077148438e-01 7.677894234657287598e-01 7.848292589187622070e-01 0.000000000000000000e+00
5.469591617584228516e-01 5.933881998062133789e-01 6.656422019004821777e-01 7.044192552566528320e-01 6.994726061820983887e-01 0.000000000000000000e+00
4.646450281143188477e-01 5.611913800239562988e-01 5.159987211227416992e-01 6.465664505958557129e-01 6.453592181205749512e-01 0.000000000000000000e+00
6.621434688568115234e-01 6.859751939773559570e-01 7.434403896331787109e-01 6.732441782951354980e-01 6.409133672714233398e-01 0.000000000000000000e+00
6.005967855453491211e-01 6.931003928184509277e-01 7.548035979270935059e-01 8.263924121856689453e-01 7.344710230827331543e-01 0.000000000000000000e+00
7.125128507614135742e-01 7.829475998878479004e-01 8.256012797355651855e-01 9.076259136199951172e-01 9.320557117462158203e-01 0.000000000000000000e+00
8.199926614761352539e-01 8.913728594779968262e-01 8.746713399887084961e-01 9.415735602378845215e-01 9.259867072105407715e-01 0.000000000000000000e+00
7.867982387542724609e-01 8.741869330406188965e-01 9.261059761047363281e-01 9.368700981140136719e-01 9.599122405052185059e-01 0.000000000000000000e+00
8.147904872894287109e-01 9.452026486396789551e-01 9.389680624008178711e-01 9.210541248321533203e-01 9.562550783157348633e-01 0.000000000000000000e+00
5.782757997512817383e-01 7.078858613967895508e-01 9.105172753334045410e-01 9.439101219177246094e-01 9.555885791778564453e-01 0.000000000000000000e+00
5.944619178771972656e-01 8.296860456466674805e-01 8.565209507942199707e-01 8.608852624893188477e-01 8.726215958595275879e-01 0.000000000000000000e+00
3.657547533512115479e-01 5.289300680160522461e-01 7.243463993072509766e-01 7.752038240432739258e-01 8.306410908699035645e-01 0.000000000000000000e+00
9.017716050148010254e-01 9.419234991073608398e-01 9.685550928115844727e-01 9.826774001121520996e-01 9.878625869750976562e-01 0.000000000000000000e+00
9.649683237075805664e-01 9.907732605934143066e-01 9.948125481605529785e-01 9.948689937591552734e-01 9.899027943611145020e-01 0.000000000000000000e+00
9.517862796783447266e-01 9.703542590141296387e-01 9.711347818374633789e-01 9.805607795715332031e-01 9.906362295150756836e-01 0.000000000000000000e+00
9.394757747650146484e-01 9.742208719253540039e-01 9.904878139495849609e-01 9.934346675872802734e-01 9.933080673217773438e-01 0.000000000000000000e+00
9.638119339942932129e-01 9.892211556434631348e-01 9.911186099052429199e-01 9.907912015914916992e-01 9.872097373008728027e-01 0.000000000000000000e+00
9.498298168182373047e-01 9.651845097541809082e-01 9.887744784355163574e-01 9.942213296890258789e-01 9.928993582725524902e-01 0.000000000000000000e+00
9.556702375411987305e-01 9.844300746917724609e-01 9.848762750625610352e-01 9.919626116752624512e-01 9.909538626670837402e-01 0.000000000000000000e+00
5.981189012527465820e-01 7.213019132614135742e-01 7.058879733085632324e-01 7.395138740539550781e-01 7.179419994354248047e-01 0.000000000000000000e+00
5.511952042579650879e-01 6.039239764213562012e-01 6.082901954650878906e-01 6.450650691986083984e-01 7.210073471069335938e-01 0.000000000000000000e+00
5.682611465454101562e-01 6.492440104484558105e-01 6.774348020553588867e-01 6.919732093811035156e-01 6.729311943054199219e-01 0.000000000000000000e+00
5.051441192626953125e-01 5.459731817245483398e-01 5.329719781875610352e-01 6.111112833023071289e-01 6.888632774353027344e-01 0.000000000000000000e+00
4.027004241943359375e-01 5.148922801017761230e-01 5.641509294509887695e-01 6.566137075424194336e-01 6.775982975959777832e-01 0.000000000000000000e+00
2.141897827386856079e-01 1.604688018560409546e-01 2.172679454088211060e-01 2.217405140399932861e-01 3.779109418392181396e-01 0.000000000000000000e+00
2.563934028148651123e-01 2.053106427192687988e-01 4.114996194839477539e-01 1.252527534961700439e-01 7.050681114196777344e-02 0.000000000000000000e+00
6.319432258605957031e-01 6.756824254989624023e-01 7.329822182655334473e-01 7.810208797454833984e-01 8.224830031394958496e-01 0.000000000000000000e+00
7.084873318672180176e-01 8.687722086906433105e-01 8.898391723632812500e-01 8.742971420288085938e-01 8.148415684700012207e-01 0.000000000000000000e+00
6.670427322387695312e-01 8.602829575538635254e-01 9.087439775466918945e-01 9.367722868919372559e-01 9.383093714714050293e-01 0.000000000000000000e+00
5.950627923011779785e-01 7.134331464767456055e-01 7.896912693977355957e-01 8.206951618194580078e-01 8.301178216934204102e-01 0.000000000000000000e+00
3.018297553062438965e-01 7.781069278717041016e-01 8.112216591835021973e-01 8.294219374656677246e-01 8.776280879974365234e-01 0.000000000000000000e+00
1.312428861856460571e-01 2.677536308765411377e-01 2.993129789829254150e-01 3.769463002681732178e-01 4.041736125946044922e-01 0.000000000000000000e+00
6.291326284408569336e-01 6.324031352996826172e-01 6.713157892227172852e-01 5.270546078681945801e-01 4.406489133834838867e-01 0.000000000000000000e+00
6.985971927642822266e-01 7.433206439018249512e-01 7.831008434295654297e-01 7.672334909439086914e-01 7.396352887153625488e-01 0.000000000000000000e+00
5.976994037628173828e-01 8.253405690193176270e-01 8.309847116470336914e-01 8.463232517242431641e-01 8.631445169448852539e-01 0.000000000000000000e+00
6.983525156974792480e-01 8.320455551147460938e-01 8.355171680450439453e-01 8.108185529708862305e-01 8.771487474441528320e-01 0.000000000000000000e+00
5.895081758499145508e-01 8.362464904785156250e-01 8.727282285690307617e-01 8.596782088279724121e-01 8.868169188499450684e-01 0.000000000000000000e+00
6.385831832885742188e-01 7.809006571769714355e-01 8.094249367713928223e-01 9.083775877952575684e-01 8.599043488502502441e-01 0.000000000000000000e+00
7.071514129638671875e-01 8.952374458312988281e-01 8.588132262229919434e-01 8.936843872070312500e-01 9.046164751052856445e-01 0.000000000000000000e+00
6.084260344505310059e-01 7.102102041244506836e-01 6.765850782394409180e-01 8.710920810699462891e-01 8.967551589012145996e-01 0.000000000000000000e+00
5.125190615653991699e-01 6.164913177490234375e-01 6.871431469917297363e-01 7.214531898498535156e-01 7.090770006179809570e-01 0.000000000000000000e+00
4.229196012020111084e-01 4.099281430244445801e-01 4.655733108520507812e-01 5.916351079940795898e-01 6.391307115554809570e-01 0.000000000000000000e+00
2.862595617771148682e-01 6.064845919609069824e-01 5.517359972000122070e-01 5.658651590347290039e-01 5.680570006370544434e-01 0.000000000000000000e+00
4.057666659355163574e-01 4.010413587093353271e-01 4.797540903091430664e-01 4.771204888820648193e-01 4.555131494998931885e-01 0.000000000000000000e+00
-4.988640081137418747e-03 3.153174519538879395e-01 4.520564973354339600e-01 4.474103450775146484e-01 4.875208437442779541e-01 0.000000000000000000e+00
-5.261780694127082825e-03 7.145750522613525391e-02 2.741266787052154541e-01 2.717671394348144531e-01 3.437817990779876709e-01 0.000000000000000000e+00
2.452358901500701904e-01 5.113963037729263306e-02 1.161220669746398926e-01 -1.162496656179428101e-01 2.767043933272361755e-02 0.000000000000000000e+00
8.245816826820373535e-01 8.668529987335205078e-01 9.286030530929565430e-01 9.476212859153747559e-01 9.355153441429138184e-01 0.000000000000000000e+00
7.279099225997924805e-01 8.702388405799865723e-01 9.297180175781250000e-01 9.319921731948852539e-01 9.416800141334533691e-01 0.000000000000000000e+00
7.978239059448242188e-01 8.443691730499267578e-01 9.043049812316894531e-01 8.813030719757080078e-01 8.691515326499938965e-01 0.000000000000000000e+00
6.884804964065551758e-01 6.782809495925903320e-01 8.032996058464050293e-01 8.520187139511108398e-01 8.765950798988342285e-01 0.000000000000000000e+00
6.166309118270874023e-01 6.995760202407836914e-01 7.827020883560180664e-01 8.279670476913452148e-01 7.902873754501342773e-01 0.000000000000000000e+00
8.355132937431335449e-01 8.185896873474121094e-01 8.824147582054138184e-01 8.134379386901855469e-01 7.900524735450744629e-01 0.000000000000000000e+00
6.670721769332885742e-01 7.897604703903198242e-01 8.430935740470886230e-01 8.801541328430175781e-01 9.017883539199829102e-01 0.000000000000000000e+00
4.222219586372375488e-01 5.251601338386535645e-01 5.729665756225585938e-01 5.550733804702758789e-01 6.086785793304443359e-01 0.000000000000000000e+00
5.104017853736877441e-01 5.726078748703002930e-01 5.796343088150024414e-01 5.361716151237487793e-01 5.254458785057067871e-01 0.000000000000000000e+00
4.204316735267639160e-01 4.995073080062866211e-01 5.460540056228637695e-01 5.973876118659973145e-01 6.319013833999633789e-01 0.000000000000000000e+00
3.941537439823150635e-01 4.573446810245513916e-01 4.844401180744171143e-01 4.954195916652679443e-01 5.049857497215270996e-01 0.000000000000000000e+00
3.948673903942108154e-01 4.436759650707244873e-01 4.647451043128967285e-01 5.002304315567016602e-01 5.202869176864624023e-01 0.000000000000000000e+00
4.033493101596832275e-01 4.668533205986022949e-01 4.788936972618103027e-01 5.014699101448059082e-01 4.833196103572845459e-01 0.000000000000000000e+00
3.813311159610748291e-01 4.301182031631469727e-01 4.615692496299743652e-01 4.729349613189697266e-01 4.881578981876373291e-01 0.000000000000000000e+00
4.611025750637054443e-01 5.946701765060424805e-01 7.487292289733886719e-01 6.162672042846679688e-01 6.928378343582153320e-01 0.000000000000000000e+00
2.006262093782424927e-01 5.208585262298583984e-01 6.023521423339843750e-01 6.577841043472290039e-01 6.806165575981140137e-01 0.000000000000000000e+00
4.669559597969055176e-01 5.999273061752319336e-01 6.369868516921997070e-01 4.983477592468261719e-01 5.840668082237243652e-01 0.000000000000000000e+00
5.521242022514343262e-01 6.502776145935058594e-01 7.189184427261352539e-01 7.325565218925476074e-01 7.834960818290710449e-01 0.000000000000000000e+00
4.234121441841125488e-01 5.339561700820922852e-01 6.360968351364135742e-01 7.762142419815063477e-01 8.041116595268249512e-01 0.000000000000000000e+00
7.513919472694396973e-01 7.308161258697509766e-01 7.388936281204223633e-01 7.300881147384643555e-01 6.372243762016296387e-01 0.000000000000000000e+00
7.260144352912902832e-01 8.058423995971679688e-01 8.338520526885986328e-01 8.827770948410034180e-01 8.990370631217956543e-01 0.000000000000000000e+00
1.887935996055603027e-01 2.387699037790298462e-01 -2.260223031044006348e-02 1.542591303586959839e-01 9.133988618850708008e-02 1.000000000000000000e+00
3.485674560070037842e-01 4.587302803993225098e-01 4.913561940193176270e-01 4.841819703578948975e-01 3.983614146709442139e-01 2.000000000000000000e+00
1.887935996055603027e-01 2.387699037790298462e-01 -2.260223031044006348e-02 1.542591303586959839e-01 9.133988618850708008e-02 1.000000000000000000e+00
3.485674560070037842e-01 4.587302803993225098e-01 4.913561940193176270e-01 4.841819703578948975e-01 3.983614146709442139e-01 2.000000000000000000e+00
1.887935996055603027e-01 2.387699037790298462e-01 -2.260223031044006348e-02 1.542591303586959839e-01 9.133988618850708008e-02 1.000000000000000000e+00
3.485674560070037842e-01 4.587302803993225098e-01 4.913561940193176270e-01 4.841819703578948975e-01 3.983614146709442139e-01 2.000000000000000000e+00
1.887935996055603027e-01 2.387699037790298462e-01 -2.260223031044006348e-02 1.542591303586959839e-01 9.133988618850708008e-02 1.000000000000000000e+00
3.485674560070037842e-01 4.587302803993225098e-01 4.913561940193176270e-01 4.841819703578948975e-01 3.983614146709442139e-01 2.000000000000000000e+00
1.887935996055603027e-01 2.387699037790298462e-01 -2.260223031044006348e-02 1.542591303586959839e-01 9.133988618850708008e-02 1.000000000000000000e+00
3.485674560070037842e-01 4.587302803993225098e-01 4.913561940193176270e-01 4.841819703578948975e-01 3.983614146709442139e-01 2.000000000000000000e+00
1.887935996055603027e-01 2.387699037790298462e-01 -2.260223031044006348e-02 1.542591303586959839e-01 9.133988618850708008e-02 1.000000000000000000e+00
3.485674560070037842e-01 4.587302803993225098e-01 4.913561940193176270e-01 4.841819703578948975e-01 3.983614146709442139e-01 2.000000000000000000e+00
1.887935996055603027e-01 2.387699037790298462e-01 -2.260223031044006348e-02 1.542591303586959839e-01 9.133988618850708008e-02 1.000000000000000000e+00
3.485674560070037842e-01 4.587302803993225098e-01 4.913561940193176270e-01 4.841819703578948975e-01 3.983614146709442139e-01 2.000000000000000000e+00
1.887935996055603027e-01 2.387699037790298462e-01 -2.260223031044006348e-02 1.542591303586959839e-01 9.133988618850708008e-02 1.000000000000000000e+00
3.485674560070037842e-01 4.587302803993225098e-01 4.913561940193176270e-01 4.841819703578948975e-01 3.983614146709442139e-01 2.000000000000000000e+00
1.887935996055603027e-01 2.387699037790298462e-01 -2.260223031044006348e-02 1.542591303586959839e-01 9.133988618850708008e-02 1.000000000000000000e+00
3.485674560070037842e-01 4.587302803993225098e-01 4.913561940193176270e-01 4.841819703578948975e-01 3.983614146709442139e-01 2.000000000000000000e+00
1.887935996055603027e-01 2.387699037790298462e-01 -2.260223031044006348e-02 1.542591303586959839e-01 9.133988618850708008e-02 1.000000000000000000e+00
3.485674560070037842e-01 4.587302803993225098e-01 4.913561940193176270e-01 4.841819703578948975e-01 3.983614146709442139e-01 2.000000000000000000e+00
6.103734970092773438e-01 6.675562858581542969e-01 6.969417333602905273e-01 7.180359363555908203e-01 7.371459007263183594e-01 0.000000000000000000e+00
5.671182870864868164e-01 7.129882574081420898e-01 7.439017295837402344e-01 7.588627338409423828e-01 7.633280158042907715e-01 0.000000000000000000e+00
5.337541699409484863e-01 6.586081981658935547e-01 6.662592887878417969e-01 7.371331453323364258e-01 7.003450989723205566e-01 0.000000000000000000e+00
5.592682361602783203e-01 6.306443810462951660e-01 6.757205724716186523e-01 6.706743240356445312e-01 6.571153402328491211e-01 0.000000000000000000e+00
5.061788558959960938e-01 6.848405599594116211e-01 7.394547462463378906e-01 6.734696030616760254e-01 6.851675510406494141e-01 0.000000000000000000e+00
6.044278144836425781e-01 6.878854632377624512e-01 6.820701956748962402e-01 6.780881881713867188e-01 6.437296867370605469e-01 0.000000000000000000e+00
4.485552906990051270e-01 5.530194044113159180e-01 6.136157512664794922e-01 6.977262496948242188e-01 7.110934853553771973e-01 0.000000000000000000e+00
6.309220790863037109e-01 7.885809540748596191e-01 7.964189052581787109e-01 8.564985990524291992e-01 8.078831434249877930e-01 0.000000000000000000e+00
5.223988294601440430e-01 6.115169525146484375e-01 6.365072727203369141e-01 6.720398664474487305e-01 7.132718563079833984e-01 0.000000000000000000e+00
6.208634376525878906e-01 6.158155202865600586e-01 6.520411968231201172e-01 7.042940855026245117e-01 7.745197415351867676e-01 0.000000000000000000e+00
3.084285259246826172e-01 4.353084266185760498e-01 5.703262686729431152e-01 6.770164966583251953e-01 7.455640435218811035e-01 0.000000000000000000e+00
4.461106657981872559e-01 4.280357658863067627e-01 5.770103931427001953e-01 5.620031356811523438e-01 4.787950515747070312e-01 0.000000000000000000e+00
2.103241980075836182e-01 3.763532638549804688e-01 3.224274814128875732e-01 5.457334518432617188e-01 5.153509378433227539e-01 0.000000000000000000e+00
-1.171842068433761597e-01 -1.314501762390136719e-01 6.088849529623985291e-02 6.806246191263198853e-02 4.051107764244079590e-01 0.000000000000000000e+00
3.522239029407501221e-01 2.745886743068695068e-01 3.923777639865875244e-01 4.427730739116668701e-01 4.893314838409423828e-01 0.000000000000000000e+00
5.136592388153076172e-01 4.474146366119384766e-01 4.963013231754302979e-01 4.139294922351837158e-01 3.273168802261352539e-01 0.000000000000000000e+00
4.812332391738891602e-01 5.695106983184814453e-01 5.595576763153076172e-01 4.832667112350463867e-01 5.178531408309936523e-01 0.000000000000000000e+00
3.737412989139556885e-01 3.836372494697570801e-01 4.924739897251129150e-01 6.161310672760009766e-01 5.903390645980834961e-01 0.000000000000000000e+00
5.182393789291381836e-01 5.510419607162475586e-01 5.674587488174438477e-01 5.830771923065185547e-01 4.770783185958862305e-01 0.000000000000000000e+00
4.288605451583862305e-01 4.952460229396820068e-01 5.381739139556884766e-01 4.903610646724700928e-01 5.905405879020690918e-01 0.000000000000000000e+00
4.934692382812500000e-01 5.029570460319519043e-01 5.861713290214538574e-01 5.916944742202758789e-01 5.512858033180236816e-01 0.000000000000000000e+00
4.305927157402038574e-01 5.583601593971252441e-01 6.234390139579772949e-01 6.725464463233947754e-01 7.630125284194946289e-01 0.000000000000000000e+00
3.143753409385681152e-01 6.135177612304687500e-01 6.150611639022827148e-01 4.901840388774871826e-01 5.717066526412963867e-01 0.000000000000000000e+00
5.086857676506042480e-01 6.951610445976257324e-01 6.886398792266845703e-01 5.955606102943420410e-01 7.075043916702270508e-01 0.000000000000000000e+00
6.278760433197021484e-01 7.247123718261718750e-01 8.116766810417175293e-01 8.745726346969604492e-01 8.675755858421325684e-01 0.000000000000000000e+00
5.701024532318115234e-01 6.824497580528259277e-01 8.390690088272094727e-01 8.767202496528625488e-01 8.642590045928955078e-01 0.000000000000000000e+00
6.335730552673339844e-01 6.582394242286682129e-01 7.023167610168457031e-01 7.545293569564819336e-01 7.535909414291381836e-01 0.000000000000000000e+00
5.092220306396484375e-01 5.793489217758178711e-01 7.430537939071655273e-01 7.708704471588134766e-01 7.826802730560302734e-01 0.000000000000000000e+00
5.359986424446105957e-01 5.416819453239440918e-01 6.023535728454589844e-01 5.949949026107788086e-01 5.826953649520874023e-01 0.000000000000000000e+00
4.505520761013031006e-01 4.616358876228332520e-01 5.257732272148132324e-01 6.035856008529663086e-01 6.415253281593322754e-01 0.000000000000000000e+00
4.985319077968597412e-01 6.281642913818359375e-01 7.588424682617187500e-01 7.669158577919006348e-01 6.301784515380859375e-01 0.000000000000000000e+00
5.182427763938903809e-01 6.952322721481323242e-01 7.311307191848754883e-01 6.629511117935180664e-01 7.343091368675231934e-01 0.000000000000000000e+00
4.873270690441131592e-01 6.090316772460937500e-01 6.669217348098754883e-01 6.765400767326354980e-01 6.338962316513061523e-01 0.000000000000000000e+00
5.810607671737670898e-01 5.995584726333618164e-01 6.115912795066833496e-01 6.731356978416442871e-01 6.144404411315917969e-01 0.000000000000000000e+00
4.814522564411163330e-01 7.052533030509948730e-01 6.679431200027465820e-01 7.055654525756835938e-01 7.020335197448730469e-01 0.000000000000000000e+00
4.093709886074066162e-01 7.267671823501586914e-01 7.674950957298278809e-01 7.215836048126220703e-01 7.636231780052185059e-01 1.000000000000000000e+00
2.946089208126068115e-01 5.720919370651245117e-01 7.038196921348571777e-01 7.744277715682983398e-01 7.017730474472045898e-01 2.000000000000000000e+00
4.093709886074066162e-01 7.267671823501586914e-01 7.674950957298278809e-01 7.215836048126220703e-01 7.636231780052185059e-01 1.000000000000000000e+00
2.946089208126068115e-01 5.720919370651245117e-01 7.038196921348571777e-01 7.744277715682983398e-01 7.017730474472045898e-01 2.000000000000000000e+00
4.093709886074066162e-01 7.267671823501586914e-01 7.674950957298278809e-01 7.215836048126220703e-01 7.636231780052185059e-01 1.000000000000000000e+00
2.946089208126068115e-01 5.720919370651245117e-01 7.038196921348571777e-01 7.744277715682983398e-01 7.017730474472045898e-01 2.000000000000000000e+00
4.093709886074066162e-01 7.267671823501586914e-01 7.674950957298278809e-01 7.215836048126220703e-01 7.636231780052185059e-01 1.000000000000000000e+00
2.946089208126068115e-01 5.720919370651245117e-01 7.038196921348571777e-01 7.744277715682983398e-01 7.017730474472045898e-01 2.000000000000000000e+00
4.093709886074066162e-01 7.267671823501586914e-01 7.674950957298278809e-01 7.215836048126220703e-01 7.636231780052185059e-01 1.000000000000000000e+00
2.946089208126068115e-01 5.720919370651245117e-01 7.038196921348571777e-01 7.744277715682983398e-01 7.017730474472045898e-01 2.000000000000000000e+00
4.093709886074066162e-01 7.267671823501586914e-01 7.674950957298278809e-01 7.215836048126220703e-01 7.636231780052185059e-01 1.000000000000000000e+00
2.946089208126068115e-01 5.720919370651245117e-01 7.038196921348571777e-01 7.744277715682983398e-01 7.017730474472045898e-01 2.000000000000000000e+00
4.093709886074066162e-01 7.267671823501586914e-01 7.674950957298278809e-01 7.215836048126220703e-01 7.636231780052185059e-01 1.000000000000000000e+00
2.946089208126068115e-01 5.720919370651245117e-01 7.038196921348571777e-01 7.744277715682983398e-01 7.017730474472045898e-01 2.000000000000000000e+00
4.093709886074066162e-01 7.267671823501586914e-01 7.674950957298278809e-01 7.215836048126220703e-01 7.636231780052185059e-01 1.000000000000000000e+00
2.946089208126068115e-01 5.720919370651245117e-01 7.038196921348571777e-01 7.744277715682983398e-01 7.017730474472045898e-01 2.000000000000000000e+00
4.093709886074066162e-01 7.267671823501586914e-01 7.674950957298278809e-01 7.215836048126220703e-01 7.636231780052185059e-01 1.000000000000000000e+00
2.946089208126068115e-01 5.720919370651245117e-01 7.038196921348571777e-01 7.744277715682983398e-01 7.017730474472045898e-01 2.000000000000000000e+00
4.093709886074066162e-01 7.267671823501586914e-01 7.674950957298278809e-01 7.215836048126220703e-01 7.636231780052185059e-01 1.000000000000000000e+00
2.946089208126068115e-01 5.720919370651245117e-01 7.038196921348571777e-01 7.744277715682983398e-01 7.017730474472045898e-01 2.000000000000000000e+00
3.016405701637268066e-01 3.644430935382843018e-01 3.644897341728210449e-01 4.323990941047668457e-01 4.897777438163757324e-01 0.000000000000000000e+00
2.127283811569213867e-01 1.238957494497299194e-01 3.277432322502136230e-01 2.025117725133895874e-01 2.327913343906402588e-01 0.000000000000000000e+00
4.298033714294433594e-01 3.366447389125823975e-01 3.008798062801361084e-01 3.841971457004547119e-01 3.867799639701843262e-01 0.000000000000000000e+00
1.006577610969543457e-01 3.934940397739410400e-01 5.131549239158630371e-01 6.288084983825683594e-01 6.293625831604003906e-01 0.000000000000000000e+00
1.093277856707572937e-01 1.053673103451728821e-01 2.150765806436538696e-01 2.936818897724151611e-01 2.903589904308319092e-01 0.000000000000000000e+00
-6.080454587936401367e-02 -3.218625858426094055e-02 -3.738637268543243408e-02 1.295537948608398438e-01 5.448114126920700073e-03 0.000000000000000000e+00
7.601087540388107300e-02 1.018755286931991577e-01 -5.469768121838569641e-02 1.595625132322311401e-01 2.484883517026901245e-01 0.000000000000000000e+00
3.479810655117034912e-01 5.364088416099548340e-01 5.528765916824340820e-01 6.774871945381164551e-01 6.944164037704467773e-01 0.000000000000000000e+00
2.513090372085571289e-01 5.050489902496337891e-01 4.290144443511962891e-01 5.051325559616088867e-01 4.638626873493194580e-01 0.000000000000000000e+00
4.508518278598785400e-01 6.727758646011352539e-01 5.066253542900085449e-01 5.878136157989501953e-01 5.241428017616271973e-01 0.000000000000000000e+00
3.448728919029235840e-01 5.478904843330383301e-01 5.175073742866516113e-01 6.071770787239074707e-01 6.139035820960998535e-01 0.000000000000000000e+00
5.893855690956115723e-01 6.139135360717773438e-01 6.095424890518188477e-01 6.620090007781982422e-01 8.039528131484985352e-01 0.000000000000000000e+00
5.676692128181457520e-01 5.686999559402465820e-01 5.247480273246765137e-01 5.830241441726684570e-01 5.639324188232421875e-01 1.000000000000000000e+00
6.196876168251037598e-01 7.048970460891723633e-01 7.163211703300476074e-01 7.905564308166503906e-01 7.478907108306884766e-01 2.000000000000000000e+00
5.676692128181457520e-01 5.686999559402465820e-01 5.247480273246765137e-01 5.830241441726684570e-01 5.639324188232421875e-01 1.000000000000000000e+00
6.196876168251037598e-01 7.048970460891723633e-01 7.163211703300476074e-01 7.905564308166503906e-01 7.478907108306884766e-01 2.000000000000000000e+00
5.676692128181457520e-01 5.686999559402465820e-01 5.247480273246765137e-01 5.830241441726684570e-01 5.639324188232421875e-01 1.000000000000000000e+00
6.196876168251037598e-01 7.048970460891723633e-01 7.163211703300476074e-01 7.905564308166503906e-01 7.478907108306884766e-01 2.000000000000000000e+00
5.676692128181457520e-01 5.686999559402465820e-01 5.247480273246765137e-01 5.830241441726684570e-01 5.639324188232421875e-01 1.000000000000000000e+00
6.196876168251037598e-01 7.048970460891723633e-01 7.163211703300476074e-01 7.905564308166503906e-01 7.478907108306884766e-01 2.000000000000000000e+00
5.676692128181457520e-01 5.686999559402465820e-01 5.247480273246765137e-01 5.830241441726684570e-01 5.639324188232421875e-01 1.000000000000000000e+00
6.196876168251037598e-01 7.048970460891723633e-01 7.163211703300476074e-01 7.905564308166503906e-01 7.478907108306884766e-01 2.000000000000000000e+00
5.676692128181457520e-01 5.686999559402465820e-01 5.247480273246765137e-01 5.830241441726684570e-01 5.639324188232421875e-01 1.000000000000000000e+00
6.196876168251037598e-01 7.048970460891723633e-01 7.163211703300476074e-01 7.905564308166503906e-01 7.478907108306884766e-01 2.000000000000000000e+00
5.676692128181457520e-01 5.686999559402465820e-01 5.247480273246765137e-01 5.830241441726684570e-01 5.639324188232421875e-01 1.000000000000000000e+00
6.196876168251037598e-01 7.048970460891723633e-01 7.163211703300476074e-01 7.905564308166503906e-01 7.478907108306884766e-01 2.000000000000000000e+00
5.676692128181457520e-01 5.686999559402465820e-01 5.247480273246765137e-01 5.830241441726684570e-01 5.639324188232421875e-01 1.000000000000000000e+00
6.196876168251037598e-01 7.048970460891723633e-01 7.163211703300476074e-01 7.905564308166503906e-01 7.478907108306884766e-01 2.000000000000000000e+00
5.676692128181457520e-01 5.686999559402465820e-01 5.247480273246765137e-01 5.830241441726684570e-01 5.639324188232421875e-01 1.000000000000000000e+00
6.196876168251037598e-01 7.048970460891723633e-01 7.163211703300476074e-01 7.905564308166503906e-01 7.478907108306884766e-01 2.000000000000000000e+00
5.676692128181457520e-01 5.686999559402465820e-01 5.247480273246765137e-01 5.830241441726684570e-01 5.639324188232421875e-01 1.000000000000000000e+00
6.196876168251037598e-01 7.048970460891723633e-01 7.163211703300476074e-01 7.905564308166503906e-01 7.478907108306884766e-01 2.000000000000000000e+00
4.544103741645812988e-01 6.420137882232666016e-01 7.648186683654785156e-01 7.287646532058715820e-01 7.549311518669128418e-01 0.000000000000000000e+00
4.805605411529541016e-01 5.073645114898681641e-01 5.413835048675537109e-01 6.794610023498535156e-01 6.731711626052856445e-01 0.000000000000000000e+00
6.321343183517456055e-01 6.406511068344116211e-01 6.828093528747558594e-01 6.936459541320800781e-01 6.998016834259033203e-01 0.000000000000000000e+00
4.741157293319702148e-01 4.639651775360107422e-01 5.751367211341857910e-01 5.708565711975097656e-01 6.461578607559204102e-01 0.000000000000000000e+00
5.614367723464965820e-01 7.166414260864257812e-01 7.063047289848327637e-01 6.023371219635009766e-01 6.111506223678588867e-01 0.000000000000000000e+00
8.550359308719635010e-02 -1.509028673171997070e-01 -1.722308546304702759e-01 -2.262612879276275635e-01 -2.120386958122253418e-01 1.000000000000000000e+00
4.330727159976959229e-01 6.427419185638427734e-01 7.005337476730346680e-01 6.358799934387207031e-01 6.530452370643615723e-01 2.000000000000000000e+00
8.550359308719635010e-02 -1.509028673171997070e-01 -1.722308546304702759e-01 -2.262612879276275635e-01 -2.120386958122253418e-01 1.000000000000000000e+00
4.330727159976959229e-01 6.427419185638427734e-01 7.005337476730346680e-01 6.358799934387207031e-01 6.530452370643615723e-01 2.000000000000000000e+00
8.550359308719635010e-02 -1.509028673171997070e-01 -1.722308546304702759e-01 -2.262612879276275635e-01 -2.120386958122253418e-01 1.000000000000000000e+00
4.330727159976959229e-01 6.427419185638427734e-01 7.005337476730346680e-01 6.358799934387207031e-01 6.530452370643615723e-01 2.000000000000000000e+00
8.550359308719635010e-02 -1.509028673171997070e-01 -1.722308546304702759e-01 -2.262612879276275635e-01 -2.120386958122253418e-01 1.000000000000000000e+00
4.330727159976959229e-01 6.427419185638427734e-01 7.005337476730346680e-01 6.358799934387207031e-01 6.530452370643615723e-01 2.000000000000000000e+00
8.550359308719635010e-02 -1.509028673171997070e-01 -1.722308546304702759e-01 -2.262612879276275635e-01 -2.120386958122253418e-01 1.000000000000000000e+00
4.330727159976959229e-01 6.427419185638427734e-01 7.005337476730346680e-01 6.358799934387207031e-01 6.530452370643615723e-01 2.000000000000000000e+00
8.550359308719635010e-02 -1.509028673171997070e-01 -1.722308546304702759e-01 -2.262612879276275635e-01 -2.120386958122253418e-01 1.000000000000000000e+00
4.330727159976959229e-01 6.427419185638427734e-01 7.005337476730346680e-01 6.358799934387207031e-01 6.530452370643615723e-01 2.000000000000000000e+00
8.550359308719635010e-02 -1.509028673171997070e-01 -1.722308546304702759e-01 -2.262612879276275635e-01 -2.120386958122253418e-01 1.000000000000000000e+00
4.330727159976959229e-01 6.427419185638427734e-01 7.005337476730346680e-01 6.358799934387207031e-01 6.530452370643615723e-01 2.000000000000000000e+00
8.550359308719635010e-02 -1.509028673171997070e-01 -1.722308546304702759e-01 -2.262612879276275635e-01 -2.120386958122253418e-01 1.000000000000000000e+00
4.330727159976959229e-01 6.427419185638427734e-01 7.005337476730346680e-01 6.358799934387207031e-01 6.530452370643615723e-01 2.000000000000000000e+00
8.550359308719635010e-02 -1.509028673171997070e-01 -1.722308546304702759e-01 -2.262612879276275635e-01 -2.120386958122253418e-01 1.000000000000000000e+00
4.330727159976959229e-01 6.427419185638427734e-01 7.005337476730346680e-01 6.358799934387207031e-01 6.530452370643615723e-01 2.000000000000000000e+00
8.550359308719635010e-02 -1.509028673171997070e-01 -1.722308546304702759e-01 -2.262612879276275635e-01 -2.120386958122253418e-01 1.000000000000000000e+00
4.330727159976959229e-01 6.427419185638427734e-01 7.005337476730346680e-01 6.358799934387207031e-01 6.530452370643615723e-01 2.000000000000000000e+00
3.499678671360015869e-01 4.204305410385131836e-01 3.835315704345703125e-01 3.574850559234619141e-01 3.899385333061218262e-01 0.000000000000000000e+00
3.942388892173767090e-01 4.143820703029632568e-01 5.551043152809143066e-01 5.584706068038940430e-01 4.882705211639404297e-01 0.000000000000000000e+00
5.474363565444946289e-01 6.329987049102783203e-01 6.372003555297851562e-01 5.342201590538024902e-01 3.836507201194763184e-01 0.000000000000000000e+00
4.482674598693847656e-01 6.671973466873168945e-01 7.892942428588867188e-01 7.791757583618164062e-01 7.405486106872558594e-01 0.000000000000000000e+00
4.747967123985290527e-01 6.973000168800354004e-01 7.087484002113342285e-01 6.886539459228515625e-01 7.449992895126342773e-01 0.000000000000000000e+00
7.883889675140380859e-01 8.287963867187500000e-01 7.881985902786254883e-01 7.796059846878051758e-01 8.064739704132080078e-01 0.000000000000000000e+00
2.407322525978088379e-01 6.341550350189208984e-01 5.239049196243286133e-01 6.447561979293823242e-01 7.587431073188781738e-01 0.000000000000000000e+00
2.610664963722229004e-01 3.567672967910766602e-01 3.519638776779174805e-01 7.635259628295898438e-02 4.862246103584766388e-03 0.000000000000000000e+00
3.500305712223052979e-01 4.574891328811645508e-01 4.274285733699798584e-01 5.150578618049621582e-01 3.525575995445251465e-01 0.000000000000000000e+00
1.203524172306060791e-01 3.848982751369476318e-01 5.429307818412780762e-01 3.780760765075683594e-01 3.988009989261627197e-01 0.000000000000000000e+00
1.104209274053573608e-01 4.050147533416748047e-02 1.876437366008758545e-01 3.612487018108367920e-01 2.677300274372100830e-01 0.000000000000000000e+00
-4.183015972375869751e-02 4.953717812895774841e-02 3.663261532783508301e-01 3.353973627090454102e-01 2.261563539505004883e-01 0.000000000000000000e+00
-1.486575156450271606e-01 -1.937035471200942993e-01 -2.962166368961334229e-01 -2.830658555030822754e-01 -2.768412828445434570e-01 0.000000000000000000e+00
3.093515634536743164e-01 1.823653727769851685e-01 1.554765403270721436e-01 2.087225764989852905e-02 -8.149341493844985962e-02 0.000000000000000000e+00
6.943522691726684570e-01 7.713815569877624512e-01 8.328106403350830078e-01 8.045073151588439941e-01 8.375622034072875977e-01 0.000000000000000000e+00
7.963359951972961426e-01 8.552557826042175293e-01 8.542046546936035156e-01 8.905289173126220703e-01 8.836428523063659668e-01 0.000000000000000000e+00
6.791130304336547852e-01 8.215336799621582031e-01 8.259468674659729004e-01 8.940106034278869629e-01 8.887568712234497070e-01 0.000000000000000000e+00
8.137733936309814453e-01 8.881566524505615234e-01 9.203952550888061523e-01 9.150080084800720215e-01 9.141329526901245117e-01 0.000000000000000000e+00
7.218620777130126953e-01 7.869237661361694336e-01 8.297592997550964355e-01 8.820171952247619629e-01 8.521683812141418457e-01 0.000000000000000000e+00
7.015450596809387207e-01 8.272133469581604004e-01 8.880935311317443848e-01 8.801069259643554688e-01 8.549067974090576172e-01 0.000000000000000000e+00
7.499773502349853516e-01 8.127754926681518555e-01 8.932538032531738281e-01 8.787025809288024902e-01 8.978503346443176270e-01 0.000000000000000000e+00
5.434868335723876953e-01 6.278761625289916992e-01 7.308059930801391602e-01 6.889177560806274414e-01 6.863994002342224121e-01 0.000000000000000000e+00
4.145510196685791016e-01 4.388603866100311279e-01 5.230382084846496582e-01 5.277963876724243164e-01 6.248635649681091309e-01 0.000000000000000000e+00
4.934758245944976807e-01 5.924131870269775391e-01 6.016460657119750977e-01 6.816492080688476562e-01 5.949101448059082031e-01 0.000000000000000000e+00
5.559400320053100586e-01 6.582902073860168457e-01 6.485065221786499023e-01 7.052456140518188477e-01 7.130467891693115234e-01 0.000000000000000000e+00
5.795418024063110352e-01 5.772756338119506836e-01 6.471178531646728516e-01 6.722028255462646484e-01 5.962110161781311035e-01 0.000000000000000000e+00
4.685776531696319580e-01 6.049873828887939453e-01 7.123545408248901367e-01 6.981837749481201172e-01 6.541635990142822266e-01 0.000000000000000000e+00
4.924536645412445068e-01 5.712897181510925293e-01 5.930497050285339355e-01 6.392958164215087891e-01 6.306635141372680664e-01 0.000000000000000000e+00
3.072551786899566650e-01 5.375605821609497070e-01 4.467155635356903076e-01 7.491255998611450195e-01 7.836050391197204590e-01 0.000000000000000000e+00
4.187066853046417236e-01 5.057610273361206055e-01 5.711479783058166504e-01 6.615882515907287598e-01 3.015427291393280029e-01 0.000000000000000000e+00
1.158017441630363464e-01 -7.950579747557640076e-03 3.888327777385711670e-01 5.140298008918762207e-01 4.023191332817077637e-01 0.000000000000000000e+00
2.784199118614196777e-01 3.013246357440948486e-01 2.696318924427032471e-01 1.079939082264900208e-01 2.135824114084243774e-01 0.000000000000000000e+00
2.873934507369995117e-01 2.377682030200958252e-01 2.638347148895263672e-01 4.793715476989746094e-01 5.551810264587402344e-01 0.000000000000000000e+00
4.504313766956329346e-01 5.383309125900268555e-01 5.765662193298339844e-01 2.880603671073913574e-01 3.418710529804229736e-01 0.000000000000000000e+00
4.076845049858093262e-01 5.410387516021728516e-01 5.815054178237915039e-01 6.509411334991455078e-01 6.689678430557250977e-01 0.000000000000000000e+00
-2.311953753232955933e-01 -1.946062445640563965e-01 -1.987066566944122314e-01 -1.467400640249252319e-01 -2.119027823209762573e-01 0.000000000000000000e+00
2.062030732631683350e-01 1.152624934911727905e-01 5.626469105482101440e-02 -2.249748818576335907e-02 -1.811568289995193481e-01 0.000000000000000000e+00
5.947908014059066772e-02 3.018633425235748291e-01 5.385881662368774414e-01 4.509621262550354004e-01 6.000677347183227539e-01 0.000000000000000000e+00
3.284904062747955322e-01 4.023165106773376465e-01 4.989586472511291504e-01 3.220203220844268799e-01 2.314986288547515869e-01 0.000000000000000000e+00
4.579055905342102051e-01 4.966166913509368896e-01 4.544472396373748779e-01 5.348535180091857910e-01 5.112264752388000488e-01 0.000000000000000000e+00
4.644048213958740234e-01 6.487423181533813477e-01 6.578146219253540039e-01 6.817435026168823242e-01 7.461451292037963867e-01 0.000000000000000000e+00
-3.123205006122589111e-01 -3.104086816310882568e-01 -2.950928509235382080e-01 -2.645780146121978760e-01 -3.058070242404937744e-01 1.000000000000000000e+00
-2.750918269157409668e-01 -2.333854138851165771e-01 -3.191019594669342041e-01 -3.522360622882843018e-01 -3.181158006191253662e-01 2.000000000000000000e+00
-3.123205006122589111e-01 -3.104086816310882568e-01 -2.950928509235382080e-01 -2.645780146121978760e-01 -3.058070242404937744e-01 1.000000000000000000e+00
-2.750918269157409668e-01 -2.333854138851165771e-01 -3.191019594669342041e-01 -3.522360622882843018e-01 -3.181158006191253662e-01 2.000000000000000000e+00
-3.123205006122589111e-01 -3.104086816310882568e-01 -2.950928509235382080e-01 -2.645780146121978760e-01 -3.058070242404937744e-01 1.000000000000000000e+00
-2.750918269157409668e-01 -2.333854138851165771e-01 -3.191019594669342041e-01 -3.522360622882843018e-01 -3.181158006191253662e-01 2.000000000000000000e+00
-3.123205006122589111e-01 -3.104086816310882568e-01 -2.950928509235382080e-01 -2.645780146121978760e-01 -3.058070242404937744e-01 1.000000000000000000e+00
-2.750918269157409668e-01 -2.333854138851165771e-01 -3.191019594669342041e-01 -3.522360622882843018e-01 -3.181158006191253662e-01 2.000000000000000000e+00
-3.123205006122589111e-01 -3.104086816310882568e-01 -2.950928509235382080e-01 -2.645780146121978760e-01 -3.058070242404937744e-01 1.000000000000000000e+00
-2.750918269157409668e-01 -2.333854138851165771e-01 -3.191019594669342041e-01 -3.522360622882843018e-01 -3.181158006191253662e-01 2.000000000000000000e+00
-3.123205006122589111e-01 -3.104086816310882568e-01 -2.950928509235382080e-01 -2.645780146121978760e-01 -3.058070242404937744e-01 1.000000000000000000e+00
-2.750918269157409668e-01 -2.333854138851165771e-01 -3.191019594669342041e-01 -3.522360622882843018e-01 -3.181158006191253662e-01 2.000000000000000000e+00
-3.123205006122589111e-01 -3.104086816310882568e-01 -2.950928509235382080e-01 -2.645780146121978760e-01 -3.058070242404937744e-01 1.000000000000000000e+00
-2.750918269157409668e-01 -2.333854138851165771e-01 -3.191019594669342041e-01 -3.522360622882843018e-01 -3.181158006191253662e-01 2.000000000000000000e+00
-3.123205006122589111e-01 -3.104086816310882568e-01 -2.950928509235382080e-01 -2.645780146121978760e-01 -3.058070242404937744e-01 1.000000000000000000e+00
-2.750918269157409668e-01 -2.333854138851165771e-01 -3.191019594669342041e-01 -3.522360622882843018e-01 -3.181158006191253662e-01 2.000000000000000000e+00
-3.123205006122589111e-01 -3.104086816310882568e-01 -2.950928509235382080e-01 -2.645780146121978760e-01 -3.058070242404937744e-01 1.000000000000000000e+00
-2.750918269157409668e-01 -2.333854138851165771e-01 -3.191019594669342041e-01 -3.522360622882843018e-01 -3.181158006191253662e-01 2.000000000000000000e+00
-3.123205006122589111e-01 -3.104086816310882568e-01 -2.950928509235382080e-01 -2.645780146121978760e-01 -3.058070242404937744e-01 1.000000000000000000e+00
-2.750918269157409668e-01 -2.333854138851165771e-01 -3.191019594669342041e-01 -3.522360622882843018e-01 -3.181158006191253662e-01 2.000000000000000000e+00
4.305483400821685791e-01 4.785734117031097412e-01 5.387228131294250488e-01 5.201373696327209473e-01 5.210049152374267578e-01 0.000000000000000000e+00
5.134671330451965332e-01 6.169124841690063477e-01 6.504829525947570801e-01 6.705615520477294922e-01 6.510177850723266602e-01 0.000000000000000000e+00
4.943991601467132568e-01 5.494782924652099609e-01 6.898844242095947266e-01 7.066691517829895020e-01 6.948755979537963867e-01 0.000000000000000000e+00
4.251081347465515137e-01 4.133981466293334961e-01 4.481140971183776855e-01 4.773823916912078857e-01 4.160932004451751709e-01 0.000000000000000000e+00
2.925500273704528809e-01 4.676334261894226074e-01 4.840649664402008057e-01 5.382159948348999023e-01 6.184440851211547852e-01 0.000000000000000000e+00
3.840047717094421387e-01 4.461749196052551270e-01 5.768442153930664062e-01 5.245840549468994141e-01 5.302277207374572754e-01 0.000000000000000000e+00
4.221525788307189941e-01 5.699678063392639160e-01 6.178176999092102051e-01 5.917194485664367676e-01 3.753483891487121582e-01 0.000000000000000000e+00
5.490846037864685059e-01 5.779181718826293945e-01 7.564486861228942871e-01 8.083730340003967285e-01 7.538577914237976074e-01 0.000000000000000000e+00
6.775302290916442871e-01 8.355591893196105957e-01 8.038915991783142090e-01 8.685230016708374023e-01 8.601487278938293457e-01 0.000000000000000000e+00
6.371384859085083008e-01 6.740389466285705566e-01 8.138437271118164062e-01 7.557604908943176270e-01 7.989336252212524414e-01 0.000000000000000000e+00
6.399130821228027344e-01 6.736605167388916016e-01 7.035574913024902344e-01 6.937426328659057617e-01 6.655101776123046875e-01 0.000000000000000000e+00
4.970865249633789062e-01 5.848470926284790039e-01 6.430720090866088867e-01 6.588362455368041992e-01 5.716257691383361816e-01 0.000000000000000000e+00
5.275018811225891113e-01 6.058208942413330078e-01 6.859396100044250488e-01 7.007267475128173828e-01 7.392399311065673828e-01 0.000000000000000000e+00
5.685366392135620117e-01 5.735074877738952637e-01 5.260794758796691895e-01 5.554779171943664551e-01 5.724925398826599121e-01 0.000000000000000000e+00
4.178451001644134521e-01 5.523703694343566895e-01 6.077129840850830078e-01 5.208053588867187500e-01 5.644712448120117188e-01 0.000000000000000000e+00
5.404846072196960449e-01 6.060819625854492188e-01 5.716989636421203613e-01 6.983231902122497559e-01 7.310940027236938477e-01 0.000000000000000000e+00
5.819889307022094727e-01 7.459549903869628906e-01 7.293652296066284180e-01 6.793186664581298828e-01 6.282376050949096680e-01 0.000000000000000000e+00
5.802461504936218262e-01 6.161043643951416016e-01 6.335682868957519531e-01 5.945695638656616211e-01 6.209471225738525391e-01 0.000000000000000000e+00
4.512582123279571533e-01 6.029084324836730957e-01 5.762139558792114258e-01 5.251321196556091309e-01 6.612858176231384277e-01 0.000000000000000000e+00
3.050596415996551514e-01 4.109263122081756592e-01 5.764769315719604492e-01 6.861209273338317871e-01 6.907884478569030762e-01 0.000000000000000000e+00
-2.793699316680431366e-02 2.699700891971588135e-01 2.773346006870269775e-01 5.435623526573181152e-01 4.252920150756835938e-01 0.000000000000000000e+00
2.450113594532012939e-01 3.026597797870635986e-01 4.495715200901031494e-01 4.437819421291351318e-01 3.453497290611267090e-01 0.000000000000000000e+00
4.690686464309692383e-01 4.860730767250061035e-01 4.123599231243133545e-01 5.146826505661010742e-01 4.625827670097351074e-01 0.000000000000000000e+00
6.980686187744140625e-01 7.346499562263488770e-01 7.077535390853881836e-01 7.161209583282470703e-01 6.128098964691162109e-01 0.000000000000000000e+00
6.842342019081115723e-01 6.277956962585449219e-01 6.645756959915161133e-01 7.611958980560302734e-01 7.140961885452270508e-01 0.000000000000000000e+00
6.470283269882202148e-01 6.276715993881225586e-01 7.163450717926025391e-01 7.511332035064697266e-01 7.476263642311096191e-01 0.000000000000000000e+00
4.210667610168457031e-01 5.618671178817749023e-01 5.531730651855468750e-01 7.747555375099182129e-01 7.594709396362304688e-01 0.000000000000000000e+00
5.918095111846923828e-01 7.372855544090270996e-01 6.934357881546020508e-01 6.507149338722229004e-01 5.682718753814697266e-01 0.000000000000000000e+00
6.743834018707275391e-01 8.310816287994384766e-01 8.432823419570922852e-01 8.447660207748413086e-01 8.951569199562072754e-01 0.000000000000000000e+00
7.923818826675415039e-01 8.280178308486938477e-01 8.386027812957763672e-01 8.681213855743408203e-01 8.354883193969726562e-01 0.000000000000000000e+00
7.328250408172607422e-01 7.904232144355773926e-01 8.208664059638977051e-01 8.541929721832275391e-01 8.597816824913024902e-01 0.000000000000000000e+00
7.202781438827514648e-01 8.258379101753234863e-01 8.607286810874938965e-01 8.589696884155273438e-01 8.714202046394348145e-01 0.000000000000000000e+00
6.245552897453308105e-01 7.215604186058044434e-01 7.704443335533142090e-01 7.851653099060058594e-01 7.926570177078247070e-01 0.000000000000000000e+00
5.973796248435974121e-01 6.874862313270568848e-01 7.905246615409851074e-01 8.319516181945800781e-01 8.064482212066650391e-01 0.000000000000000000e+00
7.638086080551147461e-01 8.762747049331665039e-01 9.029643535614013672e-01 9.477310776710510254e-01 9.153478741645812988e-01 0.000000000000000000e+00
5.873842239379882812e-01 7.543420791625976562e-01 8.563508987426757812e-01 9.008623361587524414e-01 9.020484089851379395e-01 0.000000000000000000e+00
6.941860318183898926e-01 8.574191927909851074e-01 9.296101331710815430e-01 9.219918251037597656e-01 9.259788990020751953e-01 0.000000000000000000e+00
7.553234696388244629e-01 8.538239598274230957e-01 8.744797110557556152e-01 8.734438419342041016e-01 8.901160955429077148e-01 0.000000000000000000e+00
6.932077407836914062e-01 7.408944964408874512e-01 8.275125026702880859e-01 8.876011371612548828e-01 9.167360663414001465e-01 0.000000000000000000e+00
5.993847250938415527e-01 8.228672742843627930e-01 8.802057504653930664e-01 8.747335076332092285e-01 8.381042480468750000e-01 0.000000000000000000e+00
7.510830163955688477e-01 8.295277357101440430e-01 8.718178868293762207e-01 8.529704809188842773e-01 8.543002605438232422e-01 0.000000000000000000e+00
7.231172323226928711e-01 7.220027446746826172e-01 8.136180639266967773e-01 7.571777105331420898e-01 8.392030596733093262e-01 0.000000000000000000e+00
6.192085742950439453e-01 6.321902275085449219e-01 6.601455211639404297e-01 6.020289659500122070e-01 4.651781022548675537e-01 1.000000000000000000e+00
6.799839138984680176e-01 7.723858356475830078e-01 8.185154199600219727e-01 8.148090839385986328e-01 8.617328405380249023e-01 2.000000000000000000e+00
6.192085742950439453e-01 6.321902275085449219e-01 6.601455211639404297e-01 6.020289659500122070e-01 4.651781022548675537e-01 1.000000000000000000e+00
6.799839138984680176e-01 7.723858356475830078e-01 8.185154199600219727e-01 8.148090839385986328e-01 8.617328405380249023e-01 2.000000000000000000e+00
6.192085742950439453e-01 6.321902275085449219e-01 6.601455211639404297e-01 6.020289659500122070e-01 4.651781022548675537e-01 1.000000000000000000e+00
6.799839138984680176e-01 7.723858356475830078e-01 8.185154199600219727e-01 8.148090839385986328e-01 8.617328405380249023e-01 2.000000000000000000e+00
6.192085742950439453e-01 6.321902275085449219e-01 6.601455211639404297e-01 6.020289659500122070e-01 4.651781022548675537e-01 1.000000000000000000e+00
6.799839138984680176e-01 7.723858356475830078e-01 8.185154199600219727e-01 8.148090839385986328e-01 8.617328405380249023e-01 2.000000000000000000e+00
6.192085742950439453e-01 6.321902275085449219e-01 6.601455211639404297e-01 6.020289659500122070e-01 4.651781022548675537e-01 1.000000000000000000e+00
6.799839138984680176e-01 7.723858356475830078e-01 8.185154199600219727e-01 8.148090839385986328e-01 8.617328405380249023e-01 2.000000000000000000e+00
6.192085742950439453e-01 6.321902275085449219e-01 6.601455211639404297e-01 6.020289659500122070e-01 4.651781022548675537e-01 1.000000000000000000e+00
6.799839138984680176e-01 7.723858356475830078e-01 8.185154199600219727e-01 8.148090839385986328e-01 8.617328405380249023e-01 2.000000000000000000e+00
6.192085742950439453e-01 6.321902275085449219e-01 6.601455211639404297e-01 6.020289659500122070e-01 4.651781022548675537e-01 1.000000000000000000e+00
6.799839138984680176e-01 7.723858356475830078e-01 8.185154199600219727e-01 8.148090839385986328e-01 8.617328405380249023e-01 2.000000000000000000e+00
6.192085742950439453e-01 6.321902275085449219e-01 6.601455211639404297e-01 6.020289659500122070e-01 4.651781022548675537e-01 1.000000000000000000e+00
6.799839138984680176e-01 7.723858356475830078e-01 8.185154199600219727e-01 8.148090839385986328e-01 8.617328405380249023e-01 2.000000000000000000e+00
6.192085742950439453e-01 6.321902275085449219e-01 6.601455211639404297e-01 6.020289659500122070e-01 4.651781022548675537e-01 1.000000000000000000e+00
6.799839138984680176e-01 7.723858356475830078e-01 8.185154199600219727e-01 8.148090839385986328e-01 8.617328405380249023e-01 2.000000000000000000e+00
6.192085742950439453e-01 6.321902275085449219e-01 6.601455211639404297e-01 6.020289659500122070e-01 4.651781022548675537e-01 1.000000000000000000e+00
6.799839138984680176e-01 7.723858356475830078e-01 8.185154199600219727e-01 8.148090839385986328e-01 8.617328405380249023e-01 2.000000000000000000e+00
7.385764122009277344e-01 8.203467130661010742e-01 8.430940508842468262e-01 8.280806541442871094e-01 8.163705468177795410e-01 0.000000000000000000e+00
7.770120501518249512e-01 8.635419607162475586e-01 9.023617506027221680e-01 8.508089780807495117e-01 7.929530143737792969e-01 0.000000000000000000e+00
7.374669313430786133e-01 8.815096616744995117e-01 8.814486861228942871e-01 9.004448652267456055e-01 9.176948666572570801e-01 0.000000000000000000e+00
7.646601200103759766e-01 8.294616937637329102e-01 9.146475195884704590e-01 9.142361283302307129e-01 9.090489745140075684e-01 0.000000000000000000e+00
6.469951868057250977e-01 7.943680882453918457e-01 7.730391025543212891e-01 9.264761209487915039e-01 9.045952558517456055e-01 0.000000000000000000e+00
7.860450744628906250e-01 8.861548900604248047e-01 8.648890256881713867e-01 9.018837213516235352e-01 8.145990967750549316e-01 0.000000000000000000e+00
8.685768246650695801e-01 9.371978044509887695e-01 9.438635706901550293e-01 9.651580452919006348e-01 9.647641181945800781e-01 0.000000000000000000e+00
8.116170763969421387e-01 6.820108294486999512e-01 6.498733758926391602e-01 6.968419551849365234e-01 7.275565862655639648e-01 1.000000000000000000e+00
6.193362474441528320e-01 6.938989758491516113e-01 7.128405570983886719e-01 6.944181323051452637e-01 7.377783656120300293e-01 2.000000000000000000e+00
8.116170763969421387e-01 6.820108294486999512e-01 6.498733758926391602e-01 6.968419551849365234e-01 7.275565862655639648e-01 1.000000000000000000e+00
6.193362474441528320e-01 6.938989758491516113e-01 7.128405570983886719e-01 6.944181323051452637e-01 7.377783656120300293e-01 2.000000000000000000e+00
8.116170763969421387e-01 6.820108294486999512e-01 6.498733758926391602e-01 6.968419551849365234e-01 7.275565862655639648e-01 1.000000000000000000e+00
6.193362474441528320e-01 6.938989758491516113e-01 7.128405570983886719e-01 6.944181323051452637e-01 7.377783656120300293e-01 2.000000000000000000e+00
8.116170763969421387e-01 6.820108294486999512e-01 6.498733758926391602e-01 6.968419551849365234e-01 7.275565862655639648e-01 1.000000000000000000e+00
6.193362474441528320e-01 6.938989758491516113e-01 7.128405570983886719e-01 6.944181323051452637e-01 7.377783656120300293e-01 2.000000000000000000e+00
8.116170763969421387e-01 6.820108294486999512e-01 6.498733758926391602e-01 6.968419551849365234e-01 7.275565862655639648e-01 1.000000000000000000e+00
6.193362474441528320e-01 6.938989758491516113e-01 7.128405570983886719e-01 6.944181323051452637e-01 7.377783656120300293e-01 2.000000000000000000e+00
8.116170763969421387e-01 6.820108294486999512e-01 6.498733758926391602e-01 6.968419551849365234e-01 7.275565862655639648e-01 1.000000000000000000e+00
6.193362474441528320e-01 6.938989758491516113e-01 7.128405570983886719e-01 6.944181323051452637e-01 7.377783656120300293e-01 2.000000000000000000e+00
8.116170763969421387e-01 6.820108294486999512e-01 6.498733758926391602e-01 6.968419551849365234e-01 7.275565862655639648e-01 1.000000000000000000e+00
6.193362474441528320e-01 6.938989758491516113e-01 7.128405570983886719e-01 6.944181323051452637e-01 7.377783656120300293e-01 2.000000000000000000e+00
8.116170763969421387e-01 6.820108294486999512e-01 6.498733758926391602e-01 6.968419551849365234e-01 7.275565862655639648e-01 1.000000000000000000e+00
6.193362474441528320e-01 6.938989758491516113e-01 7.128405570983886719e-01 6.944181323051452637e-01 7.377783656120300293e-01 2.000000000000000000e+00
8.116170763969421387e-01 6.820108294486999512e-01 6.498733758926391602e-01 6.968419551849365234e-01 7.275565862655639648e-01 1.000000000000000000e+00
6.193362474441528320e-01 6.938989758491516113e-01 7.128405570983886719e-01 6.944181323051452637e-01 7.377783656120300293e-01 2.000000000000000000e+00
8.116170763969421387e-01 6.820108294486999512e-01 6.498733758926391602e-01 6.968419551849365234e-01 7.275565862655639648e-01 1.000000000000000000e+00
6.193362474441528320e-01 6.938989758491516113e-01 7.128405570983886719e-01 6.944181323051452637e-01 7.377783656120300293e-01 2.000000000000000000e+00
5.418511629104614258e-01 5.802564620971679688e-01 6.060569286346435547e-01 5.930142402648925781e-01 5.585067868232727051e-01 0.000000000000000000e+00
5.177076458930969238e-01 6.664856672286987305e-01 5.861715078353881836e-01 6.155130863189697266e-01 6.947397589683532715e-01 0.000000000000000000e+00
3.654950857162475586e-01 4.224294126033782959e-01 4.279140233993530273e-01 5.938320159912109375e-01 7.039340138435363770e-01 0.000000000000000000e+00
4.534552618861198425e-02 1.832668483257293701e-01 4.244497120380401611e-01 5.377110838890075684e-01 5.265316963195800781e-01 0.000000000000000000e+00
4.099109023809432983e-02 9.768790751695632935e-02 2.169338427484035492e-02 8.404513937421143055e-04 1.662239134311676025e-01 0.000000000000000000e+00
-3.643327578902244568e-02 1.956288665533065796e-01 3.371902108192443848e-01 5.323534607887268066e-01 5.860978364944458008e-01 0.000000000000000000e+00
-1.737021654844284058e-01 -7.426428049802780151e-02 -1.459757685661315918e-01 -2.259113639593124390e-01 -1.058886125683784485e-01 0.000000000000000000e+00
5.342533588409423828e-01 7.786559462547302246e-01 8.085443377494812012e-01 8.150056600570678711e-01 8.339955806732177734e-01 0.000000000000000000e+00
-1.138249114155769348e-01 3.654229938983917236e-01 5.834816694259643555e-01 7.106422781944274902e-01 6.669774055480957031e-01 0.000000000000000000e+00
1.911233663558959961e-01 6.188423037528991699e-01 6.573570370674133301e-01 5.619786977767944336e-01 3.217780590057373047e-01 0.000000000000000000e+00
5.359593033790588379e-01 5.216871500015258789e-01 6.391808986663818359e-01 5.766404867172241211e-01 4.841029644012451172e-01 0.000000000000000000e+00
4.599387645721435547e-01 4.562336504459381104e-01 6.661935448646545410e-01 6.003612875938415527e-01 6.746765375137329102e-01 0.000000000000000000e+00
5.218125581741333008e-01 6.456099748611450195e-01 7.308557629585266113e-01 7.085168361663818359e-01 7.840244770050048828e-01 0.000000000000000000e+00
4.195724725723266602e-01 5.809503197669982910e-01 5.781021118164062500e-01 6.168180704116821289e-01 6.822912693023681641e-01 0.000000000000000000e+00
-5.924819782376289368e-02 8.041726052761077881e-02 2.813639044761657715e-01 5.014497637748718262e-01 6.668548583984375000e-01 0.000000000000000000e+00
2.196687757968902588e-01 3.424792289733886719e-01 3.368442058563232422e-01 4.081794023513793945e-01 2.519705593585968018e-01 0.000000000000000000e+00
3.814384937286376953e-01 4.631103873252868652e-01 3.862470686435699463e-01 3.912100195884704590e-01 4.494291841983795166e-01 0.000000000000000000e+00
5.431511402130126953e-01 6.276305913925170898e-01 6.744475364685058594e-01 6.952920556068420410e-01 6.349412202835083008e-01 0.000000000000000000e+00
6.085996627807617188e-01 6.853482723236083984e-01 7.233035564422607422e-01 7.327523231506347656e-01 7.477186918258666992e-01 0.000000000000000000e+00
6.126931905746459961e-01 7.046973705291748047e-01 7.563940286636352539e-01 7.683389186859130859e-01 7.583484053611755371e-01 0.000000000000000000e+00
7.144812345504760742e-01 7.786433696746826172e-01 8.178619742393493652e-01 8.001621961593627930e-01 7.908467054367065430e-01 0.000000000000000000e+00
7.505897283554077148e-01 7.942203283309936523e-01 8.826554417610168457e-01 8.878101706504821777e-01 8.048807978630065918e-01 0.000000000000000000e+00
1.713296771049499512e-01 3.246277570724487305e-01 4.481758475303649902e-01 6.523690819740295410e-01 7.699311971664428711e-01 0.000000000000000000e+00
-9.241803549230098724e-03 1.027516722679138184e-01 1.499779820442199707e-01 1.930644959211349487e-01 3.234964013099670410e-01 0.000000000000000000e+00
2.964970767498016357e-01 2.691342234611511230e-01 4.663398563861846924e-01 4.282450675964355469e-01 4.706553518772125244e-01 0.000000000000000000e+00
6.126218438148498535e-01 5.674171447753906250e-01 6.262519359588623047e-01 4.930451810359954834e-01 4.752044975757598877e-01 0.000000000000000000e+00
5.759263038635253906e-01 8.366973400115966797e-01 8.362709283828735352e-01 8.142031431198120117e-01 7.649146318435668945e-01 0.000000000000000000e+00
4.866003990173339844e-01 6.085950136184692383e-01 6.047760844230651855e-01 6.167802810668945312e-01 7.067241668701171875e-01 0.000000000000000000e+00
4.900962412357330322e-01 5.697473287582397461e-01 5.880769491195678711e-01 5.992996096611022949e-01 5.598508119583129883e-01 0.000000000000000000e+00
3.826388120651245117e-01 3.861489593982696533e-01 4.396699070930480957e-01 5.427279472351074219e-01 6.290048956871032715e-01 0.000000000000000000e+00
-2.552909776568412781e-02 4.161993265151977539e-01 5.831879377365112305e-01 5.161892175674438477e-01 4.974730908870697021e-01 0.000000000000000000e+00
-2.080996781587600708e-01 -2.688345126807689667e-02 3.062801361083984375e-01 2.976189553737640381e-01 4.748503565788269043e-01 0.000000000000000000e+00
-7.433500885963439941e-02 -1.387894302606582642e-01 -2.247194200754165649e-01 -1.730875521898269653e-01 -2.671790868043899536e-02 0.000000000000000000e+00
2.324215471744537354e-01 2.080194801092147827e-01 2.988935112953186035e-01 2.620064616203308105e-01 1.448063701391220093e-01 0.000000000000000000e+00
2.378138005733489990e-01 2.772738635540008545e-01 1.793067902326583862e-01 8.436188101768493652e-02 3.443849384784698486e-01 0.000000000000000000e+00
2.990598976612091064e-01 4.281068146228790283e-01 4.902485609054565430e-01 4.676873385906219482e-01 6.216839551925659180e-01 0.000000000000000000e+00
4.949377179145812988e-01 5.332853198051452637e-01 4.622989892959594727e-01 4.901465773582458496e-01 3.471804857254028320e-01 0.000000000000000000e+00
5.605307817459106445e-01 6.115599870681762695e-01 4.743250310420989990e-01 4.835680723190307617e-01 5.077846646308898926e-01 0.000000000000000000e+00
3.000303804874420166e-01 3.594460189342498779e-01 3.920089006423950195e-01 4.364649653434753418e-01 4.636034071445465088e-01 0.000000000000000000e+00
2.355709075927734375e-01 -7.327955961227416992e-02 -1.282443013042211533e-02 -9.230648726224899292e-02 6.696578115224838257e-02 0.000000000000000000e+00
4.881158173084259033e-01 5.912370681762695312e-01 6.126228570938110352e-01 5.350394845008850098e-01 3.695847690105438232e-01 0.000000000000000000e+00
