2.740103006362915039e-01 4.429982602596282959e-01 4.881719648838043213e-01 4.089196026325225830e-01 4.345507621765136719e-01 0.000000000000000000e+00
9.969976544380187988e-02 2.546896934509277344e-01 2.518522143363952637e-01 3.134174942970275879e-01 4.232771396636962891e-01 0.000000000000000000e+00
-2.503432147204875946e-02 -1.357259601354598999e-01 -1.156210303306579590e-01 -2.538794884458184242e-03 4.498700052499771118e-02 0.000000000000000000e+00
5.054941400885581970e-02 2.218585908412933350e-01 1.110404543578624725e-02 2.765832245349884033e-01 1.210062876343727112e-01 0.000000000000000000e+00
2.493575811386108398e-01 1.838162541389465332e-01 2.074744701385498047e-01 2.772714197635650635e-01 2.457103878259658813e-01 0.000000000000000000e+00
2.772491872310638428e-01 1.536021381616592407e-01 5.246165394783020020e-01 4.211980402469635010e-01 3.082675933837890625e-01 0.000000000000000000e+00
3.716098666191101074e-01 4.546310305595397949e-01 5.789679288864135742e-01 4.914412498474121094e-01 4.111703038215637207e-01 0.000000000000000000e+00
5.556778907775878906e-01 4.993311464786529541e-01 5.830028057098388672e-01 6.390076875686645508e-01 6.490017175674438477e-01 0.000000000000000000e+00
3.746842145919799805e-01 4.766291677951812744e-01 4.538747072219848633e-01 5.162987709045410156e-01 5.740689039230346680e-01 0.000000000000000000e+00
4.035622477531433105e-01 5.507345199584960938e-01 5.842497348785400391e-01 5.127029418945312500e-01 4.718858301639556885e-01 0.000000000000000000e+00
4.176288545131683350e-01 5.546200871467590332e-01 6.497052907943725586e-01 6.179255247116088867e-01 5.761716365814208984e-01 0.000000000000000000e+00
3.138027191162109375e-01 4.349437057971954346e-01 4.759369194507598877e-01 5.246972441673278809e-01 5.696731805801391602e-01 0.000000000000000000e+00
5.301694273948669434e-01 6.165143251419067383e-01 6.296970248222351074e-01 5.943672657012939453e-01 5.222305059432983398e-01 0.000000000000000000e+00
4.772808253765106201e-01 5.823261737823486328e-01 6.410050988197326660e-01 6.289607882499694824e-01 6.249943971633911133e-01 0.000000000000000000e+00
7.450662255287170410e-01 8.499197959899902344e-01 7.678430080413818359e-01 8.017086982727050781e-01 8.245312571525573730e-01 0.000000000000000000e+00
4.659255743026733398e-01 6.412581801414489746e-01 6.882703304290771484e-01 8.277196288108825684e-01 8.582773208618164062e-01 0.000000000000000000e+00
7.555965781211853027e-01 8.461197018623352051e-01 8.454487323760986328e-01 8.900576233863830566e-01 8.548432588577270508e-01 0.000000000000000000e+00
4.706607162952423096e-01 4.517404437065124512e-01 2.855289876461029053e-01 6.283961534500122070e-01 7.922050356864929199e-01 0.000000000000000000e+00
5.521608591079711914e-01 7.327326536178588867e-01 7.988718748092651367e-01 7.823103666305541992e-01 8.689864873886108398e-01 0.000000000000000000e+00
4.390075504779815674e-01 5.465633869171142578e-01 7.085720300674438477e-01 7.676479220390319824e-01 7.718060612678527832e-01 0.000000000000000000e+00
2.783324122428894043e-01 5.142269134521484375e-01 7.838271856307983398e-01 8.013656735420227051e-01 8.124926686286926270e-01 0.000000000000000000e+00
6.480534076690673828e-01 8.522486686706542969e-01 8.302191495895385742e-01 8.280524015426635742e-01 8.616362214088439941e-01 0.000000000000000000e+00
6.995864510536193848e-01 7.942515611648559570e-01 7.145327329635620117e-01 6.995934247970581055e-01 7.345585823059082031e-01 0.000000000000000000e+00
1.556077450513839722e-01 4.185929298400878906e-01 5.817468166351318359e-01 6.598609685897827148e-01 6.360806822776794434e-01 0.000000000000000000e+00
1.691534072160720825e-01 1.757790446281433105e-01 2.318476587533950806e-01 4.131626784801483154e-01 3.210377097129821777e-01 0.000000000000000000e+00
-1.573352068662643433e-01 -1.621806025505065918e-01 1.518012583255767822e-01 1.843897849321365356e-01 1.169844996184110641e-02 0.000000000000000000e+00
5.805726051330566406e-01 5.135266780853271484e-01 5.334181189537048340e-01 5.984219312667846680e-01 4.909311234951019287e-01 0.000000000000000000e+00
5.853973627090454102e-01 6.186866760253906250e-01 6.767400503158569336e-01 6.606702804565429688e-01 7.016189098358154297e-01 0.000000000000000000e+00
4.645885825157165527e-01 6.320244073867797852e-01 6.742902994155883789e-01 6.319264173507690430e-01 6.407989263534545898e-01 0.000000000000000000e+00
6.358745098114013672e-01 5.809928178787231445e-01 6.621960997581481934e-01 6.811559200286865234e-01 7.933285236358642578e-01 0.000000000000000000e+00
4.111567437648773193e-01 6.127390861511230469e-01 5.786716938018798828e-01 6.424194574356079102e-01 7.370463609695434570e-01 0.000000000000000000e+00
-1.323645263910293579e-01 4.357996582984924316e-02 1.654074192047119141e-01 3.422571420669555664e-01 5.850613117218017578e-01 0.000000000000000000e+00
-3.032052814960479736e-01 -2.693606317043304443e-01 -2.597122192382812500e-01 -1.472087949514389038e-01 -5.432442948222160339e-02 0.000000000000000000e+00
9.706743806600570679e-02 1.743661426007747650e-02 -2.268231958150863647e-01 -2.155189961194992065e-01 -2.723649442195892334e-01 0.000000000000000000e+00
3.627271354198455811e-01 3.372576534748077393e-01 4.978773891925811768e-01 5.660479068756103516e-01 4.434323310852050781e-01 0.000000000000000000e+00
4.049269855022430420e-01 7.468023300170898438e-01 7.155787944793701172e-01 7.092684507369995117e-01 6.637281179428100586e-01 0.000000000000000000e+00
5.014192461967468262e-01 6.785471439361572266e-01 7.346833348274230957e-01 8.119157552719116211e-01 8.128466010093688965e-01 0.000000000000000000e+00
6.884118318557739258e-01 8.239567279815673828e-01 8.012908101081848145e-01 7.861800193786621094e-01 6.677618026733398438e-01 0.000000000000000000e+00
6.903464794158935547e-01 8.239931464195251465e-01 7.638140916824340820e-01 7.508017420768737793e-01 8.762586116790771484e-01 0.000000000000000000e+00
6.987940073013305664e-01 7.583378553390502930e-01 8.140435814857482910e-01 8.332568407058715820e-01 8.753347396850585938e-01 0.000000000000000000e+00
7.099153995513916016e-01 8.422781825065612793e-01 8.479372262954711914e-01 8.749271631240844727e-01 8.515671491622924805e-01 0.000000000000000000e+00
7.065270543098449707e-01 7.320678234100341797e-01 8.164388537406921387e-01 8.694214820861816406e-01 8.925570249557495117e-01 0.000000000000000000e+00
3.469321429729461670e-01 5.381236672401428223e-01 3.116505444049835205e-01 3.711147010326385498e-01 8.475496619939804077e-02 1.000000000000000000e+00
5.844500064849853516e-01 5.025053024291992188e-01 5.242522358894348145e-01 5.873951911926269531e-01 6.850491762161254883e-01 2.000000000000000000e+00
3.469321429729461670e-01 5.381236672401428223e-01 3.116505444049835205e-01 3.711147010326385498e-01 8.475496619939804077e-02 1.000000000000000000e+00
5.844500064849853516e-01 5.025053024291992188e-01 5.242522358894348145e-01 5.873951911926269531e-01 6.850491762161254883e-01 2.000000000000000000e+00
3.469321429729461670e-01 5.381236672401428223e-01 3.116505444049835205e-01 3.711147010326385498e-01 8.475496619939804077e-02 1.000000000000000000e+00
5.844500064849853516e-01 5.025053024291992188e-01 5.242522358894348145e-01 5.873951911926269531e-01 6.850491762161254883e-01 2.000000000000000000e+00
3.469321429729461670e-01 5.381236672401428223e-01 3.116505444049835205e-01 3.711147010326385498e-01 8.475496619939804077e-02 1.000000000000000000e+00
5.844500064849853516e-01 5.025053024291992188e-01 5.242522358894348145e-01 5.873951911926269531e-01 6.850491762161254883e-01 2.000000000000000000e+00
3.469321429729461670e-01 5.381236672401428223e-01 3.116505444049835205e-01 3.711147010326385498e-01 8.475496619939804077e-02 1.000000000000000000e+00
5.844500064849853516e-01 5.025053024291992188e-01 5.242522358894348145e-01 5.873951911926269531e-01 6.850491762161254883e-01 2.000000000000000000e+00
3.469321429729461670e-01 5.381236672401428223e-01 3.116505444049835205e-01 3.711147010326385498e-01 8.475496619939804077e-02 1.000000000000000000e+00
5.844500064849853516e-01 5.025053024291992188e-01 5.242522358894348145e-01 5.873951911926269531e-01 6.850491762161254883e-01 2.000000000000000000e+00
3.469321429729461670e-01 5.381236672401428223e-01 3.116505444049835205e-01 3.711147010326385498e-01 8.475496619939804077e-02 1.000000000000000000e+00
5.844500064849853516e-01 5.025053024291992188e-01 5.242522358894348145e-01 5.873951911926269531e-01 6.850491762161254883e-01 2.000000000000000000e+00
3.469321429729461670e-01 5.381236672401428223e-01 3.116505444049835205e-01 3.711147010326385498e-01 8.475496619939804077e-02 1.000000000000000000e+00
5.844500064849853516e-01 5.025053024291992188e-01 5.242522358894348145e-01 5.873951911926269531e-01 6.850491762161254883e-01 2.000000000000000000e+00
3.469321429729461670e-01 5.381236672401428223e-01 3.116505444049835205e-01 3.711147010326385498e-01 8.475496619939804077e-02 1.000000000000000000e+00
5.844500064849853516e-01 5.025053024291992188e-01 5.242522358894348145e-01 5.873951911926269531e-01 6.850491762161254883e-01 2.000000000000000000e+00
3.469321429729461670e-01 5.381236672401428223e-01 3.116505444049835205e-01 3.711147010326385498e-01 8.475496619939804077e-02 1.000000000000000000e+00
5.844500064849853516e-01 5.025053024291992188e-01 5.242522358894348145e-01 5.873951911926269531e-01 6.850491762161254883e-01 2.000000000000000000e+00
8.018745183944702148e-01 8.308426141738891602e-01 8.198832869529724121e-01 8.589121699333190918e-01 8.529854416847229004e-01 0.000000000000000000e+00
4.308215081691741943e-01 7.702518701553344727e-01 8.891509771347045898e-01 8.529654145240783691e-01 8.961706161499023438e-01 0.000000000000000000e+00
5.678814649581909180e-01 7.793424129486083984e-01 8.083721399307250977e-01 7.986069321632385254e-01 6.837201714515686035e-01 0.000000000000000000e+00
5.822204351425170898e-01 7.585467696189880371e-01 7.359812259674072266e-01 8.271088004112243652e-01 8.059309124946594238e-01 0.000000000000000000e+00
3.440004587173461914e-01 5.243706107139587402e-01 4.158155620098114014e-01 3.522390127182006836e-01 5.507018566131591797e-01 0.000000000000000000e+00
5.853239297866821289e-01 7.617511153221130371e-01 8.076667785644531250e-01 7.247776985168457031e-01 6.021641492843627930e-01 0.000000000000000000e+00
5.443936586380004883e-01 5.027686953544616699e-01 5.669683218002319336e-01 6.754268407821655273e-01 7.534197568893432617e-01 0.000000000000000000e+00
6.164029836654663086e-01 7.308136224746704102e-01 7.943380475044250488e-01 8.001860380172729492e-01 8.285958766937255859e-01 0.000000000000000000e+00
5.992988348007202148e-01 6.468212604522705078e-01 6.844375729560852051e-01 7.348141670227050781e-01 7.290207147598266602e-01 0.000000000000000000e+00
5.250048041343688965e-01 6.113476157188415527e-01 7.119388580322265625e-01 6.727392673492431641e-01 6.618751287460327148e-01 0.000000000000000000e+00
3.369978666305541992e-01 3.672131896018981934e-01 4.052182137966156006e-01 4.046849310398101807e-01 5.431540012359619141e-01 0.000000000000000000e+00
3.706794977188110352e-01 4.007847011089324951e-01 4.046314358711242676e-01 4.004752635955810547e-01 4.142997562885284424e-01 0.000000000000000000e+00
3.830058872699737549e-01 4.180149137973785400e-01 4.402825236320495605e-01 4.386047720909118652e-01 4.423427581787109375e-01 0.000000000000000000e+00
3.848738372325897217e-01 4.177388250827789307e-01 4.279844760894775391e-01 4.459520876407623291e-01 4.601503014564514160e-01 0.000000000000000000e+00
6.675240397453308105e-01 6.298034787178039551e-01 5.707678794860839844e-01 6.868189573287963867e-01 7.260979413986206055e-01 0.000000000000000000e+00
4.651039540767669678e-01 7.882655262947082520e-01 7.529725432395935059e-01 7.169010639190673828e-01 8.208444118499755859e-01 0.000000000000000000e+00
4.957212805747985840e-01 6.727280020713806152e-01 8.353019952774047852e-01 8.531476855278015137e-01 7.750180959701538086e-01 0.000000000000000000e+00
4.068278372287750244e-01 6.134021282196044922e-01 6.502321958541870117e-01 6.655999422073364258e-01 5.805560350418090820e-01 0.000000000000000000e+00
6.355339884757995605e-01 5.968598127365112305e-01 6.844640374183654785e-01 7.551616430282592773e-01 7.503427267074584961e-01 0.000000000000000000e+00
9.193900972604751587e-02 -1.652016788721084595e-01 -2.276937514543533325e-01 -1.523007452487945557e-01 3.530476242303848267e-02 1.000000000000000000e+00
3.591091930866241455e-01 2.419718652963638306e-01 4.297564923763275146e-01 3.345245420932769775e-01 1.447955518960952759e-01 2.000000000000000000e+00
9.193900972604751587e-02 -1.652016788721084595e-01 -2.276937514543533325e-01 -1.523007452487945557e-01 3.530476242303848267e-02 1.000000000000000000e+00
3.591091930866241455e-01 2.419718652963638306e-01 4.297564923763275146e-01 3.345245420932769775e-01 1.447955518960952759e-01 2.000000000000000000e+00
9.193900972604751587e-02 -1.652016788721084595e-01 -2.276937514543533325e-01 -1.523007452487945557e-01 3.530476242303848267e-02 1.000000000000000000e+00
3.591091930866241455e-01 2.419718652963638306e-01 4.297564923763275146e-01 3.345245420932769775e-01 1.447955518960952759e-01 2.000000000000000000e+00
9.193900972604751587e-02 -1.652016788721084595e-01 -2.276937514543533325e-01 -1.523007452487945557e-01 3.530476242303848267e-02 1.000000000000000000e+00
3.591091930866241455e-01 2.419718652963638306e-01 4.297564923763275146e-01 3.345245420932769775e-01 1.447955518960952759e-01 2.000000000000000000e+00
9.193900972604751587e-02 -1.652016788721084595e-01 -2.276937514543533325e-01 -1.523007452487945557e-01 3.530476242303848267e-02 1.000000000000000000e+00
3.591091930866241455e-01 2.419718652963638306e-01 4.297564923763275146e-01 3.345245420932769775e-01 1.447955518960952759e-01 2.000000000000000000e+00
9.193900972604751587e-02 -1.652016788721084595e-01 -2.276937514543533325e-01 -1.523007452487945557e-01 3.530476242303848267e-02 1.000000000000000000e+00
3.591091930866241455e-01 2.419718652963638306e-01 4.297564923763275146e-01 3.345245420932769775e-01 1.447955518960952759e-01 2.000000000000000000e+00
9.193900972604751587e-02 -1.652016788721084595e-01 -2.276937514543533325e-01 -1.523007452487945557e-01 3.530476242303848267e-02 1.000000000000000000e+00
3.591091930866241455e-01 2.419718652963638306e-01 4.297564923763275146e-01 3.345245420932769775e-01 1.447955518960952759e-01 2.000000000000000000e+00
9.193900972604751587e-02 -1.652016788721084595e-01 -2.276937514543533325e-01 -1.523007452487945557e-01 3.530476242303848267e-02 1.000000000000000000e+00
3.591091930866241455e-01 2.419718652963638306e-01 4.297564923763275146e-01 3.345245420932769775e-01 1.447955518960952759e-01 2.000000000000000000e+00
9.193900972604751587e-02 -1.652016788721084595e-01 -2.276937514543533325e-01 -1.523007452487945557e-01 3.530476242303848267e-02 1.000000000000000000e+00
3.591091930866241455e-01 2.419718652963638306e-01 4.297564923763275146e-01 3.345245420932769775e-01 1.447955518960952759e-01 2.000000000000000000e+00
9.193900972604751587e-02 -1.652016788721084595e-01 -2.276937514543533325e-01 -1.523007452487945557e-01 3.530476242303848267e-02 1.000000000000000000e+00
3.591091930866241455e-01 2.419718652963638306e-01 4.297564923763275146e-01 3.345245420932769775e-01 1.447955518960952759e-01 2.000000000000000000e+00
4.967979490756988525e-01 8.057548403739929199e-01 7.287226319313049316e-01 6.500551104545593262e-01 7.373145818710327148e-01 0.000000000000000000e+00
3.136230111122131348e-01 4.819217920303344727e-01 2.965363264083862305e-01 3.764184117317199707e-01 4.637063443660736084e-01 0.000000000000000000e+00
4.198076725006103516e-01 6.257120370864868164e-01 5.730205774307250977e-01 5.601789951324462891e-01 4.298945963382720947e-01 0.000000000000000000e+00
5.326196551322937012e-01 7.792358994483947754e-01 7.104188203811645508e-01 7.206412553787231445e-01 7.529495358467102051e-01 0.000000000000000000e+00
6.987830400466918945e-01 6.819783449172973633e-01 8.027651906013488770e-01 6.742448210716247559e-01 7.957291603088378906e-01 0.000000000000000000e+00
4.832226336002349854e-01 3.611590564250946045e-01 4.328618943691253662e-01 1.479813903570175171e-01 -1.193475946784019470e-01 1.000000000000000000e+00
4.313245713710784912e-01 4.356387555599212646e-01 7.228701114654541016e-01 6.294686794281005859e-01 6.232682466506958008e-01 2.000000000000000000e+00
4.832226336002349854e-01 3.611590564250946045e-01 4.328618943691253662e-01 1.479813903570175171e-01 -1.193475946784019470e-01 1.000000000000000000e+00
4.313245713710784912e-01 4.356387555599212646e-01 7.228701114654541016e-01 6.294686794281005859e-01 6.232682466506958008e-01 2.000000000000000000e+00
4.832226336002349854e-01 3.611590564250946045e-01 4.328618943691253662e-01 1.479813903570175171e-01 -1.193475946784019470e-01 1.000000000000000000e+00
4.313245713710784912e-01 4.356387555599212646e-01 7.228701114654541016e-01 6.294686794281005859e-01 6.232682466506958008e-01 2.000000000000000000e+00
4.832226336002349854e-01 3.611590564250946045e-01 4.328618943691253662e-01 1.479813903570175171e-01 -1.193475946784019470e-01 1.000000000000000000e+00
4.313245713710784912e-01 4.356387555599212646e-01 7.228701114654541016e-01 6.294686794281005859e-01 6.232682466506958008e-01 2.000000000000000000e+00
4.832226336002349854e-01 3.611590564250946045e-01 4.328618943691253662e-01 1.479813903570175171e-01 -1.193475946784019470e-01 1.000000000000000000e+00
4.313245713710784912e-01 4.356387555599212646e-01 7.228701114654541016e-01 6.294686794281005859e-01 6.232682466506958008e-01 2.000000000000000000e+00
4.832226336002349854e-01 3.611590564250946045e-01 4.328618943691253662e-01 1.479813903570175171e-01 -1.193475946784019470e-01 1.000000000000000000e+00
4.313245713710784912e-01 4.356387555599212646e-01 7.228701114654541016e-01 6.294686794281005859e-01 6.232682466506958008e-01 2.000000000000000000e+00
4.832226336002349854e-01 3.611590564250946045e-01 4.328618943691253662e-01 1.479813903570175171e-01 -1.193475946784019470e-01 1.000000000000000000e+00
4.313245713710784912e-01 4.356387555599212646e-01 7.228701114654541016e-01 6.294686794281005859e-01 6.232682466506958008e-01 2.000000000000000000e+00
4.832226336002349854e-01 3.611590564250946045e-01 4.328618943691253662e-01 1.479813903570175171e-01 -1.193475946784019470e-01 1.000000000000000000e+00
4.313245713710784912e-01 4.356387555599212646e-01 7.228701114654541016e-01 6.294686794281005859e-01 6.232682466506958008e-01 2.000000000000000000e+00
4.832226336002349854e-01 3.611590564250946045e-01 4.328618943691253662e-01 1.479813903570175171e-01 -1.193475946784019470e-01 1.000000000000000000e+00
4.313245713710784912e-01 4.356387555599212646e-01 7.228701114654541016e-01 6.294686794281005859e-01 6.232682466506958008e-01 2.000000000000000000e+00
4.832226336002349854e-01 3.611590564250946045e-01 4.328618943691253662e-01 1.479813903570175171e-01 -1.193475946784019470e-01 1.000000000000000000e+00
4.313245713710784912e-01 4.356387555599212646e-01 7.228701114654541016e-01 6.294686794281005859e-01 6.232682466506958008e-01 2.000000000000000000e+00
3.546266555786132812e-01 4.163297414779663086e-01 6.636525392532348633e-01 6.747828722000122070e-01 6.524673700332641602e-01 0.000000000000000000e+00
5.215776562690734863e-01 4.152249395847320557e-01 5.313743352890014648e-01 5.848741531372070312e-01 6.536372900009155273e-01 0.000000000000000000e+00
4.441122710704803467e-01 6.608294844627380371e-01 7.313168048858642578e-01 7.206254601478576660e-01 5.719897150993347168e-01 0.000000000000000000e+00
6.420230865478515625e-01 7.341386079788208008e-01 6.779477000236511230e-01 6.639268398284912109e-01 6.753842830657958984e-01 0.000000000000000000e+00
5.020937919616699219e-01 6.688374876976013184e-01 6.530143022537231445e-01 7.761142849922180176e-01 8.350455760955810547e-01 0.000000000000000000e+00
5.625972747802734375e-01 7.363451719284057617e-01 7.321758270263671875e-01 7.327319383621215820e-01 7.451205253601074219e-01 0.000000000000000000e+00
6.577121019363403320e-01 7.067999839782714844e-01 7.005794048309326172e-01 7.127818465232849121e-01 6.967711448669433594e-01 0.000000000000000000e+00
6.399965286254882812e-01 3.351005315780639648e-01 6.071524620056152344e-01 4.822186529636383057e-01 5.686906576156616211e-01 0.000000000000000000e+00
3.510770499706268311e-01 6.274199485778808594e-01 7.734607458114624023e-01 8.210514187812805176e-01 8.143464326858520508e-01 0.000000000000000000e+00
-1.565572321414947510e-01 -2.617203891277313232e-01 2.643063068389892578e-01 2.785967588424682617e-01 7.784038186073303223e-01 0.000000000000000000e+00
2.244986444711685181e-01 8.672841638326644897e-02 5.125288367271423340e-01 6.120020151138305664e-01 5.379322767257690430e-01 0.000000000000000000e+00
4.484186470508575439e-01 7.342995405197143555e-01 6.824597120285034180e-01 5.011146068572998047e-01 6.015264987945556641e-01 0.000000000000000000e+00
7.279157638549804688e-01 8.185802102088928223e-01 9.429087638854980469e-01 9.145433902740478516e-01 8.436503410339355469e-01 0.000000000000000000e+00
3.777899742126464844e-01 7.065753936767578125e-01 5.927988290786743164e-01 6.352983713150024414e-01 5.943375825881958008e-01 0.000000000000000000e+00
6.215516328811645508e-01 7.007008790969848633e-01 6.977314949035644531e-01 7.902244329452514648e-01 8.251179456710815430e-01 0.000000000000000000e+00
7.041566371917724609e-01 7.690827250480651855e-01 8.287432789802551270e-01 7.761654853820800781e-01 7.799428701400756836e-01 0.000000000000000000e+00
7.649603486061096191e-01 8.636285662651062012e-01 8.733079433441162109e-01 8.912385106086730957e-01 8.201054334640502930e-01 0.000000000000000000e+00
6.354354619979858398e-01 7.836673259735107422e-01 8.559252023696899414e-01 9.162568449974060059e-01 9.214025139808654785e-01 0.000000000000000000e+00
6.099346876144409180e-01 7.067348361015319824e-01 7.329087257385253906e-01 6.803566217422485352e-01 8.125144243240356445e-01 0.000000000000000000e+00
4.142519533634185791e-01 6.621186137199401855e-01 6.609897613525390625e-01 7.233306169509887695e-01 8.050666451454162598e-01 0.000000000000000000e+00
4.301452934741973877e-01 5.655813813209533691e-01 5.407416224479675293e-01 6.140861511230468750e-01 6.295940876007080078e-01 0.000000000000000000e+00
6.976421177387237549e-02 2.636001408100128174e-01 3.992452919483184814e-01 5.090766549110412598e-01 5.378179550170898438e-01 0.000000000000000000e+00
5.482307672500610352e-01 4.757938385009765625e-01 3.834983706474304199e-01 3.025469481945037842e-01 5.358921885490417480e-01 0.000000000000000000e+00
3.000713586807250977e-01 5.782697200775146484e-01 6.142534613609313965e-01 6.062965989112854004e-01 6.062918901443481445e-01 0.000000000000000000e+00
3.633533418178558350e-01 4.533715248107910156e-01 3.490745127201080322e-01 2.833584547042846680e-01 3.361550271511077881e-01 0.000000000000000000e+00
4.767965972423553467e-01 6.530317068099975586e-01 6.033986806869506836e-01 5.370793342590332031e-01 5.574364662170410156e-01 0.000000000000000000e+00
3.537559807300567627e-01 5.694583058357238770e-01 5.416007041931152344e-01 5.258574485778808594e-01 6.368785500526428223e-01 0.000000000000000000e+00
-2.467459887266159058e-01 -2.855120599269866943e-01 -3.271164000034332275e-01 -2.929987609386444092e-01 -2.134982645511627197e-01 1.000000000000000000e+00
3.838117122650146484e-01 4.490137100219726562e-01 3.830901682376861572e-01 3.369953036308288574e-01 6.659916136413812637e-03 2.000000000000000000e+00
-2.467459887266159058e-01 -2.855120599269866943e-01 -3.271164000034332275e-01 -2.929987609386444092e-01 -2.134982645511627197e-01 1.000000000000000000e+00
3.838117122650146484e-01 4.490137100219726562e-01 3.830901682376861572e-01 3.369953036308288574e-01 6.659916136413812637e-03 2.000000000000000000e+00
-2.467459887266159058e-01 -2.855120599269866943e-01 -3.271164000034332275e-01 -2.929987609386444092e-01 -2.134982645511627197e-01 1.000000000000000000e+00
3.838117122650146484e-01 4.490137100219726562e-01 3.830901682376861572e-01 3.369953036308288574e-01 6.659916136413812637e-03 2.000000000000000000e+00
-2.467459887266159058e-01 -2.855120599269866943e-01 -3.271164000034332275e-01 -2.929987609386444092e-01 -2.134982645511627197e-01 1.000000000000000000e+00
3.838117122650146484e-01 4.490137100219726562e-01 3.830901682376861572e-01 3.369953036308288574e-01 6.659916136413812637e-03 2.000000000000000000e+00
-2.467459887266159058e-01 -2.855120599269866943e-01 -3.271164000034332275e-01 -2.929987609386444092e-01 -2.134982645511627197e-01 1.000000000000000000e+00
3.838117122650146484e-01 4.490137100219726562e-01 3.830901682376861572e-01 3.369953036308288574e-01 6.659916136413812637e-03 2.000000000000000000e+00
-2.467459887266159058e-01 -2.855120599269866943e-01 -3.271164000034332275e-01 -2.929987609386444092e-01 -2.134982645511627197e-01 1.000000000000000000e+00
3.838117122650146484e-01 4.490137100219726562e-01 3.830901682376861572e-01 3.369953036308288574e-01 6.659916136413812637e-03 2.000000000000000000e+00
-2.467459887266159058e-01 -2.855120599269866943e-01 -3.271164000034332275e-01 -2.929987609386444092e-01 -2.134982645511627197e-01 1.000000000000000000e+00
3.838117122650146484e-01 4.490137100219726562e-01 3.830901682376861572e-01 3.369953036308288574e-01 6.659916136413812637e-03 2.000000000000000000e+00
-2.467459887266159058e-01 -2.855120599269866943e-01 -3.271164000034332275e-01 -2.929987609386444092e-01 -2.134982645511627197e-01 1.000000000000000000e+00
3.838117122650146484e-01 4.490137100219726562e-01 3.830901682376861572e-01 3.369953036308288574e-01 6.659916136413812637e-03 2.000000000000000000e+00
-2.467459887266159058e-01 -2.855120599269866943e-01 -3.271164000034332275e-01 -2.929987609386444092e-01 -2.134982645511627197e-01 1.000000000000000000e+00
3.838117122650146484e-01 4.490137100219726562e-01 3.830901682376861572e-01 3.369953036308288574e-01 6.659916136413812637e-03 2.000000000000000000e+00
-2.467459887266159058e-01 -2.855120599269866943e-01 -3.271164000034332275e-01 -2.929987609386444092e-01 -2.134982645511627197e-01 1.000000000000000000e+00
3.838117122650146484e-01 4.490137100219726562e-01 3.830901682376861572e-01 3.369953036308288574e-01 6.659916136413812637e-03 2.000000000000000000e+00
9.900638461112976074e-01 9.981938600540161133e-01 9.979619383811950684e-01 9.981199502944946289e-01 9.983701109886169434e-01 0.000000000000000000e+00
9.946292042732238770e-01 9.986228942871093750e-01 9.978939294815063477e-01 9.981684684753417969e-01 9.982273578643798828e-01 0.000000000000000000e+00
9.937908649444580078e-01 9.973793029785156250e-01 9.973881840705871582e-01 9.982795119285583496e-01 9.988525509834289551e-01 0.000000000000000000e+00
9.933891296386718750e-01 9.985582828521728516e-01 9.991447329521179199e-01 9.995605349540710449e-01 9.989107847213745117e-01 0.000000000000000000e+00
9.883291125297546387e-01 9.973869919776916504e-01 9.963449239730834961e-01 9.982060790061950684e-01 9.989717006683349609e-01 0.000000000000000000e+00
9.773429036140441895e-01 9.956388473510742188e-01 9.974424839019775391e-01 9.983048439025878906e-01 9.989605545997619629e-01 0.000000000000000000e+00
9.870175719261169434e-01 9.944834113121032715e-01 9.971520304679870605e-01 9.965394735336303711e-01 9.978912472724914551e-01 0.000000000000000000e+00
6.155509948730468750e-01 6.486459970474243164e-01 6.385569572448730469e-01 5.488488078117370605e-01 5.401297211647033691e-01 0.000000000000000000e+00
3.915764987468719482e-01 4.423953294754028320e-01 6.345847845077514648e-01 6.872949600219726562e-01 7.451630234718322754e-01 0.000000000000000000e+00
4.777291715145111084e-01 5.016916394233703613e-01 6.790614128112792969e-01 7.034317255020141602e-01 5.430318117141723633e-01 0.000000000000000000e+00
6.530340909957885742e-01 6.431196331977844238e-01 6.192637085914611816e-01 6.295326948165893555e-01 6.425567865371704102e-01 0.000000000000000000e+00
6.560819149017333984e-01 7.100430727005004883e-01 7.584673166275024414e-01 7.853203415870666504e-01 8.038334846496582031e-01 0.000000000000000000e+00
4.625980556011199951e-01 6.619399785995483398e-01 7.460122108459472656e-01 7.851561903953552246e-01 8.105012178421020508e-01 0.000000000000000000e+00
3.586790561676025391e-01 3.266202509403228760e-01 4.419802725315093994e-01 3.777639865875244141e-01 5.752097368240356445e-01 0.000000000000000000e+00
1.408980637788772583e-01 1.605845056474208832e-02 1.203589141368865967e-02 -4.615814611315727234e-02 1.413289010524749756e-01 0.000000000000000000e+00
1.945823132991790771e-01 9.768489003181457520e-02 1.222438290715217590e-01 1.348602324724197388e-01 1.993569135665893555e-01 0.000000000000000000e+00
5.930891036987304688e-01 2.166918665170669556e-01 4.614329934120178223e-01 3.632377982139587402e-01 1.361653804779052734e-01 0.000000000000000000e+00
2.627582848072052002e-01 1.079926565289497375e-01 5.529658794403076172e-01 6.297580003738403320e-01 6.691660881042480469e-01 0.000000000000000000e+00
-1.670495048165321350e-02 -1.010227128863334656e-01 -1.781916618347167969e-01 -9.550226479768753052e-02 -7.779712229967117310e-02 0.000000000000000000e+00
3.242606818675994873e-01 5.294446945190429688e-01 2.485003471374511719e-01 3.838096261024475098e-01 6.546202581375837326e-03 0.000000000000000000e+00
3.997441828250885010e-01 4.477689862251281738e-01 7.086635828018188477e-01 6.333384513854980469e-01 5.311397910118103027e-01 0.000000000000000000e+00
-7.421223074197769165e-02 3.474705815315246582e-01 2.650802135467529297e-01 3.044953942298889160e-01 4.152829945087432861e-01 0.000000000000000000e+00
1.441973894834518433e-01 -2.142716664820909500e-03 -6.082795932888984680e-02 2.640334963798522949e-01 3.936765491962432861e-01 0.000000000000000000e+00
9.451069682836532593e-02 -3.927645459771156311e-02 2.417071163654327393e-02 -1.165454313158988953e-01 2.499841004610061646e-01 0.000000000000000000e+00
4.871886968612670898e-01 5.470910072326660156e-01 4.065236449241638184e-01 4.204719364643096924e-01 -4.202478006482124329e-02 0.000000000000000000e+00
5.794260278344154358e-02 2.092966288328170776e-01 3.191927969455718994e-01 1.567380875349044800e-01 -6.217523664236068726e-02 0.000000000000000000e+00
6.191524676978588104e-03 -2.313883900642395020e-01 -2.905701100826263428e-01 -1.306808087974786758e-02 -1.960992664098739624e-01 0.000000000000000000e+00
-2.122957855463027954e-01 1.090349256992340088e-01 6.887809038162231445e-01 5.085301399230957031e-01 3.755178153514862061e-01 0.000000000000000000e+00
8.001760244369506836e-01 8.657513260841369629e-01 9.002935886383056641e-01 8.953053951263427734e-01 9.385622143745422363e-01 0.000000000000000000e+00
8.686398267745971680e-01 8.888736963272094727e-01 9.240613579750061035e-01 9.146158695220947266e-01 9.257659316062927246e-01 0.000000000000000000e+00
8.743796348571777344e-01 9.145236611366271973e-01 9.547860026359558105e-01 9.430123567581176758e-01 9.307949542999267578e-01 0.000000000000000000e+00
8.338548541069030762e-01 8.686441779136657715e-01 9.091486334800720215e-01 9.190845489501953125e-01 9.584506750106811523e-01 0.000000000000000000e+00
5.904338955879211426e-01 8.621075153350830078e-01 8.776890635490417480e-01 8.868255019187927246e-01 9.143878817558288574e-01 0.000000000000000000e+00
7.631564736366271973e-01 7.856547236442565918e-01 7.686096429824829102e-01 7.469438314437866211e-01 8.477284908294677734e-01 0.000000000000000000e+00
5.529696941375732422e-01 7.294632792472839355e-01 7.621032595634460449e-01 7.959463596343994141e-01 8.498296737670898438e-01 0.000000000000000000e+00
8.653440475463867188e-01 9.215583801269531250e-01 9.429534673690795898e-01 9.500944614410400391e-01 9.404776692390441895e-01 0.000000000000000000e+00
8.534027338027954102e-01 9.325044751167297363e-01 9.452492594718933105e-01 9.557940363883972168e-01 9.377589225769042969e-01 0.000000000000000000e+00
9.077701568603515625e-01 9.461999535560607910e-01 9.538644552230834961e-01 9.500650763511657715e-01 9.564083814620971680e-01 0.000000000000000000e+00
8.188033699989318848e-01 8.873515129089355469e-01 9.230109453201293945e-01 9.353057742118835449e-01 9.385126829147338867e-01 0.000000000000000000e+00
8.903928399085998535e-01 9.278320074081420898e-01 9.369210004806518555e-01 9.392778873443603516e-01 9.371743798255920410e-01 0.000000000000000000e+00
9.011477231979370117e-01 9.534950852394104004e-01 9.595257043838500977e-01 9.595370292663574219e-01 9.691938161849975586e-01 0.000000000000000000e+00
8.931866288185119629e-01 9.247456192970275879e-01 9.657109379768371582e-01 9.768832921981811523e-01 9.797241687774658203e-01 0.000000000000000000e+00
7.724611759185791016e-01 7.987038493156433105e-01 8.073701858520507812e-01 8.506766557693481445e-01 8.852358460426330566e-01 0.000000000000000000e+00
4.791497886180877686e-01 6.001316905021667480e-01 6.583293676376342773e-01 7.515857219696044922e-01 8.461745381355285645e-01 0.000000000000000000e+00
3.002094924449920654e-01 4.779594540596008301e-01 6.261111497879028320e-01 7.116109132766723633e-01 7.679272294044494629e-01 0.000000000000000000e+00
6.572103500366210938e-01 7.082279920578002930e-01 6.920280456542968750e-01 7.296861410140991211e-01 7.491288781166076660e-01 0.000000000000000000e+00
3.874455988407135010e-01 5.622096061706542969e-01 5.518075823783874512e-01 6.350678205490112305e-01 7.049606442451477051e-01 0.000000000000000000e+00
5.211123228073120117e-01 6.566956639289855957e-01 6.553044915199279785e-01 6.270767450332641602e-01 6.788079142570495605e-01 0.000000000000000000e+00
4.620488882064819336e-01 6.526187658309936523e-01 6.572737693786621094e-01 6.513120532035827637e-01 6.172968149185180664e-01 0.000000000000000000e+00
3.269777297973632812e-01 6.832188963890075684e-01 6.875877380371093750e-01 7.940891981124877930e-01 7.913466691970825195e-01 0.000000000000000000e+00
7.682920694351196289e-01 9.095964431762695312e-01 8.320232629776000977e-01 9.032573103904724121e-01 8.780634403228759766e-01 0.000000000000000000e+00
9.051958322525024414e-01 9.122509956359863281e-01 9.117218852043151855e-01 9.552688598632812500e-01 9.780209064483642578e-01 0.000000000000000000e+00
8.477879166603088379e-01 9.661468267440795898e-01 9.501234292984008789e-01 8.695387840270996094e-01 9.699105024337768555e-01 0.000000000000000000e+00
6.835355758666992188e-01 5.439199209213256836e-01 9.190211296081542969e-01 9.272438883781433105e-01 9.408341646194458008e-01 0.000000000000000000e+00
6.963615417480468750e-01 8.501581549644470215e-01 8.490086793899536133e-01 8.320186138153076172e-01 8.678730726242065430e-01 0.000000000000000000e+00
6.224737167358398438e-01 6.804127693176269531e-01 8.838854432106018066e-01 9.054724574089050293e-01 8.997058868408203125e-01 0.000000000000000000e+00
9.889493584632873535e-01 9.963241219520568848e-01 9.983893632888793945e-01 9.994189739227294922e-01 9.991699457168579102e-01 0.000000000000000000e+00
9.919601678848266602e-01 9.982448816299438477e-01 9.990149140357971191e-01 9.995682835578918457e-01 9.988574981689453125e-01 0.000000000000000000e+00
9.916976690292358398e-01 9.982062578201293945e-01 9.988862872123718262e-01 9.991000890731811523e-01 9.995161294937133789e-01 0.000000000000000000e+00
9.924686551094055176e-01 9.978362917900085449e-01 9.990712404251098633e-01 9.995270371437072754e-01 9.995597600936889648e-01 0.000000000000000000e+00
9.890957474708557129e-01 9.982364773750305176e-01 9.990871548652648926e-01 9.989247918128967285e-01 9.991842508316040039e-01 0.000000000000000000e+00
9.891221523284912109e-01 9.958627223968505859e-01 9.973642230033874512e-01 9.988954663276672363e-01 9.988689422607421875e-01 0.000000000000000000e+00
9.893357157707214355e-01 9.974495172500610352e-01 9.981454610824584961e-01 9.986685514450073242e-01 9.984131455421447754e-01 0.000000000000000000e+00
5.785830020904541016e-01 6.598688364028930664e-01 7.273651361465454102e-01 7.723565101623535156e-01 7.672165632247924805e-01 0.000000000000000000e+00
6.556599736213684082e-01 7.419590950012207031e-01 7.253501415252685547e-01 7.182132005691528320e-01 7.278954386711120605e-01 0.000000000000000000e+00
5.803430676460266113e-01 6.942018866539001465e-01 7.136754989624023438e-01 7.504051327705383301e-01 7.151927947998046875e-01 0.000000000000000000e+00
5.434916019439697266e-01 5.855627059936523438e-01 6.518782377243041992e-01 6.940697431564331055e-01 7.584728002548217773e-01 0.000000000000000000e+00
4.556905031204223633e-01 5.517731904983520508e-01 5.879305601119995117e-01 6.275910139083862305e-01 6.440687775611877441e-01 0.000000000000000000e+00
3.272686004638671875e-01 3.191176652908325195e-01 4.498625397682189941e-01 4.223611652851104736e-01 5.473213195800781250e-01 0.000000000000000000e+00
3.878339529037475586e-01 3.995877206325531006e-01 4.525928497314453125e-01 3.136443793773651123e-01 3.139712214469909668e-01 0.000000000000000000e+00
2.624032199382781982e-01 3.724937736988067627e-01 5.288105607032775879e-01 5.287221074104309082e-01 5.586929321289062500e-01 0.000000000000000000e+00
7.308671474456787109e-01 8.878333568572998047e-01 8.919144272804260254e-01 8.059883117675781250e-01 6.602761745452880859e-01 0.000000000000000000e+00
6.141955852508544922e-01 8.651651144027709961e-01 9.016954898834228516e-01 9.405326247215270996e-01 9.417558908462524414e-01 0.000000000000000000e+00
6.298118233680725098e-01 6.152748465538024902e-01 6.796311140060424805e-01 5.872632265090942383e-01 7.202312350273132324e-01 0.000000000000000000e+00
-1.303742825984954834e-01 6.162430644035339355e-01 7.040239572525024414e-01 6.793906688690185547e-01 9.067732095718383789e-01 0.000000000000000000e+00
-2.289631068706512451e-01 -2.284028232097625732e-01 -2.931610047817230225e-01 -1.940421164035797119e-01 -2.018838524818420410e-01 0.000000000000000000e+00
2.468660473823547363e-01 3.575238287448883057e-01 3.528934717178344727e-01 1.274359673261642456e-01 -2.168631851673126221e-01 0.000000000000000000e+00
5.311715602874755859e-01 3.347650766372680664e-01 4.463943839073181152e-01 4.445305764675140381e-01 4.566454589366912842e-01 0.000000000000000000e+00
8.168892860412597656e-01 8.876414895057678223e-01 8.218637704849243164e-01 7.427519559860229492e-01 8.188414573669433594e-01 0.000000000000000000e+00
7.371433377265930176e-01 8.077640533447265625e-01 8.516718149185180664e-01 8.606427311897277832e-01 9.430670142173767090e-01 0.000000000000000000e+00
7.143188714981079102e-01 8.579471111297607422e-01 8.911146521568298340e-01 9.491661787033081055e-01 9.600219726562500000e-01 0.000000000000000000e+00
3.896408379077911377e-01 6.363949775695800781e-01 6.500008106231689453e-01 8.750668764114379883e-01 8.393365740776062012e-01 0.000000000000000000e+00
5.486404895782470703e-01 7.991402149200439453e-01 8.526477813720703125e-01 9.306363463401794434e-01 9.299771785736083984e-01 0.000000000000000000e+00
3.818581998348236084e-01 7.699638605117797852e-01 6.101902723312377930e-01 8.051233887672424316e-01 8.781720399856567383e-01 0.000000000000000000e+00
5.763056278228759766e-01 6.429967880249023438e-01 6.882674694061279297e-01 7.076276540756225586e-01 7.021452784538269043e-01 0.000000000000000000e+00
5.129518508911132812e-01 5.444834828376770020e-01 5.534876585006713867e-01 6.299166679382324219e-01 6.806344389915466309e-01 0.000000000000000000e+00
3.674289286136627197e-01 5.405459403991699219e-01 6.037701368331909180e-01 6.945534348487854004e-01 7.107191681861877441e-01 0.000000000000000000e+00
5.366018414497375488e-01 4.471138417720794678e-01 5.741155147552490234e-01 4.826777279376983643e-01 4.783285260200500488e-01 0.000000000000000000e+00
1.497491300106048584e-01 5.812439322471618652e-01 5.752921104431152344e-01 4.632851481437683105e-01 5.031781196594238281e-01 0.000000000000000000e+00
-8.240658044815063477e-02 4.097399711608886719e-01 6.490265130996704102e-01 4.754023551940917969e-01 6.350297331809997559e-01 0.000000000000000000e+00
-1.338595747947692871e-01 -2.251434475183486938e-01 -1.963766217231750488e-01 -1.839655935764312744e-01 -1.938981115818023682e-01 0.000000000000000000e+00
9.345232248306274414e-01 9.490242004394531250e-01 9.621633291244506836e-01 9.612739682197570801e-01 9.325418472290039062e-01 0.000000000000000000e+00
6.895766258239746094e-01 9.159755110740661621e-01 9.439004659652709961e-01 9.531012773513793945e-01 9.658942222595214844e-01 0.000000000000000000e+00
8.995352387428283691e-01 9.200340509414672852e-01 9.543265104293823242e-01 9.543291330337524414e-01 9.628478884696960449e-01 0.000000000000000000e+00
7.824736833572387695e-01 8.370715379714965820e-01 8.088530302047729492e-01 9.159800410270690918e-01 9.273620843887329102e-01 0.000000000000000000e+00
7.676576972007751465e-01 7.970239520072937012e-01 7.862215042114257812e-01 8.428251147270202637e-01 8.088660240173339844e-01 0.000000000000000000e+00
8.192598223686218262e-01 8.582726716995239258e-01 8.604890108108520508e-01 8.232420086860656738e-01 7.090846300125122070e-01 0.000000000000000000e+00
6.721576452255249023e-01 8.516027331352233887e-01 7.851682901382446289e-01 8.691079616546630859e-01 8.966193199157714844e-01 0.000000000000000000e+00
5.731889009475708008e-01 6.645457744598388672e-01 7.324124574661254883e-01 7.337242364883422852e-01 7.350341081619262695e-01 0.000000000000000000e+00
7.164101600646972656e-01 7.431471943855285645e-01 7.758329510688781738e-01 7.128993272781372070e-01 7.193783521652221680e-01 0.000000000000000000e+00
6.654970049858093262e-01 7.658525705337524414e-01 7.990597486495971680e-01 8.123031854629516602e-01 8.433455228805541992e-01 0.000000000000000000e+00
6.868432164192199707e-01 7.492552995681762695e-01 8.035426735877990723e-01 8.275064229965209961e-01 8.258051872253417969e-01 0.000000000000000000e+00
6.965903639793395996e-01 7.478218078613281250e-01 7.663494944572448730e-01 8.023416996002197266e-01 8.187383413314819336e-01 0.000000000000000000e+00
6.584037542343139648e-01 7.521065473556518555e-01 7.869060635566711426e-01 8.097634315490722656e-01 8.096942305564880371e-01 0.000000000000000000e+00
6.379524469375610352e-01 7.306438684463500977e-01 7.696009278297424316e-01 7.878494262695312500e-01 7.861413359642028809e-01 0.000000000000000000e+00
-2.556430362164974213e-02 2.661539912223815918e-01 6.786633133888244629e-01 3.712483346462249756e-01 6.529109477996826172e-01 0.000000000000000000e+00
4.711668938398361206e-02 5.128913521766662598e-01 5.994648933410644531e-01 5.020368695259094238e-01 5.765308737754821777e-01 0.000000000000000000e+00
2.772646248340606689e-01 4.949483871459960938e-01 6.959728002548217773e-01 8.101065158843994141e-01 5.149277448654174805e-01 0.000000000000000000e+00
2.894806861877441406e-01 1.412509977817535400e-01 3.146801590919494629e-01 2.684037983417510986e-01 1.413705199956893921e-01 0.000000000000000000e+00
6.949927657842636108e-02 6.802533864974975586e-01 6.430244445800781250e-01 7.411406040191650391e-01 5.496643781661987305e-01 0.000000000000000000e+00
7.968912720680236816e-01 8.535223007202148438e-01 8.338172435760498047e-01 7.776440978050231934e-01 6.784696578979492188e-01 0.000000000000000000e+00
7.865753173828125000e-01 8.289042115211486816e-01 9.081124663352966309e-01 9.345293641090393066e-01 9.079694151878356934e-01 0.000000000000000000e+00
-9.111384302377700806e-02 5.179612338542938232e-02 -2.268719822168350220e-01 -7.409073412418365479e-02 -3.314917087554931641e-01 1.000000000000000000e+00
4.363276958465576172e-01 5.623471736907958984e-01 5.126771926879882812e-01 5.221222043037414551e-01 3.913568258285522461e-01 2.000000000000000000e+00
-9.111384302377700806e-02 5.179612338542938232e-02 -2.268719822168350220e-01 -7.409073412418365479e-02 -3.314917087554931641e-01 1.000000000000000000e+00
4.363276958465576172e-01 5.623471736907958984e-01 5.126771926879882812e-01 5.221222043037414551e-01 3.913568258285522461e-01 2.000000000000000000e+00
-9.111384302377700806e-02 5.179612338542938232e-02 -2.268719822168350220e-01 -7.409073412418365479e-02 -3.314917087554931641e-01 1.000000000000000000e+00
4.363276958465576172e-01 5.623471736907958984e-01 5.126771926879882812e-01 5.221222043037414551e-01 3.913568258285522461e-01 2.000000000000000000e+00
-9.111384302377700806e-02 5.179612338542938232e-02 -2.268719822168350220e-01 -7.409073412418365479e-02 -3.314917087554931641e-01 1.000000000000000000e+00
4.363276958465576172e-01 5.623471736907958984e-01 5.126771926879882812e-01 5.221222043037414551e-01 3.913568258285522461e-01 2.000000000000000000e+00
-9.111384302377700806e-02 5.179612338542938232e-02 -2.268719822168350220e-01 -7.409073412418365479e-02 -3.314917087554931641e-01 1.000000000000000000e+00
4.363276958465576172e-01 5.623471736907958984e-01 5.126771926879882812e-01 5.221222043037414551e-01 3.913568258285522461e-01 2.000000000000000000e+00
-9.111384302377700806e-02 5.179612338542938232e-02 -2.268719822168350220e-01 -7.409073412418365479e-02 -3.314917087554931641e-01 1.000000000000000000e+00
4.363276958465576172e-01 5.623471736907958984e-01 5.126771926879882812e-01 5.221222043037414551e-01 3.913568258285522461e-01 2.000000000000000000e+00
-9.111384302377700806e-02 5.179612338542938232e-02 -2.268719822168350220e-01 -7.409073412418365479e-02 -3.314917087554931641e-01 1.000000000000000000e+00
4.363276958465576172e-01 5.623471736907958984e-01 5.126771926879882812e-01 5.221222043037414551e-01 3.913568258285522461e-01 2.000000000000000000e+00
-9.111384302377700806e-02 5.179612338542938232e-02 -2.268719822168350220e-01 -7.409073412418365479e-02 -3.314917087554931641e-01 1.000000000000000000e+00
4.363276958465576172e-01 5.623471736907958984e-01 5.126771926879882812e-01 5.221222043037414551e-01 3.913568258285522461e-01 2.000000000000000000e+00
-9.111384302377700806e-02 5.179612338542938232e-02 -2.268719822168350220e-01 -7.409073412418365479e-02 -3.314917087554931641e-01 1.000000000000000000e+00
4.363276958465576172e-01 5.623471736907958984e-01 5.126771926879882812e-01 5.221222043037414551e-01 3.913568258285522461e-01 2.000000000000000000e+00
-9.111384302377700806e-02 5.179612338542938232e-02 -2.268719822168350220e-01 -7.409073412418365479e-02 -3.314917087554931641e-01 1.000000000000000000e+00
4.363276958465576172e-01 5.623471736907958984e-01 5.126771926879882812e-01 5.221222043037414551e-01 3.913568258285522461e-01 2.000000000000000000e+00
4.970013499259948730e-01 5.967004299163818359e-01 6.404737234115600586e-01 6.371805071830749512e-01 6.733312606811523438e-01 0.000000000000000000e+00
5.462071895599365234e-01 6.687906980514526367e-01 6.985222101211547852e-01 6.979193687438964844e-01 6.392933130264282227e-01 0.000000000000000000e+00
4.988724589347839355e-01 6.558188796043395996e-01 6.266318559646606445e-01 7.356475591659545898e-01 7.115885019302368164e-01 0.000000000000000000e+00
5.407224893569946289e-01 6.329089999198913574e-01 6.237809658050537109e-01 6.152790188789367676e-01 6.157482862472534180e-01 0.000000000000000000e+00
5.752563476562500000e-01 6.542710065841674805e-01 7.051390409469604492e-01 6.213227510452270508e-01 6.694802045822143555e-01 0.000000000000000000e+00
6.101986169815063477e-01 7.044301033020019531e-01 7.311452627182006836e-01 6.748789548873901367e-01 6.670705080032348633e-01 0.000000000000000000e+00
3.786440789699554443e-01 5.598428249359130859e-01 5.787610411643981934e-01 6.695626974105834961e-01 6.989954710006713867e-01 0.000000000000000000e+00
8.305944204330444336e-01 9.420760273933410645e-01 9.382429718971252441e-01 9.598596692085266113e-01 9.412908554077148438e-01 0.000000000000000000e+00
8.432660698890686035e-01 8.537314534187316895e-01 9.045186638832092285e-01 9.211256504058837891e-01 9.074928760528564453e-01 0.000000000000000000e+00
8.590986132621765137e-01 8.876897096633911133e-01 8.744158744812011719e-01 9.461848139762878418e-01 9.623867869377136230e-01 0.000000000000000000e+00
7.119296193122863770e-01 8.782395124435424805e-01 9.089714288711547852e-01 9.287190437316894531e-01 9.241639375686645508e-01 0.000000000000000000e+00
7.166249752044677734e-01 7.850179672241210938e-01 8.550451993942260742e-01 9.157242774963378906e-01 9.274327158927917480e-01 0.000000000000000000e+00
6.805175542831420898e-01 8.333700895309448242e-01 8.547020554542541504e-01 9.177673459053039551e-01 8.278107643127441406e-01 0.000000000000000000e+00
1.093439161777496338e-01 1.264306902885437012e-01 5.791758298873901367e-01 4.816885292530059814e-01 7.083786725997924805e-01 0.000000000000000000e+00
5.351181030273437500e-01 4.575721919536590576e-01 4.090018272399902344e-01 5.317052006721496582e-01 5.025762915611267090e-01 0.000000000000000000e+00
6.087882518768310547e-01 5.789194703102111816e-01 5.533937215805053711e-01 6.035690307617187500e-01 6.735068559646606445e-01 0.000000000000000000e+00
6.443651914596557617e-01 6.937161684036254883e-01 8.007148504257202148e-01 7.884535789489746094e-01 7.373090982437133789e-01 0.000000000000000000e+00
6.144900321960449219e-01 6.881203651428222656e-01 7.819762229919433594e-01 8.291091322898864746e-01 8.160310387611389160e-01 0.000000000000000000e+00
6.800437569618225098e-01 7.150214910507202148e-01 7.484588623046875000e-01 7.724744677543640137e-01 7.698450088500976562e-01 0.000000000000000000e+00
7.035272717475891113e-01 7.913553118705749512e-01 8.134853839874267578e-01 7.694113850593566895e-01 8.332772254943847656e-01 0.000000000000000000e+00
5.973230600357055664e-01 6.297714710235595703e-01 8.074954748153686523e-01 8.231773376464843750e-01 8.432466983795166016e-01 0.000000000000000000e+00
5.279160141944885254e-01 6.983276009559631348e-01 7.780480384826660156e-01 8.276042342185974121e-01 8.696466684341430664e-01 0.000000000000000000e+00
6.930595040321350098e-01 7.600604891777038574e-01 7.545923590660095215e-01 7.005494236946105957e-01 7.691476941108703613e-01 0.000000000000000000e+00
8.312309980392456055e-01 8.779777884483337402e-01 8.417209982872009277e-01 8.481917977333068848e-01 8.751549720764160156e-01 0.000000000000000000e+00
7.464609146118164062e-01 8.739942312240600586e-01 8.863138556480407715e-01 8.888847827911376953e-01 9.008710980415344238e-01 0.000000000000000000e+00
4.067993462085723877e-01 7.264093160629272461e-01 8.670158386230468750e-01 8.987977504730224609e-01 9.072700142860412598e-01 0.000000000000000000e+00
6.088320016860961914e-01 6.120114326477050781e-01 7.057310342788696289e-01 8.030879497528076172e-01 8.055163621902465820e-01 0.000000000000000000e+00
6.647428274154663086e-01 7.097572088241577148e-01 8.653439879417419434e-01 9.024658799171447754e-01 8.249021768569946289e-01 0.000000000000000000e+00
5.276963114738464355e-01 5.737357735633850098e-01 6.998261809349060059e-01 7.188340425491333008e-01 5.843271017074584961e-01 0.000000000000000000e+00
5.947055816650390625e-01 6.013289690017700195e-01 6.942549943923950195e-01 6.971337795257568359e-01 7.521759271621704102e-01 0.000000000000000000e+00
7.095612287521362305e-01 7.276074886322021484e-01 7.143006324768066406e-01 7.413542866706848145e-01 7.195859551429748535e-01 0.000000000000000000e+00
5.186005830764770508e-01 7.815427780151367188e-01 8.181927204132080078e-01 8.272844552993774414e-01 8.299009799957275391e-01 0.000000000000000000e+00
6.494334936141967773e-01 7.544732093811035156e-01 7.506863474845886230e-01 8.207523226737976074e-01 6.958394050598144531e-01 0.000000000000000000e+00
6.461282372474670410e-01 7.920064330101013184e-01 7.957883477210998535e-01 8.130544424057006836e-01 8.416651487350463867e-01 0.000000000000000000e+00
6.478612422943115234e-01 7.388552427291870117e-01 8.228617906570434570e-01 7.957703471183776855e-01 8.159735202789306641e-01 0.000000000000000000e+00
5.006152987480163574e-01 7.281284332275390625e-01 8.274001479148864746e-01 8.739004731178283691e-01 9.008674621582031250e-01 1.000000000000000000e+00
4.210554063320159912e-01 6.255776882171630859e-01 7.881906032562255859e-01 8.758840560913085938e-01 8.171337842941284180e-01 2.000000000000000000e+00
5.006152987480163574e-01 7.281284332275390625e-01 8.274001479148864746e-01 8.739004731178283691e-01 9.008674621582031250e-01 1.000000000000000000e+00
4.210554063320159912e-01 6.255776882171630859e-01 7.881906032562255859e-01 8.758840560913085938e-01 8.171337842941284180e-01 2.000000000000000000e+00
5.006152987480163574e-01 7.281284332275390625e-01 8.274001479148864746e-01 8.739004731178283691e-01 9.008674621582031250e-01 1.000000000000000000e+00
4.210554063320159912e-01 6.255776882171630859e-01 7.881906032562255859e-01 8.758840560913085938e-01 8.171337842941284180e-01 2.000000000000000000e+00
5.006152987480163574e-01 7.281284332275390625e-01 8.274001479148864746e-01 8.739004731178283691e-01 9.008674621582031250e-01 1.000000000000000000e+00
4.210554063320159912e-01 6.255776882171630859e-01 7.881906032562255859e-01 8.758840560913085938e-01 8.171337842941284180e-01 2.000000000000000000e+00
5.006152987480163574e-01 7.281284332275390625e-01 8.274001479148864746e-01 8.739004731178283691e-01 9.008674621582031250e-01 1.000000000000000000e+00
4.210554063320159912e-01 6.255776882171630859e-01 7.881906032562255859e-01 8.758840560913085938e-01 8.171337842941284180e-01 2.000000000000000000e+00
5.006152987480163574e-01 7.281284332275390625e-01 8.274001479148864746e-01 8.739004731178283691e-01 9.008674621582031250e-01 1.000000000000000000e+00
4.210554063320159912e-01 6.255776882171630859e-01 7.881906032562255859e-01 8.758840560913085938e-01 8.171337842941284180e-01 2.000000000000000000e+00
5.006152987480163574e-01 7.281284332275390625e-01 8.274001479148864746e-01 8.739004731178283691e-01 9.008674621582031250e-01 1.000000000000000000e+00
4.210554063320159912e-01 6.255776882171630859e-01 7.881906032562255859e-01 8.758840560913085938e-01 8.171337842941284180e-01 2.000000000000000000e+00
5.006152987480163574e-01 7.281284332275390625e-01 8.274001479148864746e-01 8.739004731178283691e-01 9.008674621582031250e-01 1.000000000000000000e+00
4.210554063320159912e-01 6.255776882171630859e-01 7.881906032562255859e-01 8.758840560913085938e-01 8.171337842941284180e-01 2.000000000000000000e+00
5.006152987480163574e-01 7.281284332275390625e-01 8.274001479148864746e-01 8.739004731178283691e-01 9.008674621582031250e-01 1.000000000000000000e+00
4.210554063320159912e-01 6.255776882171630859e-01 7.881906032562255859e-01 8.758840560913085938e-01 8.171337842941284180e-01 2.000000000000000000e+00
5.006152987480163574e-01 7.281284332275390625e-01 8.274001479148864746e-01 8.739004731178283691e-01 9.008674621582031250e-01 1.000000000000000000e+00
4.210554063320159912e-01 6.255776882171630859e-01 7.881906032562255859e-01 8.758840560913085938e-01 8.171337842941284180e-01 2.000000000000000000e+00
4.575332105159759521e-01 4.733040332794189453e-01 4.317785203456878662e-01 4.840976893901824951e-01 5.976521968841552734e-01 0.000000000000000000e+00
2.989814579486846924e-01 1.948691755533218384e-01 6.550581455230712891e-01 5.824409723281860352e-01 4.850577414035797119e-01 0.000000000000000000e+00
6.453923583030700684e-01 5.758962631225585938e-01 5.100037455558776855e-01 5.039899349212646484e-01 4.748939573764801025e-01 0.000000000000000000e+00
4.354701638221740723e-01 5.628734827041625977e-01 5.835731029510498047e-01 6.919789314270019531e-01 8.251704573631286621e-01 0.000000000000000000e+00
2.243740856647491455e-01 1.418390274047851562e-01 2.352335453033447266e-01 5.384278297424316406e-01 4.546137750148773193e-01 0.000000000000000000e+00
2.715681120753288269e-02 1.462719887495040894e-01 3.355742394924163818e-01 6.239042282104492188e-01 4.611154198646545410e-01 0.000000000000000000e+00
1.355295032262802124e-01 1.529906839132308960e-01 1.789420992136001587e-01 6.322597265243530273e-01 6.840785145759582520e-01 0.000000000000000000e+00
6.189465522766113281e-01 6.093596220016479492e-01 6.435042619705200195e-01 7.216508388519287109e-01 7.453502416610717773e-01 0.000000000000000000e+00
3.274160325527191162e-01 5.839380025863647461e-01 5.986430644989013672e-01 6.885536909103393555e-01 6.468287706375122070e-01 0.000000000000000000e+00
5.238317847251892090e-01 6.937550306320190430e-01 5.964540243148803711e-01 5.890982151031494141e-01 5.212189555168151855e-01 0.000000000000000000e+00
4.836971759796142578e-01 5.529670715332031250e-01 5.309466719627380371e-01 6.739306449890136719e-01 7.050758004188537598e-01 0.000000000000000000e+00
5.556319355964660645e-01 6.127184629440307617e-01 6.192379593849182129e-01 5.740828514099121094e-01 7.612059712409973145e-01 0.000000000000000000e+00
6.865429878234863281e-01 7.637786865234375000e-01 7.167733907699584961e-01 8.016632795333862305e-01 8.191345930099487305e-01 1.000000000000000000e+00
6.676273345947265625e-01 7.047259807586669922e-01 7.607497572898864746e-01 8.510877490043640137e-01 8.581404685974121094e-01 2.000000000000000000e+00
6.865429878234863281e-01 7.637786865234375000e-01 7.167733907699584961e-01 8.016632795333862305e-01 8.191345930099487305e-01 1.000000000000000000e+00
6.676273345947265625e-01 7.047259807586669922e-01 7.607497572898864746e-01 8.510877490043640137e-01 8.581404685974121094e-01 2.000000000000000000e+00
6.865429878234863281e-01 7.637786865234375000e-01 7.167733907699584961e-01 8.016632795333862305e-01 8.191345930099487305e-01 1.000000000000000000e+00
6.676273345947265625e-01 7.047259807586669922e-01 7.607497572898864746e-01 8.510877490043640137e-01 8.581404685974121094e-01 2.000000000000000000e+00
6.865429878234863281e-01 7.637786865234375000e-01 7.167733907699584961e-01 8.016632795333862305e-01 8.191345930099487305e-01 1.000000000000000000e+00
6.676273345947265625e-01 7.047259807586669922e-01 7.607497572898864746e-01 8.510877490043640137e-01 8.581404685974121094e-01 2.000000000000000000e+00
6.865429878234863281e-01 7.637786865234375000e-01 7.167733907699584961e-01 8.016632795333862305e-01 8.191345930099487305e-01 1.000000000000000000e+00
6.676273345947265625e-01 7.047259807586669922e-01 7.607497572898864746e-01 8.510877490043640137e-01 8.581404685974121094e-01 2.000000000000000000e+00
6.865429878234863281e-01 7.637786865234375000e-01 7.167733907699584961e-01 8.016632795333862305e-01 8.191345930099487305e-01 1.000000000000000000e+00
6.676273345947265625e-01 7.047259807586669922e-01 7.607497572898864746e-01 8.510877490043640137e-01 8.581404685974121094e-01 2.000000000000000000e+00
6.865429878234863281e-01 7.637786865234375000e-01 7.167733907699584961e-01 8.016632795333862305e-01 8.191345930099487305e-01 1.000000000000000000e+00
6.676273345947265625e-01 7.047259807586669922e-01 7.607497572898864746e-01 8.510877490043640137e-01 8.581404685974121094e-01 2.000000000000000000e+00
6.865429878234863281e-01 7.637786865234375000e-01 7.167733907699584961e-01 8.016632795333862305e-01 8.191345930099487305e-01 1.000000000000000000e+00
6.676273345947265625e-01 7.047259807586669922e-01 7.607497572898864746e-01 8.510877490043640137e-01 8.581404685974121094e-01 2.000000000000000000e+00
6.865429878234863281e-01 7.637786865234375000e-01 7.167733907699584961e-01 8.016632795333862305e-01 8.191345930099487305e-01 1.000000000000000000e+00
6.676273345947265625e-01 7.047259807586669922e-01 7.607497572898864746e-01 8.510877490043640137e-01 8.581404685974121094e-01 2.000000000000000000e+00
6.865429878234863281e-01 7.637786865234375000e-01 7.167733907699584961e-01 8.016632795333862305e-01 8.191345930099487305e-01 1.000000000000000000e+00
6.676273345947265625e-01 7.047259807586669922e-01 7.607497572898864746e-01 8.510877490043640137e-01 8.581404685974121094e-01 2.000000000000000000e+00
2.204891480505466461e-02 3.297143280506134033e-01 3.433063924312591553e-01 4.987392723560333252e-01 4.564986228942871094e-01 0.000000000000000000e+00
4.435313045978546143e-01 4.358147680759429932e-01 6.172302961349487305e-01 6.131762266159057617e-01 4.338013231754302979e-01 0.000000000000000000e+00
6.120642423629760742e-01 3.254245221614837646e-01 3.052121400833129883e-01 5.654502511024475098e-01 5.566180944442749023e-01 0.000000000000000000e+00
5.722982883453369141e-01 4.724210202693939209e-01 3.954588174819946289e-01 4.377261698246002197e-01 5.002221465110778809e-01 0.000000000000000000e+00
5.673189163208007812e-01 6.533339023590087891e-01 6.694949865341186523e-01 6.550216674804687500e-01 5.960635542869567871e-01 0.000000000000000000e+00
-2.494692355394363403e-01 -3.292851746082305908e-01 -3.591203987598419189e-01 -4.296367466449737549e-01 -4.665879607200622559e-01 1.000000000000000000e+00
-1.326809674501419067e-01 -1.655371934175491333e-01 -1.342532038688659668e-01 4.490673914551734924e-02 2.733189053833484650e-02 2.000000000000000000e+00
-2.494692355394363403e-01 -3.292851746082305908e-01 -3.591203987598419189e-01 -4.296367466449737549e-01 -4.665879607200622559e-01 1.000000000000000000e+00
-1.326809674501419067e-01 -1.655371934175491333e-01 -1.342532038688659668e-01 4.490673914551734924e-02 2.733189053833484650e-02 2.000000000000000000e+00
-2.494692355394363403e-01 -3.292851746082305908e-01 -3.591203987598419189e-01 -4.296367466449737549e-01 -4.665879607200622559e-01 1.000000000000000000e+00
-1.326809674501419067e-01 -1.655371934175491333e-01 -1.342532038688659668e-01 4.490673914551734924e-02 2.733189053833484650e-02 2.000000000000000000e+00
-2.494692355394363403e-01 -3.292851746082305908e-01 -3.591203987598419189e-01 -4.296367466449737549e-01 -4.665879607200622559e-01 1.000000000000000000e+00
-1.326809674501419067e-01 -1.655371934175491333e-01 -1.342532038688659668e-01 4.490673914551734924e-02 2.733189053833484650e-02 2.000000000000000000e+00
-2.494692355394363403e-01 -3.292851746082305908e-01 -3.591203987598419189e-01 -4.296367466449737549e-01 -4.665879607200622559e-01 1.000000000000000000e+00
-1.326809674501419067e-01 -1.655371934175491333e-01 -1.342532038688659668e-01 4.490673914551734924e-02 2.733189053833484650e-02 2.000000000000000000e+00
-2.494692355394363403e-01 -3.292851746082305908e-01 -3.591203987598419189e-01 -4.296367466449737549e-01 -4.665879607200622559e-01 1.000000000000000000e+00
-1.326809674501419067e-01 -1.655371934175491333e-01 -1.342532038688659668e-01 4.490673914551734924e-02 2.733189053833484650e-02 2.000000000000000000e+00
-2.494692355394363403e-01 -3.292851746082305908e-01 -3.591203987598419189e-01 -4.296367466449737549e-01 -4.665879607200622559e-01 1.000000000000000000e+00
-1.326809674501419067e-01 -1.655371934175491333e-01 -1.342532038688659668e-01 4.490673914551734924e-02 2.733189053833484650e-02 2.000000000000000000e+00
-2.494692355394363403e-01 -3.292851746082305908e-01 -3.591203987598419189e-01 -4.296367466449737549e-01 -4.665879607200622559e-01 1.000000000000000000e+00
-1.326809674501419067e-01 -1.655371934175491333e-01 -1.342532038688659668e-01 4.490673914551734924e-02 2.733189053833484650e-02 2.000000000000000000e+00
-2.494692355394363403e-01 -3.292851746082305908e-01 -3.591203987598419189e-01 -4.296367466449737549e-01 -4.665879607200622559e-01 1.000000000000000000e+00
-1.326809674501419067e-01 -1.655371934175491333e-01 -1.342532038688659668e-01 4.490673914551734924e-02 2.733189053833484650e-02 2.000000000000000000e+00
-2.494692355394363403e-01 -3.292851746082305908e-01 -3.591203987598419189e-01 -4.296367466449737549e-01 -4.665879607200622559e-01 1.000000000000000000e+00
-1.326809674501419067e-01 -1.655371934175491333e-01 -1.342532038688659668e-01 4.490673914551734924e-02 2.733189053833484650e-02 2.000000000000000000e+00
1.912955939769744873e-01 2.727463245391845703e-01 3.657509684562683105e-01 5.334374308586120605e-01 4.727215170860290527e-01 0.000000000000000000e+00
2.365167587995529175e-01 4.148958623409271240e-01 5.198587775230407715e-01 4.239669144153594971e-01 2.778030633926391602e-01 0.000000000000000000e+00
5.479439496994018555e-01 6.460616588592529297e-01 7.051432132720947266e-01 5.463855266571044922e-01 4.163286089897155762e-01 0.000000000000000000e+00
2.515437006950378418e-01 4.011329114437103271e-01 6.569200158119201660e-01 6.530501246452331543e-01 5.691410303115844727e-01 0.000000000000000000e+00
2.757514417171478271e-01 4.537654817104339600e-01 5.021814107894897461e-01 4.376258552074432373e-01 4.109126329421997070e-01 0.000000000000000000e+00
7.295280694961547852e-01 7.456806898117065430e-01 7.150365114212036133e-01 6.494631767272949219e-01 6.283520460128784180e-01 0.000000000000000000e+00
3.376025259494781494e-01 5.767294168472290039e-01 5.843071341514587402e-01 7.403775453567504883e-01 8.131453990936279297e-01 0.000000000000000000e+00
4.712281823158264160e-01 5.700532197952270508e-01 5.176641941070556641e-01 4.479693472385406494e-01 3.825740516185760498e-01 0.000000000000000000e+00
4.642592370510101318e-01 6.302815675735473633e-01 5.443754792213439941e-01 5.604736208915710449e-01 4.232211709022521973e-01 0.000000000000000000e+00
2.690719366073608398e-01 4.082067906856536865e-01 6.441394686698913574e-01 5.619534850120544434e-01 5.054379105567932129e-01 0.000000000000000000e+00
-7.532760500907897949e-02 -1.836172491312026978e-01 -2.273901104927062988e-01 -6.637013982981443405e-03 1.425892114639282227e-04 0.000000000000000000e+00
-1.381682306528091431e-01 1.655904352664947510e-01 -5.984937027096748352e-02 -9.235326945781707764e-02 -2.189927995204925537e-01 0.000000000000000000e+00
-8.130599558353424072e-02 -1.442107409238815308e-01 -2.790291309356689453e-01 -3.002403676509857178e-01 -3.006059229373931885e-01 0.000000000000000000e+00
1.577460765838623047e-01 6.355362385511398315e-02 1.472913175821304321e-01 1.216930299997329712e-01 8.968973159790039062e-02 0.000000000000000000e+00
7.200229167938232422e-01 6.814562678337097168e-01 7.362020015716552734e-01 7.779176235198974609e-01 7.982748150825500488e-01 0.000000000000000000e+00
6.878017187118530273e-01 7.256897687911987305e-01 6.960543394088745117e-01 8.625175952911376953e-01 8.310652971267700195e-01 0.000000000000000000e+00
5.670021772384643555e-01 6.700735092163085938e-01 5.861319899559020996e-01 6.845352053642272949e-01 6.112496852874755859e-01 0.000000000000000000e+00
6.234439611434936523e-01 6.958207488059997559e-01 7.432979345321655273e-01 8.201888203620910645e-01 7.633064985275268555e-01 0.000000000000000000e+00
4.623112380504608154e-01 6.003404855728149414e-01 7.226464748382568359e-01 7.671060562133789062e-01 6.988009810447692871e-01 0.000000000000000000e+00
5.620509982109069824e-01 6.666328907012939453e-01 8.122826814651489258e-01 8.317348361015319824e-01 7.586324810981750488e-01 0.000000000000000000e+00
5.088652968406677246e-01 6.399371623992919922e-01 8.269976377487182617e-01 8.395171761512756348e-01 8.847362995147705078e-01 0.000000000000000000e+00
6.432516574859619141e-01 5.890958309173583984e-01 6.190959811210632324e-01 6.653985381126403809e-01 6.881136894226074219e-01 0.000000000000000000e+00
4.213413298130035400e-01 5.155679583549499512e-01 5.253272056579589844e-01 5.672808885574340820e-01 6.281256675720214844e-01 0.000000000000000000e+00
5.340559482574462891e-01 6.200191974639892578e-01 5.537123084068298340e-01 5.760477185249328613e-01 5.302060246467590332e-01 0.000000000000000000e+00
7.344506978988647461e-01 8.048464059829711914e-01 7.101088166236877441e-01 6.452155113220214844e-01 6.487953662872314453e-01 0.000000000000000000e+00
7.298074364662170410e-01 7.188496589660644531e-01 7.691875100135803223e-01 6.658151745796203613e-01 6.332589387893676758e-01 0.000000000000000000e+00
6.686055660247802734e-01 7.466785907745361328e-01 8.552669882774353027e-01 8.744340538978576660e-01 7.897404432296752930e-01 0.000000000000000000e+00
6.672750711441040039e-01 7.024285793304443359e-01 7.772933840751647949e-01 8.097327351570129395e-01 7.645276784896850586e-01 0.000000000000000000e+00
6.554446220397949219e-01 6.409606933593750000e-01 7.179669737815856934e-01 8.071261048316955566e-01 9.074157476425170898e-01 0.000000000000000000e+00
2.466465234756469727e-01 6.022764444351196289e-01 6.755979061126708984e-01 8.106076717376708984e-01 7.304539680480957031e-01 0.000000000000000000e+00
1.509999632835388184e-01 1.543322652578353882e-01 4.648658335208892822e-01 5.511306524276733398e-01 1.018602401018142700e-01 0.000000000000000000e+00
4.540540575981140137e-01 4.178840816020965576e-01 1.360646188259124756e-01 6.488636136054992676e-02 1.394307427108287811e-02 0.000000000000000000e+00
-8.136545866727828979e-02 -1.278986632823944092e-01 -1.293767541646957397e-01 7.505625486373901367e-02 5.168517827987670898e-01 0.000000000000000000e+00
2.337822914123535156e-01 1.019549146294593811e-01 4.404395818710327148e-01 -1.056222543120384216e-01 -2.499675378203392029e-02 0.000000000000000000e+00
3.379076123237609863e-01 4.895941317081451416e-01 6.160469055175781250e-01 6.997851729393005371e-01 6.740874648094177246e-01 0.000000000000000000e+00
-3.282153010368347168e-01 -3.385904729366302490e-01 -3.381625711917877197e-01 -3.486958146095275879e-01 -3.590591251850128174e-01 0.000000000000000000e+00
-5.641016364097595215e-02 -1.891834586858749390e-01 -1.893437057733535767e-01 -1.982509791851043701e-01 -3.119491040706634521e-01 0.000000000000000000e+00
1.585883945226669312e-01 2.045813947916030884e-01 3.506928682327270508e-01 2.539878487586975098e-01 3.265513181686401367e-01 0.000000000000000000e+00
-4.448645189404487610e-02 1.477968394756317139e-01 3.927488327026367188e-01 9.852825105190277100e-02 -1.333582848310470581e-01 0.000000000000000000e+00
4.522844851016998291e-01 5.393764972686767578e-01 4.971432089805603027e-01 5.668886899948120117e-01 4.384799003601074219e-01 0.000000000000000000e+00
2.381191104650497437e-01 3.695960640907287598e-01 5.619411468505859375e-01 5.703824758529663086e-01 6.114475727081298828e-01 0.000000000000000000e+00
-3.935391902923583984e-01 -3.832342028617858887e-01 -3.518729209899902344e-01 -2.794294357299804688e-01 -2.724934220314025879e-01 1.000000000000000000e+00
-3.636003732681274414e-01 -3.408121168613433838e-01 -4.142577052116394043e-01 -4.119838774204254150e-01 -4.267314970493316650e-01 2.000000000000000000e+00
-3.935391902923583984e-01 -3.832342028617858887e-01 -3.518729209899902344e-01 -2.794294357299804688e-01 -2.724934220314025879e-01 1.000000000000000000e+00
-3.636003732681274414e-01 -3.408121168613433838e-01 -4.142577052116394043e-01 -4.119838774204254150e-01 -4.267314970493316650e-01 2.000000000000000000e+00
-3.935391902923583984e-01 -3.832342028617858887e-01 -3.518729209899902344e-01 -2.794294357299804688e-01 -2.724934220314025879e-01 1.000000000000000000e+00
-3.636003732681274414e-01 -3.408121168613433838e-01 -4.142577052116394043e-01 -4.119838774204254150e-01 -4.267314970493316650e-01 2.000000000000000000e+00
-3.935391902923583984e-01 -3.832342028617858887e-01 -3.518729209899902344e-01 -2.794294357299804688e-01 -2.724934220314025879e-01 1.000000000000000000e+00
-3.636003732681274414e-01 -3.408121168613433838e-01 -4.142577052116394043e-01 -4.119838774204254150e-01 -4.267314970493316650e-01 2.000000000000000000e+00
-3.935391902923583984e-01 -3.832342028617858887e-01 -3.518729209899902344e-01 -2.794294357299804688e-01 -2.724934220314025879e-01 1.000000000000000000e+00
-3.636003732681274414e-01 -3.408121168613433838e-01 -4.142577052116394043e-01 -4.119838774204254150e-01 -4.267314970493316650e-01 2.000000000000000000e+00
-3.935391902923583984e-01 -3.832342028617858887e-01 -3.518729209899902344e-01 -2.794294357299804688e-01 -2.724934220314025879e-01 1.000000000000000000e+00
-3.636003732681274414e-01 -3.408121168613433838e-01 -4.142577052116394043e-01 -4.119838774204254150e-01 -4.267314970493316650e-01 2.000000000000000000e+00
-3.935391902923583984e-01 -3.832342028617858887e-01 -3.518729209899902344e-01 -2.794294357299804688e-01 -2.724934220314025879e-01 1.000000000000000000e+00
-3.636003732681274414e-01 -3.408121168613433838e-01 -4.142577052116394043e-01 -4.119838774204254150e-01 -4.267314970493316650e-01 2.000000000000000000e+00
-3.935391902923583984e-01 -3.832342028617858887e-01 -3.518729209899902344e-01 -2.794294357299804688e-01 -2.724934220314025879e-01 1.000000000000000000e+00
-3.636003732681274414e-01 -3.408121168613433838e-01 -4.142577052116394043e-01 -4.119838774204254150e-01 -4.267314970493316650e-01 2.000000000000000000e+00
-3.935391902923583984e-01 -3.832342028617858887e-01 -3.518729209899902344e-01 -2.794294357299804688e-01 -2.724934220314025879e-01 1.000000000000000000e+00
-3.636003732681274414e-01 -3.408121168613433838e-01 -4.142577052116394043e-01 -4.119838774204254150e-01 -4.267314970493316650e-01 2.000000000000000000e+00
-3.935391902923583984e-01 -3.832342028617858887e-01 -3.518729209899902344e-01 -2.794294357299804688e-01 -2.724934220314025879e-01 1.000000000000000000e+00
-3.636003732681274414e-01 -3.408121168613433838e-01 -4.142577052116394043e-01 -4.119838774204254150e-01 -4.267314970493316650e-01 2.000000000000000000e+00
2.832963168621063232e-01 2.958263754844665527e-01 2.990051209926605225e-01 3.599802851676940918e-01 3.230982720851898193e-01 0.000000000000000000e+00
3.039675354957580566e-01 3.525906205177307129e-01 3.740992844104766846e-01 4.383680224418640137e-01 4.255673885345458984e-01 0.000000000000000000e+00
3.760073184967041016e-01 3.738560676574707031e-01 4.938239157199859619e-01 4.696530401706695557e-01 4.176820516586303711e-01 0.000000000000000000e+00
2.693454623222351074e-01 2.349817305803298950e-01 2.365597188472747803e-01 2.711384892463684082e-01 2.678310871124267578e-01 0.000000000000000000e+00
8.165083080530166626e-02 2.617366611957550049e-01 2.838200926780700684e-01 2.999981641769409180e-01 3.685986995697021484e-01 0.000000000000000000e+00
2.552433013916015625e-01 2.046383321285247803e-01 2.294919937849044800e-01 2.060137838125228882e-01 2.221903502941131592e-01 0.000000000000000000e+00
1.545011997222900391e-01 1.778075397014617920e-01 3.265067934989929199e-01 3.919793367385864258e-01 2.304958850145339966e-01 0.000000000000000000e+00
9.051808714866638184e-02 6.413213163614273071e-02 4.185900688171386719e-01 6.334766149520874023e-01 4.898482263088226318e-01 0.000000000000000000e+00
3.087765872478485107e-01 5.898389816284179688e-01 5.900418758392333984e-01 6.443896293640136719e-01 6.787973642349243164e-01 0.000000000000000000e+00
6.939435005187988281e-01 8.306102752685546875e-01 8.214079737663269043e-01 5.673414468765258789e-01 7.157107591629028320e-01 0.000000000000000000e+00
6.115123033523559570e-01 6.111791133880615234e-01 6.052459478378295898e-01 5.238803029060363770e-01 7.050458788871765137e-01 0.000000000000000000e+00
3.421512246131896973e-01 2.406761497259140015e-01 3.467283844947814941e-01 5.119908452033996582e-01 4.179901182651519775e-01 0.000000000000000000e+00
2.625593543052673340e-01 1.618731170892715454e-01 2.542930245399475098e-01 3.321442008018493652e-01 3.144170045852661133e-01 0.000000000000000000e+00
4.035961329936981201e-01 3.911550343036651611e-01 1.982089728116989136e-01 2.776485681533813477e-01 2.878192663192749023e-01 0.000000000000000000e+00
2.330210208892822266e-01 3.261641263961791992e-01 4.815525710582733154e-01 4.996704757213592529e-01 5.578951835632324219e-01 0.000000000000000000e+00
6.413662433624267578e-01 6.757736206054687500e-01 7.262935638427734375e-01 6.673060655593872070e-01 5.614274144172668457e-01 0.000000000000000000e+00
6.879941225051879883e-01 7.899244427680969238e-01 7.562465667724609375e-01 7.724339962005615234e-01 7.069256305694580078e-01 0.000000000000000000e+00
5.839126110076904297e-01 6.343047618865966797e-01 6.853595972061157227e-01 7.336957454681396484e-01 7.646331191062927246e-01 0.000000000000000000e+00
6.219258308410644531e-01 5.204754471778869629e-01 6.232838630676269531e-01 5.888237953186035156e-01 6.700737476348876953e-01 0.000000000000000000e+00
5.269287824630737305e-01 5.510685443878173828e-01 4.813810884952545166e-01 6.333127021789550781e-01 5.372540950775146484e-01 0.000000000000000000e+00
4.992468953132629395e-01 7.080349326133728027e-01 7.344433069229125977e-01 8.242701292037963867e-01 6.953126192092895508e-01 0.000000000000000000e+00
6.423827409744262695e-01 5.925693511962890625e-01 6.784372329711914062e-01 5.767909288406372070e-01 6.940544843673706055e-01 0.000000000000000000e+00
5.164206624031066895e-01 5.332121849060058594e-01 6.572906970977783203e-01 7.408261299133300781e-01 7.719602584838867188e-01 0.000000000000000000e+00
7.554680705070495605e-01 7.711694836616516113e-01 6.035301089286804199e-01 5.684100389480590820e-01 6.759936809539794922e-01 0.000000000000000000e+00
6.532840132713317871e-01 6.838591098785400391e-01 7.929494976997375488e-01 7.211696505546569824e-01 7.181850671768188477e-01 0.000000000000000000e+00
4.895502626895904541e-01 6.657797098159790039e-01 7.152090668678283691e-01 6.747386455535888672e-01 7.432670593261718750e-01 0.000000000000000000e+00
4.388355314731597900e-01 5.791740417480468750e-01 6.195068359375000000e-01 7.528589367866516113e-01 7.958787679672241211e-01 0.000000000000000000e+00
6.891900300979614258e-01 7.294906377792358398e-01 7.323089838027954102e-01 6.445050239562988281e-01 5.881438255310058594e-01 0.000000000000000000e+00
8.247879743576049805e-01 8.973792195320129395e-01 9.242508411407470703e-01 9.097133278846740723e-01 9.250066876411437988e-01 0.000000000000000000e+00
8.762406110763549805e-01 8.699346780776977539e-01 8.989089727401733398e-01 9.101262092590332031e-01 9.053237438201904297e-01 0.000000000000000000e+00
8.605430126190185547e-01 8.951706290245056152e-01 9.227054119110107422e-01 9.285089969635009766e-01 9.105934500694274902e-01 0.000000000000000000e+00
7.960659265518188477e-01 8.760889172554016113e-01 8.954624533653259277e-01 9.033243656158447266e-01 9.153285026550292969e-01 0.000000000000000000e+00
7.139211893081665039e-01 7.598332166671752930e-01 7.550793290138244629e-01 7.433174252510070801e-01 8.462706804275512695e-01 0.000000000000000000e+00
7.814042568206787109e-01 7.913236021995544434e-01 7.208847999572753906e-01 8.271437287330627441e-01 8.593102097511291504e-01 0.000000000000000000e+00
8.318784236907958984e-01 9.272526502609252930e-01 9.463791847229003906e-01 9.510120153427124023e-01 9.465067386627197266e-01 0.000000000000000000e+00
3.797281682491302490e-01 6.327884793281555176e-01 5.709162950515747070e-01 6.387902498245239258e-01 5.960549116134643555e-01 0.000000000000000000e+00
2.142600864171981812e-01 3.864378035068511963e-01 4.588926434516906738e-01 6.545773744583129883e-01 5.953388214111328125e-01 0.000000000000000000e+00
7.614886760711669922e-01 7.799547910690307617e-01 7.232530713081359863e-01 5.628488063812255859e-01 5.766775608062744141e-01 0.000000000000000000e+00
7.783242464065551758e-01 8.326460123062133789e-01 8.839623928070068359e-01 9.047110676765441895e-01 9.319866299629211426e-01 0.000000000000000000e+00
6.255298852920532227e-01 7.533815503120422363e-01 8.348391056060791016e-01 8.468841314315795898e-01 8.773986101150512695e-01 0.000000000000000000e+00
7.780374288558959961e-01 8.212108016014099121e-01 8.613935112953186035e-01 8.204634189605712891e-01 8.594490885734558105e-01 0.000000000000000000e+00
6.877621412277221680e-01 5.644304752349853516e-01 6.903136968612670898e-01 7.335050106048583984e-01 7.704734802246093750e-01 0.000000000000000000e+00
4.238280653953552246e-01 1.849450767040252686e-01 2.522595226764678955e-01 -1.355346012860536575e-02 3.544598817825317383e-03 1.000000000000000000e+00
5.908778309822082520e-01 7.773795127868652344e-01 7.962914705276489258e-01 8.325966596603393555e-01 8.148795366287231445e-01 2.000000000000000000e+00
4.238280653953552246e-01 1.849450767040252686e-01 2.522595226764678955e-01 -1.355346012860536575e-02 3.544598817825317383e-03 1.000000000000000000e+00
5.908778309822082520e-01 7.773795127868652344e-01 7.962914705276489258e-01 8.325966596603393555e-01 8.148795366287231445e-01 2.000000000000000000e+00
4.238280653953552246e-01 1.849450767040252686e-01 2.522595226764678955e-01 -1.355346012860536575e-02 3.544598817825317383e-03 1.000000000000000000e+00
5.908778309822082520e-01 7.773795127868652344e-01 7.962914705276489258e-01 8.325966596603393555e-01 8.148795366287231445e-01 2.000000000000000000e+00
4.238280653953552246e-01 1.849450767040252686e-01 2.522595226764678955e-01 -1.355346012860536575e-02 3.544598817825317383e-03 1.000000000000000000e+00
5.908778309822082520e-01 7.773795127868652344e-01 7.962914705276489258e-01 8.325966596603393555e-01 8.148795366287231445e-01 2.000000000000000000e+00
4.238280653953552246e-01 1.849450767040252686e-01 2.522595226764678955e-01 -1.355346012860536575e-02 3.544598817825317383e-03 1.000000000000000000e+00
5.908778309822082520e-01 7.773795127868652344e-01 7.962914705276489258e-01 8.325966596603393555e-01 8.148795366287231445e-01 2.000000000000000000e+00
4.238280653953552246e-01 1.849450767040252686e-01 2.522595226764678955e-01 -1.355346012860536575e-02 3.544598817825317383e-03 1.000000000000000000e+00
5.908778309822082520e-01 7.773795127868652344e-01 7.962914705276489258e-01 8.325966596603393555e-01 8.148795366287231445e-01 2.000000000000000000e+00
4.238280653953552246e-01 1.849450767040252686e-01 2.522595226764678955e-01 -1.355346012860536575e-02 3.544598817825317383e-03 1.000000000000000000e+00
5.908778309822082520e-01 7.773795127868652344e-01 7.962914705276489258e-01 8.325966596603393555e-01 8.148795366287231445e-01 2.000000000000000000e+00
4.238280653953552246e-01 1.849450767040252686e-01 2.522595226764678955e-01 -1.355346012860536575e-02 3.544598817825317383e-03 1.000000000000000000e+00
5.908778309822082520e-01 7.773795127868652344e-01 7.962914705276489258e-01 8.325966596603393555e-01 8.148795366287231445e-01 2.000000000000000000e+00
4.238280653953552246e-01 1.849450767040252686e-01 2.522595226764678955e-01 -1.355346012860536575e-02 3.544598817825317383e-03 1.000000000000000000e+00
5.908778309822082520e-01 7.773795127868652344e-01 7.962914705276489258e-01 8.325966596603393555e-01 8.148795366287231445e-01 2.000000000000000000e+00
4.238280653953552246e-01 1.849450767040252686e-01 2.522595226764678955e-01 -1.355346012860536575e-02 3.544598817825317383e-03 1.000000000000000000e+00
5.908778309822082520e-01 7.773795127868652344e-01 7.962914705276489258e-01 8.325966596603393555e-01 8.148795366287231445e-01 2.000000000000000000e+00
6.668741106986999512e-01 8.231337070465087891e-01 8.596907258033752441e-01 8.677967190742492676e-01 7.783117294311523438e-01 0.000000000000000000e+00
6.073294878005981445e-01 6.043447256088256836e-01 6.813744306564331055e-01 7.838460206985473633e-01 7.139755487442016602e-01 0.000000000000000000e+00
7.702347636222839355e-01 9.011021852493286133e-01 9.349169731140136719e-01 9.376919269561767578e-01 9.390406608581542969e-01 0.000000000000000000e+00
4.960122406482696533e-01 6.221745610237121582e-01 8.461244106292724609e-01 7.822841405868530273e-01 8.685672283172607422e-01 0.000000000000000000e+00
8.364138603210449219e-01 8.951548933982849121e-01 8.306230306625366211e-01 8.721687197685241699e-01 8.501906394958496094e-01 0.000000000000000000e+00
9.213665127754211426e-01 9.380387663841247559e-01 9.435082674026489258e-01 9.531272649765014648e-01 9.164296984672546387e-01 0.000000000000000000e+00
9.016843438148498535e-01 9.384161233901977539e-01 9.565738439559936523e-01 9.813560247421264648e-01 9.828905463218688965e-01 0.000000000000000000e+00
5.503431558609008789e-01 3.910048007965087891e-01 4.609017670154571533e-01 3.413883447647094727e-01 5.495132207870483398e-01 1.000000000000000000e+00
6.917027235031127930e-01 7.796365618705749512e-01 7.299388647079467773e-01 6.126501560211181641e-01 7.444771528244018555e-01 2.000000000000000000e+00
5.503431558609008789e-01 3.910048007965087891e-01 4.609017670154571533e-01 3.413883447647094727e-01 5.495132207870483398e-01 1.000000000000000000e+00
6.917027235031127930e-01 7.796365618705749512e-01 7.299388647079467773e-01 6.126501560211181641e-01 7.444771528244018555e-01 2.000000000000000000e+00
5.503431558609008789e-01 3.910048007965087891e-01 4.609017670154571533e-01 3.413883447647094727e-01 5.495132207870483398e-01 1.000000000000000000e+00
6.917027235031127930e-01 7.796365618705749512e-01 7.299388647079467773e-01 6.126501560211181641e-01 7.444771528244018555e-01 2.000000000000000000e+00
5.503431558609008789e-01 3.910048007965087891e-01 4.609017670154571533e-01 3.413883447647094727e-01 5.495132207870483398e-01 1.000000000000000000e+00
6.917027235031127930e-01 7.796365618705749512e-01 7.299388647079467773e-01 6.126501560211181641e-01 7.444771528244018555e-01 2.000000000000000000e+00
5.503431558609008789e-01 3.910048007965087891e-01 4.609017670154571533e-01 3.413883447647094727e-01 5.495132207870483398e-01 1.000000000000000000e+00
6.917027235031127930e-01 7.796365618705749512e-01 7.299388647079467773e-01 6.126501560211181641e-01 7.444771528244018555e-01 2.000000000000000000e+00
5.503431558609008789e-01 3.910048007965087891e-01 4.609017670154571533e-01 3.413883447647094727e-01 5.495132207870483398e-01 1.000000000000000000e+00
6.917027235031127930e-01 7.796365618705749512e-01 7.299388647079467773e-01 6.126501560211181641e-01 7.444771528244018555e-01 2.000000000000000000e+00
5.503431558609008789e-01 3.910048007965087891e-01 4.609017670154571533e-01 3.413883447647094727e-01 5.495132207870483398e-01 1.000000000000000000e+00
6.917027235031127930e-01 7.796365618705749512e-01 7.299388647079467773e-01 6.126501560211181641e-01 7.444771528244018555e-01 2.000000000000000000e+00
5.503431558609008789e-01 3.910048007965087891e-01 4.609017670154571533e-01 3.413883447647094727e-01 5.495132207870483398e-01 1.000000000000000000e+00
6.917027235031127930e-01 7.796365618705749512e-01 7.299388647079467773e-01 6.126501560211181641e-01 7.444771528244018555e-01 2.000000000000000000e+00
5.503431558609008789e-01 3.910048007965087891e-01 4.609017670154571533e-01 3.413883447647094727e-01 5.495132207870483398e-01 1.000000000000000000e+00
6.917027235031127930e-01 7.796365618705749512e-01 7.299388647079467773e-01 6.126501560211181641e-01 7.444771528244018555e-01 2.000000000000000000e+00
5.503431558609008789e-01 3.910048007965087891e-01 4.609017670154571533e-01 3.413883447647094727e-01 5.495132207870483398e-01 1.000000000000000000e+00
6.917027235031127930e-01 7.796365618705749512e-01 7.299388647079467773e-01 6.126501560211181641e-01 7.444771528244018555e-01 2.000000000000000000e+00
7.356654405593872070e-01 7.859493494033813477e-01 8.024047613143920898e-01 7.677024602890014648e-01 6.938637495040893555e-01 0.000000000000000000e+00
8.031023740768432617e-01 8.894144296646118164e-01 9.037885069847106934e-01 8.980799913406372070e-01 8.988376259803771973e-01 0.000000000000000000e+00
5.532150268554687500e-01 7.535197138786315918e-01 8.444162607192993164e-01 8.547195196151733398e-01 8.746865987777709961e-01 0.000000000000000000e+00
4.811749160289764404e-01 6.658185124397277832e-01 6.861058473587036133e-01 7.946645617485046387e-01 8.186157941818237305e-01 0.000000000000000000e+00
5.799796581268310547e-01 6.103527545928955078e-01 7.165883183479309082e-01 6.495432853698730469e-01 7.723085284233093262e-01 0.000000000000000000e+00
3.607012033462524414e-01 4.208719432353973389e-01 6.391599178314208984e-01 6.815903186798095703e-01 8.316776752471923828e-01 0.000000000000000000e+00
-4.823438078165054321e-02 3.689859509468078613e-01 3.892155289649963379e-01 1.420593261718750000e-01 7.729079723358154297e-01 0.000000000000000000e+00
5.452761054039001465e-01 7.337263226509094238e-01 8.432665467262268066e-01 8.450285792350769043e-01 8.459011316299438477e-01 0.000000000000000000e+00
3.912990391254425049e-01 6.877610683441162109e-01 7.894195914268493652e-01 8.530394434928894043e-01 8.379853963851928711e-01 0.000000000000000000e+00
4.751937985420227051e-01 7.849278450012207031e-01 7.716467380523681641e-01 7.965193986892700195e-01 7.677922248840332031e-01 0.000000000000000000e+00
6.076387166976928711e-01 7.894842624664306641e-01 8.186247348785400391e-01 7.695667147636413574e-01 6.985533237457275391e-01 0.000000000000000000e+00
5.799803137779235840e-01 7.443888187408447266e-01 6.959178447723388672e-01 5.753955841064453125e-01 5.886830091476440430e-01 0.000000000000000000e+00
6.951514482498168945e-01 8.130429983139038086e-01 8.490676879882812500e-01 8.349504470825195312e-01 9.007371068000793457e-01 0.000000000000000000e+00
7.754576802253723145e-01 8.747583627700805664e-01 7.912154197692871094e-01 7.857857942581176758e-01 8.385559916496276855e-01 0.000000000000000000e+00
2.793904840946197510e-01 1.256768256425857544e-01 3.524978458881378174e-01 6.296786069869995117e-01 8.209024667739868164e-01 0.000000000000000000e+00
1.612762808799743652e-01 2.927587032318115234e-01 1.626075506210327148e-01 5.419458150863647461e-01 4.623840451240539551e-01 0.000000000000000000e+00
2.072045505046844482e-01 1.306682974100112915e-01 4.603025317192077637e-02 1.667781323194503784e-01 1.900305896997451782e-01 0.000000000000000000e+00
3.518458902835845947e-01 4.573439359664916992e-01 5.303175449371337891e-01 6.094858646392822266e-01 5.300521850585937500e-01 0.000000000000000000e+00
5.674889087677001953e-01 6.481844186782836914e-01 5.759385824203491211e-01 5.923882126808166504e-01 5.607518553733825684e-01 0.000000000000000000e+00
6.827825307846069336e-01 7.150213718414306641e-01 7.309123277664184570e-01 6.971644163131713867e-01 6.779111027717590332e-01 0.000000000000000000e+00
7.422451376914978027e-01 7.696555852890014648e-01 8.192154169082641602e-01 7.984073162078857422e-01 7.720330953598022461e-01 0.000000000000000000e+00
7.955258488655090332e-01 8.396155834197998047e-01 8.948322534561157227e-01 9.087516069412231445e-01 8.748528361320495605e-01 0.000000000000000000e+00
3.582076430320739746e-01 6.104289293289184570e-01 7.578874826431274414e-01 8.588804006576538086e-01 8.488795161247253418e-01 0.000000000000000000e+00
1.953167468309402466e-01 3.854564726352691650e-01 5.251281261444091797e-01 4.677087664604187012e-01 4.320044219493865967e-01 0.000000000000000000e+00
7.370499521493911743e-02 6.910616159439086914e-02 2.027911096811294556e-01 1.945594847202301025e-01 2.763854563236236572e-01 0.000000000000000000e+00
4.174590110778808594e-01 3.672580420970916748e-01 4.930486977100372314e-01 5.342964529991149902e-01 3.833849430084228516e-01 0.000000000000000000e+00
4.349169433116912842e-01 7.854079008102416992e-01 8.112760186195373535e-01 7.639443278312683105e-01 6.238089799880981445e-01 0.000000000000000000e+00
6.038001775741577148e-01 5.602992177009582520e-01 5.158109068870544434e-01 4.723266065120697021e-01 6.071883440017700195e-01 0.000000000000000000e+00
6.543756723403930664e-01 7.462967634201049805e-01 6.765007376670837402e-01 7.218970060348510742e-01 5.817847251892089844e-01 0.000000000000000000e+00
5.346674919128417969e-01 5.842734575271606445e-01 5.897386074066162109e-01 5.934237837791442871e-01 6.336209774017333984e-01 0.000000000000000000e+00
5.489563941955566406e-01 7.171266078948974609e-01 7.133517265319824219e-01 6.131249666213989258e-01 6.406593918800354004e-01 0.000000000000000000e+00
2.480951696634292603e-01 5.667570829391479492e-01 7.475825548171997070e-01 8.446992039680480957e-01 7.911646366119384766e-01 0.000000000000000000e+00
1.544822156429290771e-01 2.061112970113754272e-01 1.534970253705978394e-01 1.602219194173812866e-01 2.253637462854385376e-01 0.000000000000000000e+00
-1.669558696448802948e-02 3.068611919879913330e-01 4.085224568843841553e-01 3.941809535026550293e-01 4.533460438251495361e-01 0.000000000000000000e+00
5.498859882354736328e-01 6.542423963546752930e-01 7.168804407119750977e-01 5.723028182983398438e-01 4.103602468967437744e-01 0.000000000000000000e+00
3.372327387332916260e-01 5.075114369392395020e-01 5.851456522941589355e-01 5.715084671974182129e-01 5.225037932395935059e-01 0.000000000000000000e+00
4.794119298458099365e-01 6.394406557083129883e-01 5.504995584487915039e-01 5.501211881637573242e-01 6.415243148803710938e-01 0.000000000000000000e+00
4.363900423049926758e-01 4.845059216022491455e-01 5.735591650009155273e-01 4.604613184928894043e-01 6.470335125923156738e-01 0.000000000000000000e+00
5.407593250274658203e-01 6.497396826744079590e-01 5.885387659072875977e-01 6.636044383049011230e-01 6.879768371582031250e-01 0.000000000000000000e+00
3.023812472820281982e-01 1.588037908077239990e-01 -1.577372476458549500e-02 9.388155490159988403e-02 3.200602531433105469e-01 0.000000000000000000e+00
4.178950786590576172e-01 5.281836986541748047e-01 5.508295297622680664e-01 4.930379986763000488e-01 2.797135114669799805e-01 0.000000000000000000e+00
