1.872661560773849487e-01 2.030337452888488770e-01 1.962115019559860229e-01 1.847430169582366943e-01 1.989575475454330444e-01 0.000000000000000000e+00
2.749508321285247803e-01 3.136216998100280762e-01 2.825193107128143311e-01 2.994458675384521484e-01 2.970869243144989014e-01 0.000000000000000000e+00
2.803103923797607422e-01 3.220159113407135010e-01 3.222247958183288574e-01 3.394110798835754395e-01 3.561398684978485107e-01 0.000000000000000000e+00
2.831855118274688721e-01 3.052673637866973877e-01 3.215746581554412842e-01 3.501008152961730957e-01 3.813224434852600098e-01 0.000000000000000000e+00
2.920304536819458008e-01 2.930828630924224854e-01 3.060745298862457275e-01 3.307442069053649902e-01 3.550732731819152832e-01 0.000000000000000000e+00
1.921516358852386475e-01 2.616571784019470215e-01 2.819491028785705566e-01 3.099624514579772949e-01 3.405236303806304932e-01 0.000000000000000000e+00
2.031186521053314209e-01 2.110376656055450439e-01 2.356861680746078491e-01 2.354327291250228882e-01 2.390538156032562256e-01 0.000000000000000000e+00
2.130198776721954346e-01 2.425949126482009888e-01 2.387636154890060425e-01 2.515326142311096191e-01 2.558812201023101807e-01 0.000000000000000000e+00
2.203807979822158813e-01 2.420223802328109741e-01 2.556087374687194824e-01 2.541345953941345215e-01 2.628984451293945312e-01 0.000000000000000000e+00
2.188004106283187866e-01 2.337429523468017578e-01 2.492442429065704346e-01 2.534507811069488525e-01 2.677736282348632812e-01 0.000000000000000000e+00
2.361944913864135742e-01 2.475263029336929321e-01 2.775699496269226074e-01 2.910134792327880859e-01 2.796221971511840820e-01 0.000000000000000000e+00
2.342556118965148926e-01 2.479675114154815674e-01 2.585106492042541504e-01 2.828646898269653320e-01 2.871900200843811035e-01 0.000000000000000000e+00
2.179965823888778687e-01 2.293247729539871216e-01 2.404643893241882324e-01 2.643604576587677002e-01 2.721191346645355225e-01 0.000000000000000000e+00
2.219021469354629517e-01 2.214892506599426270e-01 2.042291313409805298e-01 2.589503228664398193e-01 2.593768835067749023e-01 0.000000000000000000e+00
1.600299179553985596e-01 8.657450973987579346e-02 1.514742374420166016e-01 1.677670180797576904e-01 1.861557811498641968e-01 0.000000000000000000e+00
2.256827652454376221e-01 2.306949347257614136e-01 2.077216207981109619e-01 7.256630808115005493e-02 1.776468008756637573e-01 0.000000000000000000e+00
2.316114753484725952e-01 2.804200351238250732e-01 2.662147581577301025e-01 2.790369093418121338e-01 2.104930728673934937e-01 0.000000000000000000e+00
2.445999383926391602e-01 2.833729684352874756e-01 3.025997281074523926e-01 3.092563152313232422e-01 3.091288208961486816e-01 0.000000000000000000e+00
2.103950083255767822e-01 2.631428241729736328e-01 2.756015062332153320e-01 2.808944284915924072e-01 2.710035741329193115e-01 0.000000000000000000e+00
2.025294452905654907e-01 2.311598807573318481e-01 2.194474935531616211e-01 2.581380009651184082e-01 2.418756335973739624e-01 0.000000000000000000e+00
1.791376471519470215e-01 1.964253038167953491e-01 2.106814831495285034e-01 2.174486666917800903e-01 2.233658730983734131e-01 0.000000000000000000e+00
3.081907033920288086e-01 3.584243059158325195e-01 3.447607457637786865e-01 3.254978358745574951e-01 3.288508355617523193e-01 0.000000000000000000e+00
3.138619661331176758e-01 3.840712308883666992e-01 3.969131708145141602e-01 3.765121400356292725e-01 3.784285187721252441e-01 0.000000000000000000e+00
1.932135820388793945e-01 3.040775656700134277e-01 3.232093155384063721e-01 3.689538836479187012e-01 3.548364937305450439e-01 0.000000000000000000e+00
2.203426063060760498e-01 2.416415661573410034e-01 2.447734624147415161e-01 3.797665536403656006e-01 3.335693180561065674e-01 0.000000000000000000e+00
-4.892104119062423706e-02 6.507121026515960693e-02 1.297686994075775146e-01 3.644057810306549072e-01 3.216692805290222168e-01 0.000000000000000000e+00
1.190243065357208252e-01 1.182498857378959656e-01 1.218160316348075867e-01 1.480098217725753784e-01 1.824294775724411011e-01 0.000000000000000000e+00
1.259310692548751831e-01 1.469067037105560303e-01 1.375495046377182007e-01 1.442106217145919800e-01 1.906005293130874634e-01 0.000000000000000000e+00
3.523797988891601562e-01 3.686946630477905273e-01 4.081482887268066406e-01 4.491051435470581055e-01 5.619718432426452637e-01 0.000000000000000000e+00
3.020613491535186768e-01 3.283178210258483887e-01 3.433692753314971924e-01 4.534282982349395752e-01 4.933911859989166260e-01 0.000000000000000000e+00
2.695103287696838379e-01 4.174643754959106445e-01 4.720568656921386719e-01 5.361802577972412109e-01 5.329277515411376953e-01 0.000000000000000000e+00
2.094607353210449219e-01 3.592126667499542236e-01 4.828974604606628418e-01 4.954114854335784912e-01 5.012635588645935059e-01 0.000000000000000000e+00
8.057470619678497314e-02 1.775289624929428101e-01 2.550777196884155273e-01 2.865605354309082031e-01 3.640121817588806152e-01 0.000000000000000000e+00
1.296676397323608398e-01 1.299702525138854980e-01 3.526495769619941711e-02 9.154073148965835571e-02 8.210793882608413696e-02 0.000000000000000000e+00
1.402455121278762817e-01 1.730400919914245605e-01 1.969795227050781250e-01 1.773059070110321045e-01 2.225161641836166382e-01 0.000000000000000000e+00
5.490997061133384705e-02 1.817144453525543213e-01 1.954257935285568237e-01 1.762789487838745117e-01 1.682173460721969604e-01 0.000000000000000000e+00
1.866521984338760376e-01 1.974739730358123779e-01 1.858043223619461060e-01 1.833009123802185059e-01 1.696002036333084106e-01 0.000000000000000000e+00
1.714135557413101196e-01 1.573356240987777710e-01 1.336376518011093140e-01 1.281825900077819824e-01 1.751550734043121338e-01 0.000000000000000000e+00
1.461580842733383179e-01 1.852496117353439331e-01 1.801082789897918701e-01 1.922146975994110107e-01 1.979820132255554199e-01 0.000000000000000000e+00
1.680774986743927002e-01 2.157963961362838745e-01 2.103202641010284424e-01 2.085610032081604004e-01 2.002446353435516357e-01 0.000000000000000000e+00
2.088258415460586548e-01 1.679951846599578857e-01 1.776541471481323242e-01 1.530443727970123291e-01 1.773563623428344727e-01 0.000000000000000000e+00
1.760495454072952271e-01 1.280303299427032471e-01 1.943473070859909058e-01 1.213633492588996887e-01 1.955823749303817749e-01 0.000000000000000000e+00
-1.813227236270904541e-01 -4.657084494829177856e-02 -4.546190425753593445e-02 -1.916139721870422363e-01 -3.355965316295623779e-01 1.000000000000000000e+00
-8.752202242612838745e-02 -1.782812327146530151e-01 -1.322840303182601929e-01 6.332632154226303101e-02 4.144201427698135376e-02 2.000000000000000000e+00
-1.813227236270904541e-01 -4.657084494829177856e-02 -4.546190425753593445e-02 -1.916139721870422363e-01 -3.355965316295623779e-01 1.000000000000000000e+00
-8.752202242612838745e-02 -1.782812327146530151e-01 -1.322840303182601929e-01 6.332632154226303101e-02 4.144201427698135376e-02 2.000000000000000000e+00
-1.813227236270904541e-01 -4.657084494829177856e-02 -4.546190425753593445e-02 -1.916139721870422363e-01 -3.355965316295623779e-01 1.000000000000000000e+00
-8.752202242612838745e-02 -1.782812327146530151e-01 -1.322840303182601929e-01 6.332632154226303101e-02 4.144201427698135376e-02 2.000000000000000000e+00
-1.813227236270904541e-01 -4.657084494829177856e-02 -4.546190425753593445e-02 -1.916139721870422363e-01 -3.355965316295623779e-01 1.000000000000000000e+00
-8.752202242612838745e-02 -1.782812327146530151e-01 -1.322840303182601929e-01 6.332632154226303101e-02 4.144201427698135376e-02 2.000000000000000000e+00
-1.813227236270904541e-01 -4.657084494829177856e-02 -4.546190425753593445e-02 -1.916139721870422363e-01 -3.355965316295623779e-01 1.000000000000000000e+00
-8.752202242612838745e-02 -1.782812327146530151e-01 -1.322840303182601929e-01 6.332632154226303101e-02 4.144201427698135376e-02 2.000000000000000000e+00
-1.813227236270904541e-01 -4.657084494829177856e-02 -4.546190425753593445e-02 -1.916139721870422363e-01 -3.355965316295623779e-01 1.000000000000000000e+00
-8.752202242612838745e-02 -1.782812327146530151e-01 -1.322840303182601929e-01 6.332632154226303101e-02 4.144201427698135376e-02 2.000000000000000000e+00
-1.813227236270904541e-01 -4.657084494829177856e-02 -4.546190425753593445e-02 -1.916139721870422363e-01 -3.355965316295623779e-01 1.000000000000000000e+00
-8.752202242612838745e-02 -1.782812327146530151e-01 -1.322840303182601929e-01 6.332632154226303101e-02 4.144201427698135376e-02 2.000000000000000000e+00
-1.813227236270904541e-01 -4.657084494829177856e-02 -4.546190425753593445e-02 -1.916139721870422363e-01 -3.355965316295623779e-01 1.000000000000000000e+00
-8.752202242612838745e-02 -1.782812327146530151e-01 -1.322840303182601929e-01 6.332632154226303101e-02 4.144201427698135376e-02 2.000000000000000000e+00
-1.813227236270904541e-01 -4.657084494829177856e-02 -4.546190425753593445e-02 -1.916139721870422363e-01 -3.355965316295623779e-01 1.000000000000000000e+00
-8.752202242612838745e-02 -1.782812327146530151e-01 -1.322840303182601929e-01 6.332632154226303101e-02 4.144201427698135376e-02 2.000000000000000000e+00
-1.813227236270904541e-01 -4.657084494829177856e-02 -4.546190425753593445e-02 -1.916139721870422363e-01 -3.355965316295623779e-01 1.000000000000000000e+00
-8.752202242612838745e-02 -1.782812327146530151e-01 -1.322840303182601929e-01 6.332632154226303101e-02 4.144201427698135376e-02 2.000000000000000000e+00
1.682182103395462036e-01 2.505595386028289795e-01 2.930079996585845947e-01 3.231256902217864990e-01 3.328391015529632568e-01 0.000000000000000000e+00
2.376661151647567749e-01 2.527557015419006348e-01 2.767766118049621582e-01 2.682616710662841797e-01 2.565676271915435791e-01 0.000000000000000000e+00
2.301664948463439941e-01 2.751191854476928711e-01 3.227920234203338623e-01 3.720022439956665039e-01 3.793531954288482666e-01 0.000000000000000000e+00
2.225388139486312866e-01 2.788292169570922852e-01 3.266966044902801514e-01 3.100692629814147949e-01 3.127664625644683838e-01 0.000000000000000000e+00
1.857650727033615112e-01 2.296136170625686646e-01 2.546790242195129395e-01 2.595746815204620361e-01 3.286886513233184814e-01 0.000000000000000000e+00
2.437858283519744873e-01 2.862097620964050293e-01 2.971951365470886230e-01 2.978988289833068848e-01 2.947526574134826660e-01 0.000000000000000000e+00
1.922152936458587646e-01 2.809012830257415771e-01 3.200891315937042236e-01 2.991931438446044922e-01 2.532657682895660400e-01 0.000000000000000000e+00
2.177581787109375000e-01 2.558822929859161377e-01 2.773997485637664795e-01 3.023764193058013916e-01 3.155528604984283447e-01 0.000000000000000000e+00
1.411054134368896484e-01 1.993819326162338257e-01 2.391166239976882935e-01 2.674188911914825439e-01 2.726310789585113525e-01 0.000000000000000000e+00
2.039828896522521973e-01 2.272625416517257690e-01 2.513695955276489258e-01 2.634410560131072998e-01 2.729379236698150635e-01 0.000000000000000000e+00
2.000921368598937988e-01 2.143057286739349365e-01 2.242217063903808594e-01 2.292705178260803223e-01 2.449034899473190308e-01 0.000000000000000000e+00
1.995966583490371704e-01 2.137410491704940796e-01 2.314071804285049438e-01 2.429517060518264771e-01 2.501525878906250000e-01 0.000000000000000000e+00
1.985130608081817627e-01 2.132307738065719604e-01 2.257377207279205322e-01 2.347458302974700928e-01 2.397199422121047974e-01 0.000000000000000000e+00
1.989692300558090210e-01 2.106695622205734253e-01 2.252504527568817139e-01 2.370184659957885742e-01 2.400782406330108643e-01 0.000000000000000000e+00
1.945992261171340942e-01 2.688111662864685059e-01 2.518807351589202881e-01 2.477050423622131348e-01 3.328876495361328125e-01 0.000000000000000000e+00
1.843280792236328125e-01 2.526709437370300293e-01 2.971707880496978760e-01 2.785250544548034668e-01 3.062815964221954346e-01 0.000000000000000000e+00
1.434938162565231323e-01 1.694733947515487671e-01 2.834505140781402588e-01 3.190175294876098633e-01 3.228614926338195801e-01 0.000000000000000000e+00
1.871910989284515381e-01 2.307167649269104004e-01 2.627722620964050293e-01 2.533816993236541748e-01 2.618144750595092773e-01 0.000000000000000000e+00
1.942300200462341309e-01 2.278212010860443115e-01 2.340028882026672363e-01 2.467698305845260620e-01 2.617726922035217285e-01 0.000000000000000000e+00
1.801387667655944824e-01 1.706652492284774780e-01 1.615140587091445923e-01 2.115251123905181885e-01 3.143684566020965576e-01 1.000000000000000000e+00
8.763188123703002930e-02 1.519435197114944458e-01 2.820558249950408936e-01 3.494865298271179199e-01 4.025894105434417725e-01 2.000000000000000000e+00
1.801387667655944824e-01 1.706652492284774780e-01 1.615140587091445923e-01 2.115251123905181885e-01 3.143684566020965576e-01 1.000000000000000000e+00
8.763188123703002930e-02 1.519435197114944458e-01 2.820558249950408936e-01 3.494865298271179199e-01 4.025894105434417725e-01 2.000000000000000000e+00
1.801387667655944824e-01 1.706652492284774780e-01 1.615140587091445923e-01 2.115251123905181885e-01 3.143684566020965576e-01 1.000000000000000000e+00
8.763188123703002930e-02 1.519435197114944458e-01 2.820558249950408936e-01 3.494865298271179199e-01 4.025894105434417725e-01 2.000000000000000000e+00
1.801387667655944824e-01 1.706652492284774780e-01 1.615140587091445923e-01 2.115251123905181885e-01 3.143684566020965576e-01 1.000000000000000000e+00
8.763188123703002930e-02 1.519435197114944458e-01 2.820558249950408936e-01 3.494865298271179199e-01 4.025894105434417725e-01 2.000000000000000000e+00
1.801387667655944824e-01 1.706652492284774780e-01 1.615140587091445923e-01 2.115251123905181885e-01 3.143684566020965576e-01 1.000000000000000000e+00
8.763188123703002930e-02 1.519435197114944458e-01 2.820558249950408936e-01 3.494865298271179199e-01 4.025894105434417725e-01 2.000000000000000000e+00
1.801387667655944824e-01 1.706652492284774780e-01 1.615140587091445923e-01 2.115251123905181885e-01 3.143684566020965576e-01 1.000000000000000000e+00
8.763188123703002930e-02 1.519435197114944458e-01 2.820558249950408936e-01 3.494865298271179199e-01 4.025894105434417725e-01 2.000000000000000000e+00
1.801387667655944824e-01 1.706652492284774780e-01 1.615140587091445923e-01 2.115251123905181885e-01 3.143684566020965576e-01 1.000000000000000000e+00
8.763188123703002930e-02 1.519435197114944458e-01 2.820558249950408936e-01 3.494865298271179199e-01 4.025894105434417725e-01 2.000000000000000000e+00
1.801387667655944824e-01 1.706652492284774780e-01 1.615140587091445923e-01 2.115251123905181885e-01 3.143684566020965576e-01 1.000000000000000000e+00
8.763188123703002930e-02 1.519435197114944458e-01 2.820558249950408936e-01 3.494865298271179199e-01 4.025894105434417725e-01 2.000000000000000000e+00
1.801387667655944824e-01 1.706652492284774780e-01 1.615140587091445923e-01 2.115251123905181885e-01 3.143684566020965576e-01 1.000000000000000000e+00
8.763188123703002930e-02 1.519435197114944458e-01 2.820558249950408936e-01 3.494865298271179199e-01 4.025894105434417725e-01 2.000000000000000000e+00
1.801387667655944824e-01 1.706652492284774780e-01 1.615140587091445923e-01 2.115251123905181885e-01 3.143684566020965576e-01 1.000000000000000000e+00
8.763188123703002930e-02 1.519435197114944458e-01 2.820558249950408936e-01 3.494865298271179199e-01 4.025894105434417725e-01 2.000000000000000000e+00
-5.576831847429275513e-02 1.199633404612541199e-01 1.944370865821838379e-01 2.029345929622650146e-01 3.066107630729675293e-01 0.000000000000000000e+00
1.887167245149612427e-01 2.800166308879852295e-01 2.863638997077941895e-01 3.096585571765899658e-01 3.169665336608886719e-01 0.000000000000000000e+00
2.178630679845809937e-01 3.135504126548767090e-01 3.878966569900512695e-01 3.184286355972290039e-01 4.161242842674255371e-01 0.000000000000000000e+00
2.171562165021896362e-01 2.648446261882781982e-01 3.180080056190490723e-01 3.540273010730743408e-01 3.615295588970184326e-01 0.000000000000000000e+00
1.918637901544570923e-01 2.265373021364212036e-01 2.567974925041198730e-01 2.514372467994689941e-01 2.650913000106811523e-01 0.000000000000000000e+00
1.369375288486480713e-01 2.145956158638000488e-01 1.620068997144699097e-01 2.226978242397308350e-01 2.986708581447601318e-01 1.000000000000000000e+00
1.186053082346916199e-01 2.974925041198730469e-01 2.917931377887725830e-01 2.987844347953796387e-01 2.873819470405578613e-01 2.000000000000000000e+00
1.369375288486480713e-01 2.145956158638000488e-01 1.620068997144699097e-01 2.226978242397308350e-01 2.986708581447601318e-01 1.000000000000000000e+00
1.186053082346916199e-01 2.974925041198730469e-01 2.917931377887725830e-01 2.987844347953796387e-01 2.873819470405578613e-01 2.000000000000000000e+00
1.369375288486480713e-01 2.145956158638000488e-01 1.620068997144699097e-01 2.226978242397308350e-01 2.986708581447601318e-01 1.000000000000000000e+00
1.186053082346916199e-01 2.974925041198730469e-01 2.917931377887725830e-01 2.987844347953796387e-01 2.873819470405578613e-01 2.000000000000000000e+00
1.369375288486480713e-01 2.145956158638000488e-01 1.620068997144699097e-01 2.226978242397308350e-01 2.986708581447601318e-01 1.000000000000000000e+00
1.186053082346916199e-01 2.974925041198730469e-01 2.917931377887725830e-01 2.987844347953796387e-01 2.873819470405578613e-01 2.000000000000000000e+00
1.369375288486480713e-01 2.145956158638000488e-01 1.620068997144699097e-01 2.226978242397308350e-01 2.986708581447601318e-01 1.000000000000000000e+00
1.186053082346916199e-01 2.974925041198730469e-01 2.917931377887725830e-01 2.987844347953796387e-01 2.873819470405578613e-01 2.000000000000000000e+00
1.369375288486480713e-01 2.145956158638000488e-01 1.620068997144699097e-01 2.226978242397308350e-01 2.986708581447601318e-01 1.000000000000000000e+00
1.186053082346916199e-01 2.974925041198730469e-01 2.917931377887725830e-01 2.987844347953796387e-01 2.873819470405578613e-01 2.000000000000000000e+00
1.369375288486480713e-01 2.145956158638000488e-01 1.620068997144699097e-01 2.226978242397308350e-01 2.986708581447601318e-01 1.000000000000000000e+00
1.186053082346916199e-01 2.974925041198730469e-01 2.917931377887725830e-01 2.987844347953796387e-01 2.873819470405578613e-01 2.000000000000000000e+00
1.369375288486480713e-01 2.145956158638000488e-01 1.620068997144699097e-01 2.226978242397308350e-01 2.986708581447601318e-01 1.000000000000000000e+00
1.186053082346916199e-01 2.974925041198730469e-01 2.917931377887725830e-01 2.987844347953796387e-01 2.873819470405578613e-01 2.000000000000000000e+00
1.369375288486480713e-01 2.145956158638000488e-01 1.620068997144699097e-01 2.226978242397308350e-01 2.986708581447601318e-01 1.000000000000000000e+00
1.186053082346916199e-01 2.974925041198730469e-01 2.917931377887725830e-01 2.987844347953796387e-01 2.873819470405578613e-01 2.000000000000000000e+00
1.369375288486480713e-01 2.145956158638000488e-01 1.620068997144699097e-01 2.226978242397308350e-01 2.986708581447601318e-01 1.000000000000000000e+00
1.186053082346916199e-01 2.974925041198730469e-01 2.917931377887725830e-01 2.987844347953796387e-01 2.873819470405578613e-01 2.000000000000000000e+00
3.081371784210205078e-01 3.339266180992126465e-01 3.505247831344604492e-01 3.686874806880950928e-01 3.782223463058471680e-01 0.000000000000000000e+00
3.101334869861602783e-01 3.208126127719879150e-01 3.360532820224761963e-01 3.319657444953918457e-01 3.516906797885894775e-01 0.000000000000000000e+00
2.895812988281250000e-01 3.028648495674133301e-01 3.456949293613433838e-01 3.428030908107757568e-01 3.282905519008636475e-01 0.000000000000000000e+00
2.304769009351730347e-01 2.410343140363693237e-01 2.794961333274841309e-01 2.902778983116149902e-01 3.130883872509002686e-01 0.000000000000000000e+00
2.445108592510223389e-01 2.249339073896408081e-01 2.357737869024276733e-01 2.761030197143554688e-01 2.852051556110382080e-01 0.000000000000000000e+00
2.014876008033752441e-01 2.207485288381576538e-01 2.203650772571563721e-01 2.855551838874816895e-01 2.851643860340118408e-01 0.000000000000000000e+00
1.723339706659317017e-01 1.631395518779754639e-01 1.981164216995239258e-01 1.930238753557205200e-01 2.021751403808593750e-01 0.000000000000000000e+00
3.721697628498077393e-01 4.303461015224456787e-01 4.514913558959960938e-01 4.072433710098266602e-01 3.391529321670532227e-01 0.000000000000000000e+00
3.194041252136230469e-01 4.458640217781066895e-01 4.994125366210937500e-01 5.079148411750793457e-01 5.004870891571044922e-01 0.000000000000000000e+00
4.724719375371932983e-02 2.061748504638671875e-01 3.083992898464202881e-01 4.332952201366424561e-01 4.909678697586059570e-01 0.000000000000000000e+00
3.112530410289764404e-01 3.688037991523742676e-01 3.148057162761688232e-01 1.030616760253906250e-01 4.358748346567153931e-02 0.000000000000000000e+00
2.595562636852264404e-01 3.976385295391082764e-01 4.435549974441528320e-01 4.667268693447113037e-01 4.969271719455718994e-01 0.000000000000000000e+00
3.268435001373291016e-01 4.037691056728363037e-01 4.296825528144836426e-01 4.565516114234924316e-01 4.778192341327667236e-01 0.000000000000000000e+00
3.475708067417144775e-01 4.066378772258758545e-01 4.373613595962524414e-01 4.218721389770507812e-01 4.035855531692504883e-01 0.000000000000000000e+00
2.026610672473907471e-01 2.865578830242156982e-01 2.946372032165527344e-01 3.222165703773498535e-01 2.651059925556182861e-01 0.000000000000000000e+00
2.062148302793502808e-01 2.367664277553558350e-01 2.632693648338317871e-01 2.780982553958892822e-01 2.696725726127624512e-01 0.000000000000000000e+00
1.743709892034530640e-01 2.422620058059692383e-01 3.673719167709350586e-01 2.977864444255828857e-01 3.372527658939361572e-01 0.000000000000000000e+00
3.157342076301574707e-01 2.829758822917938232e-01 2.585354447364807129e-01 3.032303452491760254e-01 2.858590781688690186e-01 0.000000000000000000e+00
1.101244017481803894e-01 1.214748844504356384e-01 1.421201378107070923e-01 2.223610579967498779e-01 2.711978554725646973e-01 0.000000000000000000e+00
1.132844090461730957e-01 1.194227859377861023e-01 1.415041834115982056e-01 1.121679469943046570e-01 1.235947459936141968e-01 0.000000000000000000e+00
1.157963573932647705e-01 1.729272007942199707e-01 1.265708804130554199e-01 1.967411637306213379e-01 1.281279623508453369e-01 0.000000000000000000e+00
1.477824002504348755e-01 2.158947139978408813e-01 2.134161740541458130e-01 2.494430541992187500e-01 2.419743686914443970e-01 0.000000000000000000e+00
1.710561364889144897e-01 1.957906484603881836e-01 2.327951192855834961e-01 2.549713253974914551e-01 2.662736475467681885e-01 0.000000000000000000e+00
1.181365326046943665e-01 2.004381716251373291e-01 2.496789693832397461e-01 2.357797920703887939e-01 2.543274760246276855e-01 0.000000000000000000e+00
3.086907602846622467e-02 1.131716668605804443e-01 8.386114984750747681e-02 1.059084236621856689e-01 1.385406851768493652e-01 0.000000000000000000e+00
1.983282417058944702e-01 1.680790483951568604e-01 1.307756751775741577e-01 1.195560768246650696e-01 2.030734345316886902e-02 0.000000000000000000e+00
1.674655079841613770e-01 1.750896722078323364e-01 1.830028146505355835e-01 2.091686874628067017e-01 2.072951048612594604e-01 0.000000000000000000e+00
1.665943413972854614e-01 1.654852330684661865e-01 1.926795691251754761e-01 2.102983295917510986e-01 1.805322319269180298e-01 1.000000000000000000e+00
1.740644723176956177e-01 2.138058394193649292e-01 2.382726073265075684e-01 2.557031214237213135e-01 1.674827635288238525e-01 2.000000000000000000e+00
1.665943413972854614e-01 1.654852330684661865e-01 1.926795691251754761e-01 2.102983295917510986e-01 1.805322319269180298e-01 1.000000000000000000e+00
1.740644723176956177e-01 2.138058394193649292e-01 2.382726073265075684e-01 2.557031214237213135e-01 1.674827635288238525e-01 2.000000000000000000e+00
1.665943413972854614e-01 1.654852330684661865e-01 1.926795691251754761e-01 2.102983295917510986e-01 1.805322319269180298e-01 1.000000000000000000e+00
1.740644723176956177e-01 2.138058394193649292e-01 2.382726073265075684e-01 2.557031214237213135e-01 1.674827635288238525e-01 2.000000000000000000e+00
1.665943413972854614e-01 1.654852330684661865e-01 1.926795691251754761e-01 2.102983295917510986e-01 1.805322319269180298e-01 1.000000000000000000e+00
1.740644723176956177e-01 2.138058394193649292e-01 2.382726073265075684e-01 2.557031214237213135e-01 1.674827635288238525e-01 2.000000000000000000e+00
1.665943413972854614e-01 1.654852330684661865e-01 1.926795691251754761e-01 2.102983295917510986e-01 1.805322319269180298e-01 1.000000000000000000e+00
1.740644723176956177e-01 2.138058394193649292e-01 2.382726073265075684e-01 2.557031214237213135e-01 1.674827635288238525e-01 2.000000000000000000e+00
1.665943413972854614e-01 1.654852330684661865e-01 1.926795691251754761e-01 2.102983295917510986e-01 1.805322319269180298e-01 1.000000000000000000e+00
1.740644723176956177e-01 2.138058394193649292e-01 2.382726073265075684e-01 2.557031214237213135e-01 1.674827635288238525e-01 2.000000000000000000e+00
1.665943413972854614e-01 1.654852330684661865e-01 1.926795691251754761e-01 2.102983295917510986e-01 1.805322319269180298e-01 1.000000000000000000e+00
1.740644723176956177e-01 2.138058394193649292e-01 2.382726073265075684e-01 2.557031214237213135e-01 1.674827635288238525e-01 2.000000000000000000e+00
1.665943413972854614e-01 1.654852330684661865e-01 1.926795691251754761e-01 2.102983295917510986e-01 1.805322319269180298e-01 1.000000000000000000e+00
1.740644723176956177e-01 2.138058394193649292e-01 2.382726073265075684e-01 2.557031214237213135e-01 1.674827635288238525e-01 2.000000000000000000e+00
1.665943413972854614e-01 1.654852330684661865e-01 1.926795691251754761e-01 2.102983295917510986e-01 1.805322319269180298e-01 1.000000000000000000e+00
1.740644723176956177e-01 2.138058394193649292e-01 2.382726073265075684e-01 2.557031214237213135e-01 1.674827635288238525e-01 2.000000000000000000e+00
1.665943413972854614e-01 1.654852330684661865e-01 1.926795691251754761e-01 2.102983295917510986e-01 1.805322319269180298e-01 1.000000000000000000e+00
1.740644723176956177e-01 2.138058394193649292e-01 2.382726073265075684e-01 2.557031214237213135e-01 1.674827635288238525e-01 2.000000000000000000e+00
1.571623831987380981e-01 1.899204850196838379e-01 1.917148679494857788e-01 1.855317354202270508e-01 1.914954334497451782e-01 0.000000000000000000e+00
1.657225936651229858e-01 1.820392757654190063e-01 1.966168880462646484e-01 1.607933342456817627e-01 1.650347709655761719e-01 0.000000000000000000e+00
1.610110551118850708e-01 1.811430305242538452e-01 1.667676270008087158e-01 1.619487404823303223e-01 1.749570071697235107e-01 0.000000000000000000e+00
1.733320355415344238e-01 1.804393827915191650e-01 1.897518038749694824e-01 1.664004772901535034e-01 1.900158375501632690e-01 0.000000000000000000e+00
1.504940837621688843e-01 1.770310401916503906e-01 1.756503134965896606e-01 1.845674216747283936e-01 1.670253872871398926e-01 0.000000000000000000e+00
1.643493771553039551e-01 1.867526620626449585e-01 1.852747052907943726e-01 1.934117674827575684e-01 1.861919164657592773e-01 0.000000000000000000e+00
1.714555919170379639e-01 1.869628429412841797e-01 1.843855530023574829e-01 1.484914124011993408e-01 1.429873108863830566e-01 0.000000000000000000e+00
2.038404196500778198e-01 1.926442235708236694e-01 1.736557781696319580e-01 1.692840605974197388e-01 1.802749782800674438e-01 0.000000000000000000e+00
1.714951992034912109e-01 1.862797439098358154e-01 1.599199771881103516e-01 1.390292495489120483e-01 1.648532152175903320e-01 0.000000000000000000e+00
1.254360973834991455e-01 1.272205710411071777e-01 1.407871395349502563e-01 1.615130007266998291e-01 1.740289628505706787e-01 0.000000000000000000e+00
1.710520386695861816e-01 1.721047312021255493e-01 1.569797843694686890e-01 1.397730112075805664e-01 1.652512699365615845e-01 0.000000000000000000e+00
1.922378689050674438e-01 1.931660622358322144e-01 2.055301368236541748e-01 2.019369155168533325e-01 1.822940558195114136e-01 0.000000000000000000e+00
1.315096020698547363e-01 1.266723871231079102e-01 1.205182373523712158e-01 1.211075112223625183e-01 1.204059273004531860e-01 0.000000000000000000e+00
1.872618049383163452e-01 1.950616687536239624e-01 1.566505879163742065e-01 6.244921311736106873e-02 1.285689622163772583e-01 0.000000000000000000e+00
1.540160179138183594e-01 1.572837084531784058e-01 1.483059376478195190e-01 1.361480802297592163e-01 1.201913654804229736e-01 0.000000000000000000e+00
1.250467449426651001e-01 1.342584788799285889e-01 1.282252520322799683e-01 1.262562274932861328e-01 1.240945905447006226e-01 0.000000000000000000e+00
1.527254581451416016e-01 1.662232577800750732e-01 1.464752554893493652e-01 1.357523798942565918e-01 1.322011798620223999e-01 0.000000000000000000e+00
1.241988688707351685e-01 1.278532296419143677e-01 1.201748773455619812e-01 1.212887391448020935e-01 1.277394890785217285e-01 0.000000000000000000e+00
1.425557136535644531e-01 1.455849409103393555e-01 1.554124206304550171e-01 1.659682244062423706e-01 1.349005401134490967e-01 0.000000000000000000e+00
1.228231042623519897e-01 1.230756267905235291e-01 1.240994483232498169e-01 1.235988438129425049e-01 1.368296146392822266e-01 0.000000000000000000e+00
1.508612632751464844e-01 1.686306893825531006e-01 1.417262405157089233e-01 1.179311349987983704e-01 1.142363175749778748e-01 0.000000000000000000e+00
2.655809521675109863e-01 2.985988557338714600e-01 2.495263367891311646e-01 2.692263722419738770e-01 2.912737727165222168e-01 0.000000000000000000e+00
2.324735671281814575e-01 3.712914884090423584e-01 3.662259578704833984e-01 3.638662695884704590e-01 3.402832150459289551e-01 0.000000000000000000e+00
1.989810913801193237e-01 3.207001388072967529e-01 3.950475156307220459e-01 3.777521848678588867e-01 3.902154266834259033e-01 0.000000000000000000e+00
2.182224392890930176e-01 3.779012262821197510e-01 3.878083527088165283e-01 4.098017215728759766e-01 3.416341245174407959e-01 0.000000000000000000e+00
2.417287230491638184e-01 2.738103866577148438e-01 3.574906587600708008e-01 2.067418992519378662e-01 2.243343591690063477e-01 0.000000000000000000e+00
1.225836426019668579e-01 2.835126817226409912e-01 2.704128324985504150e-01 2.509425878524780273e-01 2.953069806098937988e-01 0.000000000000000000e+00
2.571413218975067139e-01 2.762284576892852783e-01 3.924251198768615723e-01 4.335601329803466797e-01 4.251348674297332764e-01 0.000000000000000000e+00
2.165531069040298462e-01 2.932152748107910156e-01 3.367989659309387207e-01 3.582185804843902588e-01 3.573252260684967041e-01 0.000000000000000000e+00
2.490348070859909058e-01 3.137146234512329102e-01 3.482353985309600830e-01 3.495542705059051514e-01 3.596805632114410400e-01 0.000000000000000000e+00
2.576983571052551270e-01 3.246687352657318115e-01 3.689320981502532959e-01 3.736476004123687744e-01 3.564718365669250488e-01 0.000000000000000000e+00
2.298413217067718506e-01 3.206318020820617676e-01 3.624672591686248779e-01 3.708921372890472412e-01 3.689960539340972900e-01 0.000000000000000000e+00
2.313263416290283203e-01 3.327331244945526123e-01 3.547014296054840088e-01 3.635365664958953857e-01 3.647512197494506836e-01 0.000000000000000000e+00
2.647882997989654541e-01 3.263168931007385254e-01 3.381163477897644043e-01 3.511300384998321533e-01 3.706172108650207520e-01 0.000000000000000000e+00
2.506634294986724854e-01 3.217041194438934326e-01 3.595512807369232178e-01 3.782419562339782715e-01 3.756572604179382324e-01 0.000000000000000000e+00
2.719428539276123047e-01 3.128902912139892578e-01 3.534666895866394043e-01 3.510228395462036133e-01 3.477774262428283691e-01 0.000000000000000000e+00
2.681189477443695068e-01 3.171050250530242920e-01 3.282492458820343018e-01 3.322865366935729980e-01 3.384083509445190430e-01 0.000000000000000000e+00
2.757379412651062012e-01 3.105491399765014648e-01 3.346809446811676025e-01 3.346328437328338623e-01 3.511051237583160400e-01 0.000000000000000000e+00
2.687730789184570312e-01 3.190625309944152832e-01 3.442091643810272217e-01 3.451180458068847656e-01 3.525509238243103027e-01 0.000000000000000000e+00
2.657389342784881592e-01 3.148944377899169922e-01 3.392699360847473145e-01 3.298162817955017090e-01 3.411832749843597412e-01 0.000000000000000000e+00
2.767015695571899414e-01 3.321143388748168945e-01 3.702210485935211182e-01 3.687600791454315186e-01 3.635753393173217773e-01 0.000000000000000000e+00
3.538979887962341309e-01 3.982272446155548096e-01 4.414957463741302490e-01 4.244253933429718018e-01 4.060854911804199219e-01 0.000000000000000000e+00
2.161902338266372681e-01 2.522364854812622070e-01 2.489195913076400757e-01 2.941645979881286621e-01 3.284613788127899170e-01 0.000000000000000000e+00
1.714968383312225342e-01 2.324375808238983154e-01 2.888697385787963867e-01 3.230702579021453857e-01 3.395724296569824219e-01 0.000000000000000000e+00
2.123273164033889771e-01 2.538353204727172852e-01 2.821685671806335449e-01 2.887799143791198730e-01 3.031050264835357666e-01 0.000000000000000000e+00
2.006825655698776245e-01 2.326908856630325317e-01 2.500699758529663086e-01 2.756191790103912354e-01 2.999610602855682373e-01 0.000000000000000000e+00
2.091959118843078613e-01 2.593760788440704346e-01 2.803570032119750977e-01 2.874110639095306396e-01 2.985422611236572266e-01 0.000000000000000000e+00
2.126353681087493896e-01 2.462415248155593872e-01 2.717061340808868408e-01 2.889750897884368896e-01 2.880667448043823242e-01 0.000000000000000000e+00
2.242460995912551880e-01 2.491533160209655762e-01 2.609293758869171143e-01 2.834779024124145508e-01 2.729233503341674805e-01 0.000000000000000000e+00
1.554287970066070557e-01 2.672795951366424561e-01 2.588892877101898193e-01 2.426855564117431641e-01 1.419729441404342651e-01 0.000000000000000000e+00
3.222688138484954834e-01 4.388991892337799072e-01 4.554201662540435791e-01 4.801401495933532715e-01 4.546691775321960449e-01 0.000000000000000000e+00
3.059554398059844971e-01 3.580770492553710938e-01 4.029539227485656738e-01 4.585921168327331543e-01 5.206618905067443848e-01 0.000000000000000000e+00
2.574618160724639893e-01 4.304302334785461426e-01 4.542659819126129150e-01 4.324203431606292725e-01 4.533637464046478271e-01 0.000000000000000000e+00
1.633672416210174561e-01 2.884309887886047363e-01 4.155010879039764404e-01 4.838443398475646973e-01 4.963920414447784424e-01 0.000000000000000000e+00
1.770212948322296143e-01 2.833808660507202148e-01 2.942756414413452148e-01 3.002350926399230957e-01 3.609635233879089355e-01 0.000000000000000000e+00
1.689060926437377930e-01 2.783692255616188049e-02 2.472476065158843994e-01 3.394085764884948730e-01 3.439737260341644287e-01 0.000000000000000000e+00
1.757109165191650391e-01 1.804658472537994385e-01 1.866693794727325439e-01 1.623507291078567505e-01 1.716746687889099121e-01 0.000000000000000000e+00
1.692777276039123535e-01 1.776646375656127930e-01 1.788784563541412354e-01 1.445313543081283569e-01 1.702274382114410400e-01 0.000000000000000000e+00
1.649828851222991943e-01 1.455561816692352295e-01 1.386879831552505493e-01 1.494815498590469360e-01 1.553503870964050293e-01 0.000000000000000000e+00
1.701304763555526733e-01 1.780279874801635742e-01 1.732579618692398071e-01 1.766543388366699219e-01 1.703659594058990479e-01 0.000000000000000000e+00
1.403491795063018799e-01 1.890629529953002930e-01 1.539519280195236206e-01 1.339249908924102783e-01 1.459818184375762939e-01 0.000000000000000000e+00
1.680011600255966187e-01 1.668616831302642822e-01 1.497378498315811157e-01 1.723399609327316284e-01 1.858282536268234253e-01 0.000000000000000000e+00
1.575930118560791016e-01 1.569906175136566162e-01 1.691308915615081787e-01 1.599777489900588989e-01 1.632028818130493164e-01 0.000000000000000000e+00
1.838571578264236450e-01 2.009803056716918945e-01 2.375077754259109497e-01 2.631093263626098633e-01 2.696371972560882568e-01 0.000000000000000000e+00
1.884058564901351929e-01 1.758541017770767212e-01 1.839433908462524414e-01 1.793205887079238892e-01 2.000016570091247559e-01 0.000000000000000000e+00
2.193060070276260376e-01 2.377011626958847046e-01 2.401478588581085205e-01 2.288937419652938843e-01 2.137386947870254517e-01 0.000000000000000000e+00
2.118828296661376953e-01 2.241468876600265503e-01 2.474653422832489014e-01 2.390298992395401001e-01 2.588274478912353516e-01 0.000000000000000000e+00
1.740292310714721680e-01 1.888205707073211670e-01 2.242809832096099854e-01 2.564130425453186035e-01 2.577130794525146484e-01 0.000000000000000000e+00
1.433642059564590454e-01 1.383131593465805054e-01 1.546311229467391968e-01 1.423129588365554810e-01 1.596022099256515503e-01 0.000000000000000000e+00
1.875790506601333618e-01 1.469457000494003296e-01 1.479229778051376343e-01 1.530402004718780518e-01 1.603351533412933350e-01 0.000000000000000000e+00
1.234216019511222839e-01 1.196476966142654419e-01 1.689719557762145996e-01 2.573140561580657959e-01 2.490933090448379517e-01 0.000000000000000000e+00
1.273573487997055054e-01 1.165378317236900330e-01 1.153311878442764282e-01 1.151977553963661194e-01 1.288190186023712158e-01 0.000000000000000000e+00
1.497331559658050537e-01 2.032249569892883301e-01 2.046382427215576172e-01 1.791625469923019409e-01 1.512327343225479126e-01 0.000000000000000000e+00
1.454205960035324097e-01 1.628454476594924927e-01 1.679938286542892456e-01 1.862403303384780884e-01 1.904407590627670288e-01 0.000000000000000000e+00
-8.377768099308013916e-03 1.827969104051589966e-01 1.797107905149459839e-01 1.904654055833816528e-01 1.760831922292709351e-01 0.000000000000000000e+00
1.307246461510658264e-02 1.481421738862991333e-01 1.025365740060806274e-01 5.821143090724945068e-02 1.371094435453414917e-01 0.000000000000000000e+00
1.419328302145004272e-01 1.823563575744628906e-01 2.046418637037277222e-01 1.893308609724044800e-01 1.813959777355194092e-01 0.000000000000000000e+00
1.869913339614868164e-01 2.455470860004425049e-01 2.372853606939315796e-01 2.156127691268920898e-01 2.367201298475265503e-01 0.000000000000000000e+00
2.155371159315109253e-01 2.540578842163085938e-01 2.521259486675262451e-01 2.436684817075729370e-01 2.222226709127426147e-01 0.000000000000000000e+00
2.288465648889541626e-01 2.654532492160797119e-01 3.003555238246917725e-01 2.939160466194152832e-01 2.378041744232177734e-01 0.000000000000000000e+00
2.365302592515945435e-01 2.752901315689086914e-01 2.902117967605590820e-01 3.007186055183410645e-01 2.692391276359558105e-01 0.000000000000000000e+00
2.086407393217086792e-01 2.705241739749908447e-01 2.925141751766204834e-01 2.874026000499725342e-01 3.049240112304687500e-01 0.000000000000000000e+00
1.733231395483016968e-01 2.399515956640243530e-01 2.726619243621826172e-01 2.480204105377197266e-01 2.554311752319335938e-01 0.000000000000000000e+00
2.102439850568771362e-01 1.148441955447196960e-01 1.948593705892562866e-01 1.669647991657257080e-01 2.531526684761047363e-01 0.000000000000000000e+00
1.753915101289749146e-01 2.000384181737899780e-01 2.196189910173416138e-01 2.345187664031982422e-01 2.301298081874847412e-01 0.000000000000000000e+00
1.678972095251083374e-01 1.978264600038528442e-01 1.908677965402603149e-01 2.045247405767440796e-01 2.111622840166091919e-01 0.000000000000000000e+00
1.891849488019943237e-01 2.307477891445159912e-01 2.519062757492065430e-01 1.931308954954147339e-01 2.419388145208358765e-01 0.000000000000000000e+00
2.153639346361160278e-01 2.207998633384704590e-01 3.021528124809265137e-01 2.810971140861511230e-01 2.482476681470870972e-01 0.000000000000000000e+00
1.503481268882751465e-01 3.370804488658905029e-01 3.527774512767791748e-01 3.650207221508026123e-01 3.866274952888488770e-01 0.000000000000000000e+00
3.143100440502166748e-01 4.072496891021728516e-01 4.118441939353942871e-01 3.891668021678924561e-01 2.951003015041351318e-01 0.000000000000000000e+00
-1.120098680257797241e-01 -3.258779942989349365e-01 -3.093129694461822510e-01 -2.996613979339599609e-01 -3.846932947635650635e-02 0.000000000000000000e+00
1.355343163013458252e-01 1.178833618760108948e-01 1.073250994086265564e-01 1.257438957691192627e-01 1.114424839615821838e-01 0.000000000000000000e+00
1.293462216854095459e-01 1.102205216884613037e-01 1.114715859293937683e-01 1.163291260600090027e-01 1.071106493473052979e-01 0.000000000000000000e+00
1.293235719203948975e-01 1.701604723930358887e-01 1.221588850021362305e-01 1.400548815727233887e-01 1.478345245122909546e-01 0.000000000000000000e+00
1.252809613943099976e-01 1.131653636693954468e-01 1.218224316835403442e-01 1.114157140254974365e-01 2.609888017177581787e-01 0.000000000000000000e+00
1.373036801815032959e-01 1.302841305732727051e-01 1.262438297271728516e-01 1.037212163209915161e-01 1.270487606525421143e-01 0.000000000000000000e+00
1.654147207736968994e-01 1.855669021606445312e-01 1.514704078435897827e-01 1.535219699144363403e-01 1.706897616386413574e-01 0.000000000000000000e+00
1.515916883945465088e-01 1.797157227993011475e-01 1.820493936538696289e-01 1.702808886766433716e-01 1.546497046947479248e-01 0.000000000000000000e+00
2.433200478553771973e-01 2.799997627735137939e-01 2.957594394683837891e-01 2.966858744621276855e-01 2.980842888355255127e-01 0.000000000000000000e+00
2.458316832780838013e-01 2.870826721191406250e-01 2.840825319290161133e-01 2.788101732730865479e-01 2.734635472297668457e-01 0.000000000000000000e+00
2.516570985317230225e-01 2.882249653339385986e-01 2.999052703380584717e-01 3.023416697978973389e-01 2.994538247585296631e-01 0.000000000000000000e+00
2.430149912834167480e-01 2.873529493808746338e-01 2.899125814437866211e-01 2.912842929363250732e-01 2.926429808139801025e-01 0.000000000000000000e+00
2.474865764379501343e-01 2.789948284626007080e-01 2.840272486209869385e-01 2.958421409130096436e-01 2.937906682491302490e-01 0.000000000000000000e+00
2.477073967456817627e-01 2.832538783550262451e-01 2.857645153999328613e-01 2.880205214023590088e-01 2.795161604881286621e-01 0.000000000000000000e+00
2.443431019783020020e-01 2.759434878826141357e-01 2.846307158470153809e-01 2.849883139133453369e-01 2.858598828315734863e-01 0.000000000000000000e+00
1.082230657339096069e-01 3.051927685737609863e-01 4.267761409282684326e-01 4.508763551712036133e-01 5.761853456497192383e-01 0.000000000000000000e+00
2.453819066286087036e-01 4.913854300975799561e-01 5.559161305427551270e-01 5.732088088989257812e-01 5.317947864532470703e-01 0.000000000000000000e+00
3.815620243549346924e-01 4.110016524791717529e-01 5.043892264366149902e-01 5.408571362495422363e-01 5.787832736968994141e-01 0.000000000000000000e+00
3.833926916122436523e-01 4.195930659770965576e-01 4.246188104152679443e-01 4.381892681121826172e-01 5.301815867424011230e-01 0.000000000000000000e+00
4.199367165565490723e-01 4.381600618362426758e-01 3.225359618663787842e-01 2.147624790668487549e-01 3.840170204639434814e-01 0.000000000000000000e+00
3.816047012805938721e-01 4.114632904529571533e-01 4.390051364898681641e-01 4.458897113800048828e-01 4.606110751628875732e-01 0.000000000000000000e+00
3.011056482791900635e-01 3.531964421272277832e-01 3.745628297328948975e-01 3.761000633239746094e-01 4.057899415493011475e-01 0.000000000000000000e+00
5.762788280844688416e-02 3.179113864898681641e-01 2.871455550193786621e-01 2.167929708957672119e-01 -1.714467406272888184e-01 1.000000000000000000e+00
4.041885435581207275e-01 4.908862113952636719e-01 5.182760953903198242e-01 5.635589361190795898e-01 4.368697106838226318e-01 2.000000000000000000e+00
5.762788280844688416e-02 3.179113864898681641e-01 2.871455550193786621e-01 2.167929708957672119e-01 -1.714467406272888184e-01 1.000000000000000000e+00
4.041885435581207275e-01 4.908862113952636719e-01 5.182760953903198242e-01 5.635589361190795898e-01 4.368697106838226318e-01 2.000000000000000000e+00
5.762788280844688416e-02 3.179113864898681641e-01 2.871455550193786621e-01 2.167929708957672119e-01 -1.714467406272888184e-01 1.000000000000000000e+00
4.041885435581207275e-01 4.908862113952636719e-01 5.182760953903198242e-01 5.635589361190795898e-01 4.368697106838226318e-01 2.000000000000000000e+00
5.762788280844688416e-02 3.179113864898681641e-01 2.871455550193786621e-01 2.167929708957672119e-01 -1.714467406272888184e-01 1.000000000000000000e+00
4.041885435581207275e-01 4.908862113952636719e-01 5.182760953903198242e-01 5.635589361190795898e-01 4.368697106838226318e-01 2.000000000000000000e+00
5.762788280844688416e-02 3.179113864898681641e-01 2.871455550193786621e-01 2.167929708957672119e-01 -1.714467406272888184e-01 1.000000000000000000e+00
4.041885435581207275e-01 4.908862113952636719e-01 5.182760953903198242e-01 5.635589361190795898e-01 4.368697106838226318e-01 2.000000000000000000e+00
5.762788280844688416e-02 3.179113864898681641e-01 2.871455550193786621e-01 2.167929708957672119e-01 -1.714467406272888184e-01 1.000000000000000000e+00
4.041885435581207275e-01 4.908862113952636719e-01 5.182760953903198242e-01 5.635589361190795898e-01 4.368697106838226318e-01 2.000000000000000000e+00
5.762788280844688416e-02 3.179113864898681641e-01 2.871455550193786621e-01 2.167929708957672119e-01 -1.714467406272888184e-01 1.000000000000000000e+00
4.041885435581207275e-01 4.908862113952636719e-01 5.182760953903198242e-01 5.635589361190795898e-01 4.368697106838226318e-01 2.000000000000000000e+00
5.762788280844688416e-02 3.179113864898681641e-01 2.871455550193786621e-01 2.167929708957672119e-01 -1.714467406272888184e-01 1.000000000000000000e+00
4.041885435581207275e-01 4.908862113952636719e-01 5.182760953903198242e-01 5.635589361190795898e-01 4.368697106838226318e-01 2.000000000000000000e+00
5.762788280844688416e-02 3.179113864898681641e-01 2.871455550193786621e-01 2.167929708957672119e-01 -1.714467406272888184e-01 1.000000000000000000e+00
4.041885435581207275e-01 4.908862113952636719e-01 5.182760953903198242e-01 5.635589361190795898e-01 4.368697106838226318e-01 2.000000000000000000e+00
5.762788280844688416e-02 3.179113864898681641e-01 2.871455550193786621e-01 2.167929708957672119e-01 -1.714467406272888184e-01 1.000000000000000000e+00
4.041885435581207275e-01 4.908862113952636719e-01 5.182760953903198242e-01 5.635589361190795898e-01 4.368697106838226318e-01 2.000000000000000000e+00
1.825378835201263428e-01 2.047203183174133301e-01 2.190183699131011963e-01 2.103259861469268799e-01 2.191566228866577148e-01 0.000000000000000000e+00
1.926132440567016602e-01 2.011241167783737183e-01 2.075584828853607178e-01 2.262993007898330688e-01 2.165657579898834229e-01 0.000000000000000000e+00
1.923547089099884033e-01 2.081777155399322510e-01 2.292288392782211304e-01 2.431895285844802856e-01 2.556815743446350098e-01 0.000000000000000000e+00
1.965592503547668457e-01 2.128795832395553589e-01 2.286847233772277832e-01 2.269416004419326782e-01 2.417264282703399658e-01 0.000000000000000000e+00
1.815731227397918701e-01 2.093622237443923950e-01 2.230759412050247192e-01 2.345607578754425049e-01 2.505301833152770996e-01 0.000000000000000000e+00
2.055487483739852905e-01 2.281319350004196167e-01 2.397009879350662231e-01 2.340341955423355103e-01 2.417383044958114624e-01 0.000000000000000000e+00
1.415709555149078369e-01 1.643255650997161865e-01 2.074853628873825073e-01 2.335029691457748413e-01 2.303005158901214600e-01 0.000000000000000000e+00
1.126326620578765869e-01 1.255011260509490967e-01 1.122014522552490234e-01 1.070941314101219177e-01 1.050203666090965271e-01 0.000000000000000000e+00
1.175694912672042847e-01 1.513384580612182617e-01 1.229668855667114258e-01 1.221790686249732971e-01 1.226878836750984192e-01 0.000000000000000000e+00
1.262680292129516602e-01 1.953758597373962402e-01 2.553522586822509766e-01 1.584859639406204224e-01 2.118138372898101807e-01 0.000000000000000000e+00
1.067091152071952820e-01 1.172536313533782959e-01 1.846443116664886475e-01 2.180550694465637207e-01 2.442634850740432739e-01 0.000000000000000000e+00
1.333333849906921387e-01 1.392720937728881836e-01 1.068812906742095947e-01 1.318221688270568848e-01 1.439259052276611328e-01 0.000000000000000000e+00
6.417059898376464844e-02 1.012451276183128357e-01 1.829168349504470825e-01 1.342101842164993286e-01 1.269465088844299316e-01 0.000000000000000000e+00
1.484628915786743164e-01 1.869715452194213867e-01 1.858024597167968750e-01 1.035812944173812866e-01 1.556346863508224487e-01 0.000000000000000000e+00
2.630459070205688477e-01 3.020249605178833008e-01 3.462496101856231689e-01 3.269839286804199219e-01 3.355635404586791992e-01 0.000000000000000000e+00
2.978001534938812256e-01 3.316768407821655273e-01 3.739899694919586182e-01 3.973767757415771484e-01 3.988172709941864014e-01 0.000000000000000000e+00
2.309334576129913330e-01 3.027544319629669189e-01 3.362317085266113281e-01 3.588615059852600098e-01 3.660642504692077637e-01 0.000000000000000000e+00
2.244899719953536987e-01 2.246006578207015991e-01 2.600585818290710449e-01 2.581462562084197998e-01 2.966020405292510986e-01 0.000000000000000000e+00
2.297699749469757080e-01 2.391347140073776245e-01 2.715739607810974121e-01 2.943475842475891113e-01 2.646291553974151611e-01 0.000000000000000000e+00
2.325257509946823120e-01 2.580636143684387207e-01 2.950383424758911133e-01 3.289045691490173340e-01 3.310207724571228027e-01 0.000000000000000000e+00
2.398585975170135498e-01 2.699661254882812500e-01 2.905809283256530762e-01 3.268668651580810547e-01 3.338910341262817383e-01 0.000000000000000000e+00
1.974940448999404907e-01 3.356263041496276855e-01 3.694349527359008789e-01 4.230032265186309814e-01 5.145590305328369141e-01 0.000000000000000000e+00
2.592319548130035400e-01 3.194469809532165527e-01 4.254974424839019775e-01 4.672560989856719971e-01 4.538215100765228271e-01 0.000000000000000000e+00
1.114555597305297852e-01 2.410029768943786621e-01 2.816462814807891846e-01 3.190491199493408203e-01 3.700155317783355713e-01 0.000000000000000000e+00
3.384526669979095459e-01 4.320121109485626221e-01 4.515512585639953613e-01 4.952486157417297363e-01 4.539390206336975098e-01 0.000000000000000000e+00
2.912473678588867188e-01 3.830744028091430664e-01 4.239077866077423096e-01 4.212494492530822754e-01 4.164342284202575684e-01 0.000000000000000000e+00
2.205350846052169800e-01 2.668829560279846191e-01 2.823989391326904297e-01 3.044809699058532715e-01 3.377529084682464600e-01 0.000000000000000000e+00
2.455107420682907104e-01 3.318077325820922852e-01 3.469969928264617920e-01 2.861087918281555176e-01 2.987584173679351807e-01 0.000000000000000000e+00
1.740395575761795044e-01 3.090819716453552246e-01 3.333491683006286621e-01 3.162049055099487305e-01 2.983350157737731934e-01 0.000000000000000000e+00
1.503314971923828125e-01 2.756698727607727051e-01 2.744570076465606689e-01 2.697758972644805908e-01 2.929263114929199219e-01 0.000000000000000000e+00
1.321003586053848267e-02 -5.755586549639701843e-03 8.767147362232208252e-02 2.008178532123565674e-01 2.247875481843948364e-01 0.000000000000000000e+00
4.512644186615943909e-02 2.272789329290390015e-01 1.971265971660614014e-01 1.956225931644439697e-01 1.964681297540664673e-01 0.000000000000000000e+00
1.886689066886901855e-01 2.110113501548767090e-01 2.181266397237777710e-01 2.260652482509613037e-01 2.273200601339340210e-01 0.000000000000000000e+00
1.565713733434677124e-01 1.998568028211593628e-01 2.190214097499847412e-01 2.087665349245071411e-01 2.207188904285430908e-01 0.000000000000000000e+00
1.605823934078216553e-01 2.013769298791885376e-01 2.155674546957015991e-01 2.236243188381195068e-01 2.210360020399093628e-01 0.000000000000000000e+00
2.924541831016540527e-01 3.865918517112731934e-01 3.675537705421447754e-01 3.175603747367858887e-01 2.387560606002807617e-01 1.000000000000000000e+00
2.568148672580718994e-01 3.001868724822998047e-01 3.000555634498596191e-01 2.894215583801269531e-01 2.373132556676864624e-01 2.000000000000000000e+00
2.924541831016540527e-01 3.865918517112731934e-01 3.675537705421447754e-01 3.175603747367858887e-01 2.387560606002807617e-01 1.000000000000000000e+00
2.568148672580718994e-01 3.001868724822998047e-01 3.000555634498596191e-01 2.894215583801269531e-01 2.373132556676864624e-01 2.000000000000000000e+00
2.924541831016540527e-01 3.865918517112731934e-01 3.675537705421447754e-01 3.175603747367858887e-01 2.387560606002807617e-01 1.000000000000000000e+00
2.568148672580718994e-01 3.001868724822998047e-01 3.000555634498596191e-01 2.894215583801269531e-01 2.373132556676864624e-01 2.000000000000000000e+00
2.924541831016540527e-01 3.865918517112731934e-01 3.675537705421447754e-01 3.175603747367858887e-01 2.387560606002807617e-01 1.000000000000000000e+00
2.568148672580718994e-01 3.001868724822998047e-01 3.000555634498596191e-01 2.894215583801269531e-01 2.373132556676864624e-01 2.000000000000000000e+00
2.924541831016540527e-01 3.865918517112731934e-01 3.675537705421447754e-01 3.175603747367858887e-01 2.387560606002807617e-01 1.000000000000000000e+00
2.568148672580718994e-01 3.001868724822998047e-01 3.000555634498596191e-01 2.894215583801269531e-01 2.373132556676864624e-01 2.000000000000000000e+00
2.924541831016540527e-01 3.865918517112731934e-01 3.675537705421447754e-01 3.175603747367858887e-01 2.387560606002807617e-01 1.000000000000000000e+00
2.568148672580718994e-01 3.001868724822998047e-01 3.000555634498596191e-01 2.894215583801269531e-01 2.373132556676864624e-01 2.000000000000000000e+00
2.924541831016540527e-01 3.865918517112731934e-01 3.675537705421447754e-01 3.175603747367858887e-01 2.387560606002807617e-01 1.000000000000000000e+00
2.568148672580718994e-01 3.001868724822998047e-01 3.000555634498596191e-01 2.894215583801269531e-01 2.373132556676864624e-01 2.000000000000000000e+00
2.924541831016540527e-01 3.865918517112731934e-01 3.675537705421447754e-01 3.175603747367858887e-01 2.387560606002807617e-01 1.000000000000000000e+00
2.568148672580718994e-01 3.001868724822998047e-01 3.000555634498596191e-01 2.894215583801269531e-01 2.373132556676864624e-01 2.000000000000000000e+00
2.924541831016540527e-01 3.865918517112731934e-01 3.675537705421447754e-01 3.175603747367858887e-01 2.387560606002807617e-01 1.000000000000000000e+00
2.568148672580718994e-01 3.001868724822998047e-01 3.000555634498596191e-01 2.894215583801269531e-01 2.373132556676864624e-01 2.000000000000000000e+00
2.924541831016540527e-01 3.865918517112731934e-01 3.675537705421447754e-01 3.175603747367858887e-01 2.387560606002807617e-01 1.000000000000000000e+00
2.568148672580718994e-01 3.001868724822998047e-01 3.000555634498596191e-01 2.894215583801269531e-01 2.373132556676864624e-01 2.000000000000000000e+00
1.784035265445709229e-01 1.939578205347061157e-01 2.265854775905609131e-01 2.158127576112747192e-01 2.347130030393600464e-01 0.000000000000000000e+00
1.531659662723541260e-01 1.810453683137893677e-01 1.942486613988876343e-01 1.975037008523941040e-01 1.994276940822601318e-01 0.000000000000000000e+00
2.146812081336975098e-01 2.528048157691955566e-01 2.656066417694091797e-01 1.932575404644012451e-01 2.013989239931106567e-01 0.000000000000000000e+00
2.424388974905014038e-01 3.109273016452789307e-01 3.312503099441528320e-01 3.163013458251953125e-01 2.932247221469879150e-01 0.000000000000000000e+00
2.626748681068420410e-01 2.922010123729705811e-01 3.032732009887695312e-01 3.915482759475708008e-01 2.938842773437500000e-01 0.000000000000000000e+00
2.403185218572616577e-01 2.670254409313201904e-01 2.924484014511108398e-01 3.548227846622467041e-01 3.524925410747528076e-01 0.000000000000000000e+00
2.110678404569625854e-01 2.297130823135375977e-01 1.831442266702651978e-01 2.936551570892333984e-01 2.594455182552337646e-01 0.000000000000000000e+00
1.905280798673629761e-01 2.036380469799041748e-01 1.777957677841186523e-01 2.165286242961883545e-01 2.198067754507064819e-01 0.000000000000000000e+00
2.448378205299377441e-01 3.056785166263580322e-01 2.902128994464874268e-01 3.321229219436645508e-01 3.366863727569580078e-01 0.000000000000000000e+00
2.318382263183593750e-03 -8.855482563376426697e-03 -3.511665388941764832e-02 4.912124574184417725e-02 1.945006549358367920e-01 0.000000000000000000e+00
1.800060719251632690e-01 1.981943547725677490e-01 1.985222399234771729e-01 2.151823192834854126e-01 1.179558336734771729e-01 0.000000000000000000e+00
2.239975780248641968e-01 2.184041142463684082e-01 2.633082568645477295e-01 2.865872085094451904e-01 2.887485623359680176e-01 0.000000000000000000e+00
1.961928158998489380e-01 2.416943758726119995e-01 2.120505720376968384e-01 2.464525848627090454e-01 2.588235139846801758e-01 1.000000000000000000e+00
2.048883289098739624e-01 2.347479760646820068e-01 2.489496320486068726e-01 2.731009125709533691e-01 2.675886452198028564e-01 2.000000000000000000e+00
1.961928158998489380e-01 2.416943758726119995e-01 2.120505720376968384e-01 2.464525848627090454e-01 2.588235139846801758e-01 1.000000000000000000e+00
2.048883289098739624e-01 2.347479760646820068e-01 2.489496320486068726e-01 2.731009125709533691e-01 2.675886452198028564e-01 2.000000000000000000e+00
1.961928158998489380e-01 2.416943758726119995e-01 2.120505720376968384e-01 2.464525848627090454e-01 2.588235139846801758e-01 1.000000000000000000e+00
2.048883289098739624e-01 2.347479760646820068e-01 2.489496320486068726e-01 2.731009125709533691e-01 2.675886452198028564e-01 2.000000000000000000e+00
1.961928158998489380e-01 2.416943758726119995e-01 2.120505720376968384e-01 2.464525848627090454e-01 2.588235139846801758e-01 1.000000000000000000e+00
2.048883289098739624e-01 2.347479760646820068e-01 2.489496320486068726e-01 2.731009125709533691e-01 2.675886452198028564e-01 2.000000000000000000e+00
1.961928158998489380e-01 2.416943758726119995e-01 2.120505720376968384e-01 2.464525848627090454e-01 2.588235139846801758e-01 1.000000000000000000e+00
2.048883289098739624e-01 2.347479760646820068e-01 2.489496320486068726e-01 2.731009125709533691e-01 2.675886452198028564e-01 2.000000000000000000e+00
1.961928158998489380e-01 2.416943758726119995e-01 2.120505720376968384e-01 2.464525848627090454e-01 2.588235139846801758e-01 1.000000000000000000e+00
2.048883289098739624e-01 2.347479760646820068e-01 2.489496320486068726e-01 2.731009125709533691e-01 2.675886452198028564e-01 2.000000000000000000e+00
1.961928158998489380e-01 2.416943758726119995e-01 2.120505720376968384e-01 2.464525848627090454e-01 2.588235139846801758e-01 1.000000000000000000e+00
2.048883289098739624e-01 2.347479760646820068e-01 2.489496320486068726e-01 2.731009125709533691e-01 2.675886452198028564e-01 2.000000000000000000e+00
1.961928158998489380e-01 2.416943758726119995e-01 2.120505720376968384e-01 2.464525848627090454e-01 2.588235139846801758e-01 1.000000000000000000e+00
2.048883289098739624e-01 2.347479760646820068e-01 2.489496320486068726e-01 2.731009125709533691e-01 2.675886452198028564e-01 2.000000000000000000e+00
1.961928158998489380e-01 2.416943758726119995e-01 2.120505720376968384e-01 2.464525848627090454e-01 2.588235139846801758e-01 1.000000000000000000e+00
2.048883289098739624e-01 2.347479760646820068e-01 2.489496320486068726e-01 2.731009125709533691e-01 2.675886452198028564e-01 2.000000000000000000e+00
1.961928158998489380e-01 2.416943758726119995e-01 2.120505720376968384e-01 2.464525848627090454e-01 2.588235139846801758e-01 1.000000000000000000e+00
2.048883289098739624e-01 2.347479760646820068e-01 2.489496320486068726e-01 2.731009125709533691e-01 2.675886452198028564e-01 2.000000000000000000e+00
-1.226785825565457344e-04 2.530874311923980713e-02 5.734083242714405060e-03 1.366941034793853760e-01 2.033810019493103027e-01 0.000000000000000000e+00
1.255774199962615967e-01 1.646158397197723389e-01 1.626165956258773804e-01 1.754579842090606689e-01 1.835126280784606934e-01 0.000000000000000000e+00
1.303439736366271973e-01 1.306719779968261719e-01 1.467905938625335693e-01 1.465725004673004150e-01 1.482876688241958618e-01 0.000000000000000000e+00
1.387739479541778564e-01 1.395174860954284668e-01 1.384817510843276978e-01 1.256852895021438599e-01 1.286619901657104492e-01 0.000000000000000000e+00
1.317198127508163452e-01 1.213665008544921875e-01 1.330647766590118408e-01 1.445767730474472046e-01 1.457536667585372925e-01 0.000000000000000000e+00
4.070746153593063354e-02 1.629778295755386353e-01 2.366225272417068481e-01 7.102281600236892700e-02 -2.541717886924743652e-01 1.000000000000000000e+00
1.655457764863967896e-01 2.124642282724380493e-01 2.168365120887756348e-01 2.084329128265380859e-01 2.385261654853820801e-01 2.000000000000000000e+00
4.070746153593063354e-02 1.629778295755386353e-01 2.366225272417068481e-01 7.102281600236892700e-02 -2.541717886924743652e-01 1.000000000000000000e+00
1.655457764863967896e-01 2.124642282724380493e-01 2.168365120887756348e-01 2.084329128265380859e-01 2.385261654853820801e-01 2.000000000000000000e+00
4.070746153593063354e-02 1.629778295755386353e-01 2.366225272417068481e-01 7.102281600236892700e-02 -2.541717886924743652e-01 1.000000000000000000e+00
1.655457764863967896e-01 2.124642282724380493e-01 2.168365120887756348e-01 2.084329128265380859e-01 2.385261654853820801e-01 2.000000000000000000e+00
4.070746153593063354e-02 1.629778295755386353e-01 2.366225272417068481e-01 7.102281600236892700e-02 -2.541717886924743652e-01 1.000000000000000000e+00
1.655457764863967896e-01 2.124642282724380493e-01 2.168365120887756348e-01 2.084329128265380859e-01 2.385261654853820801e-01 2.000000000000000000e+00
4.070746153593063354e-02 1.629778295755386353e-01 2.366225272417068481e-01 7.102281600236892700e-02 -2.541717886924743652e-01 1.000000000000000000e+00
1.655457764863967896e-01 2.124642282724380493e-01 2.168365120887756348e-01 2.084329128265380859e-01 2.385261654853820801e-01 2.000000000000000000e+00
4.070746153593063354e-02 1.629778295755386353e-01 2.366225272417068481e-01 7.102281600236892700e-02 -2.541717886924743652e-01 1.000000000000000000e+00
1.655457764863967896e-01 2.124642282724380493e-01 2.168365120887756348e-01 2.084329128265380859e-01 2.385261654853820801e-01 2.000000000000000000e+00
4.070746153593063354e-02 1.629778295755386353e-01 2.366225272417068481e-01 7.102281600236892700e-02 -2.541717886924743652e-01 1.000000000000000000e+00
1.655457764863967896e-01 2.124642282724380493e-01 2.168365120887756348e-01 2.084329128265380859e-01 2.385261654853820801e-01 2.000000000000000000e+00
4.070746153593063354e-02 1.629778295755386353e-01 2.366225272417068481e-01 7.102281600236892700e-02 -2.541717886924743652e-01 1.000000000000000000e+00
1.655457764863967896e-01 2.124642282724380493e-01 2.168365120887756348e-01 2.084329128265380859e-01 2.385261654853820801e-01 2.000000000000000000e+00
4.070746153593063354e-02 1.629778295755386353e-01 2.366225272417068481e-01 7.102281600236892700e-02 -2.541717886924743652e-01 1.000000000000000000e+00
1.655457764863967896e-01 2.124642282724380493e-01 2.168365120887756348e-01 2.084329128265380859e-01 2.385261654853820801e-01 2.000000000000000000e+00
4.070746153593063354e-02 1.629778295755386353e-01 2.366225272417068481e-01 7.102281600236892700e-02 -2.541717886924743652e-01 1.000000000000000000e+00
1.655457764863967896e-01 2.124642282724380493e-01 2.168365120887756348e-01 2.084329128265380859e-01 2.385261654853820801e-01 2.000000000000000000e+00
1.472567617893218994e-01 1.620532274246215820e-01 1.604805588722229004e-01 1.869487464427947998e-01 1.802501231431961060e-01 0.000000000000000000e+00
1.106104627251625061e-01 9.693922847509384155e-02 -6.814054399728775024e-02 -5.016689375042915344e-02 -1.787224411964416504e-01 0.000000000000000000e+00
1.103299185633659363e-01 1.664115116000175476e-02 5.135607346892356873e-02 3.003533184528350830e-02 -8.324319869279861450e-02 0.000000000000000000e+00
9.751188009977340698e-02 8.964698016643524170e-02 1.024241447448730469e-01 1.470726132392883301e-01 1.807737201452255249e-01 0.000000000000000000e+00
7.105406373739242554e-02 4.754530265927314758e-03 -1.759853214025497437e-01 -1.812095344066619873e-01 -1.120590940117835999e-01 0.000000000000000000e+00
7.415939867496490479e-02 8.421947807073593140e-02 4.131400492042303085e-03 5.957978218793869019e-02 -5.825657770037651062e-02 0.000000000000000000e+00
1.747575961053371429e-02 6.468108296394348145e-02 9.708891808986663818e-02 -9.740638732910156250e-02 -1.617549806833267212e-01 0.000000000000000000e+00
1.742556691169738770e-01 1.854224652051925659e-01 1.830512285232543945e-01 1.698750704526901245e-01 1.860239952802658081e-01 0.000000000000000000e+00
1.657821238040924072e-01 1.855134367942810059e-01 1.786815077066421509e-01 1.868223547935485840e-01 1.920189261436462402e-01 0.000000000000000000e+00
1.724831759929656982e-01 1.886560916900634766e-01 2.157738506793975830e-01 2.001136839389801025e-01 1.743542253971099854e-01 0.000000000000000000e+00
1.925320029258728027e-01 1.519837677478790283e-01 1.895497143268585205e-01 -2.044465206563472748e-02 -1.382025331258773804e-01 0.000000000000000000e+00
1.394601613283157349e-01 1.483993828296661377e-01 1.999990046024322510e-01 1.982689350843429565e-01 2.402949780225753784e-01 0.000000000000000000e+00
1.447268277406692505e-01 6.491395086050033569e-02 3.098992630839347839e-03 -1.959348022937774658e-01 -2.500030212104320526e-02 0.000000000000000000e+00
2.126054763793945312e-01 2.120780497789382935e-01 1.986077725887298584e-01 2.385363727807998657e-01 2.549760043621063232e-01 0.000000000000000000e+00
2.616367936134338379e-01 2.815759181976318359e-01 2.862106859683990479e-01 2.809195518493652344e-01 1.664800196886062622e-01 0.000000000000000000e+00
1.910480707883834839e-01 2.115190327167510986e-01 2.459262013435363770e-01 3.028668165206909180e-01 3.195887207984924316e-01 0.000000000000000000e+00
2.449011802673339844e-01 2.830113768577575684e-01 3.057696521282196045e-01 3.108784258365631104e-01 3.304745554924011230e-01 0.000000000000000000e+00
2.820174992084503174e-01 3.444327712059020996e-01 3.574072718620300293e-01 3.281393945217132568e-01 3.432315886020660400e-01 0.000000000000000000e+00
2.731958329677581787e-01 2.980966269969940186e-01 3.203797936439514160e-01 3.281828165054321289e-01 3.392711281776428223e-01 0.000000000000000000e+00
2.718418240547180176e-01 3.263970017433166504e-01 3.289301693439483643e-01 3.240072727203369141e-01 3.079423904418945312e-01 0.000000000000000000e+00
1.215305645018815994e-03 4.869914613664150238e-03 1.030924990773200989e-01 1.532170325517654419e-01 1.930239051580429077e-01 0.000000000000000000e+00
1.687166094779968262e-01 1.929394602775573730e-01 2.029455006122589111e-01 1.817153096199035645e-01 1.868144571781158447e-01 0.000000000000000000e+00
1.849419474601745605e-01 2.095621526241302490e-01 2.328820377588272095e-01 2.469533085823059082e-01 2.225849479436874390e-01 0.000000000000000000e+00
1.887276619672775269e-01 2.321436405181884766e-01 2.450362741947174072e-01 2.665541470050811768e-01 2.688827812671661377e-01 0.000000000000000000e+00
2.077278494834899902e-01 2.514620125293731689e-01 2.273567765951156616e-01 2.529731094837188721e-01 2.808948755264282227e-01 0.000000000000000000e+00
2.085406780242919922e-01 2.280445098876953125e-01 2.329457253217697144e-01 2.546314895153045654e-01 2.203992307186126709e-01 0.000000000000000000e+00
2.090606987476348877e-01 2.601550519466400146e-01 2.454409003257751465e-01 2.538439035415649414e-01 2.484821081161499023e-01 0.000000000000000000e+00
1.946422308683395386e-01 1.973955035209655762e-01 2.131705433130264282e-01 2.193327099084854126e-01 2.262616902589797974e-01 0.000000000000000000e+00
4.521462619304656982e-01 4.651564955711364746e-01 5.266220569610595703e-01 5.346318483352661133e-01 5.781909227371215820e-01 0.000000000000000000e+00
1.971012800931930542e-01 -7.488744705915451050e-02 -3.344443440437316895e-01 -2.394519597291946411e-01 1.391741335391998291e-01 0.000000000000000000e+00
1.903639137744903564e-01 2.202637791633605957e-01 1.485647708177566528e-01 2.841537892818450928e-01 4.127289056777954102e-01 0.000000000000000000e+00
2.712234556674957275e-01 3.180502057075500488e-01 3.176391124725341797e-01 2.865130305290222168e-01 3.017385005950927734e-01 0.000000000000000000e+00
2.866875529289245605e-01 3.375765681266784668e-01 3.087064027786254883e-01 3.229470551013946533e-01 3.485563099384307861e-01 0.000000000000000000e+00
1.669363081455230713e-01 1.298198252916336060e-01 1.909814924001693726e-01 2.176647335290908813e-01 3.070458173751831055e-01 0.000000000000000000e+00
2.139649689197540283e-01 2.752530574798583984e-01 2.822197675704956055e-01 2.822324037551879883e-01 2.846124470233917236e-01 0.000000000000000000e+00
-1.286708414554595947e-01 -1.480031609535217285e-01 -1.794865727424621582e-01 -2.027330994606018066e-01 -1.857652217149734497e-01 0.000000000000000000e+00
-2.017444074153900146e-01 -2.000317163765430450e-02 9.165187925100326538e-02 6.063065305352210999e-02 -2.061439454555511475e-01 0.000000000000000000e+00
-4.412931501865386963e-01 -1.503596156835556030e-01 8.156517148017883301e-02 4.825207963585853577e-02 1.987219899892807007e-01 0.000000000000000000e+00
2.053597718477249146e-01 3.513625264167785645e-01 4.097441732883453369e-01 3.825238645076751709e-01 1.947647780179977417e-01 0.000000000000000000e+00
3.378210365772247314e-01 4.204349517822265625e-01 4.723275303840637207e-01 4.753599762916564941e-01 4.402568936347961426e-01 0.000000000000000000e+00
3.568522334098815918e-01 4.206975698471069336e-01 3.574210405349731445e-01 3.535235524177551270e-01 3.674040734767913818e-01 0.000000000000000000e+00
-3.725842833518981934e-01 -3.296737372875213623e-01 -4.300836026668548584e-01 -4.131212532520294189e-01 -2.500328719615936279e-01 1.000000000000000000e+00
-1.361962407827377319e-01 2.027906328439712524e-01 1.459406465291976929e-01 -1.875241994857788086e-01 1.065770611166954041e-01 2.000000000000000000e+00
-3.725842833518981934e-01 -3.296737372875213623e-01 -4.300836026668548584e-01 -4.131212532520294189e-01 -2.500328719615936279e-01 1.000000000000000000e+00
-1.361962407827377319e-01 2.027906328439712524e-01 1.459406465291976929e-01 -1.875241994857788086e-01 1.065770611166954041e-01 2.000000000000000000e+00
-3.725842833518981934e-01 -3.296737372875213623e-01 -4.300836026668548584e-01 -4.131212532520294189e-01 -2.500328719615936279e-01 1.000000000000000000e+00
-1.361962407827377319e-01 2.027906328439712524e-01 1.459406465291976929e-01 -1.875241994857788086e-01 1.065770611166954041e-01 2.000000000000000000e+00
-3.725842833518981934e-01 -3.296737372875213623e-01 -4.300836026668548584e-01 -4.131212532520294189e-01 -2.500328719615936279e-01 1.000000000000000000e+00
-1.361962407827377319e-01 2.027906328439712524e-01 1.459406465291976929e-01 -1.875241994857788086e-01 1.065770611166954041e-01 2.000000000000000000e+00
-3.725842833518981934e-01 -3.296737372875213623e-01 -4.300836026668548584e-01 -4.131212532520294189e-01 -2.500328719615936279e-01 1.000000000000000000e+00
-1.361962407827377319e-01 2.027906328439712524e-01 1.459406465291976929e-01 -1.875241994857788086e-01 1.065770611166954041e-01 2.000000000000000000e+00
-3.725842833518981934e-01 -3.296737372875213623e-01 -4.300836026668548584e-01 -4.131212532520294189e-01 -2.500328719615936279e-01 1.000000000000000000e+00
-1.361962407827377319e-01 2.027906328439712524e-01 1.459406465291976929e-01 -1.875241994857788086e-01 1.065770611166954041e-01 2.000000000000000000e+00
-3.725842833518981934e-01 -3.296737372875213623e-01 -4.300836026668548584e-01 -4.131212532520294189e-01 -2.500328719615936279e-01 1.000000000000000000e+00
-1.361962407827377319e-01 2.027906328439712524e-01 1.459406465291976929e-01 -1.875241994857788086e-01 1.065770611166954041e-01 2.000000000000000000e+00
-3.725842833518981934e-01 -3.296737372875213623e-01 -4.300836026668548584e-01 -4.131212532520294189e-01 -2.500328719615936279e-01 1.000000000000000000e+00
-1.361962407827377319e-01 2.027906328439712524e-01 1.459406465291976929e-01 -1.875241994857788086e-01 1.065770611166954041e-01 2.000000000000000000e+00
-3.725842833518981934e-01 -3.296737372875213623e-01 -4.300836026668548584e-01 -4.131212532520294189e-01 -2.500328719615936279e-01 1.000000000000000000e+00
-1.361962407827377319e-01 2.027906328439712524e-01 1.459406465291976929e-01 -1.875241994857788086e-01 1.065770611166954041e-01 2.000000000000000000e+00
-3.725842833518981934e-01 -3.296737372875213623e-01 -4.300836026668548584e-01 -4.131212532520294189e-01 -2.500328719615936279e-01 1.000000000000000000e+00
-1.361962407827377319e-01 2.027906328439712524e-01 1.459406465291976929e-01 -1.875241994857788086e-01 1.065770611166954041e-01 2.000000000000000000e+00
1.622875332832336426e-01 1.768234074115753174e-01 1.871237307786941528e-01 2.069018781185150146e-01 2.209807634353637695e-01 0.000000000000000000e+00
1.768118739128112793e-01 1.866925805807113647e-01 2.015081346035003662e-01 2.178997844457626343e-01 2.145875394344329834e-01 0.000000000000000000e+00
1.787548810243606567e-01 1.866960823535919189e-01 2.033231109380722046e-01 2.083670049905776978e-01 2.144419103860855103e-01 0.000000000000000000e+00
1.720107197761535645e-01 1.913877278566360474e-01 1.939136534929275513e-01 2.082285135984420776e-01 2.059429436922073364e-01 0.000000000000000000e+00
1.915733516216278076e-01 2.093047052621841431e-01 1.824424117803573608e-01 1.926388144493103027e-01 2.104055434465408325e-01 0.000000000000000000e+00
1.702726930379867554e-01 1.795780211687088013e-01 2.015333026647567749e-01 2.167188674211502075e-01 2.493908405303955078e-01 0.000000000000000000e+00
2.177792340517044067e-01 2.777841389179229736e-01 2.727895677089691162e-01 2.652984261512756348e-01 2.689263224601745605e-01 0.000000000000000000e+00
1.726437658071517944e-01 1.975839138031005859e-01 1.992565542459487915e-01 1.929762214422225952e-01 1.973346024751663208e-01 0.000000000000000000e+00
1.567012518644332886e-01 1.601641327142715454e-01 1.696615070104598999e-01 1.724970340728759766e-01 1.863689124584197998e-01 0.000000000000000000e+00
1.367099136114120483e-01 1.203517913818359375e-01 1.165608167648315430e-01 1.133062615990638733e-01 1.129570528864860535e-01 0.000000000000000000e+00
1.100896894931793213e-01 1.417593359947204590e-01 1.175728514790534973e-01 1.071750819683074951e-01 1.166883185505867004e-01 0.000000000000000000e+00
1.056619137525558472e-01 1.266755759716033936e-01 1.308093369007110596e-01 1.292279362678527832e-01 1.317542344331741333e-01 0.000000000000000000e+00
1.064988896250724792e-01 1.123837977647781372e-01 1.145978495478630066e-01 1.186828017234802246e-01 1.164827495813369751e-01 0.000000000000000000e+00
1.136483773589134216e-01 1.195393204689025879e-01 1.323502361774444580e-01 1.192871257662773132e-01 1.282431036233901978e-01 0.000000000000000000e+00
2.749171853065490723e-01 3.120168447494506836e-01 2.911264002323150635e-01 2.580139636993408203e-01 2.520082592964172363e-01 0.000000000000000000e+00
3.339378833770751953e-01 2.926956117153167725e-01 3.569921255111694336e-01 3.742732107639312744e-01 3.957506716251373291e-01 0.000000000000000000e+00
2.842995226383209229e-01 3.342362940311431885e-01 3.691624402999877930e-01 4.456529021263122559e-01 4.047282338142395020e-01 0.000000000000000000e+00
2.383246570825576782e-01 3.074581921100616455e-01 3.306814432144165039e-01 3.612438738346099854e-01 3.539027571678161621e-01 0.000000000000000000e+00
2.041242569684982300e-01 3.229632377624511719e-01 2.997759878635406494e-01 3.596153855323791504e-01 3.273300230503082275e-01 0.000000000000000000e+00
1.807563900947570801e-01 3.011798560619354248e-01 3.304694890975952148e-01 3.698314428329467773e-01 3.158246874809265137e-01 0.000000000000000000e+00
-2.811785936355590820e-01 -3.010404482483863831e-02 -6.721162050962448120e-02 1.797518581151962280e-01 1.681794077157974243e-01 0.000000000000000000e+00
1.551086604595184326e-01 1.031077802181243896e-01 -9.182842448353767395e-03 -4.573483392596244812e-02 -8.551172167062759399e-02 0.000000000000000000e+00
2.699126005172729492e-01 2.418493479490280151e-01 1.915322244167327881e-01 1.343481689691543579e-01 -9.446264244616031647e-03 0.000000000000000000e+00
2.381211966276168823e-01 2.649652957916259766e-01 2.236783504486083984e-01 2.297457605600357056e-01 2.678931355476379395e-01 0.000000000000000000e+00
2.653507590293884277e-01 2.953770756721496582e-01 2.684369683265686035e-01 3.281442821025848389e-01 3.174898028373718262e-01 0.000000000000000000e+00
2.713299989700317383e-01 3.173857033252716064e-01 3.314682245254516602e-01 2.966725528240203857e-01 3.072803914546966553e-01 0.000000000000000000e+00
1.928919255733489990e-01 2.336632460355758667e-01 3.577607870101928711e-01 3.665076792240142822e-01 3.096056878566741943e-01 0.000000000000000000e+00
2.210429757833480835e-01 2.814252972602844238e-01 3.004399538040161133e-01 2.769863307476043701e-01 2.303102761507034302e-01 0.000000000000000000e+00
1.778337508440017700e-01 2.025128304958343506e-01 2.247278094291687012e-01 2.250702679157257080e-01 2.316155284643173218e-01 0.000000000000000000e+00
1.950633674860000610e-01 2.028520256280899048e-01 2.070313692092895508e-01 2.225722372531890869e-01 2.343760132789611816e-01 0.000000000000000000e+00
2.068663537502288818e-01 2.170757353305816650e-01 2.366837263107299805e-01 2.210142165422439575e-01 2.437106817960739136e-01 0.000000000000000000e+00
2.116215378046035767e-01 2.412258982658386230e-01 2.373920381069183350e-01 2.514876127243041992e-01 2.556834518909454346e-01 0.000000000000000000e+00
1.791801005601882935e-01 2.422953099012374878e-01 2.547457814216613770e-01 2.586757838726043701e-01 2.480454295873641968e-01 0.000000000000000000e+00
2.162286490201950073e-01 2.093722373247146606e-01 2.316541671752929688e-01 1.947931945323944092e-01 1.617152094841003418e-01 0.000000000000000000e+00
1.759729981422424316e-01 2.266043722629547119e-01 2.587202787399291992e-01 2.818689942359924316e-01 2.979241013526916504e-01 0.000000000000000000e+00
-3.113843686878681183e-02 -5.817479267716407776e-02 -1.743146181106567383e-01 -1.781318336725234985e-01 -4.301932454109191895e-02 0.000000000000000000e+00
8.119860291481018066e-02 2.524898052215576172e-01 3.329478204250335693e-01 3.166918456554412842e-01 2.548067867755889893e-01 0.000000000000000000e+00
3.182990252971649170e-01 3.450204432010650635e-01 3.474881052970886230e-01 3.219899535179138184e-01 3.181113898754119873e-01 0.000000000000000000e+00
2.657897472381591797e-01 2.966326177120208740e-01 3.832193315029144287e-01 4.267919957637786865e-01 4.044549167156219482e-01 0.000000000000000000e+00
2.720290124416351318e-01 3.316431939601898193e-01 3.647354841232299805e-01 3.759492933750152588e-01 4.017901420593261719e-01 0.000000000000000000e+00
2.800153493881225586e-01 3.135316967964172363e-01 3.313536047935485840e-01 3.445968329906463623e-01 3.687548041343688965e-01 0.000000000000000000e+00
2.533367276191711426e-01 2.779675722122192383e-01 3.134258985519409180e-01 2.941079139709472656e-01 3.319990336894989014e-01 0.000000000000000000e+00
1.205839216709136963e-01 2.344988584518432617e-01 2.770575582981109619e-01 1.038320884108543396e-01 -1.229031756520271301e-02 1.000000000000000000e+00
2.221671640872955322e-01 1.697475165128707886e-01 6.209102272987365723e-02 1.317522823810577393e-01 2.605083882808685303e-01 2.000000000000000000e+00
1.205839216709136963e-01 2.344988584518432617e-01 2.770575582981109619e-01 1.038320884108543396e-01 -1.229031756520271301e-02 1.000000000000000000e+00
2.221671640872955322e-01 1.697475165128707886e-01 6.209102272987365723e-02 1.317522823810577393e-01 2.605083882808685303e-01 2.000000000000000000e+00
1.205839216709136963e-01 2.344988584518432617e-01 2.770575582981109619e-01 1.038320884108543396e-01 -1.229031756520271301e-02 1.000000000000000000e+00
2.221671640872955322e-01 1.697475165128707886e-01 6.209102272987365723e-02 1.317522823810577393e-01 2.605083882808685303e-01 2.000000000000000000e+00
1.205839216709136963e-01 2.344988584518432617e-01 2.770575582981109619e-01 1.038320884108543396e-01 -1.229031756520271301e-02 1.000000000000000000e+00
2.221671640872955322e-01 1.697475165128707886e-01 6.209102272987365723e-02 1.317522823810577393e-01 2.605083882808685303e-01 2.000000000000000000e+00
1.205839216709136963e-01 2.344988584518432617e-01 2.770575582981109619e-01 1.038320884108543396e-01 -1.229031756520271301e-02 1.000000000000000000e+00
2.221671640872955322e-01 1.697475165128707886e-01 6.209102272987365723e-02 1.317522823810577393e-01 2.605083882808685303e-01 2.000000000000000000e+00
1.205839216709136963e-01 2.344988584518432617e-01 2.770575582981109619e-01 1.038320884108543396e-01 -1.229031756520271301e-02 1.000000000000000000e+00
2.221671640872955322e-01 1.697475165128707886e-01 6.209102272987365723e-02 1.317522823810577393e-01 2.605083882808685303e-01 2.000000000000000000e+00
1.205839216709136963e-01 2.344988584518432617e-01 2.770575582981109619e-01 1.038320884108543396e-01 -1.229031756520271301e-02 1.000000000000000000e+00
2.221671640872955322e-01 1.697475165128707886e-01 6.209102272987365723e-02 1.317522823810577393e-01 2.605083882808685303e-01 2.000000000000000000e+00
1.205839216709136963e-01 2.344988584518432617e-01 2.770575582981109619e-01 1.038320884108543396e-01 -1.229031756520271301e-02 1.000000000000000000e+00
2.221671640872955322e-01 1.697475165128707886e-01 6.209102272987365723e-02 1.317522823810577393e-01 2.605083882808685303e-01 2.000000000000000000e+00
1.205839216709136963e-01 2.344988584518432617e-01 2.770575582981109619e-01 1.038320884108543396e-01 -1.229031756520271301e-02 1.000000000000000000e+00
2.221671640872955322e-01 1.697475165128707886e-01 6.209102272987365723e-02 1.317522823810577393e-01 2.605083882808685303e-01 2.000000000000000000e+00
1.205839216709136963e-01 2.344988584518432617e-01 2.770575582981109619e-01 1.038320884108543396e-01 -1.229031756520271301e-02 1.000000000000000000e+00
2.221671640872955322e-01 1.697475165128707886e-01 6.209102272987365723e-02 1.317522823810577393e-01 2.605083882808685303e-01 2.000000000000000000e+00
1.377852410078048706e-01 2.216409891843795776e-01 2.310639023780822754e-01 1.901096552610397339e-01 1.810314059257507324e-01 0.000000000000000000e+00
1.815303415060043335e-01 1.877748817205429077e-01 1.653579324483871460e-01 2.150675952434539795e-01 2.277939766645431519e-01 0.000000000000000000e+00
2.488037496805191040e-01 2.683775722980499268e-01 2.617016732692718506e-01 2.485857158899307251e-01 2.286255806684494019e-01 0.000000000000000000e+00
2.947622239589691162e-01 4.105329215526580811e-01 3.871776163578033447e-01 3.631338775157928467e-01 3.610498011112213135e-01 0.000000000000000000e+00
3.314773142337799072e-01 4.770156443119049072e-01 4.624181687831878662e-01 4.530174732208251953e-01 4.646223783493041992e-01 0.000000000000000000e+00
3.188395202159881592e-01 4.429552257061004639e-01 4.777421355247497559e-01 5.002325177192687988e-01 5.020036101341247559e-01 0.000000000000000000e+00
1.402682214975357056e-01 3.666641116142272949e-01 4.007254540920257568e-01 4.043925702571868896e-01 4.018595814704895020e-01 0.000000000000000000e+00
1.163203641772270203e-01 1.634215712547302246e-01 1.247669234871864319e-01 2.029737681150436401e-01 2.039163410663604736e-01 1.000000000000000000e+00
1.827960014343261719e-01 2.009345144033432007e-01 2.087223380804061890e-01 2.402082830667495728e-01 2.308074086904525757e-01 2.000000000000000000e+00
1.163203641772270203e-01 1.634215712547302246e-01 1.247669234871864319e-01 2.029737681150436401e-01 2.039163410663604736e-01 1.000000000000000000e+00
1.827960014343261719e-01 2.009345144033432007e-01 2.087223380804061890e-01 2.402082830667495728e-01 2.308074086904525757e-01 2.000000000000000000e+00
1.163203641772270203e-01 1.634215712547302246e-01 1.247669234871864319e-01 2.029737681150436401e-01 2.039163410663604736e-01 1.000000000000000000e+00
1.827960014343261719e-01 2.009345144033432007e-01 2.087223380804061890e-01 2.402082830667495728e-01 2.308074086904525757e-01 2.000000000000000000e+00
1.163203641772270203e-01 1.634215712547302246e-01 1.247669234871864319e-01 2.029737681150436401e-01 2.039163410663604736e-01 1.000000000000000000e+00
1.827960014343261719e-01 2.009345144033432007e-01 2.087223380804061890e-01 2.402082830667495728e-01 2.308074086904525757e-01 2.000000000000000000e+00
1.163203641772270203e-01 1.634215712547302246e-01 1.247669234871864319e-01 2.029737681150436401e-01 2.039163410663604736e-01 1.000000000000000000e+00
1.827960014343261719e-01 2.009345144033432007e-01 2.087223380804061890e-01 2.402082830667495728e-01 2.308074086904525757e-01 2.000000000000000000e+00
1.163203641772270203e-01 1.634215712547302246e-01 1.247669234871864319e-01 2.029737681150436401e-01 2.039163410663604736e-01 1.000000000000000000e+00
1.827960014343261719e-01 2.009345144033432007e-01 2.087223380804061890e-01 2.402082830667495728e-01 2.308074086904525757e-01 2.000000000000000000e+00
1.163203641772270203e-01 1.634215712547302246e-01 1.247669234871864319e-01 2.029737681150436401e-01 2.039163410663604736e-01 1.000000000000000000e+00
1.827960014343261719e-01 2.009345144033432007e-01 2.087223380804061890e-01 2.402082830667495728e-01 2.308074086904525757e-01 2.000000000000000000e+00
1.163203641772270203e-01 1.634215712547302246e-01 1.247669234871864319e-01 2.029737681150436401e-01 2.039163410663604736e-01 1.000000000000000000e+00
1.827960014343261719e-01 2.009345144033432007e-01 2.087223380804061890e-01 2.402082830667495728e-01 2.308074086904525757e-01 2.000000000000000000e+00
1.163203641772270203e-01 1.634215712547302246e-01 1.247669234871864319e-01 2.029737681150436401e-01 2.039163410663604736e-01 1.000000000000000000e+00
1.827960014343261719e-01 2.009345144033432007e-01 2.087223380804061890e-01 2.402082830667495728e-01 2.308074086904525757e-01 2.000000000000000000e+00
1.163203641772270203e-01 1.634215712547302246e-01 1.247669234871864319e-01 2.029737681150436401e-01 2.039163410663604736e-01 1.000000000000000000e+00
1.827960014343261719e-01 2.009345144033432007e-01 2.087223380804061890e-01 2.402082830667495728e-01 2.308074086904525757e-01 2.000000000000000000e+00
1.879749745130538940e-01 1.911980807781219482e-01 1.895527541637420654e-01 1.872307956218719482e-01 1.798343062400817871e-01 0.000000000000000000e+00
1.911450326442718506e-01 2.087876349687576294e-01 2.012865543365478516e-01 2.035416215658187866e-01 1.955109685659408569e-01 0.000000000000000000e+00
4.950065910816192627e-02 2.039991617202758789e-01 2.375176250934600830e-01 2.385829240083694458e-01 2.304353415966033936e-01 0.000000000000000000e+00
2.081364244222640991e-01 2.458620816469192505e-01 2.507940232753753662e-01 2.415009140968322754e-01 2.308403849601745605e-01 0.000000000000000000e+00
2.127057760953903198e-01 2.473081350326538086e-01 2.513088285923004150e-01 2.506137192249298096e-01 2.203408777713775635e-01 0.000000000000000000e+00
1.983715593814849854e-01 2.183408588171005249e-01 2.288247644901275635e-01 1.224157512187957764e-01 2.478341460227966309e-01 0.000000000000000000e+00
1.973613351583480835e-01 2.344722002744674683e-01 2.503345310688018799e-01 2.503848373889923096e-01 2.722882330417633057e-01 0.000000000000000000e+00
2.040557265281677246e-01 2.577940225601196289e-01 2.458956092596054077e-01 2.464304566383361816e-01 2.438646256923675537e-01 0.000000000000000000e+00
1.687889695167541504e-01 2.317011058330535889e-01 2.372153252363204956e-01 2.567976117134094238e-01 2.573471367359161377e-01 0.000000000000000000e+00
1.865400373935699463e-01 2.345681637525558472e-01 2.535303533077239990e-01 2.636447250843048096e-01 2.501222491264343262e-01 0.000000000000000000e+00
1.735268346965312958e-02 1.233786568045616150e-01 2.072349786758422852e-01 2.127659618854522705e-01 2.500409185886383057e-01 0.000000000000000000e+00
7.879993319511413574e-02 1.829142123460769653e-01 1.701290905475616455e-01 1.958829462528228760e-01 2.043154090642929077e-01 0.000000000000000000e+00
1.601567119359970093e-01 1.976490169763565063e-01 2.079965919256210327e-01 1.337864696979522705e-01 1.459233760833740234e-01 0.000000000000000000e+00
1.284009665250778198e-01 1.247443705797195435e-01 1.346344649791717529e-01 1.466113775968551636e-01 1.549887061119079590e-01 0.000000000000000000e+00
2.146938741207122803e-01 3.346898257732391357e-01 3.691772222518920898e-01 4.339457750320434570e-01 3.853285908699035645e-01 0.000000000000000000e+00
2.569180130958557129e-01 3.299281001091003418e-01 3.477997183799743652e-01 3.608004152774810791e-01 3.893310427665710449e-01 0.000000000000000000e+00
2.607617676258087158e-01 3.017135858535766602e-01 3.243473470211029053e-01 3.569353222846984863e-01 3.842795491218566895e-01 0.000000000000000000e+00
3.224381208419799805e-01 3.176327645778656006e-01 3.627113401889801025e-01 3.630203008651733398e-01 3.541721105575561523e-01 0.000000000000000000e+00
3.055529296398162842e-01 3.234451711177825928e-01 3.760265111923217773e-01 4.036431908607482910e-01 4.140779078006744385e-01 0.000000000000000000e+00
2.843299806118011475e-01 3.330149054527282715e-01 3.896007835865020752e-01 3.775956928730010986e-01 3.835026919841766357e-01 0.000000000000000000e+00
2.603740394115447998e-01 3.472092449665069580e-01 3.524746000766754150e-01 3.599176704883575439e-01 3.322575092315673828e-01 0.000000000000000000e+00
1.876341998577117920e-01 2.229611724615097046e-01 2.259715050458908081e-01 2.392534166574478149e-01 2.474356442689895630e-01 0.000000000000000000e+00
1.511166989803314209e-01 1.098454892635345459e-01 1.841124296188354492e-01 2.260070592164993286e-01 2.550475895404815674e-01 0.000000000000000000e+00
-5.478953197598457336e-02 9.761558473110198975e-02 1.047875732183456421e-01 1.547607630491256714e-01 8.633584529161453247e-02 0.000000000000000000e+00
2.532614469528198242e-01 2.700438201427459717e-01 2.758915722370147705e-01 2.508136630058288574e-01 2.576870620250701904e-01 0.000000000000000000e+00
2.148516178131103516e-01 2.416449040174484253e-01 2.627017796039581299e-01 2.956214845180511475e-01 2.825819849967956543e-01 0.000000000000000000e+00
2.069407701492309570e-01 2.483832687139511108e-01 2.749076485633850098e-01 2.838189601898193359e-01 2.744777798652648926e-01 0.000000000000000000e+00
2.162501066923141479e-01 2.450642287731170654e-01 2.594664096832275391e-01 2.774875462055206299e-01 2.822313904762268066e-01 0.000000000000000000e+00
3.337105810642242432e-01 3.396645784378051758e-01 3.845202028751373291e-01 3.717057704925537109e-01 3.907920122146606445e-01 0.000000000000000000e+00
4.262613356113433838e-01 4.605412781238555908e-01 4.517359137535095215e-01 3.795084357261657715e-01 3.276705145835876465e-01 0.000000000000000000e+00
3.831630945205688477e-01 4.312061667442321777e-01 4.620622098445892334e-01 5.125641822814941406e-01 4.686706662178039551e-01 0.000000000000000000e+00
4.525828361511230469e-01 4.823998212814331055e-01 5.188599824905395508e-01 5.144624710083007812e-01 4.912117719650268555e-01 0.000000000000000000e+00
4.564241766929626465e-01 5.007740855216979980e-01 5.979269146919250488e-01 5.890907645225524902e-01 5.453259944915771484e-01 0.000000000000000000e+00
2.617626786231994629e-01 4.109040796756744385e-01 4.793458580970764160e-01 4.971243441104888916e-01 4.803936779499053955e-01 0.000000000000000000e+00
3.447041511535644531e-01 4.268506765365600586e-01 4.496299922466278076e-01 4.329581856727600098e-01 4.158791899681091309e-01 0.000000000000000000e+00
4.542270675301551819e-02 1.679521501064300537e-01 1.930895149707794189e-01 1.993666142225265503e-01 1.918692737817764282e-01 0.000000000000000000e+00
1.415498107671737671e-01 1.782712042331695557e-01 1.388233751058578491e-01 1.503953039646148682e-01 1.261687576770782471e-01 0.000000000000000000e+00
1.454786956310272217e-01 1.514499783515930176e-01 1.713260561227798462e-01 1.720823794603347778e-01 1.421172320842742920e-01 0.000000000000000000e+00
1.540848165750503540e-01 1.757012009620666504e-01 1.685338765382766724e-01 1.712426543235778809e-01 1.520232558250427246e-01 0.000000000000000000e+00
1.436755210161209106e-01 -4.318865761160850525e-02 2.212249934673309326e-01 1.605380773544311523e-01 2.014861106872558594e-01 0.000000000000000000e+00
1.186359301209449768e-01 1.421475857496261597e-01 1.135297715663909912e-01 9.456839412450790405e-02 -1.997096091508865356e-01 0.000000000000000000e+00
