1.871268302202224731e-01 2.029282748699188232e-01 1.961537599563598633e-01 1.846751868724822998e-01 1.988747119903564453e-01 0.000000000000000000e+00
2.745062112808227539e-01 3.133776783943176270e-01 2.822408080101013184e-01 2.992051839828491211e-01 2.968643605709075928e-01 0.000000000000000000e+00
2.794823646545410156e-01 3.216038048267364502e-01 3.218695223331451416e-01 3.391122817993164062e-01 3.558706343173980713e-01 0.000000000000000000e+00
2.826667129993438721e-01 3.047632873058319092e-01 3.209700882434844971e-01 3.497424125671386719e-01 3.808506429195404053e-01 0.000000000000000000e+00
2.915577590465545654e-01 2.928193807601928711e-01 3.058215677738189697e-01 3.305139839649200439e-01 3.548354804515838623e-01 0.000000000000000000e+00
1.917656660079956055e-01 2.613117992877960205e-01 2.816509902477264404e-01 3.097168505191802979e-01 3.402349948883056641e-01 0.000000000000000000e+00
2.029222398996353149e-01 2.108417004346847534e-01 2.355043590068817139e-01 2.351908832788467407e-01 2.388025671243667603e-01 0.000000000000000000e+00
2.129601687192916870e-01 2.425113469362258911e-01 2.387124449014663696e-01 2.514675855636596680e-01 2.558486759662628174e-01 0.000000000000000000e+00
2.202473431825637817e-01 2.418864518404006958e-01 2.554660737514495850e-01 2.540563941001892090e-01 2.628489434719085693e-01 0.000000000000000000e+00
2.185971438884735107e-01 2.335782051086425781e-01 2.490919083356857300e-01 2.533533573150634766e-01 2.676198482513427734e-01 0.000000000000000000e+00
2.360276132822036743e-01 2.473708242177963257e-01 2.774069011211395264e-01 2.908631861209869385e-01 2.794593870639801025e-01 0.000000000000000000e+00
2.340821027755737305e-01 2.477954924106597900e-01 2.583343386650085449e-01 2.826598584651947021e-01 2.870431542396545410e-01 0.000000000000000000e+00
2.178560346364974976e-01 2.291851341724395752e-01 2.403113096952438354e-01 2.642002403736114502e-01 2.719606757164001465e-01 0.000000000000000000e+00
2.218086868524551392e-01 2.214337885379791260e-01 2.041940689086914062e-01 2.588207125663757324e-01 2.592973113059997559e-01 0.000000000000000000e+00
1.594140976667404175e-01 8.632332086563110352e-02 1.512979269027709961e-01 1.677397191524505615e-01 1.861877143383026123e-01 0.000000000000000000e+00
2.251164764165878296e-01 2.305314987897872925e-01 2.075289189815521240e-01 7.212367653846740723e-02 1.775669455528259277e-01 0.000000000000000000e+00
2.310140728950500488e-01 2.800028324127197266e-01 2.660917937755584717e-01 2.788180708885192871e-01 2.100969403982162476e-01 0.000000000000000000e+00
2.439584583044052124e-01 2.829626500606536865e-01 3.022636175155639648e-01 3.087743222713470459e-01 3.087334036827087402e-01 0.000000000000000000e+00
2.097644060850143433e-01 2.629590630531311035e-01 2.753269374370574951e-01 2.805314958095550537e-01 2.706231772899627686e-01 0.000000000000000000e+00
2.021238207817077637e-01 2.309409677982330322e-01 2.192750573158264160e-01 2.578037381172180176e-01 2.416433095932006836e-01 0.000000000000000000e+00
1.789499968290328979e-01 1.962615698575973511e-01 2.105294466018676758e-01 2.172771841287612915e-01 2.231591790914535522e-01 0.000000000000000000e+00
3.080270290374755859e-01 3.582952916622161865e-01 3.446447253227233887e-01 3.253736197948455811e-01 3.287492692470550537e-01 0.000000000000000000e+00
3.134820163249969482e-01 3.839494585990905762e-01 3.967164158821105957e-01 3.763423264026641846e-01 3.782588541507720947e-01 0.000000000000000000e+00
1.916165500879287720e-01 3.037174940109252930e-01 3.229565620422363281e-01 3.687446117401123047e-01 3.546440005302429199e-01 0.000000000000000000e+00
2.188189923763275146e-01 2.401940673589706421e-01 2.430352270603179932e-01 3.792845010757446289e-01 3.330079615116119385e-01 0.000000000000000000e+00
-4.968175664544105530e-02 6.444304436445236206e-02 1.287915259599685669e-01 3.638412356376647949e-01 3.210870623588562012e-01 0.000000000000000000e+00
1.190300807356834412e-01 1.182596907019615173e-01 1.218162029981613159e-01 1.479742825031280518e-01 1.819656640291213989e-01 0.000000000000000000e+00
1.259372830390930176e-01 1.468930840492248535e-01 1.375401169061660767e-01 1.441976726055145264e-01 1.905420422554016113e-01 0.000000000000000000e+00
3.517395257949829102e-01 3.680443465709686279e-01 4.075013995170593262e-01 4.483954608440399170e-01 5.616269111633300781e-01 0.000000000000000000e+00
3.013930022716522217e-01 3.277107477188110352e-01 3.427266478538513184e-01 4.527830779552459717e-01 4.928990900516510010e-01 0.000000000000000000e+00
2.687690854072570801e-01 4.168225824832916260e-01 4.715344309806823730e-01 5.361214876174926758e-01 5.325338244438171387e-01 0.000000000000000000e+00
2.086518555879592896e-01 3.585955500602722168e-01 4.823582768440246582e-01 4.950347244739532471e-01 5.011746883392333984e-01 0.000000000000000000e+00
7.968337088823318481e-02 1.767125427722930908e-01 2.545379102230072021e-01 2.860005199909210205e-01 3.635009527206420898e-01 0.000000000000000000e+00
1.287376135587692261e-01 1.291666775941848755e-01 3.442966192960739136e-02 9.066826105117797852e-02 8.129618316888809204e-02 0.000000000000000000e+00
1.393868774175643921e-01 1.722194254398345947e-01 1.963705867528915405e-01 1.764930337667465210e-01 2.220233976840972900e-01 0.000000000000000000e+00
5.413345620036125183e-02 1.815837919712066650e-01 1.952313929796218872e-01 1.759085804224014282e-01 1.676870882511138916e-01 0.000000000000000000e+00
1.864175498485565186e-01 1.972955465316772461e-01 1.856852024793624878e-01 1.831846684217453003e-01 1.693965345621109009e-01 0.000000000000000000e+00
1.712833493947982788e-01 1.572713851928710938e-01 1.335908323526382446e-01 1.280996203422546387e-01 1.751136332750320435e-01 0.000000000000000000e+00
1.458638012409210205e-01 1.851194649934768677e-01 1.800245791673660278e-01 1.921121776103973389e-01 1.979149580001831055e-01 0.000000000000000000e+00
1.676679849624633789e-01 2.156780064105987549e-01 2.102330774068832397e-01 2.084582895040512085e-01 2.001400142908096313e-01 0.000000000000000000e+00
2.084695249795913696e-01 1.674917042255401611e-01 1.772003918886184692e-01 1.525114029645919800e-01 1.769544929265975952e-01 0.000000000000000000e+00
1.757905930280685425e-01 1.279147267341613770e-01 1.942021250724792480e-01 1.209842860698699951e-01 1.954172700643539429e-01 0.000000000000000000e+00
-1.820642203092575073e-01 -4.752568900585174561e-02 -4.639030992984771729e-02 -1.922197937965393066e-01 -3.359911739826202393e-01 1.000000000000000000e+00
-8.864647895097732544e-02 -1.789243370294570923e-01 -1.332699656486511230e-01 6.226281821727752686e-02 4.030993580818176270e-02 2.000000000000000000e+00
-1.820642203092575073e-01 -4.752568900585174561e-02 -4.639030992984771729e-02 -1.922197937965393066e-01 -3.359911739826202393e-01 1.000000000000000000e+00
-8.864647895097732544e-02 -1.789243370294570923e-01 -1.332699656486511230e-01 6.226281821727752686e-02 4.030993580818176270e-02 2.000000000000000000e+00
-1.820642203092575073e-01 -4.752568900585174561e-02 -4.639030992984771729e-02 -1.922197937965393066e-01 -3.359911739826202393e-01 1.000000000000000000e+00
-8.864647895097732544e-02 -1.789243370294570923e-01 -1.332699656486511230e-01 6.226281821727752686e-02 4.030993580818176270e-02 2.000000000000000000e+00
-1.820642203092575073e-01 -4.752568900585174561e-02 -4.639030992984771729e-02 -1.922197937965393066e-01 -3.359911739826202393e-01 1.000000000000000000e+00
-8.864647895097732544e-02 -1.789243370294570923e-01 -1.332699656486511230e-01 6.226281821727752686e-02 4.030993580818176270e-02 2.000000000000000000e+00
-1.820642203092575073e-01 -4.752568900585174561e-02 -4.639030992984771729e-02 -1.922197937965393066e-01 -3.359911739826202393e-01 1.000000000000000000e+00
-8.864647895097732544e-02 -1.789243370294570923e-01 -1.332699656486511230e-01 6.226281821727752686e-02 4.030993580818176270e-02 2.000000000000000000e+00
-1.820642203092575073e-01 -4.752568900585174561e-02 -4.639030992984771729e-02 -1.922197937965393066e-01 -3.359911739826202393e-01 1.000000000000000000e+00
-8.864647895097732544e-02 -1.789243370294570923e-01 -1.332699656486511230e-01 6.226281821727752686e-02 4.030993580818176270e-02 2.000000000000000000e+00
-1.820642203092575073e-01 -4.752568900585174561e-02 -4.639030992984771729e-02 -1.922197937965393066e-01 -3.359911739826202393e-01 1.000000000000000000e+00
-8.864647895097732544e-02 -1.789243370294570923e-01 -1.332699656486511230e-01 6.226281821727752686e-02 4.030993580818176270e-02 2.000000000000000000e+00
-1.820642203092575073e-01 -4.752568900585174561e-02 -4.639030992984771729e-02 -1.922197937965393066e-01 -3.359911739826202393e-01 1.000000000000000000e+00
-8.864647895097732544e-02 -1.789243370294570923e-01 -1.332699656486511230e-01 6.226281821727752686e-02 4.030993580818176270e-02 2.000000000000000000e+00
-1.820642203092575073e-01 -4.752568900585174561e-02 -4.639030992984771729e-02 -1.922197937965393066e-01 -3.359911739826202393e-01 1.000000000000000000e+00
-8.864647895097732544e-02 -1.789243370294570923e-01 -1.332699656486511230e-01 6.226281821727752686e-02 4.030993580818176270e-02 2.000000000000000000e+00
-1.820642203092575073e-01 -4.752568900585174561e-02 -4.639030992984771729e-02 -1.922197937965393066e-01 -3.359911739826202393e-01 1.000000000000000000e+00
-8.864647895097732544e-02 -1.789243370294570923e-01 -1.332699656486511230e-01 6.226281821727752686e-02 4.030993580818176270e-02 2.000000000000000000e+00
1.679738014936447144e-01 2.503751218318939209e-01 2.928724884986877441e-01 3.230195045471191406e-01 3.327507376670837402e-01 0.000000000000000000e+00
2.374315410852432251e-01 2.525382041931152344e-01 2.766103446483612061e-01 2.681089043617248535e-01 2.564243376255035400e-01 0.000000000000000000e+00
2.298893481492996216e-01 2.748290002346038818e-01 3.227067291736602783e-01 3.719730377197265625e-01 3.791521191596984863e-01 0.000000000000000000e+00
2.222413569688796997e-01 2.784750759601593018e-01 3.265141248703002930e-01 3.099394440650939941e-01 3.126317858695983887e-01 0.000000000000000000e+00
1.854217946529388428e-01 2.292549312114715576e-01 2.543444633483886719e-01 2.592429220676422119e-01 3.283541500568389893e-01 0.000000000000000000e+00
2.435807883739471436e-01 2.861903011798858643e-01 2.971852123737335205e-01 2.979009449481964111e-01 2.947702705860137939e-01 0.000000000000000000e+00
1.917576491832733154e-01 2.806504368782043457e-01 3.201278150081634521e-01 2.993313670158386230e-01 2.533875107765197754e-01 0.000000000000000000e+00
2.175568640232086182e-01 2.556880712509155273e-01 2.772799134254455566e-01 3.022219538688659668e-01 3.155188262462615967e-01 0.000000000000000000e+00
1.407075822353363037e-01 1.990994811058044434e-01 2.388546466827392578e-01 2.672307491302490234e-01 2.724046707153320312e-01 0.000000000000000000e+00
2.038991302251815796e-01 2.271916866302490234e-01 2.511765062808990479e-01 2.632752358913421631e-01 2.727093398571014404e-01 0.000000000000000000e+00
2.000245898962020874e-01 2.142411023378372192e-01 2.241542488336563110e-01 2.292082458734512329e-01 2.448357939720153809e-01 0.000000000000000000e+00
1.995291262865066528e-01 2.136770635843276978e-01 2.313300371170043945e-01 2.428838163614273071e-01 2.500887811183929443e-01 0.000000000000000000e+00
1.984467953443527222e-01 2.131672203540802002e-01 2.256699949502944946e-01 2.346814572811126709e-01 2.396539747714996338e-01 0.000000000000000000e+00
1.989028602838516235e-01 2.106077224016189575e-01 2.251827567815780640e-01 2.369532436132431030e-01 2.400126606225967407e-01 0.000000000000000000e+00
1.939255595207214355e-01 2.682875096797943115e-01 2.513422966003417969e-01 2.471439540386199951e-01 3.323918581008911133e-01 0.000000000000000000e+00
1.837061792612075806e-01 2.521468698978424072e-01 2.967049777507781982e-01 2.779855430126190186e-01 3.057959973812103271e-01 0.000000000000000000e+00
1.430667042732238770e-01 1.690509915351867676e-01 2.832871675491333008e-01 3.188548386096954346e-01 3.225240111351013184e-01 0.000000000000000000e+00
1.868545114994049072e-01 2.304831892251968384e-01 2.625299692153930664e-01 2.531637847423553467e-01 2.615822255611419678e-01 0.000000000000000000e+00
1.940891444683074951e-01 2.276290208101272583e-01 2.338259518146514893e-01 2.465214878320693970e-01 2.615913748741149902e-01 0.000000000000000000e+00
1.792880445718765259e-01 1.696636378765106201e-01 1.604632586240768433e-01 2.106677293777465820e-01 3.137126266956329346e-01 1.000000000000000000e+00
8.653835207223892212e-02 1.508961468935012817e-01 2.813938558101654053e-01 3.489267230033874512e-01 4.021559357643127441e-01 2.000000000000000000e+00
1.792880445718765259e-01 1.696636378765106201e-01 1.604632586240768433e-01 2.106677293777465820e-01 3.137126266956329346e-01 1.000000000000000000e+00
8.653835207223892212e-02 1.508961468935012817e-01 2.813938558101654053e-01 3.489267230033874512e-01 4.021559357643127441e-01 2.000000000000000000e+00
1.792880445718765259e-01 1.696636378765106201e-01 1.604632586240768433e-01 2.106677293777465820e-01 3.137126266956329346e-01 1.000000000000000000e+00
8.653835207223892212e-02 1.508961468935012817e-01 2.813938558101654053e-01 3.489267230033874512e-01 4.021559357643127441e-01 2.000000000000000000e+00
1.792880445718765259e-01 1.696636378765106201e-01 1.604632586240768433e-01 2.106677293777465820e-01 3.137126266956329346e-01 1.000000000000000000e+00
8.653835207223892212e-02 1.508961468935012817e-01 2.813938558101654053e-01 3.489267230033874512e-01 4.021559357643127441e-01 2.000000000000000000e+00
1.792880445718765259e-01 1.696636378765106201e-01 1.604632586240768433e-01 2.106677293777465820e-01 3.137126266956329346e-01 1.000000000000000000e+00
8.653835207223892212e-02 1.508961468935012817e-01 2.813938558101654053e-01 3.489267230033874512e-01 4.021559357643127441e-01 2.000000000000000000e+00
1.792880445718765259e-01 1.696636378765106201e-01 1.604632586240768433e-01 2.106677293777465820e-01 3.137126266956329346e-01 1.000000000000000000e+00
8.653835207223892212e-02 1.508961468935012817e-01 2.813938558101654053e-01 3.489267230033874512e-01 4.021559357643127441e-01 2.000000000000000000e+00
1.792880445718765259e-01 1.696636378765106201e-01 1.604632586240768433e-01 2.106677293777465820e-01 3.137126266956329346e-01 1.000000000000000000e+00
8.653835207223892212e-02 1.508961468935012817e-01 2.813938558101654053e-01 3.489267230033874512e-01 4.021559357643127441e-01 2.000000000000000000e+00
1.792880445718765259e-01 1.696636378765106201e-01 1.604632586240768433e-01 2.106677293777465820e-01 3.137126266956329346e-01 1.000000000000000000e+00
8.653835207223892212e-02 1.508961468935012817e-01 2.813938558101654053e-01 3.489267230033874512e-01 4.021559357643127441e-01 2.000000000000000000e+00
1.792880445718765259e-01 1.696636378765106201e-01 1.604632586240768433e-01 2.106677293777465820e-01 3.137126266956329346e-01 1.000000000000000000e+00
8.653835207223892212e-02 1.508961468935012817e-01 2.813938558101654053e-01 3.489267230033874512e-01 4.021559357643127441e-01 2.000000000000000000e+00
1.792880445718765259e-01 1.696636378765106201e-01 1.604632586240768433e-01 2.106677293777465820e-01 3.137126266956329346e-01 1.000000000000000000e+00
8.653835207223892212e-02 1.508961468935012817e-01 2.813938558101654053e-01 3.489267230033874512e-01 4.021559357643127441e-01 2.000000000000000000e+00
-5.675043165683746338e-02 1.188831776380538940e-01 1.935924142599105835e-01 2.020662724971771240e-01 3.059947192668914795e-01 0.000000000000000000e+00
1.880083531141281128e-01 2.793943285942077637e-01 2.857974767684936523e-01 3.090649247169494629e-01 3.163779973983764648e-01 0.000000000000000000e+00
2.171816676855087280e-01 3.130909502506256104e-01 3.878177702426910400e-01 3.185957670211791992e-01 4.158439636230468750e-01 0.000000000000000000e+00
2.167849242687225342e-01 2.645290493965148926e-01 3.177194297313690186e-01 3.538269698619842529e-01 3.611853420734405518e-01 0.000000000000000000e+00
1.917229145765304565e-01 2.263788878917694092e-01 2.565788328647613525e-01 2.512537240982055664e-01 2.649728059768676758e-01 0.000000000000000000e+00
1.359577924013137817e-01 2.137931585311889648e-01 1.610326021909713745e-01 2.219057530164718628e-01 2.981478273868560791e-01 1.000000000000000000e+00
1.175086945295333862e-01 2.967627644538879395e-01 2.911860346794128418e-01 2.981922030448913574e-01 2.867740988731384277e-01 2.000000000000000000e+00
1.359577924013137817e-01 2.137931585311889648e-01 1.610326021909713745e-01 2.219057530164718628e-01 2.981478273868560791e-01 1.000000000000000000e+00
1.175086945295333862e-01 2.967627644538879395e-01 2.911860346794128418e-01 2.981922030448913574e-01 2.867740988731384277e-01 2.000000000000000000e+00
1.359577924013137817e-01 2.137931585311889648e-01 1.610326021909713745e-01 2.219057530164718628e-01 2.981478273868560791e-01 1.000000000000000000e+00
1.175086945295333862e-01 2.967627644538879395e-01 2.911860346794128418e-01 2.981922030448913574e-01 2.867740988731384277e-01 2.000000000000000000e+00
1.359577924013137817e-01 2.137931585311889648e-01 1.610326021909713745e-01 2.219057530164718628e-01 2.981478273868560791e-01 1.000000000000000000e+00
1.175086945295333862e-01 2.967627644538879395e-01 2.911860346794128418e-01 2.981922030448913574e-01 2.867740988731384277e-01 2.000000000000000000e+00
1.359577924013137817e-01 2.137931585311889648e-01 1.610326021909713745e-01 2.219057530164718628e-01 2.981478273868560791e-01 1.000000000000000000e+00
1.175086945295333862e-01 2.967627644538879395e-01 2.911860346794128418e-01 2.981922030448913574e-01 2.867740988731384277e-01 2.000000000000000000e+00
1.359577924013137817e-01 2.137931585311889648e-01 1.610326021909713745e-01 2.219057530164718628e-01 2.981478273868560791e-01 1.000000000000000000e+00
1.175086945295333862e-01 2.967627644538879395e-01 2.911860346794128418e-01 2.981922030448913574e-01 2.867740988731384277e-01 2.000000000000000000e+00
1.359577924013137817e-01 2.137931585311889648e-01 1.610326021909713745e-01 2.219057530164718628e-01 2.981478273868560791e-01 1.000000000000000000e+00
1.175086945295333862e-01 2.967627644538879395e-01 2.911860346794128418e-01 2.981922030448913574e-01 2.867740988731384277e-01 2.000000000000000000e+00
1.359577924013137817e-01 2.137931585311889648e-01 1.610326021909713745e-01 2.219057530164718628e-01 2.981478273868560791e-01 1.000000000000000000e+00
1.175086945295333862e-01 2.967627644538879395e-01 2.911860346794128418e-01 2.981922030448913574e-01 2.867740988731384277e-01 2.000000000000000000e+00
1.359577924013137817e-01 2.137931585311889648e-01 1.610326021909713745e-01 2.219057530164718628e-01 2.981478273868560791e-01 1.000000000000000000e+00
1.175086945295333862e-01 2.967627644538879395e-01 2.911860346794128418e-01 2.981922030448913574e-01 2.867740988731384277e-01 2.000000000000000000e+00
1.359577924013137817e-01 2.137931585311889648e-01 1.610326021909713745e-01 2.219057530164718628e-01 2.981478273868560791e-01 1.000000000000000000e+00
1.175086945295333862e-01 2.967627644538879395e-01 2.911860346794128418e-01 2.981922030448913574e-01 2.867740988731384277e-01 2.000000000000000000e+00
3.077691495418548584e-01 3.336001932621002197e-01 3.503683507442474365e-01 3.685609400272369385e-01 3.779839277267456055e-01 0.000000000000000000e+00
3.098653554916381836e-01 3.206813335418701172e-01 3.358992636203765869e-01 3.318125009536743164e-01 3.514883816242218018e-01 0.000000000000000000e+00
2.893084287643432617e-01 3.026969730854034424e-01 3.455606997013092041e-01 3.426779806613922119e-01 3.281562626361846924e-01 0.000000000000000000e+00
2.302446961402893066e-01 2.408275604248046875e-01 2.792995870113372803e-01 2.901653349399566650e-01 3.129193782806396484e-01 0.000000000000000000e+00
2.442680597305297852e-01 2.247407287359237671e-01 2.355559021234512329e-01 2.758342623710632324e-01 2.850185036659240723e-01 0.000000000000000000e+00
2.013055682182312012e-01 2.205550372600555420e-01 2.200877964496612549e-01 2.852641940116882324e-01 2.849659621715545654e-01 0.000000000000000000e+00
1.722151041030883789e-01 1.630431860685348511e-01 1.979630142450332642e-01 1.928673535585403442e-01 2.019891589879989624e-01 0.000000000000000000e+00
3.712064921855926514e-01 4.298484027385711670e-01 4.509471058845520020e-01 4.066355228424072266e-01 3.386338353157043457e-01 0.000000000000000000e+00
3.183010816574096680e-01 4.452596902847290039e-01 4.987841248512268066e-01 5.073603391647338867e-01 5.001832246780395508e-01 0.000000000000000000e+00
4.429165273904800415e-02 2.047202289104461670e-01 3.073758780956268311e-01 4.327081441879272461e-01 4.903683960437774658e-01 0.000000000000000000e+00
3.101919889450073242e-01 3.681055605411529541e-01 3.135890662670135498e-01 1.003125458955764771e-01 4.111181944608688354e-02 0.000000000000000000e+00
2.578750252723693848e-01 3.970142602920532227e-01 4.430195391178131104e-01 4.661956429481506348e-01 4.963544607162475586e-01 0.000000000000000000e+00
3.261072337627410889e-01 4.032919704914093018e-01 4.291583299636840820e-01 4.559947550296783447e-01 4.771890342235565186e-01 0.000000000000000000e+00
3.469692468643188477e-01 4.061316549777984619e-01 4.369307160377502441e-01 4.214639961719512939e-01 4.032914638519287109e-01 0.000000000000000000e+00
2.026396840810775757e-01 2.864838838577270508e-01 2.945502400398254395e-01 3.221196234226226807e-01 2.650614678859710693e-01 0.000000000000000000e+00
2.061883062124252319e-01 2.367407232522964478e-01 2.632308602333068848e-01 2.780636847019195557e-01 2.696390450000762939e-01 0.000000000000000000e+00
1.743648499250411987e-01 2.422214150428771973e-01 3.673069775104522705e-01 2.977407872676849365e-01 3.371917009353637695e-01 0.000000000000000000e+00
3.156718611717224121e-01 2.829252481460571289e-01 2.585000395774841309e-01 3.031857013702392578e-01 2.858152091503143311e-01 0.000000000000000000e+00
1.101534515619277954e-01 1.214781403541564941e-01 1.421210467815399170e-01 2.223344445228576660e-01 2.711556553840637207e-01 0.000000000000000000e+00
1.132754087448120117e-01 1.194232106208801270e-01 1.414980888366699219e-01 1.121817231178283691e-01 1.235989928245544434e-01 0.000000000000000000e+00
1.157875210046768188e-01 1.729224920272827148e-01 1.265736669301986694e-01 1.967237293720245361e-01 1.281297206878662109e-01 0.000000000000000000e+00
1.473771780729293823e-01 2.154835760593414307e-01 2.129918634891510010e-01 2.490820586681365967e-01 2.416173517704010010e-01 0.000000000000000000e+00
1.707826703786849976e-01 1.955010443925857544e-01 2.325171828269958496e-01 2.548537552356719971e-01 2.661867737770080566e-01 0.000000000000000000e+00
1.175307929515838623e-01 1.999096423387527466e-01 2.493638098239898682e-01 2.354243844747543335e-01 2.539868652820587158e-01 0.000000000000000000e+00
3.000753745436668396e-02 1.122408658266067505e-01 8.292798697948455811e-02 1.050056517124176025e-01 1.377670019865036011e-01 0.000000000000000000e+00
1.978536993265151978e-01 1.675862222909927368e-01 1.302610933780670166e-01 1.188741102814674377e-01 1.953616179525852203e-02 0.000000000000000000e+00
1.672850102186203003e-01 1.748886853456497192e-01 1.827801764011383057e-01 2.089445590972900391e-01 2.070520371198654175e-01 0.000000000000000000e+00
1.664734482765197754e-01 1.653580814599990845e-01 1.927589029073715210e-01 2.103541642427444458e-01 1.804615557193756104e-01 1.000000000000000000e+00
1.737526357173919678e-01 2.135128676891326904e-01 2.380273044109344482e-01 2.554885745048522949e-01 1.672096401453018188e-01 2.000000000000000000e+00
1.664734482765197754e-01 1.653580814599990845e-01 1.927589029073715210e-01 2.103541642427444458e-01 1.804615557193756104e-01 1.000000000000000000e+00
1.737526357173919678e-01 2.135128676891326904e-01 2.380273044109344482e-01 2.554885745048522949e-01 1.672096401453018188e-01 2.000000000000000000e+00
1.664734482765197754e-01 1.653580814599990845e-01 1.927589029073715210e-01 2.103541642427444458e-01 1.804615557193756104e-01 1.000000000000000000e+00
1.737526357173919678e-01 2.135128676891326904e-01 2.380273044109344482e-01 2.554885745048522949e-01 1.672096401453018188e-01 2.000000000000000000e+00
1.664734482765197754e-01 1.653580814599990845e-01 1.927589029073715210e-01 2.103541642427444458e-01 1.804615557193756104e-01 1.000000000000000000e+00
1.737526357173919678e-01 2.135128676891326904e-01 2.380273044109344482e-01 2.554885745048522949e-01 1.672096401453018188e-01 2.000000000000000000e+00
1.664734482765197754e-01 1.653580814599990845e-01 1.927589029073715210e-01 2.103541642427444458e-01 1.804615557193756104e-01 1.000000000000000000e+00
1.737526357173919678e-01 2.135128676891326904e-01 2.380273044109344482e-01 2.554885745048522949e-01 1.672096401453018188e-01 2.000000000000000000e+00
1.664734482765197754e-01 1.653580814599990845e-01 1.927589029073715210e-01 2.103541642427444458e-01 1.804615557193756104e-01 1.000000000000000000e+00
1.737526357173919678e-01 2.135128676891326904e-01 2.380273044109344482e-01 2.554885745048522949e-01 1.672096401453018188e-01 2.000000000000000000e+00
1.664734482765197754e-01 1.653580814599990845e-01 1.927589029073715210e-01 2.103541642427444458e-01 1.804615557193756104e-01 1.000000000000000000e+00
1.737526357173919678e-01 2.135128676891326904e-01 2.380273044109344482e-01 2.554885745048522949e-01 1.672096401453018188e-01 2.000000000000000000e+00
1.664734482765197754e-01 1.653580814599990845e-01 1.927589029073715210e-01 2.103541642427444458e-01 1.804615557193756104e-01 1.000000000000000000e+00
1.737526357173919678e-01 2.135128676891326904e-01 2.380273044109344482e-01 2.554885745048522949e-01 1.672096401453018188e-01 2.000000000000000000e+00
1.664734482765197754e-01 1.653580814599990845e-01 1.927589029073715210e-01 2.103541642427444458e-01 1.804615557193756104e-01 1.000000000000000000e+00
1.737526357173919678e-01 2.135128676891326904e-01 2.380273044109344482e-01 2.554885745048522949e-01 1.672096401453018188e-01 2.000000000000000000e+00
1.664734482765197754e-01 1.653580814599990845e-01 1.927589029073715210e-01 2.103541642427444458e-01 1.804615557193756104e-01 1.000000000000000000e+00
1.737526357173919678e-01 2.135128676891326904e-01 2.380273044109344482e-01 2.554885745048522949e-01 1.672096401453018188e-01 2.000000000000000000e+00
1.567948013544082642e-01 1.899442821741104126e-01 1.917064636945724487e-01 1.855480223894119263e-01 1.914990991353988647e-01 0.000000000000000000e+00
1.656603217124938965e-01 1.820624023675918579e-01 1.966473311185836792e-01 1.608531028032302856e-01 1.650945544242858887e-01 0.000000000000000000e+00
1.610645353794097900e-01 1.811659932136535645e-01 1.668302714824676514e-01 1.620087623596191406e-01 1.750123053789138794e-01 0.000000000000000000e+00
1.733138412237167358e-01 1.804730594158172607e-01 1.897469460964202881e-01 1.664654165506362915e-01 1.900478601455688477e-01 0.000000000000000000e+00
1.501200646162033081e-01 1.770610660314559937e-01 1.757314801216125488e-01 1.846285760402679443e-01 1.670863181352615356e-01 0.000000000000000000e+00
1.642569601535797119e-01 1.867798417806625366e-01 1.852784156799316406e-01 1.934160143136978149e-01 1.862233430147171021e-01 0.000000000000000000e+00
1.714245229959487915e-01 1.869826465845108032e-01 1.844167560338973999e-01 1.485448926687240601e-01 1.430431604385375977e-01 0.000000000000000000e+00
2.037452161312103271e-01 1.925853490829467773e-01 1.736160069704055786e-01 1.691989153623580933e-01 1.801765561103820801e-01 0.000000000000000000e+00
1.714209616184234619e-01 1.862068623304367065e-01 1.598844230175018311e-01 1.390293091535568237e-01 1.648199856281280518e-01 0.000000000000000000e+00
1.254404038190841675e-01 1.272247880697250366e-01 1.407708078622817993e-01 1.614709198474884033e-01 1.739628911018371582e-01 0.000000000000000000e+00
1.710130274295806885e-01 1.720671802759170532e-01 1.569646149873733521e-01 1.396503448486328125e-01 1.652082651853561401e-01 0.000000000000000000e+00
1.920020431280136108e-01 1.929197758436203003e-01 2.052797675132751465e-01 2.017614841461181641e-01 1.821315884590148926e-01 0.000000000000000000e+00
1.314926296472549438e-01 1.266823858022689819e-01 1.205246224999427795e-01 1.211091950535774231e-01 1.202561035752296448e-01 0.000000000000000000e+00
1.869959980249404907e-01 1.947080492973327637e-01 1.562485098838806152e-01 6.191448122262954712e-02 1.283872574567794800e-01 0.000000000000000000e+00
1.540929377079010010e-01 1.573496013879776001e-01 1.483707576990127563e-01 1.362074166536331177e-01 1.202347800135612488e-01 0.000000000000000000e+00
1.249816566705703735e-01 1.343085765838623047e-01 1.282677799463272095e-01 1.263058185577392578e-01 1.241169646382331848e-01 0.000000000000000000e+00
1.527974307537078857e-01 1.662905812263488770e-01 1.465371698141098022e-01 1.358000040054321289e-01 1.322514116764068604e-01 0.000000000000000000e+00
1.241289377212524414e-01 1.279074102640151978e-01 1.202252507209777832e-01 1.213604062795639038e-01 1.277852207422256470e-01 0.000000000000000000e+00
1.422450840473175049e-01 1.456421166658401489e-01 1.555216610431671143e-01 1.660800725221633911e-01 1.349518895149230957e-01 0.000000000000000000e+00
1.227751821279525757e-01 1.231296062469482422e-01 1.241432130336761475e-01 1.236440390348434448e-01 1.368982642889022827e-01 0.000000000000000000e+00
1.507584303617477417e-01 1.685023903846740723e-01 1.417854875326156616e-01 1.179735735058784485e-01 1.142785102128982544e-01 0.000000000000000000e+00
2.653944194316864014e-01 2.985412180423736572e-01 2.496971040964126587e-01 2.693721055984497070e-01 2.914412617683410645e-01 0.000000000000000000e+00
2.318549752235412598e-01 3.707672059535980225e-01 3.657616078853607178e-01 3.640127480030059814e-01 3.404362797737121582e-01 0.000000000000000000e+00
1.982463598251342773e-01 3.200909495353698730e-01 3.948418200016021729e-01 3.773167133331298828e-01 3.897747695446014404e-01 0.000000000000000000e+00
2.174440026283264160e-01 3.776316046714782715e-01 3.875840902328491211e-01 4.096105098724365234e-01 3.411341011524200439e-01 0.000000000000000000e+00
2.411163449287414551e-01 2.731348276138305664e-01 3.569551408290863037e-01 2.057455629110336304e-01 2.235481739044189453e-01 0.000000000000000000e+00
1.215646117925643921e-01 2.828362584114074707e-01 2.697066962718963623e-01 2.501290738582611084e-01 2.947231531143188477e-01 0.000000000000000000e+00
2.563699781894683838e-01 2.754861414432525635e-01 3.922209739685058594e-01 4.333535730838775635e-01 4.250138401985168457e-01 0.000000000000000000e+00
2.161086350679397583e-01 2.928350567817687988e-01 3.364760279655456543e-01 3.580811321735382080e-01 3.573463559150695801e-01 0.000000000000000000e+00
2.486104369163513184e-01 3.133858442306518555e-01 3.480689227581024170e-01 3.495057821273803711e-01 3.595537543296813965e-01 0.000000000000000000e+00
2.572851181030273438e-01 3.243588209152221680e-01 3.688468635082244873e-01 3.736220896244049072e-01 3.564848005771636963e-01 0.000000000000000000e+00
2.294243574142456055e-01 3.202723562717437744e-01 3.623217940330505371e-01 3.708669543266296387e-01 3.690591156482696533e-01 0.000000000000000000e+00
2.308735996484756470e-01 3.324986398220062256e-01 3.545078635215759277e-01 3.634600341320037842e-01 3.647729158401489258e-01 0.000000000000000000e+00
2.643727064132690430e-01 3.261215388774871826e-01 3.379174172878265381e-01 3.509485125541687012e-01 3.704588115215301514e-01 0.000000000000000000e+00
2.502435445785522461e-01 3.215026855468750000e-01 3.594000935554504395e-01 3.780500888824462891e-01 3.755712807178497314e-01 0.000000000000000000e+00
2.718330621719360352e-01 3.127936720848083496e-01 3.533711731433868408e-01 3.509785532951354980e-01 3.477359414100646973e-01 0.000000000000000000e+00
2.679673135280609131e-01 3.169637024402618408e-01 3.281725347042083740e-01 3.322444856166839600e-01 3.383784294128417969e-01 0.000000000000000000e+00
2.755822837352752686e-01 3.104549050331115723e-01 3.345744013786315918e-01 3.345836102962493896e-01 3.510600924491882324e-01 0.000000000000000000e+00
2.686622440814971924e-01 3.189631998538970947e-01 3.441390097141265869e-01 3.450757265090942383e-01 3.525066971778869629e-01 0.000000000000000000e+00
2.656372189521789551e-01 3.147975504398345947e-01 3.392184674739837646e-01 3.297880291938781738e-01 3.411391973495483398e-01 0.000000000000000000e+00
2.765955328941345215e-01 3.319972157478332520e-01 3.701442480087280273e-01 3.687122464179992676e-01 3.635347485542297363e-01 0.000000000000000000e+00
3.531708121299743652e-01 3.978035449981689453e-01 4.413771629333496094e-01 4.243451654911041260e-01 4.060133695602416992e-01 0.000000000000000000e+00
2.158021777868270874e-01 2.518267333507537842e-01 2.485500872135162354e-01 2.937356829643249512e-01 3.280855119228363037e-01 0.000000000000000000e+00
1.709158867597579956e-01 2.320290207862854004e-01 2.884572446346282959e-01 3.227221071720123291e-01 3.392252027988433838e-01 0.000000000000000000e+00
2.118941545486450195e-01 2.535085976123809814e-01 2.819535434246063232e-01 2.884488105773925781e-01 3.027818202972412109e-01 0.000000000000000000e+00
2.002159804105758667e-01 2.323801368474960327e-01 2.497616559267044067e-01 2.753085792064666748e-01 2.996726334095001221e-01 0.000000000000000000e+00
2.087665498256683350e-01 2.592271864414215088e-01 2.801594138145446777e-01 2.873672544956207275e-01 2.984444200992584229e-01 0.000000000000000000e+00
2.124614864587783813e-01 2.460041940212249756e-01 2.715829312801361084e-01 2.888646721839904785e-01 2.879054546356201172e-01 0.000000000000000000e+00
2.240334302186965942e-01 2.489179223775863647e-01 2.608170807361602783e-01 2.833311855792999268e-01 2.728392183780670166e-01 0.000000000000000000e+00
1.553031355142593384e-01 2.672247588634490967e-01 2.589100301265716553e-01 2.427668422460556030e-01 1.420921534299850464e-01 0.000000000000000000e+00
3.217696845531463623e-01 4.386771917343139648e-01 4.552183449268341064e-01 4.800983965396881104e-01 4.546586871147155762e-01 0.000000000000000000e+00
3.051422536373138428e-01 3.572404980659484863e-01 4.021882414817810059e-01 4.582245349884033203e-01 5.204476118087768555e-01 0.000000000000000000e+00
2.565537989139556885e-01 4.298219978809356689e-01 4.536447525024414062e-01 4.316237568855285645e-01 4.527218341827392578e-01 0.000000000000000000e+00
1.625667810440063477e-01 2.878098487854003906e-01 4.149872660636901855e-01 4.834878742694854736e-01 4.963041841983795166e-01 0.000000000000000000e+00
1.762991249561309814e-01 2.827932238578796387e-01 2.937334477901458740e-01 2.996683418750762939e-01 3.604778349399566650e-01 0.000000000000000000e+00
1.680887043476104736e-01 2.674837782979011536e-02 2.467412650585174561e-01 3.389145433902740479e-01 3.435098826885223389e-01 0.000000000000000000e+00
1.757254749536514282e-01 1.805049777030944824e-01 1.866907924413681030e-01 1.624152809381484985e-01 1.717377305030822754e-01 0.000000000000000000e+00
1.692205071449279785e-01 1.776864230632781982e-01 1.789347678422927856e-01 1.445840895175933838e-01 1.702995896339416504e-01 0.000000000000000000e+00
1.647232621908187866e-01 1.456111222505569458e-01 1.387270241975784302e-01 1.495332866907119751e-01 1.554109156131744385e-01 0.000000000000000000e+00
1.698904484510421753e-01 1.780973672866821289e-01 1.733208000659942627e-01 1.767199337482452393e-01 1.704321205615997314e-01 0.000000000000000000e+00
1.398046463727951050e-01 1.890869438648223877e-01 1.540085822343826294e-01 1.339629143476486206e-01 1.460236012935638428e-01 0.000000000000000000e+00
1.680372953414916992e-01 1.669544130563735962e-01 1.498114317655563354e-01 1.724036037921905518e-01 1.858609616756439209e-01 0.000000000000000000e+00
1.576593667268753052e-01 1.570475697517395020e-01 1.691893637180328369e-01 1.600370556116104126e-01 1.632862687110900879e-01 0.000000000000000000e+00
1.838283240795135498e-01 2.009477615356445312e-01 2.374587357044219971e-01 2.630821764469146729e-01 2.696106135845184326e-01 0.000000000000000000e+00
1.883723139762878418e-01 1.758465021848678589e-01 1.839377880096435547e-01 1.793194711208343506e-01 1.999822705984115601e-01 0.000000000000000000e+00
2.192240208387374878e-01 2.376449853181838989e-01 2.400899231433868408e-01 2.288618981838226318e-01 2.137142717838287354e-01 0.000000000000000000e+00
2.118167281150817871e-01 2.240966707468032837e-01 2.474087625741958618e-01 2.389928400516510010e-01 2.587915360927581787e-01 0.000000000000000000e+00
1.740138381719589233e-01 1.888009458780288696e-01 2.242440581321716309e-01 2.563931345939636230e-01 2.576843798160552979e-01 0.000000000000000000e+00
1.433677226305007935e-01 1.383189409971237183e-01 1.546307504177093506e-01 1.423186510801315308e-01 1.595970541238784790e-01 0.000000000000000000e+00
1.875257045030593872e-01 1.469375789165496826e-01 1.479140371084213257e-01 1.530341506004333496e-01 1.603329330682754517e-01 0.000000000000000000e+00
1.234277039766311646e-01 1.196520552039146423e-01 1.689504086971282959e-01 2.572616338729858398e-01 2.490667998790740967e-01 0.000000000000000000e+00
1.274018883705139160e-01 1.165705323219299316e-01 1.153585016727447510e-01 1.152354925870895386e-01 1.288694441318511963e-01 0.000000000000000000e+00
1.494823098182678223e-01 2.032162249088287354e-01 2.046605497598648071e-01 1.792131662368774414e-01 1.512819230556488037e-01 0.000000000000000000e+00
1.453216969966888428e-01 1.626913994550704956e-01 1.679405272006988525e-01 1.862198412418365479e-01 1.904385685920715332e-01 0.000000000000000000e+00
-9.183031506836414337e-03 1.826810240745544434e-01 1.796481162309646606e-01 1.904639452695846558e-01 1.761024594306945801e-01 0.000000000000000000e+00
1.217772252857685089e-02 1.478255093097686768e-01 1.022454127669334412e-01 5.722857266664505005e-02 1.368506997823715210e-01 0.000000000000000000e+00
1.417288780212402344e-01 1.822873055934906006e-01 2.045365422964096069e-01 1.891563981771469116e-01 1.811908930540084839e-01 0.000000000000000000e+00
1.868994235992431641e-01 2.456086426973342896e-01 2.373174279928207397e-01 2.156313955783843994e-01 2.367302775382995605e-01 0.000000000000000000e+00
2.152768969535827637e-01 2.538841962814331055e-01 2.520645558834075928e-01 2.436703592538833618e-01 2.222333401441574097e-01 0.000000000000000000e+00
2.283647060394287109e-01 2.652627229690551758e-01 3.001670539379119873e-01 2.937783300876617432e-01 2.377355545759201050e-01 0.000000000000000000e+00
2.361051738262176514e-01 2.750220000743865967e-01 2.899946272373199463e-01 3.004838526248931885e-01 2.691447734832763672e-01 0.000000000000000000e+00
2.080946564674377441e-01 2.702226042747497559e-01 2.922275662422180176e-01 2.871739268302917480e-01 3.046461045742034912e-01 0.000000000000000000e+00
1.726833879947662354e-01 2.397958040237426758e-01 2.724211215972900391e-01 2.477890104055404663e-01 2.552952468395233154e-01 0.000000000000000000e+00
2.096126079559326172e-01 1.143398359417915344e-01 1.943274736404418945e-01 1.664387881755828857e-01 2.529150247573852539e-01 0.000000000000000000e+00
1.753544658422470093e-01 1.999934017658233643e-01 2.195771336555480957e-01 2.344619035720825195e-01 2.300610989332199097e-01 0.000000000000000000e+00
1.678367853164672852e-01 1.977403908967971802e-01 1.907877027988433838e-01 2.044691294431686401e-01 2.110967040061950684e-01 0.000000000000000000e+00
1.888883560895919800e-01 2.305535674095153809e-01 2.517813146114349365e-01 1.930499821901321411e-01 2.418416887521743774e-01 0.000000000000000000e+00
2.145775407552719116e-01 2.202574610710144043e-01 3.017110228538513184e-01 2.806197404861450195e-01 2.479252219200134277e-01 0.000000000000000000e+00
1.490796208381652832e-01 3.365858495235443115e-01 3.523288965225219727e-01 3.645094633102416992e-01 3.861788511276245117e-01 0.000000000000000000e+00
3.134392201900482178e-01 4.064796566963195801e-01 4.114046394824981689e-01 3.887183368206024170e-01 2.945064008235931396e-01 0.000000000000000000e+00
-1.137691661715507507e-01 -3.267980813980102539e-01 -3.102526366710662842e-01 -3.004478514194488525e-01 -4.069938883185386658e-02 0.000000000000000000e+00
1.355787515640258789e-01 1.179176270961761475e-01 1.073383390903472900e-01 1.257444322109222412e-01 1.114434152841567993e-01 0.000000000000000000e+00
1.293888986110687256e-01 1.102237254381179810e-01 1.114773973822593689e-01 1.163371726870536804e-01 1.071165949106216431e-01 0.000000000000000000e+00
1.293238848447799683e-01 1.701442003250122070e-01 1.221599653363227844e-01 1.400496810674667358e-01 1.478295922279357910e-01 0.000000000000000000e+00
1.253212690353393555e-01 1.131916642189025879e-01 1.218235865235328674e-01 1.114307492971420288e-01 2.608581781387329102e-01 0.000000000000000000e+00
1.373269557952880859e-01 1.303269565105438232e-01 1.262388229370117188e-01 1.037416309118270874e-01 1.270841509103775024e-01 0.000000000000000000e+00
1.652832329273223877e-01 1.855942755937576294e-01 1.515247821807861328e-01 1.535516679286956787e-01 1.707469969987869263e-01 0.000000000000000000e+00
1.514598280191421509e-01 1.797353476285934448e-01 1.818973869085311890e-01 1.701347976922988892e-01 1.544442772865295410e-01 0.000000000000000000e+00
2.432531863451004028e-01 2.799566686153411865e-01 2.957347929477691650e-01 2.966707050800323486e-01 2.980707585811614990e-01 0.000000000000000000e+00
2.457578480243682861e-01 2.870211303234100342e-01 2.840600907802581787e-01 2.787934839725494385e-01 2.734554409980773926e-01 0.000000000000000000e+00
2.515819370746612549e-01 2.881673574447631836e-01 2.998797595500946045e-01 3.023220896720886230e-01 2.994379699230194092e-01 0.000000000000000000e+00
2.429489940404891968e-01 2.872955501079559326e-01 2.898894250392913818e-01 2.912648618221282959e-01 2.926338613033294678e-01 0.000000000000000000e+00
2.474258840084075928e-01 2.789405882358551025e-01 2.840051352977752686e-01 2.958170175552368164e-01 2.937815487384796143e-01 0.000000000000000000e+00
2.476189285516738892e-01 2.831950187683105469e-01 2.857418656349182129e-01 2.879956364631652832e-01 2.795015573501586914e-01 0.000000000000000000e+00
2.442705482244491577e-01 2.758944928646087646e-01 2.846084833145141602e-01 2.849638462066650391e-01 2.858349084854125977e-01 0.000000000000000000e+00
1.048583239316940308e-01 3.026350438594818115e-01 4.252927005290985107e-01 4.495478570461273193e-01 5.752193927764892578e-01 0.000000000000000000e+00
2.424971014261245728e-01 4.900735020637512207e-01 5.547763705253601074e-01 5.722517967224121094e-01 5.305794477462768555e-01 0.000000000000000000e+00
3.799339234828948975e-01 4.096794724464416504e-01 5.032010674476623535e-01 5.398254394531250000e-01 5.776088833808898926e-01 0.000000000000000000e+00
3.821232020854949951e-01 4.186380505561828613e-01 4.236911237239837646e-01 4.371282756328582764e-01 5.291559100151062012e-01 0.000000000000000000e+00
4.191927611827850342e-01 4.375165998935699463e-01 3.213083446025848389e-01 2.128827571868896484e-01 3.829512000083923340e-01 0.000000000000000000e+00
3.812078833580017090e-01 4.111601710319519043e-01 4.386907517910003662e-01 4.455686509609222412e-01 4.602604806423187256e-01 0.000000000000000000e+00
3.007680177688598633e-01 3.529808819293975830e-01 3.744648098945617676e-01 3.760052025318145752e-01 4.055104553699493408e-01 0.000000000000000000e+00
5.408855527639389038e-02 3.156036734580993652e-01 2.846747040748596191e-01 2.137889862060546875e-01 -1.739504337310791016e-01 1.000000000000000000e+00
4.020980298519134521e-01 4.894584119319915771e-01 5.170496106147766113e-01 5.625705718994140625e-01 4.353178441524505615e-01 2.000000000000000000e+00
5.408855527639389038e-02 3.156036734580993652e-01 2.846747040748596191e-01 2.137889862060546875e-01 -1.739504337310791016e-01 1.000000000000000000e+00
4.020980298519134521e-01 4.894584119319915771e-01 5.170496106147766113e-01 5.625705718994140625e-01 4.353178441524505615e-01 2.000000000000000000e+00
5.408855527639389038e-02 3.156036734580993652e-01 2.846747040748596191e-01 2.137889862060546875e-01 -1.739504337310791016e-01 1.000000000000000000e+00
4.020980298519134521e-01 4.894584119319915771e-01 5.170496106147766113e-01 5.625705718994140625e-01 4.353178441524505615e-01 2.000000000000000000e+00
5.408855527639389038e-02 3.156036734580993652e-01 2.846747040748596191e-01 2.137889862060546875e-01 -1.739504337310791016e-01 1.000000000000000000e+00
4.020980298519134521e-01 4.894584119319915771e-01 5.170496106147766113e-01 5.625705718994140625e-01 4.353178441524505615e-01 2.000000000000000000e+00
5.408855527639389038e-02 3.156036734580993652e-01 2.846747040748596191e-01 2.137889862060546875e-01 -1.739504337310791016e-01 1.000000000000000000e+00
4.020980298519134521e-01 4.894584119319915771e-01 5.170496106147766113e-01 5.625705718994140625e-01 4.353178441524505615e-01 2.000000000000000000e+00
5.408855527639389038e-02 3.156036734580993652e-01 2.846747040748596191e-01 2.137889862060546875e-01 -1.739504337310791016e-01 1.000000000000000000e+00
4.020980298519134521e-01 4.894584119319915771e-01 5.170496106147766113e-01 5.625705718994140625e-01 4.353178441524505615e-01 2.000000000000000000e+00
5.408855527639389038e-02 3.156036734580993652e-01 2.846747040748596191e-01 2.137889862060546875e-01 -1.739504337310791016e-01 1.000000000000000000e+00
4.020980298519134521e-01 4.894584119319915771e-01 5.170496106147766113e-01 5.625705718994140625e-01 4.353178441524505615e-01 2.000000000000000000e+00
5.408855527639389038e-02 3.156036734580993652e-01 2.846747040748596191e-01 2.137889862060546875e-01 -1.739504337310791016e-01 1.000000000000000000e+00
4.020980298519134521e-01 4.894584119319915771e-01 5.170496106147766113e-01 5.625705718994140625e-01 4.353178441524505615e-01 2.000000000000000000e+00
5.408855527639389038e-02 3.156036734580993652e-01 2.846747040748596191e-01 2.137889862060546875e-01 -1.739504337310791016e-01 1.000000000000000000e+00
4.020980298519134521e-01 4.894584119319915771e-01 5.170496106147766113e-01 5.625705718994140625e-01 4.353178441524505615e-01 2.000000000000000000e+00
5.408855527639389038e-02 3.156036734580993652e-01 2.846747040748596191e-01 2.137889862060546875e-01 -1.739504337310791016e-01 1.000000000000000000e+00
4.020980298519134521e-01 4.894584119319915771e-01 5.170496106147766113e-01 5.625705718994140625e-01 4.353178441524505615e-01 2.000000000000000000e+00
1.824961751699447632e-01 2.046708911657333374e-01 2.189519852399826050e-01 2.102695703506469727e-01 2.190947532653808594e-01 0.000000000000000000e+00
1.925528198480606079e-01 2.010771483182907104e-01 2.075054198503494263e-01 2.262310832738876343e-01 2.165052890777587891e-01 0.000000000000000000e+00
1.922938972711563110e-01 2.081197798252105713e-01 2.291568368673324585e-01 2.431305348873138428e-01 2.556211650371551514e-01 0.000000000000000000e+00
1.964633762836456299e-01 2.128187865018844604e-01 2.286129146814346313e-01 2.268728166818618774e-01 2.416683435440063477e-01 0.000000000000000000e+00
1.815342754125595093e-01 2.093074619770050049e-01 2.230094224214553833e-01 2.344883233308792114e-01 2.504667639732360840e-01 0.000000000000000000e+00
2.054727822542190552e-01 2.280702292919158936e-01 2.396449893712997437e-01 2.339762151241302490e-01 2.416995763778686523e-01 0.000000000000000000e+00
1.415689736604690552e-01 1.643146127462387085e-01 2.074570059776306152e-01 2.334687113761901855e-01 2.302655577659606934e-01 0.000000000000000000e+00
1.125722452998161316e-01 1.255669444799423218e-01 1.122441813349723816e-01 1.070874482393264771e-01 1.049668490886688232e-01 0.000000000000000000e+00
1.175584346055984497e-01 1.513414084911346436e-01 1.229166015982627869e-01 1.221664994955062866e-01 1.226586624979972839e-01 0.000000000000000000e+00
1.262678205966949463e-01 1.953678727149963379e-01 2.553445398807525635e-01 1.584873497486114502e-01 2.118057161569595337e-01 0.000000000000000000e+00
1.066869273781776428e-01 1.172474324703216553e-01 1.846360713243484497e-01 2.180428802967071533e-01 2.442609071731567383e-01 0.000000000000000000e+00
1.332572549581527710e-01 1.393189728260040283e-01 1.069097965955734253e-01 1.318661421537399292e-01 1.438601762056350708e-01 0.000000000000000000e+00
6.367129087448120117e-02 1.007635295391082764e-01 1.829198300838470459e-01 1.342535018920898438e-01 1.269861012697219849e-01 0.000000000000000000e+00
1.479769796133041382e-01 1.869172304868698120e-01 1.858022063970565796e-01 1.034006029367446899e-01 1.554520875215530396e-01 0.000000000000000000e+00
2.626236975193023682e-01 3.017472624778747559e-01 3.460169732570648193e-01 3.267726302146911621e-01 3.353534936904907227e-01 0.000000000000000000e+00
2.972786724567413330e-01 3.312834501266479492e-01 3.736883103847503662e-01 3.971446454524993896e-01 3.986679315567016602e-01 0.000000000000000000e+00
2.307925373315811157e-01 3.025820255279541016e-01 3.360273838043212891e-01 3.585931956768035889e-01 3.657925724983215332e-01 0.000000000000000000e+00
2.244157344102859497e-01 2.245595902204513550e-01 2.600184679031372070e-01 2.581118643283843994e-01 2.965306639671325684e-01 0.000000000000000000e+00
2.296911627054214478e-01 2.390841692686080933e-01 2.715293169021606445e-01 2.943158745765686035e-01 2.645977437496185303e-01 0.000000000000000000e+00
2.321777641773223877e-01 2.578091323375701904e-01 2.948870360851287842e-01 3.287579417228698730e-01 3.308964967727661133e-01 0.000000000000000000e+00
2.397467941045761108e-01 2.698458433151245117e-01 2.904548943042755127e-01 3.267102837562561035e-01 3.337045907974243164e-01 0.000000000000000000e+00
1.966122388839721680e-01 3.348865211009979248e-01 3.687366247177124023e-01 4.223424196243286133e-01 5.144801735877990723e-01 0.000000000000000000e+00
2.584390640258789062e-01 3.187976479530334473e-01 4.248615801334381104e-01 4.667323529720306396e-01 4.532499611377716064e-01 0.000000000000000000e+00
1.104049682617187500e-01 2.401615977287292480e-01 2.809627354145050049e-01 3.184079229831695557e-01 3.694031536579132080e-01 0.000000000000000000e+00
3.380339741706848145e-01 4.316866099834442139e-01 4.511814713478088379e-01 4.952607750892639160e-01 4.534924030303955078e-01 0.000000000000000000e+00
2.908730506896972656e-01 3.827539384365081787e-01 4.239336550235748291e-01 4.213243722915649414e-01 4.165467023849487305e-01 0.000000000000000000e+00
2.202205359935760498e-01 2.666862010955810547e-01 2.820960283279418945e-01 3.043327331542968750e-01 3.375864326953887939e-01 0.000000000000000000e+00
2.450247108936309814e-01 3.314135372638702393e-01 3.468555510044097900e-01 2.859810888767242432e-01 2.986491620540618896e-01 0.000000000000000000e+00
1.738506853580474854e-01 3.090110123157501221e-01 3.332968354225158691e-01 3.164435327053070068e-01 2.985503971576690674e-01 0.000000000000000000e+00
1.501756459474563599e-01 2.758871316909790039e-01 2.746997177600860596e-01 2.700478136539459229e-01 2.932402789592742920e-01 0.000000000000000000e+00
1.309639960527420044e-02 -5.893622059375047684e-03 8.758879452943801880e-02 2.007784098386764526e-01 2.247401326894760132e-01 0.000000000000000000e+00
4.499520733952522278e-02 2.273911684751510620e-01 1.971293687820434570e-01 1.956419199705123901e-01 1.967898309230804443e-01 0.000000000000000000e+00
1.886917054653167725e-01 2.110952436923980713e-01 2.182587385177612305e-01 2.262151092290878296e-01 2.274709194898605347e-01 0.000000000000000000e+00
1.565811783075332642e-01 1.999174356460571289e-01 2.191121429204940796e-01 2.088170200586318970e-01 2.208356857299804688e-01 0.000000000000000000e+00
1.605705469846725464e-01 2.014491409063339233e-01 2.156453579664230347e-01 2.237053662538528442e-01 2.211287915706634521e-01 0.000000000000000000e+00
2.921778857707977295e-01 3.868237137794494629e-01 3.678019344806671143e-01 3.177762925624847412e-01 2.387868911027908325e-01 1.000000000000000000e+00
2.566762864589691162e-01 3.003902137279510498e-01 3.002577424049377441e-01 2.896751761436462402e-01 2.377152442932128906e-01 2.000000000000000000e+00
2.921778857707977295e-01 3.868237137794494629e-01 3.678019344806671143e-01 3.177762925624847412e-01 2.387868911027908325e-01 1.000000000000000000e+00
2.566762864589691162e-01 3.003902137279510498e-01 3.002577424049377441e-01 2.896751761436462402e-01 2.377152442932128906e-01 2.000000000000000000e+00
2.921778857707977295e-01 3.868237137794494629e-01 3.678019344806671143e-01 3.177762925624847412e-01 2.387868911027908325e-01 1.000000000000000000e+00
2.566762864589691162e-01 3.003902137279510498e-01 3.002577424049377441e-01 2.896751761436462402e-01 2.377152442932128906e-01 2.000000000000000000e+00
2.921778857707977295e-01 3.868237137794494629e-01 3.678019344806671143e-01 3.177762925624847412e-01 2.387868911027908325e-01 1.000000000000000000e+00
2.566762864589691162e-01 3.003902137279510498e-01 3.002577424049377441e-01 2.896751761436462402e-01 2.377152442932128906e-01 2.000000000000000000e+00
2.921778857707977295e-01 3.868237137794494629e-01 3.678019344806671143e-01 3.177762925624847412e-01 2.387868911027908325e-01 1.000000000000000000e+00
2.566762864589691162e-01 3.003902137279510498e-01 3.002577424049377441e-01 2.896751761436462402e-01 2.377152442932128906e-01 2.000000000000000000e+00
2.921778857707977295e-01 3.868237137794494629e-01 3.678019344806671143e-01 3.177762925624847412e-01 2.387868911027908325e-01 1.000000000000000000e+00
2.566762864589691162e-01 3.003902137279510498e-01 3.002577424049377441e-01 2.896751761436462402e-01 2.377152442932128906e-01 2.000000000000000000e+00
2.921778857707977295e-01 3.868237137794494629e-01 3.678019344806671143e-01 3.177762925624847412e-01 2.387868911027908325e-01 1.000000000000000000e+00
2.566762864589691162e-01 3.003902137279510498e-01 3.002577424049377441e-01 2.896751761436462402e-01 2.377152442932128906e-01 2.000000000000000000e+00
2.921778857707977295e-01 3.868237137794494629e-01 3.678019344806671143e-01 3.177762925624847412e-01 2.387868911027908325e-01 1.000000000000000000e+00
2.566762864589691162e-01 3.003902137279510498e-01 3.002577424049377441e-01 2.896751761436462402e-01 2.377152442932128906e-01 2.000000000000000000e+00
2.921778857707977295e-01 3.868237137794494629e-01 3.678019344806671143e-01 3.177762925624847412e-01 2.387868911027908325e-01 1.000000000000000000e+00
2.566762864589691162e-01 3.003902137279510498e-01 3.002577424049377441e-01 2.896751761436462402e-01 2.377152442932128906e-01 2.000000000000000000e+00
2.921778857707977295e-01 3.868237137794494629e-01 3.678019344806671143e-01 3.177762925624847412e-01 2.387868911027908325e-01 1.000000000000000000e+00
2.566762864589691162e-01 3.003902137279510498e-01 3.002577424049377441e-01 2.896751761436462402e-01 2.377152442932128906e-01 2.000000000000000000e+00
1.783685684204101562e-01 1.939144879579544067e-01 2.265372425317764282e-01 2.157857269048690796e-01 2.346808463335037231e-01 0.000000000000000000e+00
1.531411558389663696e-01 1.809988021850585938e-01 1.942039877176284790e-01 1.974663436412811279e-01 1.994021683931350708e-01 0.000000000000000000e+00
2.144455462694168091e-01 2.525660097599029541e-01 2.655391395092010498e-01 1.929652243852615356e-01 2.013278156518936157e-01 0.000000000000000000e+00
2.421015948057174683e-01 3.106293380260467529e-01 3.312170505523681641e-01 3.163539469242095947e-01 2.934049665927886963e-01 0.000000000000000000e+00
2.621735930442810059e-01 2.916293740272521973e-01 3.027199208736419678e-01 3.912508189678192139e-01 2.934485375881195068e-01 0.000000000000000000e+00
2.398042529821395874e-01 2.665009498596191406e-01 2.919509410858154297e-01 3.543833792209625244e-01 3.520570397377014160e-01 0.000000000000000000e+00
2.104460299015045166e-01 2.291015386581420898e-01 1.823501586914062500e-01 2.931315302848815918e-01 2.589372694492340088e-01 0.000000000000000000e+00
1.893614828586578369e-01 2.029085010290145874e-01 1.774014979600906372e-01 2.163430303335189819e-01 2.197628021240234375e-01 0.000000000000000000e+00
2.442702502012252808e-01 3.052481412887573242e-01 2.896038889884948730e-01 3.314941525459289551e-01 3.361340463161468506e-01 0.000000000000000000e+00
2.450990257784724236e-03 -8.995519019663333893e-03 -3.504060208797454834e-02 4.928724095225334167e-02 1.945841759443283081e-01 0.000000000000000000e+00
1.797035336494445801e-01 1.978944689035415649e-01 1.982097029685974121e-01 2.147759795188903809e-01 1.176531314849853516e-01 0.000000000000000000e+00
2.238148450851440430e-01 2.181850224733352661e-01 2.630846798419952393e-01 2.864271402359008789e-01 2.886998951435089111e-01 0.000000000000000000e+00
1.961478888988494873e-01 2.416407167911529541e-01 2.119786888360977173e-01 2.463769316673278809e-01 2.586282491683959961e-01 1.000000000000000000e+00
2.048448026180267334e-01 2.346964478492736816e-01 2.488948851823806763e-01 2.730390727519989014e-01 2.675268948078155518e-01 2.000000000000000000e+00
1.961478888988494873e-01 2.416407167911529541e-01 2.119786888360977173e-01 2.463769316673278809e-01 2.586282491683959961e-01 1.000000000000000000e+00
2.048448026180267334e-01 2.346964478492736816e-01 2.488948851823806763e-01 2.730390727519989014e-01 2.675268948078155518e-01 2.000000000000000000e+00
1.961478888988494873e-01 2.416407167911529541e-01 2.119786888360977173e-01 2.463769316673278809e-01 2.586282491683959961e-01 1.000000000000000000e+00
2.048448026180267334e-01 2.346964478492736816e-01 2.488948851823806763e-01 2.730390727519989014e-01 2.675268948078155518e-01 2.000000000000000000e+00
1.961478888988494873e-01 2.416407167911529541e-01 2.119786888360977173e-01 2.463769316673278809e-01 2.586282491683959961e-01 1.000000000000000000e+00
2.048448026180267334e-01 2.346964478492736816e-01 2.488948851823806763e-01 2.730390727519989014e-01 2.675268948078155518e-01 2.000000000000000000e+00
1.961478888988494873e-01 2.416407167911529541e-01 2.119786888360977173e-01 2.463769316673278809e-01 2.586282491683959961e-01 1.000000000000000000e+00
2.048448026180267334e-01 2.346964478492736816e-01 2.488948851823806763e-01 2.730390727519989014e-01 2.675268948078155518e-01 2.000000000000000000e+00
1.961478888988494873e-01 2.416407167911529541e-01 2.119786888360977173e-01 2.463769316673278809e-01 2.586282491683959961e-01 1.000000000000000000e+00
2.048448026180267334e-01 2.346964478492736816e-01 2.488948851823806763e-01 2.730390727519989014e-01 2.675268948078155518e-01 2.000000000000000000e+00
1.961478888988494873e-01 2.416407167911529541e-01 2.119786888360977173e-01 2.463769316673278809e-01 2.586282491683959961e-01 1.000000000000000000e+00
2.048448026180267334e-01 2.346964478492736816e-01 2.488948851823806763e-01 2.730390727519989014e-01 2.675268948078155518e-01 2.000000000000000000e+00
1.961478888988494873e-01 2.416407167911529541e-01 2.119786888360977173e-01 2.463769316673278809e-01 2.586282491683959961e-01 1.000000000000000000e+00
2.048448026180267334e-01 2.346964478492736816e-01 2.488948851823806763e-01 2.730390727519989014e-01 2.675268948078155518e-01 2.000000000000000000e+00
1.961478888988494873e-01 2.416407167911529541e-01 2.119786888360977173e-01 2.463769316673278809e-01 2.586282491683959961e-01 1.000000000000000000e+00
2.048448026180267334e-01 2.346964478492736816e-01 2.488948851823806763e-01 2.730390727519989014e-01 2.675268948078155518e-01 2.000000000000000000e+00
1.961478888988494873e-01 2.416407167911529541e-01 2.119786888360977173e-01 2.463769316673278809e-01 2.586282491683959961e-01 1.000000000000000000e+00
2.048448026180267334e-01 2.346964478492736816e-01 2.488948851823806763e-01 2.730390727519989014e-01 2.675268948078155518e-01 2.000000000000000000e+00
-9.147261735051870346e-04 2.455235645174980164e-02 5.017670802772045135e-03 1.360254585742950439e-01 2.033402919769287109e-01 0.000000000000000000e+00
1.252887398004531860e-01 1.643732488155364990e-01 1.625344604253768921e-01 1.753688752651214600e-01 1.834588348865509033e-01 0.000000000000000000e+00
1.302858442068099976e-01 1.307235062122344971e-01 1.468592286109924316e-01 1.466596275568008423e-01 1.483778655529022217e-01 0.000000000000000000e+00
1.387767493724822998e-01 1.395224332809448242e-01 1.384894102811813354e-01 1.256966292858123779e-01 1.286592781543731689e-01 0.000000000000000000e+00
1.317266821861267090e-01 1.213715076446533203e-01 1.330680251121520996e-01 1.445733159780502319e-01 1.457612514495849609e-01 0.000000000000000000e+00
3.973346948623657227e-02 1.626515984535217285e-01 2.363983541727066040e-01 7.009906321763992310e-02 -2.546972632408142090e-01 1.000000000000000000e+00
1.653949469327926636e-01 2.124049365520477295e-01 2.168460190296173096e-01 2.084519863128662109e-01 2.385363280773162842e-01 2.000000000000000000e+00
3.973346948623657227e-02 1.626515984535217285e-01 2.363983541727066040e-01 7.009906321763992310e-02 -2.546972632408142090e-01 1.000000000000000000e+00
1.653949469327926636e-01 2.124049365520477295e-01 2.168460190296173096e-01 2.084519863128662109e-01 2.385363280773162842e-01 2.000000000000000000e+00
3.973346948623657227e-02 1.626515984535217285e-01 2.363983541727066040e-01 7.009906321763992310e-02 -2.546972632408142090e-01 1.000000000000000000e+00
1.653949469327926636e-01 2.124049365520477295e-01 2.168460190296173096e-01 2.084519863128662109e-01 2.385363280773162842e-01 2.000000000000000000e+00
3.973346948623657227e-02 1.626515984535217285e-01 2.363983541727066040e-01 7.009906321763992310e-02 -2.546972632408142090e-01 1.000000000000000000e+00
1.653949469327926636e-01 2.124049365520477295e-01 2.168460190296173096e-01 2.084519863128662109e-01 2.385363280773162842e-01 2.000000000000000000e+00
3.973346948623657227e-02 1.626515984535217285e-01 2.363983541727066040e-01 7.009906321763992310e-02 -2.546972632408142090e-01 1.000000000000000000e+00
1.653949469327926636e-01 2.124049365520477295e-01 2.168460190296173096e-01 2.084519863128662109e-01 2.385363280773162842e-01 2.000000000000000000e+00
3.973346948623657227e-02 1.626515984535217285e-01 2.363983541727066040e-01 7.009906321763992310e-02 -2.546972632408142090e-01 1.000000000000000000e+00
1.653949469327926636e-01 2.124049365520477295e-01 2.168460190296173096e-01 2.084519863128662109e-01 2.385363280773162842e-01 2.000000000000000000e+00
3.973346948623657227e-02 1.626515984535217285e-01 2.363983541727066040e-01 7.009906321763992310e-02 -2.546972632408142090e-01 1.000000000000000000e+00
1.653949469327926636e-01 2.124049365520477295e-01 2.168460190296173096e-01 2.084519863128662109e-01 2.385363280773162842e-01 2.000000000000000000e+00
3.973346948623657227e-02 1.626515984535217285e-01 2.363983541727066040e-01 7.009906321763992310e-02 -2.546972632408142090e-01 1.000000000000000000e+00
1.653949469327926636e-01 2.124049365520477295e-01 2.168460190296173096e-01 2.084519863128662109e-01 2.385363280773162842e-01 2.000000000000000000e+00
3.973346948623657227e-02 1.626515984535217285e-01 2.363983541727066040e-01 7.009906321763992310e-02 -2.546972632408142090e-01 1.000000000000000000e+00
1.653949469327926636e-01 2.124049365520477295e-01 2.168460190296173096e-01 2.084519863128662109e-01 2.385363280773162842e-01 2.000000000000000000e+00
3.973346948623657227e-02 1.626515984535217285e-01 2.363983541727066040e-01 7.009906321763992310e-02 -2.546972632408142090e-01 1.000000000000000000e+00
1.653949469327926636e-01 2.124049365520477295e-01 2.168460190296173096e-01 2.084519863128662109e-01 2.385363280773162842e-01 2.000000000000000000e+00
1.472566872835159302e-01 1.620485335588455200e-01 1.604821681976318359e-01 1.869416683912277222e-01 1.802472323179244995e-01 0.000000000000000000e+00
1.106102466583251953e-01 9.692499041557312012e-02 -6.820777803659439087e-02 -5.023434758186340332e-02 -1.787861287593841553e-01 0.000000000000000000e+00
1.103276908397674561e-01 1.653244905173778534e-02 5.131185427308082581e-02 2.998372353613376617e-02 -8.331679552793502808e-02 0.000000000000000000e+00
9.743364900350570679e-02 8.956798166036605835e-02 1.023791357874870300e-01 1.470761746168136597e-01 1.807743012905120850e-01 0.000000000000000000e+00
7.068482041358947754e-02 4.272479563951492310e-03 -1.762397587299346924e-01 -1.814062893390655518e-01 -1.122902706265449524e-01 0.000000000000000000e+00
7.395292818546295166e-02 8.398190885782241821e-02 3.692096099257469177e-03 5.915622413158416748e-02 -5.881702527403831482e-02 0.000000000000000000e+00
1.699486561119556427e-02 6.434325873851776123e-02 9.692333638668060303e-02 -9.776187688112258911e-02 -1.619437336921691895e-01 0.000000000000000000e+00
1.742125898599624634e-01 1.853602528572082520e-01 1.829763948917388916e-01 1.697586029767990112e-01 1.858761608600616455e-01 0.000000000000000000e+00
1.657827943563461304e-01 1.854949742555618286e-01 1.786656826734542847e-01 1.868079155683517456e-01 1.919976323843002319e-01 0.000000000000000000e+00
1.724829375743865967e-01 1.886540353298187256e-01 2.157611995935440063e-01 2.001136094331741333e-01 1.743539273738861084e-01 0.000000000000000000e+00
1.924582123756408691e-01 1.519908308982849121e-01 1.895367801189422607e-01 -2.048089727759361267e-02 -1.382512897253036499e-01 0.000000000000000000e+00
1.393781602382659912e-01 1.482439488172531128e-01 1.999546736478805542e-01 1.982164978981018066e-01 2.402394711971282959e-01 0.000000000000000000e+00
1.441214382648468018e-01 6.429097801446914673e-02 2.663289429619908333e-03 -1.961544454097747803e-01 -2.524599246680736542e-02 0.000000000000000000e+00
2.122164070606231689e-01 2.116631865501403809e-01 1.979052722454071045e-01 2.381194978952407837e-01 2.545532286167144775e-01 0.000000000000000000e+00
2.615820169448852539e-01 2.815264463424682617e-01 2.862095832824707031e-01 2.809213995933532715e-01 1.665036082267761230e-01 0.000000000000000000e+00
1.910346150398254395e-01 2.114958167076110840e-01 2.459042370319366455e-01 3.028313517570495605e-01 3.195478618144989014e-01 0.000000000000000000e+00
2.448333352804183960e-01 2.829741239547729492e-01 3.057529926300048828e-01 3.108466267585754395e-01 3.304381966590881348e-01 0.000000000000000000e+00
2.819472253322601318e-01 3.443627357482910156e-01 3.573583662509918213e-01 3.280996084213256836e-01 3.432114720344543457e-01 0.000000000000000000e+00
2.731378078460693359e-01 2.980713546276092529e-01 3.203755319118499756e-01 3.281843364238739014e-01 3.392756283283233643e-01 0.000000000000000000e+00
2.718135714530944824e-01 3.263744711875915527e-01 3.289144337177276611e-01 3.240121603012084961e-01 3.079520463943481445e-01 0.000000000000000000e+00
9.623576770536601543e-04 4.762572702020406723e-03 1.030791625380516052e-01 1.532209217548370361e-01 1.930251270532608032e-01 0.000000000000000000e+00
1.685537248849868774e-01 1.927800774574279785e-01 2.026814818382263184e-01 1.813962310552597046e-01 1.865727603435516357e-01 0.000000000000000000e+00
1.846831142902374268e-01 2.093571424484252930e-01 2.326666116714477539e-01 2.467417120933532715e-01 2.223205715417861938e-01 0.000000000000000000e+00
1.885960549116134644e-01 2.320130318403244019e-01 2.448846250772476196e-01 2.664006054401397705e-01 2.687343358993530273e-01 0.000000000000000000e+00
2.076165676116943359e-01 2.513456940650939941e-01 2.272310256958007812e-01 2.528804838657379150e-01 2.807999551296234131e-01 0.000000000000000000e+00
2.084387987852096558e-01 2.279502451419830322e-01 2.328473031520843506e-01 2.545332014560699463e-01 2.203079611063003540e-01 0.000000000000000000e+00
2.089833468198776245e-01 2.600772082805633545e-01 2.453774213790893555e-01 2.537809312343597412e-01 2.483997642993927002e-01 0.000000000000000000e+00
1.945781260728836060e-01 1.973590105772018433e-01 2.131235301494598389e-01 2.192795276641845703e-01 2.262122482061386108e-01 0.000000000000000000e+00
4.506326615810394287e-01 4.639838933944702148e-01 5.257400870323181152e-01 5.336419343948364258e-01 5.773614645004272461e-01 0.000000000000000000e+00
1.946963369846343994e-01 -7.815244048833847046e-02 -3.365318775177001953e-01 -2.422791570425033569e-01 1.368801444768905640e-01 0.000000000000000000e+00
1.881467998027801514e-01 2.183016538619995117e-01 1.458296924829483032e-01 2.824342548847198486e-01 4.115052223205566406e-01 0.000000000000000000e+00
2.699348330497741699e-01 3.172642588615417480e-01 3.168111145496368408e-01 2.850344181060791016e-01 3.004853427410125732e-01 0.000000000000000000e+00
2.858269214630126953e-01 3.368964195251464844e-01 3.079425692558288574e-01 3.221880495548248291e-01 3.478269577026367188e-01 0.000000000000000000e+00
1.653417497873306274e-01 1.287783980369567871e-01 1.898564398288726807e-01 2.168551087379455566e-01 3.066012263298034668e-01 0.000000000000000000e+00
2.136179357767105103e-01 2.748662531375885010e-01 2.817963361740112305e-01 2.818006873130798340e-01 2.841252982616424561e-01 0.000000000000000000e+00
-1.312539577484130859e-01 -1.498020589351654053e-01 -1.810447573661804199e-01 -2.042223215103149414e-01 -1.876177340745925903e-01 0.000000000000000000e+00
-2.046598196029663086e-01 -2.382736653089523315e-02 8.892902731895446777e-02 5.749039351940155029e-02 -2.081280648708343506e-01 0.000000000000000000e+00
-4.437835514545440674e-01 -1.534552127122879028e-01 7.683140039443969727e-02 4.400219768285751343e-02 1.954052001237869263e-01 0.000000000000000000e+00
2.019694894552230835e-01 3.501608967781066895e-01 4.089035987854003906e-01 3.815144598484039307e-01 1.919145435094833374e-01 0.000000000000000000e+00
3.368358612060546875e-01 4.198021292686462402e-01 4.716877639293670654e-01 4.747549295425415039e-01 4.391168653964996338e-01 0.000000000000000000e+00
3.565859198570251465e-01 4.204511046409606934e-01 3.571578562259674072e-01 3.531998097896575928e-01 3.670752644538879395e-01 0.000000000000000000e+00
-3.749031126499176025e-01 -3.318278789520263672e-01 -4.315274059772491455e-01 -4.146122932434082031e-01 -2.513832151889801025e-01 1.000000000000000000e+00
-1.388090252876281738e-01 2.006298899650573730e-01 1.431112140417098999e-01 -1.900224238634109497e-01 1.031564921140670776e-01 2.000000000000000000e+00
-3.749031126499176025e-01 -3.318278789520263672e-01 -4.315274059772491455e-01 -4.146122932434082031e-01 -2.513832151889801025e-01 1.000000000000000000e+00
-1.388090252876281738e-01 2.006298899650573730e-01 1.431112140417098999e-01 -1.900224238634109497e-01 1.031564921140670776e-01 2.000000000000000000e+00
-3.749031126499176025e-01 -3.318278789520263672e-01 -4.315274059772491455e-01 -4.146122932434082031e-01 -2.513832151889801025e-01 1.000000000000000000e+00
-1.388090252876281738e-01 2.006298899650573730e-01 1.431112140417098999e-01 -1.900224238634109497e-01 1.031564921140670776e-01 2.000000000000000000e+00
-3.749031126499176025e-01 -3.318278789520263672e-01 -4.315274059772491455e-01 -4.146122932434082031e-01 -2.513832151889801025e-01 1.000000000000000000e+00
-1.388090252876281738e-01 2.006298899650573730e-01 1.431112140417098999e-01 -1.900224238634109497e-01 1.031564921140670776e-01 2.000000000000000000e+00
-3.749031126499176025e-01 -3.318278789520263672e-01 -4.315274059772491455e-01 -4.146122932434082031e-01 -2.513832151889801025e-01 1.000000000000000000e+00
-1.388090252876281738e-01 2.006298899650573730e-01 1.431112140417098999e-01 -1.900224238634109497e-01 1.031564921140670776e-01 2.000000000000000000e+00
-3.749031126499176025e-01 -3.318278789520263672e-01 -4.315274059772491455e-01 -4.146122932434082031e-01 -2.513832151889801025e-01 1.000000000000000000e+00
-1.388090252876281738e-01 2.006298899650573730e-01 1.431112140417098999e-01 -1.900224238634109497e-01 1.031564921140670776e-01 2.000000000000000000e+00
-3.749031126499176025e-01 -3.318278789520263672e-01 -4.315274059772491455e-01 -4.146122932434082031e-01 -2.513832151889801025e-01 1.000000000000000000e+00
-1.388090252876281738e-01 2.006298899650573730e-01 1.431112140417098999e-01 -1.900224238634109497e-01 1.031564921140670776e-01 2.000000000000000000e+00
-3.749031126499176025e-01 -3.318278789520263672e-01 -4.315274059772491455e-01 -4.146122932434082031e-01 -2.513832151889801025e-01 1.000000000000000000e+00
-1.388090252876281738e-01 2.006298899650573730e-01 1.431112140417098999e-01 -1.900224238634109497e-01 1.031564921140670776e-01 2.000000000000000000e+00
-3.749031126499176025e-01 -3.318278789520263672e-01 -4.315274059772491455e-01 -4.146122932434082031e-01 -2.513832151889801025e-01 1.000000000000000000e+00
-1.388090252876281738e-01 2.006298899650573730e-01 1.431112140417098999e-01 -1.900224238634109497e-01 1.031564921140670776e-01 2.000000000000000000e+00
-3.749031126499176025e-01 -3.318278789520263672e-01 -4.315274059772491455e-01 -4.146122932434082031e-01 -2.513832151889801025e-01 1.000000000000000000e+00
-1.388090252876281738e-01 2.006298899650573730e-01 1.431112140417098999e-01 -1.900224238634109497e-01 1.031564921140670776e-01 2.000000000000000000e+00
1.622631698846817017e-01 1.767914742231369019e-01 1.870799511671066284e-01 2.068299949169158936e-01 2.208871692419052124e-01 0.000000000000000000e+00
1.767794489860534668e-01 1.866540312767028809e-01 2.014582455158233643e-01 2.178406566381454468e-01 2.145310640335083008e-01 0.000000000000000000e+00
1.787219494581222534e-01 1.866551637649536133e-01 2.032744735479354858e-01 2.083135694265365601e-01 2.143874019384384155e-01 0.000000000000000000e+00
1.719868481159210205e-01 1.913504153490066528e-01 1.938733607530593872e-01 2.081810086965560913e-01 2.058952003717422485e-01 0.000000000000000000e+00
1.914505213499069214e-01 2.092354744672775269e-01 1.824163049459457397e-01 1.926053762435913086e-01 2.103547602891921997e-01 0.000000000000000000e+00
1.702396869659423828e-01 1.795422285795211792e-01 2.014679908752441406e-01 2.166408747434616089e-01 2.492929399013519287e-01 0.000000000000000000e+00
2.174888998270034790e-01 2.774865329265594482e-01 2.726038098335266113e-01 2.651844322681427002e-01 2.688224315643310547e-01 0.000000000000000000e+00
1.725117713212966919e-01 1.975671350955963135e-01 1.992232203483581543e-01 1.929797977209091187e-01 1.973008215427398682e-01 0.000000000000000000e+00
1.566499918699264526e-01 1.601993888616561890e-01 1.696895360946655273e-01 1.725482642650604248e-01 1.863980740308761597e-01 0.000000000000000000e+00
1.366059631109237671e-01 1.203881129622459412e-01 1.165924221277236938e-01 1.133382618427276611e-01 1.129872947931289673e-01 0.000000000000000000e+00
1.098997071385383606e-01 1.416630744934082031e-01 1.174905002117156982e-01 1.069903969764709473e-01 1.165453568100929260e-01 0.000000000000000000e+00
1.055806577205657959e-01 1.265629827976226807e-01 1.307147145271301270e-01 1.291335225105285645e-01 1.316710561513900757e-01 0.000000000000000000e+00
1.064588874578475952e-01 1.123414486646652222e-01 1.145603135228157043e-01 1.186466664075851440e-01 1.164275854825973511e-01 0.000000000000000000e+00
1.136292740702629089e-01 1.195272356271743774e-01 1.323502510786056519e-01 1.192741468548774719e-01 1.282353401184082031e-01 0.000000000000000000e+00
2.748184800148010254e-01 3.119458556175231934e-01 2.910619974136352539e-01 2.579479515552520752e-01 2.519568800926208496e-01 0.000000000000000000e+00
3.337717950344085693e-01 2.925839424133300781e-01 3.568608462810516357e-01 3.741342723369598389e-01 3.956328928470611572e-01 0.000000000000000000e+00
2.841774523258209229e-01 3.341249823570251465e-01 3.690516650676727295e-01 4.455446302890777588e-01 4.046218693256378174e-01 0.000000000000000000e+00
2.382713556289672852e-01 3.073999583721160889e-01 3.306547105312347412e-01 3.612105846405029297e-01 3.538604080677032471e-01 0.000000000000000000e+00
2.036527246236801147e-01 3.225392699241638184e-01 2.995720505714416504e-01 3.594908714294433594e-01 3.272960782051086426e-01 0.000000000000000000e+00
1.801838129758834839e-01 3.008801937103271484e-01 3.301004767417907715e-01 3.694494366645812988e-01 3.154523074626922607e-01 0.000000000000000000e+00
-2.819985449314117432e-01 -3.147091343998908997e-02 -6.824780255556106567e-02 1.787492185831069946e-01 1.674885749816894531e-01 0.000000000000000000e+00
1.547563821077346802e-01 1.023392528295516968e-01 -1.037200819700956345e-02 -4.729829728603363037e-02 -8.701425045728683472e-02 0.000000000000000000e+00
2.696238458156585693e-01 2.414601147174835205e-01 1.910110116004943848e-01 1.337839663028717041e-01 -1.009229570627212524e-02 0.000000000000000000e+00
2.379997521638870239e-01 2.647132575511932373e-01 2.234382927417755127e-01 2.294733226299285889e-01 2.676028013229370117e-01 0.000000000000000000e+00
2.650962769985198975e-01 2.950687110424041748e-01 2.680878043174743652e-01 3.278339207172393799e-01 3.171665072441101074e-01 0.000000000000000000e+00
2.708574533462524414e-01 3.170296549797058105e-01 3.311766684055328369e-01 2.964687943458557129e-01 3.070383071899414062e-01 0.000000000000000000e+00
1.920748203992843628e-01 2.330906987190246582e-01 3.573203682899475098e-01 3.661259412765502930e-01 3.092087507247924805e-01 0.000000000000000000e+00
2.208275496959686279e-01 2.811600267887115479e-01 3.001628816127777100e-01 2.767334282398223877e-01 2.300140857696533203e-01 0.000000000000000000e+00
1.777711510658264160e-01 2.024398893117904663e-01 2.246562540531158447e-01 2.249997109174728394e-01 2.315457314252853394e-01 0.000000000000000000e+00
1.949482560157775879e-01 2.027901411056518555e-01 2.069496661424636841e-01 2.225004583597183228e-01 2.343102097511291504e-01 0.000000000000000000e+00
2.067877799272537231e-01 2.169737666845321655e-01 2.365706264972686768e-01 2.209423631429672241e-01 2.436555027961730957e-01 0.000000000000000000e+00
2.115473449230194092e-01 2.411654591560363770e-01 2.373326122760772705e-01 2.514247596263885498e-01 2.556160390377044678e-01 0.000000000000000000e+00
1.786187738180160522e-01 2.419358044862747192e-01 2.546054720878601074e-01 2.584831714630126953e-01 2.478089183568954468e-01 0.000000000000000000e+00
2.158313095569610596e-01 2.089034914970397949e-01 2.311599701642990112e-01 1.940243095159530640e-01 1.608219146728515625e-01 0.000000000000000000e+00
1.754331439733505249e-01 2.261603027582168579e-01 2.584894597530364990e-01 2.817169427871704102e-01 2.977126538753509521e-01 0.000000000000000000e+00
-3.380418196320533752e-02 -6.017419695854187012e-02 -1.754146367311477661e-01 -1.791773289442062378e-01 -4.508138820528984070e-02 0.000000000000000000e+00
7.870634645223617554e-02 2.511620223522186279e-01 3.321000635623931885e-01 3.158237934112548828e-01 2.533240914344787598e-01 0.000000000000000000e+00
3.174020648002624512e-01 3.442366421222686768e-01 3.465880751609802246e-01 3.211954534053802490e-01 3.172731399536132812e-01 0.000000000000000000e+00
2.646254003047943115e-01 2.959041595458984375e-01 3.824992477893829346e-01 4.262571334838867188e-01 4.037145078182220459e-01 0.000000000000000000e+00
2.714661061763763428e-01 3.312319219112396240e-01 3.642818629741668701e-01 3.754660785198211670e-01 4.013970494270324707e-01 0.000000000000000000e+00
2.797040641307830811e-01 3.132989406585693359e-01 3.311673998832702637e-01 3.443664610385894775e-01 3.685333430767059326e-01 0.000000000000000000e+00
2.531769871711730957e-01 2.778416574001312256e-01 3.132617175579071045e-01 2.939481735229492188e-01 3.317892551422119141e-01 0.000000000000000000e+00
1.182013452053070068e-01 2.332620769739151001e-01 2.760035395622253418e-01 1.018016785383224487e-01 -1.339502260088920593e-02 1.000000000000000000e+00
2.207560837268829346e-01 1.678584367036819458e-01 6.008482351899147034e-02 1.295327991247177124e-01 2.591291666030883789e-01 2.000000000000000000e+00
1.182013452053070068e-01 2.332620769739151001e-01 2.760035395622253418e-01 1.018016785383224487e-01 -1.339502260088920593e-02 1.000000000000000000e+00
2.207560837268829346e-01 1.678584367036819458e-01 6.008482351899147034e-02 1.295327991247177124e-01 2.591291666030883789e-01 2.000000000000000000e+00
1.182013452053070068e-01 2.332620769739151001e-01 2.760035395622253418e-01 1.018016785383224487e-01 -1.339502260088920593e-02 1.000000000000000000e+00
2.207560837268829346e-01 1.678584367036819458e-01 6.008482351899147034e-02 1.295327991247177124e-01 2.591291666030883789e-01 2.000000000000000000e+00
1.182013452053070068e-01 2.332620769739151001e-01 2.760035395622253418e-01 1.018016785383224487e-01 -1.339502260088920593e-02 1.000000000000000000e+00
2.207560837268829346e-01 1.678584367036819458e-01 6.008482351899147034e-02 1.295327991247177124e-01 2.591291666030883789e-01 2.000000000000000000e+00
1.182013452053070068e-01 2.332620769739151001e-01 2.760035395622253418e-01 1.018016785383224487e-01 -1.339502260088920593e-02 1.000000000000000000e+00
2.207560837268829346e-01 1.678584367036819458e-01 6.008482351899147034e-02 1.295327991247177124e-01 2.591291666030883789e-01 2.000000000000000000e+00
1.182013452053070068e-01 2.332620769739151001e-01 2.760035395622253418e-01 1.018016785383224487e-01 -1.339502260088920593e-02 1.000000000000000000e+00
2.207560837268829346e-01 1.678584367036819458e-01 6.008482351899147034e-02 1.295327991247177124e-01 2.591291666030883789e-01 2.000000000000000000e+00
1.182013452053070068e-01 2.332620769739151001e-01 2.760035395622253418e-01 1.018016785383224487e-01 -1.339502260088920593e-02 1.000000000000000000e+00
2.207560837268829346e-01 1.678584367036819458e-01 6.008482351899147034e-02 1.295327991247177124e-01 2.591291666030883789e-01 2.000000000000000000e+00
1.182013452053070068e-01 2.332620769739151001e-01 2.760035395622253418e-01 1.018016785383224487e-01 -1.339502260088920593e-02 1.000000000000000000e+00
2.207560837268829346e-01 1.678584367036819458e-01 6.008482351899147034e-02 1.295327991247177124e-01 2.591291666030883789e-01 2.000000000000000000e+00
1.182013452053070068e-01 2.332620769739151001e-01 2.760035395622253418e-01 1.018016785383224487e-01 -1.339502260088920593e-02 1.000000000000000000e+00
2.207560837268829346e-01 1.678584367036819458e-01 6.008482351899147034e-02 1.295327991247177124e-01 2.591291666030883789e-01 2.000000000000000000e+00
1.182013452053070068e-01 2.332620769739151001e-01 2.760035395622253418e-01 1.018016785383224487e-01 -1.339502260088920593e-02 1.000000000000000000e+00
2.207560837268829346e-01 1.678584367036819458e-01 6.008482351899147034e-02 1.295327991247177124e-01 2.591291666030883789e-01 2.000000000000000000e+00
1.374165117740631104e-01 2.214005142450332642e-01 2.309353500604629517e-01 1.900459378957748413e-01 1.809683144092559814e-01 0.000000000000000000e+00
1.813218891620635986e-01 1.874449700117111206e-01 1.651699244976043701e-01 2.148653864860534668e-01 2.276712805032730103e-01 0.000000000000000000e+00
2.482675462961196899e-01 2.681509256362915039e-01 2.614212930202484131e-01 2.484008818864822388e-01 2.284590899944305420e-01 0.000000000000000000e+00
2.935662567615509033e-01 4.100948870182037354e-01 3.869023621082305908e-01 3.628720343112945557e-01 3.607976138591766357e-01 0.000000000000000000e+00
3.296223878860473633e-01 4.765774607658386230e-01 4.619515538215637207e-01 4.528079926967620850e-01 4.643950760364532471e-01 0.000000000000000000e+00
3.170860111713409424e-01 4.427672624588012695e-01 4.775563776493072510e-01 5.000618696212768555e-01 5.018301010131835938e-01 0.000000000000000000e+00
1.383033543825149536e-01 3.664224445819854736e-01 4.005438089370727539e-01 4.042448997497558594e-01 4.016762673854827881e-01 0.000000000000000000e+00
1.154967918992042542e-01 1.630018800497055054e-01 1.242058724164962769e-01 2.027458101511001587e-01 2.038147747516632080e-01 1.000000000000000000e+00
1.826417148113250732e-01 2.008148878812789917e-01 2.086280286312103271e-01 2.400683909654617310e-01 2.306737452745437622e-01 2.000000000000000000e+00
1.154967918992042542e-01 1.630018800497055054e-01 1.242058724164962769e-01 2.027458101511001587e-01 2.038147747516632080e-01 1.000000000000000000e+00
1.826417148113250732e-01 2.008148878812789917e-01 2.086280286312103271e-01 2.400683909654617310e-01 2.306737452745437622e-01 2.000000000000000000e+00
1.154967918992042542e-01 1.630018800497055054e-01 1.242058724164962769e-01 2.027458101511001587e-01 2.038147747516632080e-01 1.000000000000000000e+00
1.826417148113250732e-01 2.008148878812789917e-01 2.086280286312103271e-01 2.400683909654617310e-01 2.306737452745437622e-01 2.000000000000000000e+00
1.154967918992042542e-01 1.630018800497055054e-01 1.242058724164962769e-01 2.027458101511001587e-01 2.038147747516632080e-01 1.000000000000000000e+00
1.826417148113250732e-01 2.008148878812789917e-01 2.086280286312103271e-01 2.400683909654617310e-01 2.306737452745437622e-01 2.000000000000000000e+00
1.154967918992042542e-01 1.630018800497055054e-01 1.242058724164962769e-01 2.027458101511001587e-01 2.038147747516632080e-01 1.000000000000000000e+00
1.826417148113250732e-01 2.008148878812789917e-01 2.086280286312103271e-01 2.400683909654617310e-01 2.306737452745437622e-01 2.000000000000000000e+00
1.154967918992042542e-01 1.630018800497055054e-01 1.242058724164962769e-01 2.027458101511001587e-01 2.038147747516632080e-01 1.000000000000000000e+00
1.826417148113250732e-01 2.008148878812789917e-01 2.086280286312103271e-01 2.400683909654617310e-01 2.306737452745437622e-01 2.000000000000000000e+00
1.154967918992042542e-01 1.630018800497055054e-01 1.242058724164962769e-01 2.027458101511001587e-01 2.038147747516632080e-01 1.000000000000000000e+00
1.826417148113250732e-01 2.008148878812789917e-01 2.086280286312103271e-01 2.400683909654617310e-01 2.306737452745437622e-01 2.000000000000000000e+00
1.154967918992042542e-01 1.630018800497055054e-01 1.242058724164962769e-01 2.027458101511001587e-01 2.038147747516632080e-01 1.000000000000000000e+00
1.826417148113250732e-01 2.008148878812789917e-01 2.086280286312103271e-01 2.400683909654617310e-01 2.306737452745437622e-01 2.000000000000000000e+00
1.154967918992042542e-01 1.630018800497055054e-01 1.242058724164962769e-01 2.027458101511001587e-01 2.038147747516632080e-01 1.000000000000000000e+00
1.826417148113250732e-01 2.008148878812789917e-01 2.086280286312103271e-01 2.400683909654617310e-01 2.306737452745437622e-01 2.000000000000000000e+00
1.154967918992042542e-01 1.630018800497055054e-01 1.242058724164962769e-01 2.027458101511001587e-01 2.038147747516632080e-01 1.000000000000000000e+00
1.826417148113250732e-01 2.008148878812789917e-01 2.086280286312103271e-01 2.400683909654617310e-01 2.306737452745437622e-01 2.000000000000000000e+00
1.878279149532318115e-01 1.911036819219589233e-01 1.893923878669738770e-01 1.870315223932266235e-01 1.796234846115112305e-01 0.000000000000000000e+00
1.909063309431076050e-01 2.086410671472549438e-01 2.011697143316268921e-01 2.034111469984054565e-01 1.954149007797241211e-01 0.000000000000000000e+00
4.840981587767601013e-02 2.036102861166000366e-01 2.372402250766754150e-01 2.384548187255859375e-01 2.303116172552108765e-01 0.000000000000000000e+00
2.078444659709930420e-01 2.456584274768829346e-01 2.506197690963745117e-01 2.412982732057571411e-01 2.306433916091918945e-01 0.000000000000000000e+00
2.123278826475143433e-01 2.469905614852905273e-01 2.511292994022369385e-01 2.504130601882934570e-01 2.200947701930999756e-01 0.000000000000000000e+00
1.978816539049148560e-01 2.180072218179702759e-01 2.284265458583831787e-01 1.212303563952445984e-01 2.475143522024154663e-01 0.000000000000000000e+00
1.970932781696319580e-01 2.342181652784347534e-01 2.501466274261474609e-01 2.501976788043975830e-01 2.720690071582794189e-01 0.000000000000000000e+00
2.038563638925552368e-01 2.577852010726928711e-01 2.459022253751754761e-01 2.464483678340911865e-01 2.438817024230957031e-01 0.000000000000000000e+00
1.681087315082550049e-01 2.315600067377090454e-01 2.370975315570831299e-01 2.567203938961029053e-01 2.573318779468536377e-01 0.000000000000000000e+00
1.862647980451583862e-01 2.343709617853164673e-01 2.534493207931518555e-01 2.635676264762878418e-01 2.500668764114379883e-01 0.000000000000000000e+00
1.650455780327320099e-02 1.225585788488388062e-01 2.069906890392303467e-01 2.125265449285507202e-01 2.498382776975631714e-01 0.000000000000000000e+00
7.809549570083618164e-02 1.823065429925918579e-01 1.694686263799667358e-01 1.956325918436050415e-01 2.040747255086898804e-01 0.000000000000000000e+00
1.598225682973861694e-01 1.974079012870788574e-01 2.079119086265563965e-01 1.332841515541076660e-01 1.453315466642379761e-01 0.000000000000000000e+00
1.284276247024536133e-01 1.247666105628013611e-01 1.346719413995742798e-01 1.466369330883026123e-01 1.550134420394897461e-01 0.000000000000000000e+00
2.126425802707672119e-01 3.338533639907836914e-01 3.684880435466766357e-01 4.332757294178009033e-01 3.845299482345581055e-01 0.000000000000000000e+00
2.556535899639129639e-01 3.292957842350006104e-01 3.472158908843994141e-01 3.601608276367187500e-01 3.887278437614440918e-01 0.000000000000000000e+00
2.596902251243591309e-01 3.010598123073577881e-01 3.238712251186370850e-01 3.562869429588317871e-01 3.837122321128845215e-01 0.000000000000000000e+00
3.218506574630737305e-01 3.171930611133575439e-01 3.622624576091766357e-01 3.625532686710357666e-01 3.536623120307922363e-01 0.000000000000000000e+00
3.051064610481262207e-01 3.230189085006713867e-01 3.757129907608032227e-01 4.033619463443756104e-01 4.138149917125701904e-01 0.000000000000000000e+00
2.840543389320373535e-01 3.328195810317993164e-01 3.893567323684692383e-01 3.773850500583648682e-01 3.832757174968719482e-01 0.000000000000000000e+00
2.600957155227661133e-01 3.469889461994171143e-01 3.523496389389038086e-01 3.598211109638214111e-01 3.321833610534667969e-01 0.000000000000000000e+00
1.872986555099487305e-01 2.227675914764404297e-01 2.258379161357879639e-01 2.391289323568344116e-01 2.472751289606094360e-01 0.000000000000000000e+00
1.510167866945266724e-01 1.098635271191596985e-01 1.840337067842483521e-01 2.258625477552413940e-01 2.548401653766632080e-01 0.000000000000000000e+00
-5.493240430951118469e-02 9.749990701675415039e-02 1.047378852963447571e-01 1.547745764255523682e-01 8.634928613901138306e-02 0.000000000000000000e+00
2.531891465187072754e-01 2.700304090976715088e-01 2.759500145912170410e-01 2.509482502937316895e-01 2.578109204769134521e-01 0.000000000000000000e+00
2.146364301443099976e-01 2.414827793836593628e-01 2.625305354595184326e-01 2.955687642097473145e-01 2.826152145862579346e-01 0.000000000000000000e+00
2.067245692014694214e-01 2.481343150138854980e-01 2.747803330421447754e-01 2.836399674415588379e-01 2.742928564548492432e-01 0.000000000000000000e+00
2.160812169313430786e-01 2.448460757732391357e-01 2.593204379081726074e-01 2.772707343101501465e-01 2.820903658866882324e-01 0.000000000000000000e+00
3.334735929965972900e-01 3.394747674465179443e-01 3.843482136726379395e-01 3.715050816535949707e-01 3.905527889728546143e-01 0.000000000000000000e+00
4.257314801216125488e-01 4.602685570716857910e-01 4.516357481479644775e-01 3.795248270034790039e-01 3.276998400688171387e-01 0.000000000000000000e+00
3.822845518589019775e-01 4.306859672069549561e-01 4.615437388420104980e-01 5.120670199394226074e-01 4.682454168796539307e-01 0.000000000000000000e+00
4.520837664604187012e-01 4.819473624229431152e-01 5.185099244117736816e-01 5.140689015388488770e-01 4.907634854316711426e-01 0.000000000000000000e+00
4.558735787868499756e-01 5.002989768981933594e-01 5.974354743957519531e-01 5.886678695678710938e-01 5.448950529098510742e-01 0.000000000000000000e+00
2.609541118144989014e-01 4.103859663009643555e-01 4.790052175521850586e-01 4.968356192111968994e-01 4.801067709922790527e-01 0.000000000000000000e+00
3.436970710754394531e-01 4.264895915985107422e-01 4.492655098438262939e-01 4.326814115047454834e-01 4.155907928943634033e-01 0.000000000000000000e+00
4.483236744999885559e-02 1.677511483430862427e-01 1.929827630519866943e-01 1.992500722408294678e-01 1.917597204446792603e-01 0.000000000000000000e+00
1.415500193834304810e-01 1.782775819301605225e-01 1.388014703989028931e-01 1.503826677799224854e-01 1.260271817445755005e-01 0.000000000000000000e+00
1.454800963401794434e-01 1.514422446489334106e-01 1.713083237409591675e-01 1.720793098211288452e-01 1.421170532703399658e-01 0.000000000000000000e+00
1.540709286928176880e-01 1.756729781627655029e-01 1.685076951980590820e-01 1.712223589420318604e-01 1.520212739706039429e-01 0.000000000000000000e+00
1.436409354209899902e-01 -4.329030215740203857e-02 2.212349176406860352e-01 1.605366319417953491e-01 2.014498710632324219e-01 0.000000000000000000e+00
1.185294836759567261e-01 1.421279907226562500e-01 1.134717836976051331e-01 9.446975588798522949e-02 -1.997870057821273804e-01 0.000000000000000000e+00
