1.857267975807189941e+00 1.498322606086730957e+00 1.028498530387878418e+00 1.067047595977783203e+00 0.000000000000000000e+00
-2.293516635894775391e+00 5.163814425468444824e-01 2.049310684204101562e+00 2.145193576812744141e+00 0.000000000000000000e+00
-2.672066092491149902e-01 -7.075828313827514648e-01 -4.408007264137268066e-01 -2.396672964096069336e-01 0.000000000000000000e+00
-5.134417057037353516e+00 5.748493075370788574e-01 1.895791530609130859e+00 -2.806955575942993164e+00 0.000000000000000000e+00
4.244267940521240234e-01 1.937530636787414551e+00 2.088300943374633789e+00 4.672725796699523926e-01 0.000000000000000000e+00
1.163862943649291992e+00 1.351276397705078125e+00 1.557191729545593262e+00 1.741780638694763184e+00 0.000000000000000000e+00
1.718241930007934570e+00 1.643154740333557129e+00 7.940967082977294922e-01 1.237937688827514648e+00 0.000000000000000000e+00
1.166248798370361328e+00 1.639916658401489258e+00 1.331250190734863281e+00 1.001302242279052734e+00 0.000000000000000000e+00
1.426719188690185547e+00 1.627898573875427246e+00 5.766922235488891602e-01 1.020800828933715820e+00 0.000000000000000000e+00
1.774125576019287109e+00 1.214822769165039062e+00 8.739057183265686035e-01 1.330090522766113281e+00 0.000000000000000000e+00
1.869810700416564941e+00 1.296723127365112305e+00 1.105907440185546875e+00 1.310181856155395508e+00 0.000000000000000000e+00
1.397123456001281738e+00 1.383017539978027344e+00 1.081210851669311523e+00 9.733008146286010742e-01 0.000000000000000000e+00
2.030847787857055664e+00 1.289182662963867188e+00 1.290567398071289062e+00 1.114953398704528809e+00 0.000000000000000000e+00
1.507964849472045898e+00 1.671634078025817871e+00 1.509738922119140625e+00 1.143698453903198242e+00 0.000000000000000000e+00
4.072864532470703125e+00 4.370428085327148438e+00 2.528832912445068359e+00 1.877516984939575195e+00 0.000000000000000000e+00
-1.027703046798706055e+00 -1.311354279518127441e+00 -6.236070394515991211e-01 -7.824330329895019531e-01 0.000000000000000000e+00
-6.824088096618652344e-01 -6.276991367340087891e-01 -4.139406085014343262e-01 -6.715096831321716309e-01 0.000000000000000000e+00
-7.571898698806762695e-01 -7.308346033096313477e-01 -6.399757862091064453e-01 -7.257587909698486328e-01 0.000000000000000000e+00
1.168271064758300781e+00 2.235972166061401367e+00 -1.666334986686706543e+00 -3.166385650634765625e+00 0.000000000000000000e+00
1.598966836929321289e+00 3.936147093772888184e-01 5.471611022949218750e-01 1.118200778961181641e+00 0.000000000000000000e+00
-7.039049863815307617e-01 7.317306995391845703e-01 9.254376411437988281e+00 1.952850222587585449e+00 0.000000000000000000e+00
8.235214948654174805e-01 2.232527017593383789e+00 1.810792565345764160e+00 1.800719141960144043e+00 0.000000000000000000e+00
-1.402153372764587402e-01 3.568765640258789062e+00 1.261471271514892578e+00 1.612552523612976074e+00 0.000000000000000000e+00
-4.151526987552642822e-01 -2.075013816356658936e-01 4.987521648406982422e+00 3.137053251266479492e+00 0.000000000000000000e+00
-8.775817155838012695e-01 -5.221655368804931641e-01 -4.279500246047973633e-01 -3.994404077529907227e-01 0.000000000000000000e+00
-2.935046434402465820e+00 -1.391757965087890625e+00 -1.096380233764648438e+00 -4.436226487159729004e-01 0.000000000000000000e+00
-6.103072762489318848e-01 3.697385549545288086e+00 -1.071298718452453613e-01 7.460104227066040039e-01 0.000000000000000000e+00
2.007924079895019531e+00 1.293027639389038086e+00 7.805670499801635742e-01 1.281436443328857422e+00 0.000000000000000000e+00
-5.571472048759460449e-01 3.467113494873046875e+00 7.834366798400878906e+00 4.325031280517578125e+00 0.000000000000000000e+00
-9.957371950149536133e-01 -8.500260114669799805e-01 -6.775720119476318359e-01 -7.111294269561767578e-01 0.000000000000000000e+00
1.564486980438232422e+00 -1.049953818321228027e+00 -4.683154106140136719e+00 -2.262437343597412109e+00 0.000000000000000000e+00
-4.066866636276245117e-01 3.929358720779418945e-01 9.797114372253417969e+00 2.713371276855468750e+00 0.000000000000000000e+00
-1.118053555488586426e+00 -8.202209472656250000e-01 -7.141315937042236328e-01 -6.781492233276367188e-01 0.000000000000000000e+00
-4.474148750305175781e-01 -1.515582561492919922e+00 -5.706918239593505859e-01 3.170633316040039062e-02 0.000000000000000000e+00
-1.316457509994506836e+00 -1.405112743377685547e+00 -6.503390669822692871e-01 -4.530968666076660156e-01 0.000000000000000000e+00
2.771803855895996094e+00 2.012502193450927734e+00 8.697907924652099609e-01 6.801879405975341797e-01 0.000000000000000000e+00
1.445452451705932617e+00 1.755912780761718750e+00 9.980645179748535156e-01 7.348739504814147949e-01 0.000000000000000000e+00
3.345397710800170898e+00 5.016925334930419922e-01 1.650799989700317383e+00 1.533625841140747070e+00 0.000000000000000000e+00
1.028808355331420898e+00 1.403632640838623047e+00 9.069012403488159180e-01 1.211398601531982422e+00 0.000000000000000000e+00
1.736569046974182129e+00 1.285849809646606445e+00 1.036581039428710938e+00 1.017901539802551270e+00 0.000000000000000000e+00
1.834121704101562500e+00 1.385093688964843750e+00 1.118351340293884277e+00 1.030979871749877930e+00 0.000000000000000000e+00
2.995411872863769531e+00 1.694386243820190430e+00 2.012495517730712891e+00 1.212773203849792480e+00 0.000000000000000000e+00
-1.016334295272827148e+00 -1.015695691108703613e+00 -8.807261586189270020e-01 -9.113559722900390625e-01 1.000000000000000000e+00
4.982855796813964844e+00 2.405854701995849609e+00 1.474198222160339355e+00 -2.420239448547363281e-01 2.000000000000000000e+00
-1.016334295272827148e+00 -1.015695691108703613e+00 -8.807261586189270020e-01 -9.113559722900390625e-01 1.000000000000000000e+00
4.982855796813964844e+00 2.405854701995849609e+00 1.474198222160339355e+00 -2.420239448547363281e-01 2.000000000000000000e+00
-1.016334295272827148e+00 -1.015695691108703613e+00 -8.807261586189270020e-01 -9.113559722900390625e-01 1.000000000000000000e+00
4.982855796813964844e+00 2.405854701995849609e+00 1.474198222160339355e+00 -2.420239448547363281e-01 2.000000000000000000e+00
-1.016334295272827148e+00 -1.015695691108703613e+00 -8.807261586189270020e-01 -9.113559722900390625e-01 1.000000000000000000e+00
4.982855796813964844e+00 2.405854701995849609e+00 1.474198222160339355e+00 -2.420239448547363281e-01 2.000000000000000000e+00
-1.016334295272827148e+00 -1.015695691108703613e+00 -8.807261586189270020e-01 -9.113559722900390625e-01 1.000000000000000000e+00
4.982855796813964844e+00 2.405854701995849609e+00 1.474198222160339355e+00 -2.420239448547363281e-01 2.000000000000000000e+00
-1.016334295272827148e+00 -1.015695691108703613e+00 -8.807261586189270020e-01 -9.113559722900390625e-01 1.000000000000000000e+00
4.982855796813964844e+00 2.405854701995849609e+00 1.474198222160339355e+00 -2.420239448547363281e-01 2.000000000000000000e+00
-1.016334295272827148e+00 -1.015695691108703613e+00 -8.807261586189270020e-01 -9.113559722900390625e-01 1.000000000000000000e+00
4.982855796813964844e+00 2.405854701995849609e+00 1.474198222160339355e+00 -2.420239448547363281e-01 2.000000000000000000e+00
-1.016334295272827148e+00 -1.015695691108703613e+00 -8.807261586189270020e-01 -9.113559722900390625e-01 1.000000000000000000e+00
4.982855796813964844e+00 2.405854701995849609e+00 1.474198222160339355e+00 -2.420239448547363281e-01 2.000000000000000000e+00
-1.016334295272827148e+00 -1.015695691108703613e+00 -8.807261586189270020e-01 -9.113559722900390625e-01 1.000000000000000000e+00
4.982855796813964844e+00 2.405854701995849609e+00 1.474198222160339355e+00 -2.420239448547363281e-01 2.000000000000000000e+00
-1.016334295272827148e+00 -1.015695691108703613e+00 -8.807261586189270020e-01 -9.113559722900390625e-01 1.000000000000000000e+00
4.982855796813964844e+00 2.405854701995849609e+00 1.474198222160339355e+00 -2.420239448547363281e-01 2.000000000000000000e+00
1.502164125442504883e+00 1.651225328445434570e+00 1.069274306297302246e+00 9.948561191558837891e-01 0.000000000000000000e+00
4.928973674774169922e+00 1.994333505630493164e+00 1.226870298385620117e+00 1.153711318969726562e+00 0.000000000000000000e+00
3.232667922973632812e+00 1.021544218063354492e+00 9.082190394401550293e-01 8.803455829620361328e-01 0.000000000000000000e+00
3.882100105285644531e+00 1.208807945251464844e+00 1.362957239151000977e+00 1.088549375534057617e+00 0.000000000000000000e+00
1.857745885848999023e+00 4.047530174255371094e+00 2.112512111663818359e+00 2.588316679000854492e+00 0.000000000000000000e+00
1.358659148216247559e+00 1.142572641372680664e+00 9.927203059196472168e-01 1.145696163177490234e+00 0.000000000000000000e+00
2.652921676635742188e+00 1.273449182510375977e+00 1.329200029373168945e+00 1.061044096946716309e+00 0.000000000000000000e+00
-1.269665837287902832e+00 -7.923945188522338867e-01 -7.466213703155517578e-01 -4.842889308929443359e-01 0.000000000000000000e+00
-5.020335912704467773e-01 1.407462835311889648e+00 2.596079826354980469e+00 1.216430187225341797e+00 0.000000000000000000e+00
2.261095285415649414e+00 1.478630304336547852e+00 1.702316999435424805e-01 -3.958399295806884766e+00 0.000000000000000000e+00
1.592892885208129883e+00 8.438617587089538574e-01 5.323194265365600586e-01 8.686075806617736816e-01 0.000000000000000000e+00
1.406832695007324219e+00 9.109624624252319336e-01 4.922458231449127197e-01 3.607445657253265381e-01 0.000000000000000000e+00
1.531003117561340332e+00 8.233414888381958008e-01 7.054821252822875977e-01 5.722417831420898438e-01 0.000000000000000000e+00
1.406393885612487793e+00 7.190736532211303711e-01 7.045445442199707031e-01 6.870539784431457520e-01 0.000000000000000000e+00
3.417942285537719727e+00 2.080038309097290039e+00 1.504745483398437500e+00 2.932829380035400391e+00 0.000000000000000000e+00
2.926881790161132812e+00 2.976373910903930664e+00 -2.240052223205566406e+00 1.180482029914855957e+00 0.000000000000000000e+00
1.559677720069885254e+00 1.365210056304931641e+00 1.136966109275817871e+00 8.120081424713134766e-01 0.000000000000000000e+00
2.000874042510986328e+00 1.077193260192871094e+00 1.103642582893371582e+00 1.003039360046386719e+00 0.000000000000000000e+00
1.829925537109375000e+00 1.489505767822265625e+00 1.085768699645996094e+00 9.908912777900695801e-01 0.000000000000000000e+00
-1.396752595901489258e+00 -9.676841497421264648e-01 -5.538932085037231445e-01 -6.162705421447753906e-01 1.000000000000000000e+00
-3.249380350112915039e+00 -5.332782268524169922e-01 -5.206766128540039062e-01 -8.415697813034057617e-01 2.000000000000000000e+00
-1.396752595901489258e+00 -9.676841497421264648e-01 -5.538932085037231445e-01 -6.162705421447753906e-01 1.000000000000000000e+00
-3.249380350112915039e+00 -5.332782268524169922e-01 -5.206766128540039062e-01 -8.415697813034057617e-01 2.000000000000000000e+00
-1.396752595901489258e+00 -9.676841497421264648e-01 -5.538932085037231445e-01 -6.162705421447753906e-01 1.000000000000000000e+00
-3.249380350112915039e+00 -5.332782268524169922e-01 -5.206766128540039062e-01 -8.415697813034057617e-01 2.000000000000000000e+00
-1.396752595901489258e+00 -9.676841497421264648e-01 -5.538932085037231445e-01 -6.162705421447753906e-01 1.000000000000000000e+00
-3.249380350112915039e+00 -5.332782268524169922e-01 -5.206766128540039062e-01 -8.415697813034057617e-01 2.000000000000000000e+00
-1.396752595901489258e+00 -9.676841497421264648e-01 -5.538932085037231445e-01 -6.162705421447753906e-01 1.000000000000000000e+00
-3.249380350112915039e+00 -5.332782268524169922e-01 -5.206766128540039062e-01 -8.415697813034057617e-01 2.000000000000000000e+00
-1.396752595901489258e+00 -9.676841497421264648e-01 -5.538932085037231445e-01 -6.162705421447753906e-01 1.000000000000000000e+00
-3.249380350112915039e+00 -5.332782268524169922e-01 -5.206766128540039062e-01 -8.415697813034057617e-01 2.000000000000000000e+00
-1.396752595901489258e+00 -9.676841497421264648e-01 -5.538932085037231445e-01 -6.162705421447753906e-01 1.000000000000000000e+00
-3.249380350112915039e+00 -5.332782268524169922e-01 -5.206766128540039062e-01 -8.415697813034057617e-01 2.000000000000000000e+00
-1.396752595901489258e+00 -9.676841497421264648e-01 -5.538932085037231445e-01 -6.162705421447753906e-01 1.000000000000000000e+00
-3.249380350112915039e+00 -5.332782268524169922e-01 -5.206766128540039062e-01 -8.415697813034057617e-01 2.000000000000000000e+00
-1.396752595901489258e+00 -9.676841497421264648e-01 -5.538932085037231445e-01 -6.162705421447753906e-01 1.000000000000000000e+00
-3.249380350112915039e+00 -5.332782268524169922e-01 -5.206766128540039062e-01 -8.415697813034057617e-01 2.000000000000000000e+00
-1.396752595901489258e+00 -9.676841497421264648e-01 -5.538932085037231445e-01 -6.162705421447753906e-01 1.000000000000000000e+00
-3.249380350112915039e+00 -5.332782268524169922e-01 -5.206766128540039062e-01 -8.415697813034057617e-01 2.000000000000000000e+00
9.646000862121582031e+00 1.613780736923217773e+00 1.484017133712768555e+00 1.219878792762756348e+00 0.000000000000000000e+00
-6.048333644866943359e-01 -8.913594484329223633e-01 -9.805607795715332031e-02 1.983076453208923340e+00 0.000000000000000000e+00
-3.786967277526855469e+00 -3.031888008117675781e+00 -1.003256320953369141e+00 -1.042620182037353516e+00 0.000000000000000000e+00
1.260396242141723633e+00 1.170560359954833984e+00 1.000033617019653320e+00 9.981060028076171875e-01 0.000000000000000000e+00
1.476078033447265625e+00 1.117377996444702148e+00 1.031418919563293457e+00 1.008799672126770020e+00 0.000000000000000000e+00
1.741400480270385742e+00 1.124811410903930664e+00 8.633233308792114258e-01 5.012989044189453125e-03 1.000000000000000000e+00
5.442268371582031250e+00 3.813117027282714844e+00 2.306355953216552734e+00 1.100118160247802734e+00 2.000000000000000000e+00
1.741400480270385742e+00 1.124811410903930664e+00 8.633233308792114258e-01 5.012989044189453125e-03 1.000000000000000000e+00
5.442268371582031250e+00 3.813117027282714844e+00 2.306355953216552734e+00 1.100118160247802734e+00 2.000000000000000000e+00
1.741400480270385742e+00 1.124811410903930664e+00 8.633233308792114258e-01 5.012989044189453125e-03 1.000000000000000000e+00
5.442268371582031250e+00 3.813117027282714844e+00 2.306355953216552734e+00 1.100118160247802734e+00 2.000000000000000000e+00
1.741400480270385742e+00 1.124811410903930664e+00 8.633233308792114258e-01 5.012989044189453125e-03 1.000000000000000000e+00
5.442268371582031250e+00 3.813117027282714844e+00 2.306355953216552734e+00 1.100118160247802734e+00 2.000000000000000000e+00
1.741400480270385742e+00 1.124811410903930664e+00 8.633233308792114258e-01 5.012989044189453125e-03 1.000000000000000000e+00
5.442268371582031250e+00 3.813117027282714844e+00 2.306355953216552734e+00 1.100118160247802734e+00 2.000000000000000000e+00
1.741400480270385742e+00 1.124811410903930664e+00 8.633233308792114258e-01 5.012989044189453125e-03 1.000000000000000000e+00
5.442268371582031250e+00 3.813117027282714844e+00 2.306355953216552734e+00 1.100118160247802734e+00 2.000000000000000000e+00
1.741400480270385742e+00 1.124811410903930664e+00 8.633233308792114258e-01 5.012989044189453125e-03 1.000000000000000000e+00
5.442268371582031250e+00 3.813117027282714844e+00 2.306355953216552734e+00 1.100118160247802734e+00 2.000000000000000000e+00
1.741400480270385742e+00 1.124811410903930664e+00 8.633233308792114258e-01 5.012989044189453125e-03 1.000000000000000000e+00
5.442268371582031250e+00 3.813117027282714844e+00 2.306355953216552734e+00 1.100118160247802734e+00 2.000000000000000000e+00
1.741400480270385742e+00 1.124811410903930664e+00 8.633233308792114258e-01 5.012989044189453125e-03 1.000000000000000000e+00
5.442268371582031250e+00 3.813117027282714844e+00 2.306355953216552734e+00 1.100118160247802734e+00 2.000000000000000000e+00
1.741400480270385742e+00 1.124811410903930664e+00 8.633233308792114258e-01 5.012989044189453125e-03 1.000000000000000000e+00
5.442268371582031250e+00 3.813117027282714844e+00 2.306355953216552734e+00 1.100118160247802734e+00 2.000000000000000000e+00
-5.263547897338867188e-01 -5.938518643379211426e-01 -3.095021545886993408e-01 -1.779520511627197266e-01 0.000000000000000000e+00
-1.741617441177368164e+00 -8.161182403564453125e-01 -4.865294694900512695e-01 -2.302255630493164062e-01 0.000000000000000000e+00
1.278226494789123535e+00 1.745703697204589844e+00 1.406547784805297852e+00 -2.401931762695312500e+00 0.000000000000000000e+00
3.447794437408447266e+00 1.564619183540344238e+00 1.256713151931762695e+00 2.001571893692016602e+00 0.000000000000000000e+00
1.299014568328857422e+00 3.428272247314453125e+00 1.408091545104980469e+00 1.119997620582580566e+00 0.000000000000000000e+00
8.766517639160156250e-01 9.870329499244689941e-01 2.199885368347167969e+00 1.360911369323730469e+00 0.000000000000000000e+00
1.610590934753417969e+00 1.109194517135620117e+00 1.602203369140625000e+00 1.251930713653564453e+00 0.000000000000000000e+00
5.730268478393554688e+00 4.818046569824218750e+00 2.364139318466186523e+00 1.632438182830810547e+00 0.000000000000000000e+00
-6.135993599891662598e-01 -4.896142482757568359e-01 -5.238952636718750000e-01 -3.099422454833984375e-01 0.000000000000000000e+00
-5.741257667541503906e-01 -1.242201328277587891e-01 -3.445454835891723633e-01 -3.823384046554565430e-01 0.000000000000000000e+00
-6.984978914260864258e-01 -6.643853187561035156e-01 -7.255048751831054688e-01 -7.749788761138916016e-01 0.000000000000000000e+00
-7.319020032882690430e-01 -8.888168334960937500e-01 -7.065088748931884766e-01 -6.442102193832397461e-01 0.000000000000000000e+00
-5.171767473220825195e-01 -4.927350282669067383e-01 -3.968874216079711914e-01 -5.739215612411499023e-01 0.000000000000000000e+00
-5.420624613761901855e-01 -4.439663887023925781e-01 3.182217478752136230e-01 -1.023181200027465820e+00 0.000000000000000000e+00
1.945099234580993652e+00 1.343885183334350586e+00 1.025443911552429199e+00 1.033982515335083008e+00 0.000000000000000000e+00
2.283339500427246094e+00 1.579850196838378906e+00 1.234322190284729004e+00 1.132158994674682617e+00 0.000000000000000000e+00
2.071568012237548828e+00 1.617001652717590332e+00 9.931676387786865234e-01 1.004783749580383301e+00 0.000000000000000000e+00
1.952415227890014648e+00 1.188346385955810547e+00 1.078929781913757324e+00 1.111212015151977539e+00 0.000000000000000000e+00
1.965529918670654297e+00 1.329015254974365234e+00 1.146754860877990723e+00 9.952647089958190918e-01 0.000000000000000000e+00
2.046671867370605469e+00 1.186459302902221680e+00 1.196080923080444336e+00 1.051021575927734375e+00 0.000000000000000000e+00
1.816177129745483398e+00 1.189862966537475586e+00 1.174299478530883789e+00 1.092530846595764160e+00 0.000000000000000000e+00
-6.177490353584289551e-01 -7.994756102561950684e-01 4.727797508239746094e-01 -9.902317523956298828e-01 0.000000000000000000e+00
-1.061597824096679688e+00 -4.838899374008178711e-01 -8.493818044662475586e-01 -2.747878730297088623e-01 0.000000000000000000e+00
-1.242250442504882812e+00 -7.511020898818969727e-01 -5.388084053993225098e-01 -2.541544437408447266e-01 0.000000000000000000e+00
-9.314432144165039062e-01 -8.058470487594604492e-01 -7.213999629020690918e-01 -5.861335396766662598e-01 0.000000000000000000e+00
-1.018134117126464844e+00 -6.168835163116455078e-01 -8.021398186683654785e-01 -1.139777660369873047e+00 0.000000000000000000e+00
8.121892213821411133e-01 -1.095957875251770020e+00 4.217932701110839844e+00 -1.123149394989013672e-01 0.000000000000000000e+00
-1.107269048690795898e+00 -7.662999033927917480e-01 5.894117355346679688e-01 -7.141413688659667969e-01 1.000000000000000000e+00
-1.805594682693481445e+00 -9.787549972534179688e-01 -9.079141616821289062e-01 -9.253412485122680664e-01 2.000000000000000000e+00
-1.107269048690795898e+00 -7.662999033927917480e-01 5.894117355346679688e-01 -7.141413688659667969e-01 1.000000000000000000e+00
-1.805594682693481445e+00 -9.787549972534179688e-01 -9.079141616821289062e-01 -9.253412485122680664e-01 2.000000000000000000e+00
-1.107269048690795898e+00 -7.662999033927917480e-01 5.894117355346679688e-01 -7.141413688659667969e-01 1.000000000000000000e+00
-1.805594682693481445e+00 -9.787549972534179688e-01 -9.079141616821289062e-01 -9.253412485122680664e-01 2.000000000000000000e+00
-1.107269048690795898e+00 -7.662999033927917480e-01 5.894117355346679688e-01 -7.141413688659667969e-01 1.000000000000000000e+00
-1.805594682693481445e+00 -9.787549972534179688e-01 -9.079141616821289062e-01 -9.253412485122680664e-01 2.000000000000000000e+00
-1.107269048690795898e+00 -7.662999033927917480e-01 5.894117355346679688e-01 -7.141413688659667969e-01 1.000000000000000000e+00
-1.805594682693481445e+00 -9.787549972534179688e-01 -9.079141616821289062e-01 -9.253412485122680664e-01 2.000000000000000000e+00
-1.107269048690795898e+00 -7.662999033927917480e-01 5.894117355346679688e-01 -7.141413688659667969e-01 1.000000000000000000e+00
-1.805594682693481445e+00 -9.787549972534179688e-01 -9.079141616821289062e-01 -9.253412485122680664e-01 2.000000000000000000e+00
-1.107269048690795898e+00 -7.662999033927917480e-01 5.894117355346679688e-01 -7.141413688659667969e-01 1.000000000000000000e+00
-1.805594682693481445e+00 -9.787549972534179688e-01 -9.079141616821289062e-01 -9.253412485122680664e-01 2.000000000000000000e+00
-1.107269048690795898e+00 -7.662999033927917480e-01 5.894117355346679688e-01 -7.141413688659667969e-01 1.000000000000000000e+00
-1.805594682693481445e+00 -9.787549972534179688e-01 -9.079141616821289062e-01 -9.253412485122680664e-01 2.000000000000000000e+00
-1.107269048690795898e+00 -7.662999033927917480e-01 5.894117355346679688e-01 -7.141413688659667969e-01 1.000000000000000000e+00
-1.805594682693481445e+00 -9.787549972534179688e-01 -9.079141616821289062e-01 -9.253412485122680664e-01 2.000000000000000000e+00
-1.107269048690795898e+00 -7.662999033927917480e-01 5.894117355346679688e-01 -7.141413688659667969e-01 1.000000000000000000e+00
-1.805594682693481445e+00 -9.787549972534179688e-01 -9.079141616821289062e-01 -9.253412485122680664e-01 2.000000000000000000e+00
1.193456172943115234e+00 1.021313786506652832e+00 1.005609273910522461e+00 1.001525640487670898e+00 0.000000000000000000e+00
1.192494869232177734e+00 1.052853584289550781e+00 1.003927946090698242e+00 1.001800298690795898e+00 0.000000000000000000e+00
1.127505779266357422e+00 1.014127254486083984e+00 1.001168012619018555e+00 1.000524163246154785e+00 0.000000000000000000e+00
1.265249729156494141e+00 1.016870737075805664e+00 1.001145601272583008e+00 1.000380992889404297e+00 0.000000000000000000e+00
1.161695718765258789e+00 1.018048882484436035e+00 1.002309083938598633e+00 1.000425219535827637e+00 0.000000000000000000e+00
1.243455410003662109e+00 1.020643234252929688e+00 1.005781412124633789e+00 1.001182317733764648e+00 0.000000000000000000e+00
1.305680990219116211e+00 1.042824029922485352e+00 1.004909515380859375e+00 1.001597523689270020e+00 0.000000000000000000e+00
1.688134312629699707e+00 1.138025403022766113e+00 1.051609754562377930e+00 1.017482995986938477e+00 0.000000000000000000e+00
1.444434881210327148e+00 1.095447540283203125e+00 1.017213821411132812e+00 1.009554386138916016e+00 0.000000000000000000e+00
1.366652250289916992e+00 1.091082572937011719e+00 1.031209468841552734e+00 1.024894475936889648e+00 0.000000000000000000e+00
1.421552419662475586e+00 1.076625227928161621e+00 1.018576502799987793e+00 1.007946729660034180e+00 0.000000000000000000e+00
1.306973934173583984e+00 1.079062461853027344e+00 1.015693902969360352e+00 1.006462812423706055e+00 0.000000000000000000e+00
1.587558984756469727e+00 1.375584125518798828e+00 1.276942610740661621e+00 1.112775325775146484e+00 0.000000000000000000e+00
4.651812076568603516e+00 1.761359453201293945e+00 1.984804391860961914e+00 1.727556467056274414e+00 0.000000000000000000e+00
1.980828523635864258e+00 1.152126789093017578e+00 1.080685496330261230e+00 1.047990202903747559e+00 0.000000000000000000e+00
2.510117769241333008e+00 1.418321728706359863e+00 1.170796632766723633e+00 1.077120900154113770e+00 0.000000000000000000e+00
3.323225975036621094e+00 3.013868808746337891e+00 1.366383433341979980e+00 1.662411451339721680e+00 0.000000000000000000e+00
2.299557447433471680e+00 1.352585077285766602e+00 9.819127917289733887e-01 8.111653923988342285e-01 0.000000000000000000e+00
4.736540794372558594e+00 1.796719312667846680e+00 1.054995179176330566e+00 1.387485742568969727e+00 0.000000000000000000e+00
2.156044960021972656e+00 2.215604543685913086e+00 1.031196355819702148e+00 1.199124336242675781e+00 0.000000000000000000e+00
2.557664871215820312e+00 1.739001393318176270e+00 1.370763778686523438e+00 1.562587738037109375e+00 0.000000000000000000e+00
4.730461120605468750e+00 1.416715860366821289e+00 1.227763891220092773e+00 1.046741247177124023e+00 0.000000000000000000e+00
-5.012773275375366211e-01 9.824947118759155273e-01 -7.488586306571960449e-01 8.463420271873474121e-01 0.000000000000000000e+00
-9.353349208831787109e-01 8.381653428077697754e-01 4.400804519653320312e+00 7.056329727172851562e+00 0.000000000000000000e+00
-1.132999420166015625e+00 -9.580247998237609863e-01 -6.661039590835571289e-01 -7.059577107429504395e-01 0.000000000000000000e+00
-1.230172753334045410e+00 -8.221101760864257812e-01 -2.197384834289550781e-02 -6.039997339248657227e-01 0.000000000000000000e+00
-8.014779090881347656e-01 -8.015527725219726562e-01 -5.556219220161437988e-01 -8.386387825012207031e-01 0.000000000000000000e+00
-1.648261189460754395e+00 -1.029348134994506836e+00 -8.782324790954589844e-01 -7.904205918312072754e-01 0.000000000000000000e+00
1.641086101531982422e+00 9.299228191375732422e-01 1.115894079208374023e+00 9.996222257614135742e-01 0.000000000000000000e+00
1.241509199142456055e+00 1.045046806335449219e+00 1.008626222610473633e+00 1.003311157226562500e+00 0.000000000000000000e+00
1.364508509635925293e+00 1.030725121498107910e+00 1.006819248199462891e+00 1.001150727272033691e+00 0.000000000000000000e+00
1.269910097122192383e+00 1.135187745094299316e+00 1.116295576095581055e+00 1.022238016128540039e+00 0.000000000000000000e+00
1.628162503242492676e+00 1.629496455192565918e+00 1.377144336700439453e+00 1.066202521324157715e+00 0.000000000000000000e+00
1.921387076377868652e+00 1.505850195884704590e+00 1.111445426940917969e+00 1.003149747848510742e+00 0.000000000000000000e+00
1.900653958320617676e+00 1.135359644889831543e+00 1.158209562301635742e+00 9.531248807907104492e-01 0.000000000000000000e+00
1.490485191345214844e+00 1.255864381790161133e+00 1.062063455581665039e+00 1.026731252670288086e+00 0.000000000000000000e+00
1.562541842460632324e+00 1.167721509933471680e+00 1.061121463775634766e+00 1.026692867279052734e+00 0.000000000000000000e+00
1.525150299072265625e+00 1.189377784729003906e+00 1.062944293022155762e+00 1.019459962844848633e+00 0.000000000000000000e+00
1.486011385917663574e+00 1.161559820175170898e+00 1.041251182556152344e+00 1.045511960983276367e+00 0.000000000000000000e+00
1.509278774261474609e+00 1.247610092163085938e+00 1.075799226760864258e+00 1.020245790481567383e+00 0.000000000000000000e+00
1.482805848121643066e+00 1.104300498962402344e+00 1.029884338378906250e+00 1.016644716262817383e+00 0.000000000000000000e+00
1.444027900695800781e+00 1.361355543136596680e+00 1.133273959159851074e+00 1.006173372268676758e+00 0.000000000000000000e+00
1.207555174827575684e+00 1.077676296234130859e+00 1.007843613624572754e+00 1.002370595932006836e+00 0.000000000000000000e+00
1.503688693046569824e+00 1.097500562667846680e+00 1.034579038619995117e+00 1.005536437034606934e+00 0.000000000000000000e+00
1.507570385932922363e+00 1.758458018302917480e+00 1.213939666748046875e+00 1.076263427734375000e+00 0.000000000000000000e+00
1.595805883407592773e+00 1.630759119987487793e+00 1.379101037979125977e+00 1.090661048889160156e+00 0.000000000000000000e+00
3.290328502655029297e+00 1.373257875442504883e+00 1.333289027214050293e+00 1.085740566253662109e+00 0.000000000000000000e+00
4.247462272644042969e+00 2.295059204101562500e+00 2.106442451477050781e+00 1.998909950256347656e+00 0.000000000000000000e+00
-8.929677605628967285e-01 -1.193330287933349609e-01 -4.274549484252929688e-01 1.998247146606445312e+00 0.000000000000000000e+00
1.294414997100830078e+00 1.039091587066650391e+00 1.009589195251464844e+00 1.000939488410949707e+00 0.000000000000000000e+00
1.348121643066406250e+00 1.022680282592773438e+00 1.009448051452636719e+00 1.004659414291381836e+00 0.000000000000000000e+00
1.424502849578857422e+00 1.035195231437683105e+00 1.013084173202514648e+00 1.002232789993286133e+00 0.000000000000000000e+00
2.897647857666015625e+00 1.343815088272094727e+00 1.088619470596313477e+00 1.130769968032836914e+00 0.000000000000000000e+00
-1.577562451362609863e+00 8.916346549987792969e+00 2.998623132705688477e+00 1.251639008522033691e+00 0.000000000000000000e+00
1.701200008392333984e+00 9.383035302162170410e-01 7.216030359268188477e-01 1.112303256988525391e+00 0.000000000000000000e+00
3.558946609497070312e+00 2.105460643768310547e+00 1.451543092727661133e+00 1.055578708648681641e+00 0.000000000000000000e+00
1.282195806503295898e+00 1.027713537216186523e+00 1.003476858139038086e+00 1.000539541244506836e+00 0.000000000000000000e+00
1.455898046493530273e+00 1.035279035568237305e+00 1.003688454627990723e+00 1.001551151275634766e+00 0.000000000000000000e+00
1.110574483871459961e+00 1.007848024368286133e+00 1.000879764556884766e+00 1.000192999839782715e+00 0.000000000000000000e+00
1.146744728088378906e+00 1.017239332199096680e+00 1.002990126609802246e+00 1.000299215316772461e+00 0.000000000000000000e+00
1.185601711273193359e+00 1.014250278472900391e+00 1.002200365066528320e+00 1.000578880310058594e+00 0.000000000000000000e+00
1.160554766654968262e+00 1.015696525573730469e+00 1.003252029418945312e+00 1.001009941101074219e+00 0.000000000000000000e+00
1.209715723991394043e+00 1.079798221588134766e+00 1.008677959442138672e+00 1.003454566001892090e+00 0.000000000000000000e+00
1.011888384819030762e+00 6.560001373291015625e-01 6.976431608200073242e-01 6.810327172279357910e-01 0.000000000000000000e+00
1.211113214492797852e+00 1.188588142395019531e+00 8.268091678619384766e-01 7.261047363281250000e-01 0.000000000000000000e+00
1.147730350494384766e+00 9.502482414245605469e-01 9.376689195632934570e-01 7.561352849006652832e-01 0.000000000000000000e+00
1.918308854103088379e+00 1.042752385139465332e+00 1.093322038650512695e+00 8.425670862197875977e-01 0.000000000000000000e+00
1.791654348373413086e+00 7.417486906051635742e-01 1.371305465698242188e+00 1.176112890243530273e+00 0.000000000000000000e+00
1.982068538665771484e+00 1.212957143783569336e+00 1.031603574752807617e+00 9.008041620254516602e-01 0.000000000000000000e+00
1.198693633079528809e+00 6.881896257400512695e-01 3.342620134353637695e-01 6.569215059280395508e-01 0.000000000000000000e+00
2.159339666366577148e+00 1.669951081275939941e+00 1.180102586746215820e+00 1.073166251182556152e+00 0.000000000000000000e+00
3.190120458602905273e+00 1.526292681694030762e+00 1.253734350204467773e+00 2.448122501373291016e+00 0.000000000000000000e+00
1.607841253280639648e+00 5.094523429870605469e+00 2.748511791229248047e+00 3.439027070999145508e-01 0.000000000000000000e+00
3.051144599914550781e+00 6.276998043060302734e+00 2.597341775894165039e+00 4.527326822280883789e-01 0.000000000000000000e+00
4.817241430282592773e-01 -5.354548692703247070e-01 -7.080817222595214844e-02 1.490254878997802734e+00 0.000000000000000000e+00
-7.080013155937194824e-01 -9.027109146118164062e-01 -7.119868993759155273e-01 -7.930965423583984375e-01 0.000000000000000000e+00
-8.013665676116943359e-01 -1.187511682510375977e-01 -8.039314746856689453e-01 -5.914102792739868164e-01 0.000000000000000000e+00
2.777066469192504883e+00 1.381292700767517090e+00 1.125785589218139648e+00 1.063217401504516602e+00 0.000000000000000000e+00
-8.050392866134643555e-01 1.103299617767333984e+00 8.813611984252929688e+00 2.086504220962524414e+00 0.000000000000000000e+00
1.376964092254638672e+00 -3.324420213699340820e+00 -5.200711727142333984e+00 -1.043164372444152832e+00 0.000000000000000000e+00
-7.055425047874450684e-01 -2.203804254531860352e-01 2.399464249610900879e-01 2.824677944183349609e+00 0.000000000000000000e+00
3.241863965988159180e+00 5.282992362976074219e+00 3.284862995147705078e+00 1.278617024421691895e+00 0.000000000000000000e+00
2.902539253234863281e+00 -1.055083990097045898e+00 -7.035225868225097656e+00 1.227910757064819336e+00 0.000000000000000000e+00
4.174060344696044922e+00 1.618849396705627441e+00 9.813503623008728027e-01 5.994988679885864258e-01 0.000000000000000000e+00
2.009819984436035156e+00 1.596652507781982422e+00 1.172379612922668457e+00 1.172723531723022461e+00 0.000000000000000000e+00
1.529560327529907227e+00 1.845277905464172363e+00 3.232285261154174805e+00 1.462569236755371094e+00 0.000000000000000000e+00
9.241045713424682617e-01 1.712638378143310547e+00 -6.982167959213256836e-01 3.832920193672180176e-01 0.000000000000000000e+00
1.964637279510498047e+00 3.451929569244384766e+00 1.310419321060180664e+00 1.212243795394897461e+00 0.000000000000000000e+00
-6.842930316925048828e-01 5.042845249176025391e+00 4.402194023132324219e+00 1.584258317947387695e+00 0.000000000000000000e+00
-1.607289075851440430e+00 4.040792942047119141e+00 1.669665098190307617e+00 2.259194850921630859e-01 0.000000000000000000e+00
1.674769282341003418e+00 6.512436866760253906e+00 3.330858945846557617e+00 2.415069103240966797e+00 0.000000000000000000e+00
1.375982522964477539e+00 1.025688648223876953e+00 1.005162596702575684e+00 1.000360727310180664e+00 0.000000000000000000e+00
1.396747827529907227e+00 1.069146037101745605e+00 1.009680509567260742e+00 1.000718951225280762e+00 0.000000000000000000e+00
1.310055255889892578e+00 1.036691904067993164e+00 1.002783060073852539e+00 1.000662088394165039e+00 0.000000000000000000e+00
1.478752851486206055e+00 1.118815302848815918e+00 1.074561238288879395e+00 1.065833091735839844e+00 0.000000000000000000e+00
2.126876831054687500e+00 1.583675742149353027e+00 1.125252008438110352e+00 1.023805141448974609e+00 0.000000000000000000e+00
2.258774518966674805e+00 3.447730302810668945e+00 2.685141086578369141e+00 1.891180992126464844e+00 0.000000000000000000e+00
5.517181396484375000e+00 3.675835609436035156e+00 2.030111551284790039e-01 2.357338428497314453e+00 0.000000000000000000e+00
1.324337840080261230e+00 1.061717629432678223e+00 1.016375541687011719e+00 1.006327390670776367e+00 0.000000000000000000e+00
1.313157677650451660e+00 1.059315204620361328e+00 1.016028404235839844e+00 1.005225539207458496e+00 0.000000000000000000e+00
1.337736010551452637e+00 1.069351673126220703e+00 1.017812967300415039e+00 1.006703257560729980e+00 0.000000000000000000e+00
1.296689510345458984e+00 1.062544584274291992e+00 1.016120433807373047e+00 1.005531311035156250e+00 0.000000000000000000e+00
1.291062593460083008e+00 1.055907011032104492e+00 1.013497591018676758e+00 1.004607796669006348e+00 0.000000000000000000e+00
1.314879417419433594e+00 1.060442924499511719e+00 1.014432668685913086e+00 1.005334377288818359e+00 0.000000000000000000e+00
1.310119390487670898e+00 1.058803319931030273e+00 1.014800548553466797e+00 1.005443811416625977e+00 0.000000000000000000e+00
-4.964771270751953125e-01 1.011753082275390625e-01 1.527958512306213379e-01 1.113692879676818848e+00 0.000000000000000000e+00
-8.052763938903808594e-01 -1.450288891792297363e-01 -6.471412777900695801e-01 -1.999409198760986328e-01 0.000000000000000000e+00
-9.432761073112487793e-01 -2.362424731254577637e-01 -4.009918570518493652e-01 -8.573975563049316406e-01 0.000000000000000000e+00
1.428103685379028320e+00 3.611534357070922852e+00 4.492408275604248047e+00 2.636665582656860352e+00 0.000000000000000000e+00
-6.882143020629882812e-02 -7.821792364120483398e-01 3.386504650115966797e-01 2.348319292068481445e+00 0.000000000000000000e+00
3.279893875122070312e+00 -4.407187461853027344e+00 -3.257941901683807373e-01 -5.717298984527587891e-01 0.000000000000000000e+00
1.344678640365600586e+00 2.445537447929382324e-01 7.375163435935974121e-01 1.717495799064636230e+00 0.000000000000000000e+00
-3.747419118881225586e-01 -1.338471770286560059e-01 6.898707151412963867e-01 1.795533180236816406e+00 1.000000000000000000e+00
-1.940906643867492676e-01 -1.627240777015686035e-01 3.714082241058349609e-01 9.031032919883728027e-01 2.000000000000000000e+00
-3.747419118881225586e-01 -1.338471770286560059e-01 6.898707151412963867e-01 1.795533180236816406e+00 1.000000000000000000e+00
-1.940906643867492676e-01 -1.627240777015686035e-01 3.714082241058349609e-01 9.031032919883728027e-01 2.000000000000000000e+00
-3.747419118881225586e-01 -1.338471770286560059e-01 6.898707151412963867e-01 1.795533180236816406e+00 1.000000000000000000e+00
-1.940906643867492676e-01 -1.627240777015686035e-01 3.714082241058349609e-01 9.031032919883728027e-01 2.000000000000000000e+00
-3.747419118881225586e-01 -1.338471770286560059e-01 6.898707151412963867e-01 1.795533180236816406e+00 1.000000000000000000e+00
-1.940906643867492676e-01 -1.627240777015686035e-01 3.714082241058349609e-01 9.031032919883728027e-01 2.000000000000000000e+00
-3.747419118881225586e-01 -1.338471770286560059e-01 6.898707151412963867e-01 1.795533180236816406e+00 1.000000000000000000e+00
-1.940906643867492676e-01 -1.627240777015686035e-01 3.714082241058349609e-01 9.031032919883728027e-01 2.000000000000000000e+00
-3.747419118881225586e-01 -1.338471770286560059e-01 6.898707151412963867e-01 1.795533180236816406e+00 1.000000000000000000e+00
-1.940906643867492676e-01 -1.627240777015686035e-01 3.714082241058349609e-01 9.031032919883728027e-01 2.000000000000000000e+00
-3.747419118881225586e-01 -1.338471770286560059e-01 6.898707151412963867e-01 1.795533180236816406e+00 1.000000000000000000e+00
-1.940906643867492676e-01 -1.627240777015686035e-01 3.714082241058349609e-01 9.031032919883728027e-01 2.000000000000000000e+00
-3.747419118881225586e-01 -1.338471770286560059e-01 6.898707151412963867e-01 1.795533180236816406e+00 1.000000000000000000e+00
-1.940906643867492676e-01 -1.627240777015686035e-01 3.714082241058349609e-01 9.031032919883728027e-01 2.000000000000000000e+00
-3.747419118881225586e-01 -1.338471770286560059e-01 6.898707151412963867e-01 1.795533180236816406e+00 1.000000000000000000e+00
-1.940906643867492676e-01 -1.627240777015686035e-01 3.714082241058349609e-01 9.031032919883728027e-01 2.000000000000000000e+00
-3.747419118881225586e-01 -1.338471770286560059e-01 6.898707151412963867e-01 1.795533180236816406e+00 1.000000000000000000e+00
-1.940906643867492676e-01 -1.627240777015686035e-01 3.714082241058349609e-01 9.031032919883728027e-01 2.000000000000000000e+00
1.874207496643066406e+00 7.938821911811828613e-01 1.379205703735351562e+00 1.092500567436218262e+00 0.000000000000000000e+00
1.545388579368591309e+00 1.592138767242431641e+00 1.183200240135192871e+00 9.425153732299804688e-01 0.000000000000000000e+00
1.329143166542053223e+00 1.256433129310607910e+00 1.560353279113769531e+00 1.023974895477294922e+00 0.000000000000000000e+00
2.337985515594482422e+00 1.298288941383361816e+00 1.339890480041503906e+00 1.007937073707580566e+00 0.000000000000000000e+00
1.214177727699279785e+00 7.870877385139465332e-01 6.442553997039794922e-01 1.146946668624877930e+00 0.000000000000000000e+00
1.533039569854736328e+00 1.297160863876342773e+00 9.831782579421997070e-01 7.512129545211791992e-01 0.000000000000000000e+00
2.037065505981445312e+00 2.073546886444091797e+00 1.071604490280151367e+00 8.617517352104187012e-01 0.000000000000000000e+00
2.011592626571655273e+00 1.920354366302490234e+00 1.316468238830566406e+00 1.263761281967163086e+00 0.000000000000000000e+00
1.895410299301147461e+00 1.484018802642822266e+00 1.353908538818359375e+00 9.623779654502868652e-01 0.000000000000000000e+00
1.548793315887451172e+00 1.550453901290893555e+00 1.742704510688781738e+00 1.446799516677856445e+00 0.000000000000000000e+00
1.102686166763305664e+00 4.755395412445068359e+00 1.478869676589965820e+00 -8.649349212646484375e-03 0.000000000000000000e+00
8.982997536659240723e-01 3.311998128890991211e+00 8.247410655021667480e-01 -4.608991742134094238e-01 0.000000000000000000e+00
-2.349709272384643555e+00 -2.986602783203125000e-01 6.223617196083068848e-01 3.747442245483398438e+00 0.000000000000000000e+00
-7.594459652900695801e-01 -2.965328693389892578e-01 -5.135350227355957031e-01 -2.696055173873901367e-02 0.000000000000000000e+00
1.595050454139709473e+00 1.093890428543090820e+00 1.021440625190734863e+00 1.037100791931152344e+00 0.000000000000000000e+00
1.833000898361206055e+00 1.190256476402282715e+00 1.045521259307861328e+00 1.030799150466918945e+00 0.000000000000000000e+00
1.632301807403564453e+00 1.339546918869018555e+00 1.086620688438415527e+00 1.155528068542480469e+00 0.000000000000000000e+00
1.812433004379272461e+00 1.447832584381103516e+00 1.194629311561584473e+00 1.024672746658325195e+00 0.000000000000000000e+00
1.653677940368652344e+00 1.592286348342895508e+00 1.100944280624389648e+00 1.073157072067260742e+00 0.000000000000000000e+00
2.420057773590087891e+00 2.143436670303344727e+00 1.346141338348388672e+00 1.080482244491577148e+00 0.000000000000000000e+00
2.060543060302734375e+00 1.247862339019775391e+00 1.390390157699584961e+00 5.206185579299926758e-01 0.000000000000000000e+00
6.001242160797119141e+00 5.580920219421386719e+00 2.048158168792724609e+00 1.110215663909912109e+00 0.000000000000000000e+00
1.823422908782958984e+00 5.284386634826660156e+00 1.352563381195068359e+00 1.246726989746093750e+00 0.000000000000000000e+00
1.297761559486389160e+00 1.578976631164550781e+00 1.022906541824340820e+00 1.114654183387756348e+00 0.000000000000000000e+00
1.381097435951232910e+00 1.093472480773925781e+00 1.026736497879028320e+00 9.999551177024841309e-01 0.000000000000000000e+00
3.254147529602050781e+00 1.606237411499023438e+00 1.165439128875732422e+00 1.053575634956359863e+00 0.000000000000000000e+00
1.113324403762817383e+00 3.187808752059936523e+00 1.785944700241088867e+00 1.542810320854187012e+00 0.000000000000000000e+00
2.252494096755981445e+00 6.029405117034912109e+00 4.910532951354980469e+00 9.362351298332214355e-01 0.000000000000000000e+00
1.497644066810607910e+00 2.450575590133666992e+00 1.617038547992706299e-01 3.394454002380371094e+00 0.000000000000000000e+00
3.723180770874023438e+00 3.136841773986816406e+00 8.936303853988647461e-02 1.674208045005798340e+00 0.000000000000000000e+00
3.338612556457519531e+00 1.763393163681030273e+00 1.235924482345581055e+00 9.999089837074279785e-01 0.000000000000000000e+00
1.839623928070068359e+00 1.112299203872680664e+00 1.073487520217895508e+00 9.918799996376037598e-01 0.000000000000000000e+00
1.393809795379638672e+00 1.182457685470581055e+00 1.067747712135314941e+00 1.019633173942565918e+00 0.000000000000000000e+00
1.577905178070068359e+00 1.160650610923767090e+00 1.124240398406982422e+00 1.013990640640258789e+00 0.000000000000000000e+00
1.733031392097473145e+00 1.446444630622863770e+00 1.117764472961425781e+00 1.103301763534545898e+00 0.000000000000000000e+00
1.426569223403930664e+00 2.856730461120605469e+00 4.803200721740722656e+00 2.304603099822998047e+00 1.000000000000000000e+00
2.017521858215332031e+00 3.293304204940795898e+00 1.187564373016357422e+00 2.331298351287841797e+00 2.000000000000000000e+00
1.426569223403930664e+00 2.856730461120605469e+00 4.803200721740722656e+00 2.304603099822998047e+00 1.000000000000000000e+00
2.017521858215332031e+00 3.293304204940795898e+00 1.187564373016357422e+00 2.331298351287841797e+00 2.000000000000000000e+00
1.426569223403930664e+00 2.856730461120605469e+00 4.803200721740722656e+00 2.304603099822998047e+00 1.000000000000000000e+00
2.017521858215332031e+00 3.293304204940795898e+00 1.187564373016357422e+00 2.331298351287841797e+00 2.000000000000000000e+00
1.426569223403930664e+00 2.856730461120605469e+00 4.803200721740722656e+00 2.304603099822998047e+00 1.000000000000000000e+00
2.017521858215332031e+00 3.293304204940795898e+00 1.187564373016357422e+00 2.331298351287841797e+00 2.000000000000000000e+00
1.426569223403930664e+00 2.856730461120605469e+00 4.803200721740722656e+00 2.304603099822998047e+00 1.000000000000000000e+00
2.017521858215332031e+00 3.293304204940795898e+00 1.187564373016357422e+00 2.331298351287841797e+00 2.000000000000000000e+00
1.426569223403930664e+00 2.856730461120605469e+00 4.803200721740722656e+00 2.304603099822998047e+00 1.000000000000000000e+00
2.017521858215332031e+00 3.293304204940795898e+00 1.187564373016357422e+00 2.331298351287841797e+00 2.000000000000000000e+00
1.426569223403930664e+00 2.856730461120605469e+00 4.803200721740722656e+00 2.304603099822998047e+00 1.000000000000000000e+00
2.017521858215332031e+00 3.293304204940795898e+00 1.187564373016357422e+00 2.331298351287841797e+00 2.000000000000000000e+00
1.426569223403930664e+00 2.856730461120605469e+00 4.803200721740722656e+00 2.304603099822998047e+00 1.000000000000000000e+00
2.017521858215332031e+00 3.293304204940795898e+00 1.187564373016357422e+00 2.331298351287841797e+00 2.000000000000000000e+00
1.426569223403930664e+00 2.856730461120605469e+00 4.803200721740722656e+00 2.304603099822998047e+00 1.000000000000000000e+00
2.017521858215332031e+00 3.293304204940795898e+00 1.187564373016357422e+00 2.331298351287841797e+00 2.000000000000000000e+00
1.426569223403930664e+00 2.856730461120605469e+00 4.803200721740722656e+00 2.304603099822998047e+00 1.000000000000000000e+00
2.017521858215332031e+00 3.293304204940795898e+00 1.187564373016357422e+00 2.331298351287841797e+00 2.000000000000000000e+00
1.727255582809448242e+00 1.191585779190063477e+00 1.068619608879089355e+00 1.037334442138671875e+00 0.000000000000000000e+00
1.618304371833801270e+00 1.552751660346984863e+00 1.474959611892700195e+00 1.158195257186889648e+00 0.000000000000000000e+00
-1.037896275520324707e+00 -6.435555219650268555e-01 6.261330842971801758e-02 7.185539722442626953e+00 0.000000000000000000e+00
4.974435806274414062e+00 1.924387454986572266e+00 8.885415196418762207e-01 -3.836512565612792969e-02 0.000000000000000000e+00
6.124950885772705078e+00 4.588891029357910156e+00 1.744889855384826660e+00 2.123303890228271484e+00 0.000000000000000000e+00
-1.942517518997192383e+00 -1.128843307495117188e+00 -8.871712684631347656e-01 -8.488059043884277344e-01 0.000000000000000000e+00
-9.594384431838989258e-01 -7.252049446105957031e-01 -1.245301961898803711e-01 -3.790842294692993164e-01 0.000000000000000000e+00
-3.942766189575195312e-01 3.316771984100341797e-01 6.270809173583984375e+00 5.268499374389648438e+00 0.000000000000000000e+00
-7.995948195457458496e-01 -4.907277822494506836e-01 -6.055388450622558594e-01 -5.270966291427612305e-01 0.000000000000000000e+00
-1.228187561035156250e+00 -8.734710812568664551e-01 -6.292679309844970703e-01 -4.948198795318603516e-01 0.000000000000000000e+00
1.933815181255340576e-01 -3.107398748397827148e+00 -1.052901625633239746e+00 -1.029304981231689453e+00 0.000000000000000000e+00
1.577281475067138672e+00 1.307737350463867188e+00 1.097702026367187500e+00 1.079111933708190918e+00 0.000000000000000000e+00
1.415649652481079102e+00 1.273862123489379883e+00 7.360590696334838867e-01 3.734992742538452148e-01 1.000000000000000000e+00
1.452175855636596680e+00 1.377953290939331055e+00 1.473577499389648438e+00 8.960828185081481934e-01 2.000000000000000000e+00
1.415649652481079102e+00 1.273862123489379883e+00 7.360590696334838867e-01 3.734992742538452148e-01 1.000000000000000000e+00
1.452175855636596680e+00 1.377953290939331055e+00 1.473577499389648438e+00 8.960828185081481934e-01 2.000000000000000000e+00
1.415649652481079102e+00 1.273862123489379883e+00 7.360590696334838867e-01 3.734992742538452148e-01 1.000000000000000000e+00
1.452175855636596680e+00 1.377953290939331055e+00 1.473577499389648438e+00 8.960828185081481934e-01 2.000000000000000000e+00
1.415649652481079102e+00 1.273862123489379883e+00 7.360590696334838867e-01 3.734992742538452148e-01 1.000000000000000000e+00
1.452175855636596680e+00 1.377953290939331055e+00 1.473577499389648438e+00 8.960828185081481934e-01 2.000000000000000000e+00
1.415649652481079102e+00 1.273862123489379883e+00 7.360590696334838867e-01 3.734992742538452148e-01 1.000000000000000000e+00
1.452175855636596680e+00 1.377953290939331055e+00 1.473577499389648438e+00 8.960828185081481934e-01 2.000000000000000000e+00
1.415649652481079102e+00 1.273862123489379883e+00 7.360590696334838867e-01 3.734992742538452148e-01 1.000000000000000000e+00
1.452175855636596680e+00 1.377953290939331055e+00 1.473577499389648438e+00 8.960828185081481934e-01 2.000000000000000000e+00
1.415649652481079102e+00 1.273862123489379883e+00 7.360590696334838867e-01 3.734992742538452148e-01 1.000000000000000000e+00
1.452175855636596680e+00 1.377953290939331055e+00 1.473577499389648438e+00 8.960828185081481934e-01 2.000000000000000000e+00
1.415649652481079102e+00 1.273862123489379883e+00 7.360590696334838867e-01 3.734992742538452148e-01 1.000000000000000000e+00
1.452175855636596680e+00 1.377953290939331055e+00 1.473577499389648438e+00 8.960828185081481934e-01 2.000000000000000000e+00
1.415649652481079102e+00 1.273862123489379883e+00 7.360590696334838867e-01 3.734992742538452148e-01 1.000000000000000000e+00
1.452175855636596680e+00 1.377953290939331055e+00 1.473577499389648438e+00 8.960828185081481934e-01 2.000000000000000000e+00
1.415649652481079102e+00 1.273862123489379883e+00 7.360590696334838867e-01 3.734992742538452148e-01 1.000000000000000000e+00
1.452175855636596680e+00 1.377953290939331055e+00 1.473577499389648438e+00 8.960828185081481934e-01 2.000000000000000000e+00
-8.645726442337036133e-01 -3.041213750839233398e-01 -9.268387556076049805e-01 -6.612636446952819824e-01 0.000000000000000000e+00
-2.898952245712280273e+00 -7.513459920883178711e-01 -8.891816735267639160e-01 -7.306077480316162109e-01 0.000000000000000000e+00
3.253317356109619141e+00 1.489738225936889648e+00 1.187492370605468750e+00 9.138054847717285156e-01 0.000000000000000000e+00
1.391996860504150391e+00 1.425950288772583008e+00 4.194915294647216797e-01 1.493489980697631836e+00 0.000000000000000000e+00
1.768677711486816406e+00 1.122036695480346680e+00 9.557967782020568848e-01 1.016535043716430664e+00 0.000000000000000000e+00
-9.024181365966796875e-01 -8.895503282546997070e-01 -1.303223133087158203e+00 -1.084386348724365234e+00 1.000000000000000000e+00
-7.901620864868164062e-01 -5.626860857009887695e-01 -5.710926055908203125e-01 -5.558209419250488281e-01 2.000000000000000000e+00
-9.024181365966796875e-01 -8.895503282546997070e-01 -1.303223133087158203e+00 -1.084386348724365234e+00 1.000000000000000000e+00
-7.901620864868164062e-01 -5.626860857009887695e-01 -5.710926055908203125e-01 -5.558209419250488281e-01 2.000000000000000000e+00
-9.024181365966796875e-01 -8.895503282546997070e-01 -1.303223133087158203e+00 -1.084386348724365234e+00 1.000000000000000000e+00
-7.901620864868164062e-01 -5.626860857009887695e-01 -5.710926055908203125e-01 -5.558209419250488281e-01 2.000000000000000000e+00
-9.024181365966796875e-01 -8.895503282546997070e-01 -1.303223133087158203e+00 -1.084386348724365234e+00 1.000000000000000000e+00
-7.901620864868164062e-01 -5.626860857009887695e-01 -5.710926055908203125e-01 -5.558209419250488281e-01 2.000000000000000000e+00
-9.024181365966796875e-01 -8.895503282546997070e-01 -1.303223133087158203e+00 -1.084386348724365234e+00 1.000000000000000000e+00
-7.901620864868164062e-01 -5.626860857009887695e-01 -5.710926055908203125e-01 -5.558209419250488281e-01 2.000000000000000000e+00
-9.024181365966796875e-01 -8.895503282546997070e-01 -1.303223133087158203e+00 -1.084386348724365234e+00 1.000000000000000000e+00
-7.901620864868164062e-01 -5.626860857009887695e-01 -5.710926055908203125e-01 -5.558209419250488281e-01 2.000000000000000000e+00
-9.024181365966796875e-01 -8.895503282546997070e-01 -1.303223133087158203e+00 -1.084386348724365234e+00 1.000000000000000000e+00
-7.901620864868164062e-01 -5.626860857009887695e-01 -5.710926055908203125e-01 -5.558209419250488281e-01 2.000000000000000000e+00
-9.024181365966796875e-01 -8.895503282546997070e-01 -1.303223133087158203e+00 -1.084386348724365234e+00 1.000000000000000000e+00
-7.901620864868164062e-01 -5.626860857009887695e-01 -5.710926055908203125e-01 -5.558209419250488281e-01 2.000000000000000000e+00
-9.024181365966796875e-01 -8.895503282546997070e-01 -1.303223133087158203e+00 -1.084386348724365234e+00 1.000000000000000000e+00
-7.901620864868164062e-01 -5.626860857009887695e-01 -5.710926055908203125e-01 -5.558209419250488281e-01 2.000000000000000000e+00
-9.024181365966796875e-01 -8.895503282546997070e-01 -1.303223133087158203e+00 -1.084386348724365234e+00 1.000000000000000000e+00
-7.901620864868164062e-01 -5.626860857009887695e-01 -5.710926055908203125e-01 -5.558209419250488281e-01 2.000000000000000000e+00
3.052332639694213867e+00 2.012579917907714844e+00 1.401474595069885254e+00 1.217865109443664551e+00 0.000000000000000000e+00
-4.700822234153747559e-01 -2.923482954502105713e-01 -4.612323045730590820e-01 -3.244843482971191406e-01 0.000000000000000000e+00
-7.781478166580200195e-01 -7.254435420036315918e-01 -5.924913883209228516e-01 -5.306957364082336426e-01 0.000000000000000000e+00
2.084308862686157227e+00 -1.465876221656799316e+00 -1.366699814796447754e+00 -1.864153504371643066e+00 0.000000000000000000e+00
-1.253870129585266113e+00 -6.534205079078674316e-01 -4.541988670825958252e-01 -6.271026134490966797e-01 0.000000000000000000e+00
1.356939792633056641e+00 -1.165441036224365234e+00 -4.837097167968750000e+00 1.082085072994232178e-01 0.000000000000000000e+00
-7.147612571716308594e-01 2.103518962860107422e+00 3.126428604125976562e+00 4.966561198234558105e-01 0.000000000000000000e+00
1.832119107246398926e+00 1.015613675117492676e+00 1.473249197006225586e+00 1.335511684417724609e+00 0.000000000000000000e+00
1.781758427619934082e+00 1.331645965576171875e+00 1.307693481445312500e+00 1.177588701248168945e+00 0.000000000000000000e+00
1.212205410003662109e+00 3.282382011413574219e+00 1.486809968948364258e+00 1.215202569961547852e+00 0.000000000000000000e+00
-7.095127105712890625e-01 -4.754745662212371826e-01 -3.521037995815277100e-01 -3.684011697769165039e-01 0.000000000000000000e+00
1.659423232078552246e+00 8.377826690673828125e+00 -2.253814220428466797e+00 -4.014134883880615234e+00 0.000000000000000000e+00
-4.462897300720214844e+00 -5.908636450767517090e-01 -3.427488505840301514e-01 -2.407980859279632568e-01 0.000000000000000000e+00
3.061437129974365234e+00 -4.037227034568786621e-01 -3.398001909255981445e+00 -2.072695016860961914e+00 0.000000000000000000e+00
1.624262213706970215e+00 1.245408654212951660e+00 6.019916534423828125e-01 4.672430753707885742e-01 0.000000000000000000e+00
2.372519969940185547e+00 1.662521839141845703e+00 1.166058301925659180e+00 8.207985758781433105e-01 0.000000000000000000e+00
1.992211461067199707e+00 1.214585065841674805e+00 1.126029729843139648e+00 9.687175750732421875e-01 0.000000000000000000e+00
1.881281614303588867e+00 1.312095642089843750e+00 1.144041299819946289e+00 1.008753776550292969e+00 0.000000000000000000e+00
1.513292431831359863e+00 1.086765289306640625e+00 1.018470525741577148e+00 9.922010898590087891e-01 0.000000000000000000e+00
1.608943462371826172e+00 1.204741477966308594e+00 1.047276020050048828e+00 1.021897077560424805e+00 0.000000000000000000e+00
3.501386404037475586e+00 2.089827299118041992e+00 1.278284668922424316e+00 1.049030780792236328e+00 0.000000000000000000e+00
-8.108036518096923828e-01 -1.878175735473632812e+00 -9.193906784057617188e-01 -6.619256138801574707e-01 0.000000000000000000e+00
7.752049565315246582e-01 -9.575700759887695312e-01 1.194257140159606934e+00 -3.205106019973754883e+00 0.000000000000000000e+00
-9.248166084289550781e-01 -6.387325525283813477e-01 1.584487557411193848e-01 1.453713178634643555e+00 0.000000000000000000e+00
-1.584745198488235474e-02 -3.230519294738769531e+00 -8.606117963790893555e-02 -8.605260252952575684e-01 0.000000000000000000e+00
-3.797352313995361328e-01 1.798035502433776855e+00 1.269572734832763672e+00 -5.116134881973266602e-02 0.000000000000000000e+00
1.514488220214843750e+00 6.390518546104431152e-01 7.969691157341003418e-01 -4.353404045104980469e-03 0.000000000000000000e+00
1.687943220138549805e+00 1.229727506637573242e+00 6.415083408355712891e-01 9.544696807861328125e-01 0.000000000000000000e+00
3.730698823928833008e-01 4.022139549255371094e+00 2.321396827697753906e+00 3.636091947555541992e+00 0.000000000000000000e+00
-4.484524726867675781e+00 5.955363512039184570e-01 2.726424932479858398e-01 4.398692607879638672e+00 0.000000000000000000e+00
-3.482777357101440430e+00 3.701173782348632812e+00 1.596632242202758789e+00 2.612624406814575195e+00 0.000000000000000000e+00
2.725176095962524414e+00 7.268912196159362793e-01 1.616220951080322266e+00 1.908303618431091309e+00 0.000000000000000000e+00
1.572604894638061523e+00 1.674524545669555664e+00 1.071221709251403809e+00 9.527203440666198730e-01 0.000000000000000000e+00
1.790462732315063477e+00 1.240036249160766602e+00 1.065051198005676270e+00 1.037896394729614258e+00 0.000000000000000000e+00
3.089633464813232422e+00 1.848440647125244141e+00 1.225719213485717773e+00 1.035907030105590820e+00 0.000000000000000000e+00
-3.236169815063476562e-01 -1.691464781761169434e-01 -5.192791223526000977e-01 -5.418397188186645508e-01 0.000000000000000000e+00
-2.092729806900024414e-01 -5.205186009407043457e-01 -4.344119727611541748e-01 -4.373373985290527344e-01 0.000000000000000000e+00
-3.608037233352661133e-01 -2.143478989601135254e-01 -3.152964115142822266e-01 -4.926484823226928711e-01 0.000000000000000000e+00
1.275874078273773193e-01 -1.284582614898681641e+00 -9.431288242340087891e-01 -2.472459673881530762e-01 0.000000000000000000e+00
-1.358122229576110840e-01 2.221124410629272461e+00 5.776965618133544922e-01 -3.088265657424926758e-02 0.000000000000000000e+00
1.098125815391540527e+00 1.010665297508239746e+00 9.959018826484680176e-01 9.808204770088195801e-01 0.000000000000000000e+00
-5.225394964218139648e-01 -4.014707803726196289e-01 -4.299563169479370117e-01 -7.673413753509521484e-01 1.000000000000000000e+00
-1.945248842239379883e-01 -2.382612824440002441e-01 -8.079429864883422852e-01 -2.305760979652404785e-01 2.000000000000000000e+00
-5.225394964218139648e-01 -4.014707803726196289e-01 -4.299563169479370117e-01 -7.673413753509521484e-01 1.000000000000000000e+00
-1.945248842239379883e-01 -2.382612824440002441e-01 -8.079429864883422852e-01 -2.305760979652404785e-01 2.000000000000000000e+00
-5.225394964218139648e-01 -4.014707803726196289e-01 -4.299563169479370117e-01 -7.673413753509521484e-01 1.000000000000000000e+00
-1.945248842239379883e-01 -2.382612824440002441e-01 -8.079429864883422852e-01 -2.305760979652404785e-01 2.000000000000000000e+00
-5.225394964218139648e-01 -4.014707803726196289e-01 -4.299563169479370117e-01 -7.673413753509521484e-01 1.000000000000000000e+00
-1.945248842239379883e-01 -2.382612824440002441e-01 -8.079429864883422852e-01 -2.305760979652404785e-01 2.000000000000000000e+00
-5.225394964218139648e-01 -4.014707803726196289e-01 -4.299563169479370117e-01 -7.673413753509521484e-01 1.000000000000000000e+00
-1.945248842239379883e-01 -2.382612824440002441e-01 -8.079429864883422852e-01 -2.305760979652404785e-01 2.000000000000000000e+00
-5.225394964218139648e-01 -4.014707803726196289e-01 -4.299563169479370117e-01 -7.673413753509521484e-01 1.000000000000000000e+00
-1.945248842239379883e-01 -2.382612824440002441e-01 -8.079429864883422852e-01 -2.305760979652404785e-01 2.000000000000000000e+00
-5.225394964218139648e-01 -4.014707803726196289e-01 -4.299563169479370117e-01 -7.673413753509521484e-01 1.000000000000000000e+00
-1.945248842239379883e-01 -2.382612824440002441e-01 -8.079429864883422852e-01 -2.305760979652404785e-01 2.000000000000000000e+00
-5.225394964218139648e-01 -4.014707803726196289e-01 -4.299563169479370117e-01 -7.673413753509521484e-01 1.000000000000000000e+00
-1.945248842239379883e-01 -2.382612824440002441e-01 -8.079429864883422852e-01 -2.305760979652404785e-01 2.000000000000000000e+00
-5.225394964218139648e-01 -4.014707803726196289e-01 -4.299563169479370117e-01 -7.673413753509521484e-01 1.000000000000000000e+00
-1.945248842239379883e-01 -2.382612824440002441e-01 -8.079429864883422852e-01 -2.305760979652404785e-01 2.000000000000000000e+00
-5.225394964218139648e-01 -4.014707803726196289e-01 -4.299563169479370117e-01 -7.673413753509521484e-01 1.000000000000000000e+00
-1.945248842239379883e-01 -2.382612824440002441e-01 -8.079429864883422852e-01 -2.305760979652404785e-01 2.000000000000000000e+00
7.299311161041259766e-01 1.151299118995666504e+00 -7.687755823135375977e-01 -1.260977029800415039e+00 0.000000000000000000e+00
1.362377166748046875e+00 1.071340918540954590e+00 1.193844914436340332e+00 8.326563835144042969e-01 0.000000000000000000e+00
1.448518872261047363e+00 6.975278854370117188e-01 6.018683910369873047e-01 5.152575373649597168e-01 0.000000000000000000e+00
1.754917621612548828e+00 6.835563182830810547e-01 8.039936423301696777e-01 6.096663475036621094e-01 0.000000000000000000e+00
-7.167581319808959961e-01 2.631175756454467773e+00 1.990578889846801758e+00 1.663650035858154297e+00 0.000000000000000000e+00
1.489947676658630371e+00 -1.298034191131591797e-01 -2.633658647537231445e-01 -8.970437049865722656e-01 0.000000000000000000e+00
-9.286005496978759766e-01 2.332627534866333008e+00 6.552506923675537109e+00 2.885333776473999023e+00 0.000000000000000000e+00
6.320302486419677734e+00 2.966299295425415039e+00 1.911485075950622559e+00 1.167022347450256348e+00 0.000000000000000000e+00
1.618276357650756836e+00 1.575998306274414062e+00 1.215575098991394043e+00 9.170452952384948730e-01 0.000000000000000000e+00
1.323470354080200195e+00 3.195088386535644531e+00 2.722417354583740234e+00 7.847164869308471680e-01 0.000000000000000000e+00
-2.694366276264190674e-01 -5.075912475585937500e-01 -1.475931704044342041e-01 -1.346806406974792480e+00 0.000000000000000000e+00
-6.575242280960083008e-01 -5.161150097846984863e-01 -2.762702107429504395e-01 -5.227166414260864258e-01 0.000000000000000000e+00
-9.370599985122680664e-01 -7.860814332962036133e-01 -8.364458680152893066e-01 -7.974343299865722656e-01 0.000000000000000000e+00
-8.267455697059631348e-01 -5.827193260192871094e-01 -9.156318902969360352e-01 -7.246439456939697266e-01 0.000000000000000000e+00
4.873319149017333984e+00 -1.132939457893371582e-01 -1.092157840728759766e+00 -4.106327056884765625e+00 0.000000000000000000e+00
3.246197938919067383e+00 3.389748811721801758e+00 1.693855643272399902e+00 5.932676792144775391e-01 0.000000000000000000e+00
1.963389396667480469e+00 1.075309991836547852e+00 1.177386283874511719e+00 5.853722691535949707e-01 0.000000000000000000e+00
1.715707302093505859e+00 1.095757484436035156e+00 1.137595653533935547e+00 9.727374911308288574e-01 0.000000000000000000e+00
5.238474607467651367e-01 2.443568706512451172e+00 7.063176631927490234e+00 4.116940975189208984e+00 0.000000000000000000e+00
-1.761899709701538086e+00 -7.107595205307006836e-01 -4.493755102157592773e-01 -5.330008268356323242e-02 0.000000000000000000e+00
-1.554673671722412109e+00 -1.045763015747070312e+00 -9.282397031784057617e-01 -7.835285663604736328e-01 0.000000000000000000e+00
1.811223983764648438e+00 1.027560234069824219e+00 1.344427704811096191e+00 1.201308727264404297e+00 0.000000000000000000e+00
2.201683282852172852e+00 1.138304948806762695e+00 1.178384304046630859e+00 1.006809949874877930e+00 0.000000000000000000e+00
1.726517915725708008e+00 1.424149513244628906e+00 1.578982830047607422e+00 1.134857892990112305e+00 0.000000000000000000e+00
1.478838205337524414e+00 1.869872808456420898e+00 1.954928040504455566e+00 1.048021435737609863e+00 0.000000000000000000e+00
8.416692018508911133e-01 3.690271615982055664e+00 3.301029443740844727e+00 1.224157214164733887e+00 0.000000000000000000e+00
1.557259917259216309e+00 5.096906423568725586e-02 2.320058345794677734e+00 1.593709707260131836e+00 0.000000000000000000e+00
2.677212238311767578e+00 2.321992397308349609e+00 6.006243228912353516e-01 1.359192490577697754e+00 0.000000000000000000e+00
2.437973976135253906e+00 1.601287007331848145e+00 1.468064308166503906e+00 1.185848593711853027e+00 0.000000000000000000e+00
1.519684076309204102e+00 1.232732653617858887e+00 9.771378040313720703e-01 8.668541312217712402e-01 0.000000000000000000e+00
1.705991506576538086e+00 1.268971204757690430e+00 1.099905729293823242e+00 1.103193402290344238e+00 0.000000000000000000e+00
1.558408975601196289e+00 1.419399142265319824e+00 1.173276782035827637e+00 1.362639427185058594e+00 0.000000000000000000e+00
1.949787020683288574e+00 1.026604175567626953e+00 2.536680221557617188e+00 1.705255031585693359e+00 0.000000000000000000e+00
-1.130307793617248535e+00 -6.349263191223144531e-01 8.807660341262817383e-01 5.030024528503417969e+00 0.000000000000000000e+00
1.241143465042114258e+00 1.034734487533569336e+00 9.988296031951904297e-01 9.847509264945983887e-01 0.000000000000000000e+00
1.082029581069946289e+00 4.525360584259033203e+00 -3.593139648437500000e-01 4.536400794982910156e+00 0.000000000000000000e+00
9.141609072685241699e-01 5.507436394691467285e-01 2.638854265213012695e+00 1.555485725402832031e+00 0.000000000000000000e+00
1.541903972625732422e+00 1.428608655929565430e+00 8.943200111389160156e-01 4.915967583656311035e-01 0.000000000000000000e+00
1.444261670112609863e+00 1.365553140640258789e+00 1.081143975257873535e+00 1.084592938423156738e+00 0.000000000000000000e+00
1.303249835968017578e+00 1.085105299949645996e+00 1.024144172668457031e+00 1.004519701004028320e+00 0.000000000000000000e+00
1.248894333839416504e+00 1.078843832015991211e+00 1.020993947982788086e+00 1.005080223083496094e+00 0.000000000000000000e+00
1.237414598464965820e+00 1.033055186271667480e+00 1.005915284156799316e+00 1.002750396728515625e+00 0.000000000000000000e+00
5.183026313781738281e+00 4.120388627052307129e-02 2.634933471679687500e+00 6.908321976661682129e-01 1.000000000000000000e+00
-8.174182772636413574e-01 3.541248798370361328e+00 1.137447237968444824e+00 1.629348754882812500e+00 2.000000000000000000e+00
5.183026313781738281e+00 4.120388627052307129e-02 2.634933471679687500e+00 6.908321976661682129e-01 1.000000000000000000e+00
-8.174182772636413574e-01 3.541248798370361328e+00 1.137447237968444824e+00 1.629348754882812500e+00 2.000000000000000000e+00
5.183026313781738281e+00 4.120388627052307129e-02 2.634933471679687500e+00 6.908321976661682129e-01 1.000000000000000000e+00
-8.174182772636413574e-01 3.541248798370361328e+00 1.137447237968444824e+00 1.629348754882812500e+00 2.000000000000000000e+00
5.183026313781738281e+00 4.120388627052307129e-02 2.634933471679687500e+00 6.908321976661682129e-01 1.000000000000000000e+00
-8.174182772636413574e-01 3.541248798370361328e+00 1.137447237968444824e+00 1.629348754882812500e+00 2.000000000000000000e+00
5.183026313781738281e+00 4.120388627052307129e-02 2.634933471679687500e+00 6.908321976661682129e-01 1.000000000000000000e+00
-8.174182772636413574e-01 3.541248798370361328e+00 1.137447237968444824e+00 1.629348754882812500e+00 2.000000000000000000e+00
5.183026313781738281e+00 4.120388627052307129e-02 2.634933471679687500e+00 6.908321976661682129e-01 1.000000000000000000e+00
-8.174182772636413574e-01 3.541248798370361328e+00 1.137447237968444824e+00 1.629348754882812500e+00 2.000000000000000000e+00
5.183026313781738281e+00 4.120388627052307129e-02 2.634933471679687500e+00 6.908321976661682129e-01 1.000000000000000000e+00
-8.174182772636413574e-01 3.541248798370361328e+00 1.137447237968444824e+00 1.629348754882812500e+00 2.000000000000000000e+00
5.183026313781738281e+00 4.120388627052307129e-02 2.634933471679687500e+00 6.908321976661682129e-01 1.000000000000000000e+00
-8.174182772636413574e-01 3.541248798370361328e+00 1.137447237968444824e+00 1.629348754882812500e+00 2.000000000000000000e+00
5.183026313781738281e+00 4.120388627052307129e-02 2.634933471679687500e+00 6.908321976661682129e-01 1.000000000000000000e+00
-8.174182772636413574e-01 3.541248798370361328e+00 1.137447237968444824e+00 1.629348754882812500e+00 2.000000000000000000e+00
5.183026313781738281e+00 4.120388627052307129e-02 2.634933471679687500e+00 6.908321976661682129e-01 1.000000000000000000e+00
-8.174182772636413574e-01 3.541248798370361328e+00 1.137447237968444824e+00 1.629348754882812500e+00 2.000000000000000000e+00
1.840753793716430664e+00 1.321151256561279297e+00 1.241018652915954590e+00 1.002084493637084961e+00 0.000000000000000000e+00
2.167467355728149414e+00 1.728377103805541992e+00 1.636695146560668945e+00 1.491318941116333008e+00 0.000000000000000000e+00
1.416733026504516602e+00 1.606800556182861328e+00 9.465038776397705078e-01 8.648941516876220703e-01 0.000000000000000000e+00
2.204772472381591797e+00 1.522961616516113281e+00 1.135575890541076660e+00 1.054265618324279785e+00 0.000000000000000000e+00
-4.250352978706359863e-01 9.188028573989868164e-01 8.231014251708984375e+00 4.391828536987304688e+00 0.000000000000000000e+00
-1.090292215347290039e+00 -1.189429402351379395e+00 -7.861837148666381836e-01 -5.930117368698120117e-01 0.000000000000000000e+00
-9.444636106491088867e-01 -1.190848112106323242e+00 -1.026517629623413086e+00 -8.670381307601928711e-01 0.000000000000000000e+00
1.785014986991882324e+00 1.621108531951904297e+00 1.391978859901428223e+00 1.027055382728576660e+00 1.000000000000000000e+00
1.580762147903442383e+00 1.196180582046508789e+00 1.044304609298706055e+00 1.009113550186157227e+00 2.000000000000000000e+00
1.785014986991882324e+00 1.621108531951904297e+00 1.391978859901428223e+00 1.027055382728576660e+00 1.000000000000000000e+00
1.580762147903442383e+00 1.196180582046508789e+00 1.044304609298706055e+00 1.009113550186157227e+00 2.000000000000000000e+00
1.785014986991882324e+00 1.621108531951904297e+00 1.391978859901428223e+00 1.027055382728576660e+00 1.000000000000000000e+00
1.580762147903442383e+00 1.196180582046508789e+00 1.044304609298706055e+00 1.009113550186157227e+00 2.000000000000000000e+00
1.785014986991882324e+00 1.621108531951904297e+00 1.391978859901428223e+00 1.027055382728576660e+00 1.000000000000000000e+00
1.580762147903442383e+00 1.196180582046508789e+00 1.044304609298706055e+00 1.009113550186157227e+00 2.000000000000000000e+00
1.785014986991882324e+00 1.621108531951904297e+00 1.391978859901428223e+00 1.027055382728576660e+00 1.000000000000000000e+00
1.580762147903442383e+00 1.196180582046508789e+00 1.044304609298706055e+00 1.009113550186157227e+00 2.000000000000000000e+00
1.785014986991882324e+00 1.621108531951904297e+00 1.391978859901428223e+00 1.027055382728576660e+00 1.000000000000000000e+00
1.580762147903442383e+00 1.196180582046508789e+00 1.044304609298706055e+00 1.009113550186157227e+00 2.000000000000000000e+00
1.785014986991882324e+00 1.621108531951904297e+00 1.391978859901428223e+00 1.027055382728576660e+00 1.000000000000000000e+00
1.580762147903442383e+00 1.196180582046508789e+00 1.044304609298706055e+00 1.009113550186157227e+00 2.000000000000000000e+00
1.785014986991882324e+00 1.621108531951904297e+00 1.391978859901428223e+00 1.027055382728576660e+00 1.000000000000000000e+00
1.580762147903442383e+00 1.196180582046508789e+00 1.044304609298706055e+00 1.009113550186157227e+00 2.000000000000000000e+00
1.785014986991882324e+00 1.621108531951904297e+00 1.391978859901428223e+00 1.027055382728576660e+00 1.000000000000000000e+00
1.580762147903442383e+00 1.196180582046508789e+00 1.044304609298706055e+00 1.009113550186157227e+00 2.000000000000000000e+00
1.785014986991882324e+00 1.621108531951904297e+00 1.391978859901428223e+00 1.027055382728576660e+00 1.000000000000000000e+00
1.580762147903442383e+00 1.196180582046508789e+00 1.044304609298706055e+00 1.009113550186157227e+00 2.000000000000000000e+00
1.760526776313781738e+00 1.159263134002685547e+00 1.037259697914123535e+00 1.073186635971069336e+00 0.000000000000000000e+00
1.521397829055786133e+00 1.237298011779785156e+00 1.192458391189575195e+00 9.962447285652160645e-01 0.000000000000000000e+00
1.702086687088012695e+00 1.246444582939147949e+00 1.089849710464477539e+00 1.043041110038757324e+00 0.000000000000000000e+00
2.077478647232055664e+00 1.944050788879394531e+00 1.431638956069946289e+00 1.072173476219177246e+00 0.000000000000000000e+00
4.838733673095703125e+00 1.973706007003784180e+00 1.882402896881103516e+00 2.017878055572509766e+00 0.000000000000000000e+00
3.077976465225219727e+00 7.526885867118835449e-01 4.562289714813232422e-01 -5.126627683639526367e-01 0.000000000000000000e+00
-8.115779757499694824e-01 -5.080153942108154297e-01 -8.842642903327941895e-01 5.264024734497070312e-01 0.000000000000000000e+00
2.413445711135864258e+00 1.707821369171142578e+00 3.284144401550292969e-01 1.036769747734069824e+00 0.000000000000000000e+00
6.455244541168212891e+00 2.759263515472412109e+00 1.286828994750976562e+00 1.293541193008422852e+00 0.000000000000000000e+00
2.394295930862426758e+00 2.028048515319824219e+00 1.506285071372985840e+00 -5.697607994079589844e-02 0.000000000000000000e+00
1.985453009605407715e+00 1.640296936035156250e+00 1.082916378974914551e+00 1.140040874481201172e+00 0.000000000000000000e+00
2.245825767517089844e+00 1.467561244964599609e+00 1.002379417419433594e+00 1.060580253601074219e+00 0.000000000000000000e+00
1.754924297332763672e+00 1.151383399963378906e+00 1.016827464103698730e+00 1.019984006881713867e+00 0.000000000000000000e+00
2.025738477706909180e+00 1.217394113540649414e+00 1.037905931472778320e+00 1.011079072952270508e+00 0.000000000000000000e+00
2.333088636398315430e+00 2.026247978210449219e+00 2.216048717498779297e+00 1.812455415725708008e+00 0.000000000000000000e+00
2.500452756881713867e+00 2.172329425811767578e+00 2.584676504135131836e+00 2.858220338821411133e-01 0.000000000000000000e+00
2.405214786529541016e+00 2.079141139984130859e+00 1.288410067558288574e+00 1.178344488143920898e+00 0.000000000000000000e+00
2.354493618011474609e+00 1.084385156631469727e+00 1.657688379287719727e+00 7.761998772621154785e-01 0.000000000000000000e+00
1.641213655471801758e+00 1.211755990982055664e+00 1.100774288177490234e+00 9.676450490951538086e-01 0.000000000000000000e+00
1.415003061294555664e+00 1.136327862739562988e+00 1.064204096794128418e+00 1.020793199539184570e+00 0.000000000000000000e+00
1.531475543975830078e+00 1.174696803092956543e+00 1.039804935455322266e+00 1.028010845184326172e+00 0.000000000000000000e+00
4.163768291473388672e+00 5.432797431945800781e+00 1.399295568466186523e+00 1.320340633392333984e+00 0.000000000000000000e+00
-5.424288511276245117e-01 -4.150935411453247070e-01 3.309184312820434570e-02 4.296878814697265625e+00 0.000000000000000000e+00
3.871295928955078125e+00 6.510211229324340820e-01 1.587890505790710449e+00 -1.944946050643920898e+00 0.000000000000000000e+00
1.612529277801513672e+00 1.176812410354614258e+00 1.038160800933837891e+00 1.072602391242980957e+00 0.000000000000000000e+00
1.516841173171997070e+00 1.161381483078002930e+00 1.052423238754272461e+00 1.026211023330688477e+00 0.000000000000000000e+00
1.432783842086791992e+00 1.114437341690063477e+00 1.050185441970825195e+00 1.008579969406127930e+00 0.000000000000000000e+00
1.464541912078857422e+00 1.178627014160156250e+00 1.073450088500976562e+00 1.017284631729125977e+00 0.000000000000000000e+00
1.740486502647399902e+00 1.127329587936401367e+00 1.063214778900146484e+00 1.013010859489440918e+00 0.000000000000000000e+00
5.241081714630126953e-01 7.821015357971191406e+00 5.200583934783935547e+00 1.630213856697082520e+00 0.000000000000000000e+00
-2.017323255538940430e+00 -1.614814758300781250e+00 -3.938167095184326172e-01 1.637876033782958984e-01 0.000000000000000000e+00
-1.707933425903320312e+00 1.769334077835083008e-02 7.078436851501464844e+00 3.092481613159179688e+00 0.000000000000000000e+00
-1.454593062400817871e+00 -1.005375862121582031e+00 -7.463738918304443359e-01 -4.892683625221252441e-01 0.000000000000000000e+00
-1.450330615043640137e+00 -7.558959722518920898e-01 -7.937819361686706543e-01 -8.121070861816406250e-01 0.000000000000000000e+00
-1.772465705871582031e+00 -9.173271059989929199e-01 -8.693913817405700684e-01 -9.581031799316406250e-01 0.000000000000000000e+00
1.219742178916931152e+00 9.377500414848327637e-01 9.868779778480529785e-01 5.834068059921264648e-01 0.000000000000000000e+00
1.625277996063232422e+00 1.107231974601745605e+00 1.057644605636596680e+00 9.602129459381103516e-01 0.000000000000000000e+00
2.125108242034912109e+00 1.329299211502075195e+00 1.118268847465515137e+00 1.042543172836303711e+00 0.000000000000000000e+00
1.826001286506652832e+00 1.493560075759887695e+00 1.250550746917724609e+00 1.298040986061096191e+00 0.000000000000000000e+00
-1.100749492645263672e+00 -4.773037731647491455e-01 -3.115156888961791992e-01 2.350827217102050781e+00 0.000000000000000000e+00
1.079401731491088867e+00 1.572948455810546875e+00 7.391909360885620117e-01 -6.425503492355346680e-01 0.000000000000000000e+00
