9.989548921585083008e-01 9.999999403953552246e-01 1.000000000000000000e+00 1.000000000000000000e+00 1.000000000000000000e+00 0.000000000000000000e+00
9.828341007232666016e-01 9.999721646308898926e-01 1.000000000000000000e+00 1.000000000000000000e+00 1.000000000000000000e+00 0.000000000000000000e+00
8.507870435714721680e-01 9.092237949371337891e-01 9.990534782409667969e-01 9.999200105667114258e-01 9.999996423721313477e-01 0.000000000000000000e+00
9.054789543151855469e-01 9.995562434196472168e-01 9.999715089797973633e-01 9.999998807907104492e-01 1.000000000000000000e+00 0.000000000000000000e+00
2.504923641681671143e-01 5.813227295875549316e-01 9.731318354606628418e-01 9.996976256370544434e-01 9.999769330024719238e-01 0.000000000000000000e+00
9.953490495681762695e-01 9.999037384986877441e-01 9.999700784683227539e-01 9.999818205833435059e-01 9.999987483024597168e-01 0.000000000000000000e+00
9.440694451332092285e-01 9.906972050666809082e-01 9.991427063941955566e-01 9.999970197677612305e-01 9.999998807907104492e-01 0.000000000000000000e+00
9.997575879096984863e-01 9.999992847442626953e-01 1.000000000000000000e+00 1.000000000000000000e+00 1.000000000000000000e+00 0.000000000000000000e+00
9.999982714653015137e-01 1.000000000000000000e+00 1.000000000000000000e+00 1.000000000000000000e+00 1.000000000000000000e+00 0.000000000000000000e+00
9.998665452003479004e-01 1.000000000000000000e+00 1.000000000000000000e+00 1.000000000000000000e+00 1.000000000000000000e+00 0.000000000000000000e+00
1.000000000000000000e+00 1.000000000000000000e+00 1.000000000000000000e+00 1.000000000000000000e+00 1.000000000000000000e+00 0.000000000000000000e+00
9.999999403953552246e-01 1.000000000000000000e+00 1.000000000000000000e+00 1.000000000000000000e+00 1.000000000000000000e+00 0.000000000000000000e+00
9.996718168258666992e-01 9.999998807907104492e-01 1.000000000000000000e+00 1.000000000000000000e+00 1.000000000000000000e+00 0.000000000000000000e+00
9.999980926513671875e-01 1.000000000000000000e+00 1.000000000000000000e+00 1.000000000000000000e+00 1.000000000000000000e+00 0.000000000000000000e+00
9.822482466697692871e-01 9.982053041458129883e-01 9.995223283767700195e-01 9.999982118606567383e-01 1.000000000000000000e+00 0.000000000000000000e+00
7.164087891578674316e-01 8.946313261985778809e-01 9.915872812271118164e-01 9.987178444862365723e-01 9.999151825904846191e-01 0.000000000000000000e+00
9.900622963905334473e-01 9.985795021057128906e-01 9.990661740303039551e-01 9.999828934669494629e-01 1.000000000000000000e+00 0.000000000000000000e+00
6.036126613616943359e-01 9.467205405235290527e-01 9.948585033416748047e-01 9.999460577964782715e-01 9.999888539314270020e-01 0.000000000000000000e+00
9.913292527198791504e-01 9.990441203117370605e-01 9.999937415122985840e-01 9.999991059303283691e-01 1.000000000000000000e+00 0.000000000000000000e+00
9.965671896934509277e-01 9.999685287475585938e-01 9.999983906745910645e-01 1.000000000000000000e+00 1.000000000000000000e+00 0.000000000000000000e+00
-3.939191401004791260e-01 -6.372965574264526367e-01 -4.505885541439056396e-01 -5.889247655868530273e-01 -5.984392762184143066e-01 0.000000000000000000e+00
-2.724076509475708008e-01 -3.657390922307968140e-02 -2.720039784908294678e-01 -3.980615437030792236e-01 -4.728859663009643555e-01 0.000000000000000000e+00
-4.015187621116638184e-01 -4.631305038928985596e-01 8.467646837234497070e-01 8.345848321914672852e-01 4.411190375685691833e-02 0.000000000000000000e+00
-4.847219586372375488e-01 -5.026287436485290527e-01 -4.152231514453887939e-01 -4.194940626621246338e-01 -5.099841356277465820e-01 0.000000000000000000e+00
-6.859798450022935867e-03 -1.084143519401550293e-01 -6.158542633056640625e-01 -7.398770451545715332e-01 -7.404960393905639648e-01 0.000000000000000000e+00
7.528726458549499512e-01 9.338210821151733398e-01 9.633941054344177246e-01 9.809212088584899902e-01 9.982162714004516602e-01 0.000000000000000000e+00
9.799774289131164551e-01 9.996195435523986816e-01 9.999934434890747070e-01 9.999999403953552246e-01 1.000000000000000000e+00 0.000000000000000000e+00
-1.534309685230255127e-01 2.719286084175109863e-01 4.778539240360260010e-01 5.054261088371276855e-01 9.932061433792114258e-01 0.000000000000000000e+00
-6.935529112815856934e-01 -6.484858393669128418e-01 -6.082799434661865234e-01 -6.193106174468994141e-01 -5.914638638496398926e-01 0.000000000000000000e+00
-6.320258975028991699e-01 -6.379916667938232422e-01 -7.483044862747192383e-01 -6.845852136611938477e-01 -7.237343192100524902e-01 0.000000000000000000e+00
9.933556914329528809e-01 9.999991655349731445e-01 1.000000000000000000e+00 1.000000000000000000e+00 1.000000000000000000e+00 0.000000000000000000e+00
9.831668138504028320e-01 9.996582865715026855e-01 9.999993443489074707e-01 1.000000000000000000e+00 1.000000000000000000e+00 0.000000000000000000e+00
5.034559369087219238e-01 9.581022858619689941e-01 9.964942932128906250e-01 9.999952912330627441e-01 9.999999403953552246e-01 0.000000000000000000e+00
6.340138912200927734e-01 9.045541286468505859e-01 9.604467153549194336e-01 7.863910794258117676e-01 9.931717514991760254e-01 0.000000000000000000e+00
8.068587779998779297e-01 9.628709554672241211e-01 9.986015558242797852e-01 9.999883174896240234e-01 9.999995827674865723e-01 0.000000000000000000e+00
9.999353885650634766e-01 1.000000000000000000e+00 1.000000000000000000e+00 1.000000000000000000e+00 1.000000000000000000e+00 0.000000000000000000e+00
9.956302642822265625e-01 1.000000000000000000e+00 1.000000000000000000e+00 1.000000000000000000e+00 1.000000000000000000e+00 0.000000000000000000e+00
9.999517202377319336e-01 1.000000000000000000e+00 1.000000000000000000e+00 1.000000000000000000e+00 1.000000000000000000e+00 0.000000000000000000e+00
9.994121789932250977e-01 1.000000000000000000e+00 1.000000000000000000e+00 1.000000000000000000e+00 1.000000000000000000e+00 0.000000000000000000e+00
9.999998807907104492e-01 1.000000000000000000e+00 1.000000000000000000e+00 1.000000000000000000e+00 1.000000000000000000e+00 0.000000000000000000e+00
-8.323268964886665344e-03 9.933649897575378418e-01 9.995666742324829102e-01 9.991760253906250000e-01 9.999999403953552246e-01 0.000000000000000000e+00
-5.701189041137695312e-01 8.204250335693359375e-01 1.676495373249053955e-01 9.926030635833740234e-01 9.999912977218627930e-01 0.000000000000000000e+00
9.477884173393249512e-01 9.967160820960998535e-01 9.995371103286743164e-01 9.995467066764831543e-01 9.999995827674865723e-01 1.000000000000000000e+00
9.994053840637207031e-01 1.000000000000000000e+00 1.000000000000000000e+00 1.000000000000000000e+00 1.000000000000000000e+00 2.000000000000000000e+00
9.477884173393249512e-01 9.967160820960998535e-01 9.995371103286743164e-01 9.995467066764831543e-01 9.999995827674865723e-01 1.000000000000000000e+00
9.994053840637207031e-01 1.000000000000000000e+00 1.000000000000000000e+00 1.000000000000000000e+00 1.000000000000000000e+00 2.000000000000000000e+00
9.477884173393249512e-01 9.967160820960998535e-01 9.995371103286743164e-01 9.995467066764831543e-01 9.999995827674865723e-01 1.000000000000000000e+00
9.994053840637207031e-01 1.000000000000000000e+00 1.000000000000000000e+00 1.000000000000000000e+00 1.000000000000000000e+00 2.000000000000000000e+00
9.477884173393249512e-01 9.967160820960998535e-01 9.995371103286743164e-01 9.995467066764831543e-01 9.999995827674865723e-01 1.000000000000000000e+00
9.994053840637207031e-01 1.000000000000000000e+00 1.000000000000000000e+00 1.000000000000000000e+00 1.000000000000000000e+00 2.000000000000000000e+00
9.477884173393249512e-01 9.967160820960998535e-01 9.995371103286743164e-01 9.995467066764831543e-01 9.999995827674865723e-01 1.000000000000000000e+00
9.994053840637207031e-01 1.000000000000000000e+00 1.000000000000000000e+00 1.000000000000000000e+00 1.000000000000000000e+00 2.000000000000000000e+00
9.477884173393249512e-01 9.967160820960998535e-01 9.995371103286743164e-01 9.995467066764831543e-01 9.999995827674865723e-01 1.000000000000000000e+00
9.994053840637207031e-01 1.000000000000000000e+00 1.000000000000000000e+00 1.000000000000000000e+00 1.000000000000000000e+00 2.000000000000000000e+00
9.477884173393249512e-01 9.967160820960998535e-01 9.995371103286743164e-01 9.995467066764831543e-01 9.999995827674865723e-01 1.000000000000000000e+00
9.994053840637207031e-01 1.000000000000000000e+00 1.000000000000000000e+00 1.000000000000000000e+00 1.000000000000000000e+00 2.000000000000000000e+00
9.477884173393249512e-01 9.967160820960998535e-01 9.995371103286743164e-01 9.995467066764831543e-01 9.999995827674865723e-01 1.000000000000000000e+00
9.994053840637207031e-01 1.000000000000000000e+00 1.000000000000000000e+00 1.000000000000000000e+00 1.000000000000000000e+00 2.000000000000000000e+00
9.477884173393249512e-01 9.967160820960998535e-01 9.995371103286743164e-01 9.995467066764831543e-01 9.999995827674865723e-01 1.000000000000000000e+00
9.994053840637207031e-01 1.000000000000000000e+00 1.000000000000000000e+00 1.000000000000000000e+00 1.000000000000000000e+00 2.000000000000000000e+00
9.477884173393249512e-01 9.967160820960998535e-01 9.995371103286743164e-01 9.995467066764831543e-01 9.999995827674865723e-01 1.000000000000000000e+00
9.994053840637207031e-01 1.000000000000000000e+00 1.000000000000000000e+00 1.000000000000000000e+00 1.000000000000000000e+00 2.000000000000000000e+00
9.869124293327331543e-01 9.999657273292541504e-01 9.999999403953552246e-01 1.000000000000000000e+00 1.000000000000000000e+00 0.000000000000000000e+00
5.914711952209472656e-01 9.754555225372314453e-01 9.985386133193969727e-01 9.999462962150573730e-01 9.999951720237731934e-01 0.000000000000000000e+00
9.983716607093811035e-01 9.999999403953552246e-01 1.000000000000000000e+00 1.000000000000000000e+00 1.000000000000000000e+00 0.000000000000000000e+00
9.999946951866149902e-01 1.000000000000000000e+00 1.000000000000000000e+00 1.000000000000000000e+00 1.000000000000000000e+00 0.000000000000000000e+00
9.377865791320800781e-01 9.820888638496398926e-01 9.999809265136718750e-01 9.999997019767761230e-01 1.000000000000000000e+00 0.000000000000000000e+00
9.971112012863159180e-01 9.991587996482849121e-01 9.999998807907104492e-01 1.000000000000000000e+00 1.000000000000000000e+00 0.000000000000000000e+00
7.228553295135498047e-01 5.397027730941772461e-01 9.812570810317993164e-01 9.904859066009521484e-01 9.999994635581970215e-01 0.000000000000000000e+00
9.999820590019226074e-01 1.000000000000000000e+00 1.000000000000000000e+00 1.000000000000000000e+00 1.000000000000000000e+00 0.000000000000000000e+00
9.950296282768249512e-01 9.999998807907104492e-01 1.000000000000000000e+00 1.000000000000000000e+00 1.000000000000000000e+00 0.000000000000000000e+00
9.999542832374572754e-01 1.000000000000000000e+00 1.000000000000000000e+00 1.000000000000000000e+00 1.000000000000000000e+00 0.000000000000000000e+00
9.997131824493408203e-01 9.999997615814208984e-01 1.000000000000000000e+00 1.000000000000000000e+00 1.000000000000000000e+00 0.000000000000000000e+00
9.999644756317138672e-01 1.000000000000000000e+00 1.000000000000000000e+00 1.000000000000000000e+00 1.000000000000000000e+00 0.000000000000000000e+00
9.999414086341857910e-01 1.000000000000000000e+00 1.000000000000000000e+00 1.000000000000000000e+00 1.000000000000000000e+00 0.000000000000000000e+00
9.999777674674987793e-01 1.000000000000000000e+00 1.000000000000000000e+00 1.000000000000000000e+00 1.000000000000000000e+00 0.000000000000000000e+00
9.995018243789672852e-01 9.999760985374450684e-01 9.999998211860656738e-01 1.000000000000000000e+00 1.000000000000000000e+00 0.000000000000000000e+00
9.767383933067321777e-01 9.999847412109375000e-01 9.999972581863403320e-01 9.690964818000793457e-01 9.905104041099548340e-01 0.000000000000000000e+00
9.471744298934936523e-01 9.999203681945800781e-01 9.999999403953552246e-01 1.000000000000000000e+00 1.000000000000000000e+00 0.000000000000000000e+00
9.086567759513854980e-01 9.989289045333862305e-01 9.997305274009704590e-01 9.998687505722045898e-01 9.999997019767761230e-01 0.000000000000000000e+00
6.557700634002685547e-01 9.930214881896972656e-01 9.999932646751403809e-01 1.000000000000000000e+00 1.000000000000000000e+00 0.000000000000000000e+00
9.800777435302734375e-01 9.624260067939758301e-01 9.999720454216003418e-01 1.000000000000000000e+00 1.000000000000000000e+00 1.000000000000000000e+00
4.911509156227111816e-01 -4.722752571105957031e-01 1.878643184900283813e-01 9.686223268508911133e-01 9.967635273933410645e-01 2.000000000000000000e+00
9.800777435302734375e-01 9.624260067939758301e-01 9.999720454216003418e-01 1.000000000000000000e+00 1.000000000000000000e+00 1.000000000000000000e+00
4.911509156227111816e-01 -4.722752571105957031e-01 1.878643184900283813e-01 9.686223268508911133e-01 9.967635273933410645e-01 2.000000000000000000e+00
9.800777435302734375e-01 9.624260067939758301e-01 9.999720454216003418e-01 1.000000000000000000e+00 1.000000000000000000e+00 1.000000000000000000e+00
4.911509156227111816e-01 -4.722752571105957031e-01 1.878643184900283813e-01 9.686223268508911133e-01 9.967635273933410645e-01 2.000000000000000000e+00
9.800777435302734375e-01 9.624260067939758301e-01 9.999720454216003418e-01 1.000000000000000000e+00 1.000000000000000000e+00 1.000000000000000000e+00
4.911509156227111816e-01 -4.722752571105957031e-01 1.878643184900283813e-01 9.686223268508911133e-01 9.967635273933410645e-01 2.000000000000000000e+00
9.800777435302734375e-01 9.624260067939758301e-01 9.999720454216003418e-01 1.000000000000000000e+00 1.000000000000000000e+00 1.000000000000000000e+00
4.911509156227111816e-01 -4.722752571105957031e-01 1.878643184900283813e-01 9.686223268508911133e-01 9.967635273933410645e-01 2.000000000000000000e+00
9.800777435302734375e-01 9.624260067939758301e-01 9.999720454216003418e-01 1.000000000000000000e+00 1.000000000000000000e+00 1.000000000000000000e+00
4.911509156227111816e-01 -4.722752571105957031e-01 1.878643184900283813e-01 9.686223268508911133e-01 9.967635273933410645e-01 2.000000000000000000e+00
9.800777435302734375e-01 9.624260067939758301e-01 9.999720454216003418e-01 1.000000000000000000e+00 1.000000000000000000e+00 1.000000000000000000e+00
4.911509156227111816e-01 -4.722752571105957031e-01 1.878643184900283813e-01 9.686223268508911133e-01 9.967635273933410645e-01 2.000000000000000000e+00
9.800777435302734375e-01 9.624260067939758301e-01 9.999720454216003418e-01 1.000000000000000000e+00 1.000000000000000000e+00 1.000000000000000000e+00
4.911509156227111816e-01 -4.722752571105957031e-01 1.878643184900283813e-01 9.686223268508911133e-01 9.967635273933410645e-01 2.000000000000000000e+00
9.800777435302734375e-01 9.624260067939758301e-01 9.999720454216003418e-01 1.000000000000000000e+00 1.000000000000000000e+00 1.000000000000000000e+00
4.911509156227111816e-01 -4.722752571105957031e-01 1.878643184900283813e-01 9.686223268508911133e-01 9.967635273933410645e-01 2.000000000000000000e+00
9.800777435302734375e-01 9.624260067939758301e-01 9.999720454216003418e-01 1.000000000000000000e+00 1.000000000000000000e+00 1.000000000000000000e+00
4.911509156227111816e-01 -4.722752571105957031e-01 1.878643184900283813e-01 9.686223268508911133e-01 9.967635273933410645e-01 2.000000000000000000e+00
9.980959892272949219e-01 9.997201561927795410e-01 9.999956488609313965e-01 1.000000000000000000e+00 1.000000000000000000e+00 0.000000000000000000e+00
-5.093425512313842773e-01 9.775612354278564453e-01 9.900694489479064941e-01 9.973167777061462402e-01 9.999994039535522461e-01 0.000000000000000000e+00
9.906615614891052246e-01 1.000000000000000000e+00 1.000000000000000000e+00 1.000000000000000000e+00 1.000000000000000000e+00 0.000000000000000000e+00
9.944440126419067383e-01 9.984212517738342285e-01 9.999158978462219238e-01 1.000000000000000000e+00 1.000000000000000000e+00 0.000000000000000000e+00
9.999975562095642090e-01 1.000000000000000000e+00 1.000000000000000000e+00 1.000000000000000000e+00 1.000000000000000000e+00 0.000000000000000000e+00
8.564732670783996582e-01 9.768559336662292480e-01 9.997078776359558105e-01 9.999998807907104492e-01 1.000000000000000000e+00 1.000000000000000000e+00
9.887781739234924316e-01 9.879518747329711914e-01 9.989224672317504883e-01 9.997548460960388184e-01 9.999948143959045410e-01 2.000000000000000000e+00
8.564732670783996582e-01 9.768559336662292480e-01 9.997078776359558105e-01 9.999998807907104492e-01 1.000000000000000000e+00 1.000000000000000000e+00
9.887781739234924316e-01 9.879518747329711914e-01 9.989224672317504883e-01 9.997548460960388184e-01 9.999948143959045410e-01 2.000000000000000000e+00
8.564732670783996582e-01 9.768559336662292480e-01 9.997078776359558105e-01 9.999998807907104492e-01 1.000000000000000000e+00 1.000000000000000000e+00
9.887781739234924316e-01 9.879518747329711914e-01 9.989224672317504883e-01 9.997548460960388184e-01 9.999948143959045410e-01 2.000000000000000000e+00
8.564732670783996582e-01 9.768559336662292480e-01 9.997078776359558105e-01 9.999998807907104492e-01 1.000000000000000000e+00 1.000000000000000000e+00
9.887781739234924316e-01 9.879518747329711914e-01 9.989224672317504883e-01 9.997548460960388184e-01 9.999948143959045410e-01 2.000000000000000000e+00
8.564732670783996582e-01 9.768559336662292480e-01 9.997078776359558105e-01 9.999998807907104492e-01 1.000000000000000000e+00 1.000000000000000000e+00
9.887781739234924316e-01 9.879518747329711914e-01 9.989224672317504883e-01 9.997548460960388184e-01 9.999948143959045410e-01 2.000000000000000000e+00
8.564732670783996582e-01 9.768559336662292480e-01 9.997078776359558105e-01 9.999998807907104492e-01 1.000000000000000000e+00 1.000000000000000000e+00
9.887781739234924316e-01 9.879518747329711914e-01 9.989224672317504883e-01 9.997548460960388184e-01 9.999948143959045410e-01 2.000000000000000000e+00
8.564732670783996582e-01 9.768559336662292480e-01 9.997078776359558105e-01 9.999998807907104492e-01 1.000000000000000000e+00 1.000000000000000000e+00
9.887781739234924316e-01 9.879518747329711914e-01 9.989224672317504883e-01 9.997548460960388184e-01 9.999948143959045410e-01 2.000000000000000000e+00
8.564732670783996582e-01 9.768559336662292480e-01 9.997078776359558105e-01 9.999998807907104492e-01 1.000000000000000000e+00 1.000000000000000000e+00
9.887781739234924316e-01 9.879518747329711914e-01 9.989224672317504883e-01 9.997548460960388184e-01 9.999948143959045410e-01 2.000000000000000000e+00
8.564732670783996582e-01 9.768559336662292480e-01 9.997078776359558105e-01 9.999998807907104492e-01 1.000000000000000000e+00 1.000000000000000000e+00
9.887781739234924316e-01 9.879518747329711914e-01 9.989224672317504883e-01 9.997548460960388184e-01 9.999948143959045410e-01 2.000000000000000000e+00
8.564732670783996582e-01 9.768559336662292480e-01 9.997078776359558105e-01 9.999998807907104492e-01 1.000000000000000000e+00 1.000000000000000000e+00
9.887781739234924316e-01 9.879518747329711914e-01 9.989224672317504883e-01 9.997548460960388184e-01 9.999948143959045410e-01 2.000000000000000000e+00
9.994495511054992676e-01 9.999964833259582520e-01 9.999998211860656738e-01 1.000000000000000000e+00 1.000000000000000000e+00 0.000000000000000000e+00
-5.027520656585693359e-01 -3.935197591781616211e-01 -3.530688881874084473e-01 8.493849039077758789e-01 9.969063997268676758e-01 0.000000000000000000e+00
9.991704225540161133e-01 9.999002218246459961e-01 9.999836087226867676e-01 9.999992251396179199e-01 1.000000000000000000e+00 0.000000000000000000e+00
9.992973208427429199e-01 9.999643564224243164e-01 9.999998211860656738e-01 1.000000000000000000e+00 1.000000000000000000e+00 0.000000000000000000e+00
5.887255072593688965e-01 -4.836684465408325195e-01 -5.121149420738220215e-01 -6.343283653259277344e-01 -4.492514729499816895e-01 0.000000000000000000e+00
9.991309046745300293e-01 9.999939799308776855e-01 1.000000000000000000e+00 1.000000000000000000e+00 1.000000000000000000e+00 0.000000000000000000e+00
9.995363354682922363e-01 9.999994039535522461e-01 1.000000000000000000e+00 1.000000000000000000e+00 1.000000000000000000e+00 0.000000000000000000e+00
9.639311432838439941e-01 9.999996423721313477e-01 1.000000000000000000e+00 1.000000000000000000e+00 1.000000000000000000e+00 0.000000000000000000e+00
9.662998914718627930e-01 9.730646014213562012e-01 9.863320589065551758e-01 9.993157982826232910e-01 9.999867677688598633e-01 0.000000000000000000e+00
9.394398331642150879e-01 9.232056736946105957e-01 9.976662397384643555e-01 9.999820590019226074e-01 9.999997019767761230e-01 0.000000000000000000e+00
-4.619265198707580566e-01 9.474593997001647949e-01 9.992491006851196289e-01 9.999999403953552246e-01 1.000000000000000000e+00 0.000000000000000000e+00
1.980437338352203369e-01 9.890816807746887207e-01 9.999887943267822266e-01 1.000000000000000000e+00 1.000000000000000000e+00 0.000000000000000000e+00
-6.208420991897583008e-01 -6.747127771377563477e-01 -6.573206186294555664e-01 -5.246921181678771973e-01 -4.788194000720977783e-01 0.000000000000000000e+00
3.395160436630249023e-01 9.200747609138488770e-01 8.594666123390197754e-01 9.995607137680053711e-01 9.999665021896362305e-01 0.000000000000000000e+00
9.900516271591186523e-01 9.983935952186584473e-01 9.999880194664001465e-01 9.999997615814208984e-01 1.000000000000000000e+00 0.000000000000000000e+00
7.747964262962341309e-01 9.786835908889770508e-01 9.804900288581848145e-01 9.984714984893798828e-01 9.999713897705078125e-01 0.000000000000000000e+00
7.301639318466186523e-01 9.946932196617126465e-01 9.882211685180664062e-01 9.974085092544555664e-01 9.986727833747863770e-01 0.000000000000000000e+00
9.741941690444946289e-01 9.997221827507019043e-01 9.999950528144836426e-01 1.000000000000000000e+00 1.000000000000000000e+00 0.000000000000000000e+00
6.398218870162963867e-01 1.191114410758018494e-01 9.821106679737567902e-03 9.418783783912658691e-01 9.997390508651733398e-01 0.000000000000000000e+00
-3.868264257907867432e-01 -3.335050940513610840e-01 -4.095115065574645996e-01 -6.018155217170715332e-01 -6.975659728050231934e-01 0.000000000000000000e+00
8.695691823959350586e-01 6.905920505523681641e-01 -2.708886861801147461e-01 -4.629854559898376465e-01 -5.555392503738403320e-01 0.000000000000000000e+00
9.966517090797424316e-01 9.999777674674987793e-01 9.999999403953552246e-01 1.000000000000000000e+00 1.000000000000000000e+00 0.000000000000000000e+00
9.993692040443420410e-01 9.999989867210388184e-01 1.000000000000000000e+00 1.000000000000000000e+00 1.000000000000000000e+00 0.000000000000000000e+00
9.986374974250793457e-01 9.999995231628417969e-01 1.000000000000000000e+00 1.000000000000000000e+00 1.000000000000000000e+00 0.000000000000000000e+00
9.976122379302978516e-01 1.000000000000000000e+00 1.000000000000000000e+00 1.000000000000000000e+00 1.000000000000000000e+00 0.000000000000000000e+00
9.999791979789733887e-01 1.000000000000000000e+00 1.000000000000000000e+00 1.000000000000000000e+00 1.000000000000000000e+00 0.000000000000000000e+00
9.999921917915344238e-01 1.000000000000000000e+00 1.000000000000000000e+00 1.000000000000000000e+00 1.000000000000000000e+00 0.000000000000000000e+00
9.978883266448974609e-01 9.999525547027587891e-01 9.999999403953552246e-01 1.000000000000000000e+00 1.000000000000000000e+00 1.000000000000000000e+00
9.368062615394592285e-01 9.995775818824768066e-01 9.999957084655761719e-01 1.000000000000000000e+00 1.000000000000000000e+00 2.000000000000000000e+00
9.978883266448974609e-01 9.999525547027587891e-01 9.999999403953552246e-01 1.000000000000000000e+00 1.000000000000000000e+00 1.000000000000000000e+00
9.368062615394592285e-01 9.995775818824768066e-01 9.999957084655761719e-01 1.000000000000000000e+00 1.000000000000000000e+00 2.000000000000000000e+00
9.978883266448974609e-01 9.999525547027587891e-01 9.999999403953552246e-01 1.000000000000000000e+00 1.000000000000000000e+00 1.000000000000000000e+00
9.368062615394592285e-01 9.995775818824768066e-01 9.999957084655761719e-01 1.000000000000000000e+00 1.000000000000000000e+00 2.000000000000000000e+00
9.978883266448974609e-01 9.999525547027587891e-01 9.999999403953552246e-01 1.000000000000000000e+00 1.000000000000000000e+00 1.000000000000000000e+00
9.368062615394592285e-01 9.995775818824768066e-01 9.999957084655761719e-01 1.000000000000000000e+00 1.000000000000000000e+00 2.000000000000000000e+00
9.978883266448974609e-01 9.999525547027587891e-01 9.999999403953552246e-01 1.000000000000000000e+00 1.000000000000000000e+00 1.000000000000000000e+00
9.368062615394592285e-01 9.995775818824768066e-01 9.999957084655761719e-01 1.000000000000000000e+00 1.000000000000000000e+00 2.000000000000000000e+00
9.978883266448974609e-01 9.999525547027587891e-01 9.999999403953552246e-01 1.000000000000000000e+00 1.000000000000000000e+00 1.000000000000000000e+00
9.368062615394592285e-01 9.995775818824768066e-01 9.999957084655761719e-01 1.000000000000000000e+00 1.000000000000000000e+00 2.000000000000000000e+00
9.978883266448974609e-01 9.999525547027587891e-01 9.999999403953552246e-01 1.000000000000000000e+00 1.000000000000000000e+00 1.000000000000000000e+00
9.368062615394592285e-01 9.995775818824768066e-01 9.999957084655761719e-01 1.000000000000000000e+00 1.000000000000000000e+00 2.000000000000000000e+00
9.978883266448974609e-01 9.999525547027587891e-01 9.999999403953552246e-01 1.000000000000000000e+00 1.000000000000000000e+00 1.000000000000000000e+00
9.368062615394592285e-01 9.995775818824768066e-01 9.999957084655761719e-01 1.000000000000000000e+00 1.000000000000000000e+00 2.000000000000000000e+00
9.978883266448974609e-01 9.999525547027587891e-01 9.999999403953552246e-01 1.000000000000000000e+00 1.000000000000000000e+00 1.000000000000000000e+00
9.368062615394592285e-01 9.995775818824768066e-01 9.999957084655761719e-01 1.000000000000000000e+00 1.000000000000000000e+00 2.000000000000000000e+00
9.978883266448974609e-01 9.999525547027587891e-01 9.999999403953552246e-01 1.000000000000000000e+00 1.000000000000000000e+00 1.000000000000000000e+00
9.368062615394592285e-01 9.995775818824768066e-01 9.999957084655761719e-01 1.000000000000000000e+00 1.000000000000000000e+00 2.000000000000000000e+00
9.995571374893188477e-01 9.999969601631164551e-01 1.000000000000000000e+00 1.000000000000000000e+00 1.000000000000000000e+00 0.000000000000000000e+00
9.959092140197753906e-01 9.999998807907104492e-01 1.000000000000000000e+00 1.000000000000000000e+00 1.000000000000000000e+00 0.000000000000000000e+00
9.997345209121704102e-01 1.000000000000000000e+00 1.000000000000000000e+00 1.000000000000000000e+00 1.000000000000000000e+00 0.000000000000000000e+00
8.327708840370178223e-01 9.999113082885742188e-01 9.999998807907104492e-01 1.000000000000000000e+00 1.000000000000000000e+00 0.000000000000000000e+00
9.877617955207824707e-01 9.999688863754272461e-01 9.999999403953552246e-01 1.000000000000000000e+00 1.000000000000000000e+00 0.000000000000000000e+00
9.805160760879516602e-01 9.997736215591430664e-01 9.999996423721313477e-01 1.000000000000000000e+00 1.000000000000000000e+00 0.000000000000000000e+00
9.983384013175964355e-01 9.997337460517883301e-01 9.999954700469970703e-01 9.999999403953552246e-01 1.000000000000000000e+00 0.000000000000000000e+00
-5.586503744125366211e-01 -6.953297853469848633e-01 -8.069570064544677734e-01 -9.435450434684753418e-01 -9.911585450172424316e-01 0.000000000000000000e+00
1.308536082506179810e-01 -6.245883703231811523e-01 -6.224308013916015625e-01 -7.859264612197875977e-01 -9.296029210090637207e-01 0.000000000000000000e+00
9.152777194976806641e-01 8.794540166854858398e-01 8.416826128959655762e-01 9.304213523864746094e-01 9.269658327102661133e-01 0.000000000000000000e+00
-4.180820882320404053e-01 -4.063305854797363281e-01 -5.808886289596557617e-01 -7.652792334556579590e-01 -9.039204716682434082e-01 0.000000000000000000e+00
-5.049163103103637695e-01 -5.726542472839355469e-01 -7.325959205627441406e-01 -8.274278640747070312e-01 -9.379154443740844727e-01 0.000000000000000000e+00
-2.645437419414520264e-01 -1.054749563336372375e-01 -4.644695818424224854e-01 -5.354431271553039551e-01 -7.658661603927612305e-01 0.000000000000000000e+00
-5.089076161384582520e-01 -7.063342332839965820e-01 -7.782807350158691406e-01 -7.504570484161376953e-01 -8.326441049575805664e-01 0.000000000000000000e+00
9.479784369468688965e-01 9.999999403953552246e-01 1.000000000000000000e+00 1.000000000000000000e+00 1.000000000000000000e+00 0.000000000000000000e+00
9.994774460792541504e-01 9.999998807907104492e-01 1.000000000000000000e+00 1.000000000000000000e+00 1.000000000000000000e+00 0.000000000000000000e+00
9.990301728248596191e-01 9.999999403953552246e-01 1.000000000000000000e+00 1.000000000000000000e+00 1.000000000000000000e+00 0.000000000000000000e+00
9.973887801170349121e-01 9.999979138374328613e-01 1.000000000000000000e+00 1.000000000000000000e+00 1.000000000000000000e+00 0.000000000000000000e+00
9.576739668846130371e-01 9.999975562095642090e-01 1.000000000000000000e+00 1.000000000000000000e+00 1.000000000000000000e+00 0.000000000000000000e+00
9.632732868194580078e-01 9.996621012687683105e-01 9.999989271163940430e-01 1.000000000000000000e+00 1.000000000000000000e+00 0.000000000000000000e+00
9.989235997200012207e-01 9.999997615814208984e-01 1.000000000000000000e+00 1.000000000000000000e+00 1.000000000000000000e+00 0.000000000000000000e+00
8.707741498947143555e-01 9.788063168525695801e-01 9.982149600982666016e-01 9.998977780342102051e-01 9.999990463256835938e-01 0.000000000000000000e+00
9.366973638534545898e-01 9.859522581100463867e-01 9.993951916694641113e-01 9.999957680702209473e-01 1.000000000000000000e+00 0.000000000000000000e+00
-3.722307682037353516e-01 6.647847890853881836e-01 -1.580959768034517765e-03 8.576027750968933105e-01 9.845797419548034668e-01 0.000000000000000000e+00
8.720201253890991211e-01 9.288893938064575195e-01 9.518335461616516113e-01 9.594748616218566895e-01 9.966066479682922363e-01 0.000000000000000000e+00
2.907260060310363770e-01 2.551560699939727783e-01 8.605335652828216553e-02 6.552293300628662109e-01 9.342793822288513184e-01 0.000000000000000000e+00
-2.409994155168533325e-01 -4.416089653968811035e-01 -5.509722232818603516e-01 -5.841587185859680176e-01 -5.865816473960876465e-01 0.000000000000000000e+00
6.365671157836914062e-01 9.632166624069213867e-01 9.859052300453186035e-01 9.991706609725952148e-01 9.988141059875488281e-01 0.000000000000000000e+00
1.000000000000000000e+00 1.000000000000000000e+00 1.000000000000000000e+00 1.000000000000000000e+00 1.000000000000000000e+00 0.000000000000000000e+00
9.999978542327880859e-01 1.000000000000000000e+00 1.000000000000000000e+00 1.000000000000000000e+00 1.000000000000000000e+00 0.000000000000000000e+00
1.000000000000000000e+00 1.000000000000000000e+00 1.000000000000000000e+00 1.000000000000000000e+00 1.000000000000000000e+00 0.000000000000000000e+00
9.947205185890197754e-01 9.999947547912597656e-01 1.000000000000000000e+00 1.000000000000000000e+00 1.000000000000000000e+00 0.000000000000000000e+00
9.861184358596801758e-01 9.994119405746459961e-01 9.999963045120239258e-01 9.999999403953552246e-01 1.000000000000000000e+00 0.000000000000000000e+00
9.999672174453735352e-01 1.000000000000000000e+00 1.000000000000000000e+00 1.000000000000000000e+00 1.000000000000000000e+00 0.000000000000000000e+00
9.999055862426757812e-01 1.000000000000000000e+00 1.000000000000000000e+00 1.000000000000000000e+00 1.000000000000000000e+00 0.000000000000000000e+00
9.999998807907104492e-01 1.000000000000000000e+00 1.000000000000000000e+00 1.000000000000000000e+00 1.000000000000000000e+00 0.000000000000000000e+00
9.999997615814208984e-01 1.000000000000000000e+00 1.000000000000000000e+00 1.000000000000000000e+00 1.000000000000000000e+00 0.000000000000000000e+00
9.999995231628417969e-01 1.000000000000000000e+00 1.000000000000000000e+00 1.000000000000000000e+00 1.000000000000000000e+00 0.000000000000000000e+00
9.999993443489074707e-01 1.000000000000000000e+00 1.000000000000000000e+00 1.000000000000000000e+00 1.000000000000000000e+00 0.000000000000000000e+00
9.999999403953552246e-01 1.000000000000000000e+00 1.000000000000000000e+00 1.000000000000000000e+00 1.000000000000000000e+00 0.000000000000000000e+00
1.000000000000000000e+00 1.000000000000000000e+00 1.000000000000000000e+00 1.000000000000000000e+00 1.000000000000000000e+00 0.000000000000000000e+00
1.000000000000000000e+00 1.000000000000000000e+00 1.000000000000000000e+00 1.000000000000000000e+00 1.000000000000000000e+00 0.000000000000000000e+00
9.929278492927551270e-01 9.999997615814208984e-01 1.000000000000000000e+00 1.000000000000000000e+00 1.000000000000000000e+00 0.000000000000000000e+00
9.935338497161865234e-01 9.994042515754699707e-01 9.999991655349731445e-01 1.000000000000000000e+00 1.000000000000000000e+00 0.000000000000000000e+00
8.233317136764526367e-01 9.292742013931274414e-01 9.947576522827148438e-01 9.999227523803710938e-01 9.999997019767761230e-01 0.000000000000000000e+00
9.079295992851257324e-01 9.739049077033996582e-01 9.920110702514648438e-01 9.989545941352844238e-01 9.999571442604064941e-01 0.000000000000000000e+00
9.392213821411132812e-01 9.851121306419372559e-01 9.958384037017822266e-01 9.997223019599914551e-01 9.999947547912597656e-01 0.000000000000000000e+00
9.150380492210388184e-01 9.977263212203979492e-01 9.999901652336120605e-01 9.999996423721313477e-01 1.000000000000000000e+00 0.000000000000000000e+00
9.309601783752441406e-01 9.997215867042541504e-01 9.999884963035583496e-01 9.999999403953552246e-01 1.000000000000000000e+00 0.000000000000000000e+00
9.963649511337280273e-01 9.999909400939941406e-01 1.000000000000000000e+00 1.000000000000000000e+00 1.000000000000000000e+00 0.000000000000000000e+00
9.836508035659790039e-01 9.998273849487304688e-01 9.999989271163940430e-01 1.000000000000000000e+00 1.000000000000000000e+00 0.000000000000000000e+00
9.973487854003906250e-01 9.999813437461853027e-01 9.999997019767761230e-01 1.000000000000000000e+00 1.000000000000000000e+00 0.000000000000000000e+00
9.995877742767333984e-01 9.999980926513671875e-01 9.999999403953552246e-01 1.000000000000000000e+00 1.000000000000000000e+00 0.000000000000000000e+00
9.981057047843933105e-01 9.999437928199768066e-01 9.999992251396179199e-01 1.000000000000000000e+00 1.000000000000000000e+00 0.000000000000000000e+00
9.990037083625793457e-01 9.999882578849792480e-01 1.000000000000000000e+00 1.000000000000000000e+00 1.000000000000000000e+00 0.000000000000000000e+00
9.655234813690185547e-01 9.910957813262939453e-01 9.992135167121887207e-01 9.999999403953552246e-01 1.000000000000000000e+00 0.000000000000000000e+00
9.988610148429870605e-01 1.000000000000000000e+00 1.000000000000000000e+00 1.000000000000000000e+00 1.000000000000000000e+00 0.000000000000000000e+00
9.922972321510314941e-01 9.999955892562866211e-01 1.000000000000000000e+00 1.000000000000000000e+00 1.000000000000000000e+00 0.000000000000000000e+00
9.909117221832275391e-01 9.999987483024597168e-01 1.000000000000000000e+00 1.000000000000000000e+00 1.000000000000000000e+00 0.000000000000000000e+00
9.766992330551147461e-01 9.999825358390808105e-01 1.000000000000000000e+00 1.000000000000000000e+00 1.000000000000000000e+00 0.000000000000000000e+00
9.027236104011535645e-01 9.995950460433959961e-01 9.999992251396179199e-01 1.000000000000000000e+00 1.000000000000000000e+00 0.000000000000000000e+00
9.452815055847167969e-01 9.984791278839111328e-01 9.999964833259582520e-01 1.000000000000000000e+00 1.000000000000000000e+00 0.000000000000000000e+00
9.076440334320068359e-01 9.966785311698913574e-01 9.998626112937927246e-01 9.999995231628417969e-01 1.000000000000000000e+00 0.000000000000000000e+00
-4.181351065635681152e-01 -5.510694980621337891e-01 -7.064688205718994141e-01 -7.520129084587097168e-01 -8.636295795440673828e-01 0.000000000000000000e+00
-3.963745832443237305e-01 -4.095692038536071777e-01 -5.240026116371154785e-01 -6.789240837097167969e-01 -7.277251482009887695e-01 0.000000000000000000e+00
-6.088013648986816406e-01 -5.539808869361877441e-01 -6.057400703430175781e-01 -6.730313897132873535e-01 -8.168604969978332520e-01 0.000000000000000000e+00
-6.028634309768676758e-01 -6.121661663055419922e-01 -6.313509345054626465e-01 -7.222402095794677734e-01 -7.901761531829833984e-01 0.000000000000000000e+00
-6.268950700759887695e-01 -7.695109844207763672e-01 -7.903001308441162109e-01 -9.089092016220092773e-01 -9.489462375640869141e-01 0.000000000000000000e+00
-3.113543987274169922e-01 -2.205234915018081665e-01 -4.862529635429382324e-01 -5.637066960334777832e-01 -7.284203767776489258e-01 0.000000000000000000e+00
-7.118102908134460449e-01 -5.195224285125732422e-01 -6.261373758316040039e-01 -7.587679624557495117e-01 -7.438491582870483398e-01 0.000000000000000000e+00
9.999974966049194336e-01 1.000000000000000000e+00 1.000000000000000000e+00 1.000000000000000000e+00 1.000000000000000000e+00 0.000000000000000000e+00
9.999998211860656738e-01 1.000000000000000000e+00 1.000000000000000000e+00 1.000000000000000000e+00 1.000000000000000000e+00 0.000000000000000000e+00
9.999991059303283691e-01 1.000000000000000000e+00 1.000000000000000000e+00 1.000000000000000000e+00 1.000000000000000000e+00 0.000000000000000000e+00
9.993673563003540039e-01 1.000000000000000000e+00 1.000000000000000000e+00 1.000000000000000000e+00 1.000000000000000000e+00 0.000000000000000000e+00
7.340807318687438965e-01 9.993880391120910645e-01 9.999999403953552246e-01 1.000000000000000000e+00 1.000000000000000000e+00 0.000000000000000000e+00
8.819704055786132812e-01 9.997658133506774902e-01 9.999966025352478027e-01 9.999999403953552246e-01 1.000000000000000000e+00 0.000000000000000000e+00
9.970924854278564453e-01 9.992602467536926270e-01 9.999936223030090332e-01 9.999980330467224121e-01 1.000000000000000000e+00 0.000000000000000000e+00
9.937149882316589355e-01 9.997938275337219238e-01 9.999788403511047363e-01 9.999996423721313477e-01 1.000000000000000000e+00 0.000000000000000000e+00
5.166372060775756836e-01 6.330502033233642578e-01 9.690163135528564453e-01 9.994341731071472168e-01 9.999995231628417969e-01 0.000000000000000000e+00
9.980604052543640137e-01 9.998357295989990234e-01 9.998476505279541016e-01 9.999999403953552246e-01 1.000000000000000000e+00 0.000000000000000000e+00
9.268480539321899414e-01 9.994915127754211426e-01 9.999969005584716797e-01 1.000000000000000000e+00 1.000000000000000000e+00 0.000000000000000000e+00
-1.768903732299804688e-01 9.852846264839172363e-01 9.999995827674865723e-01 1.000000000000000000e+00 1.000000000000000000e+00 0.000000000000000000e+00
9.860224723815917969e-01 9.987969398498535156e-01 9.999998211860656738e-01 1.000000000000000000e+00 1.000000000000000000e+00 0.000000000000000000e+00
9.861860871315002441e-01 9.977704882621765137e-01 9.873381257057189941e-01 9.993451237678527832e-01 9.999997615814208984e-01 0.000000000000000000e+00
1.764909923076629639e-01 -1.518317013978958130e-01 -3.891387283802032471e-01 -2.736237645149230957e-01 8.621808290481567383e-01 0.000000000000000000e+00
-7.682386040687561035e-01 -6.110177636146545410e-01 -7.866104245185852051e-01 -9.092369675636291504e-01 -9.287891983985900879e-01 0.000000000000000000e+00
9.812152385711669922e-01 9.996555447578430176e-01 9.999901056289672852e-01 1.000000000000000000e+00 1.000000000000000000e+00 0.000000000000000000e+00
9.764295816421508789e-01 9.992012381553649902e-01 9.999989867210388184e-01 1.000000000000000000e+00 1.000000000000000000e+00 0.000000000000000000e+00
-5.525250434875488281e-01 -6.463228464126586914e-01 -5.552492141723632812e-01 -6.708546876907348633e-01 -7.705445289611816406e-01 0.000000000000000000e+00
1.000000000000000000e+00 1.000000000000000000e+00 1.000000000000000000e+00 1.000000000000000000e+00 1.000000000000000000e+00 0.000000000000000000e+00
-6.390584111213684082e-01 8.910312652587890625e-01 9.699492454528808594e-01 9.999334812164306641e-01 9.999998807907104492e-01 0.000000000000000000e+00
9.999951124191284180e-01 1.000000000000000000e+00 1.000000000000000000e+00 1.000000000000000000e+00 1.000000000000000000e+00 0.000000000000000000e+00
9.999985098838806152e-01 1.000000000000000000e+00 1.000000000000000000e+00 1.000000000000000000e+00 1.000000000000000000e+00 0.000000000000000000e+00
9.999999403953552246e-01 1.000000000000000000e+00 1.000000000000000000e+00 1.000000000000000000e+00 1.000000000000000000e+00 0.000000000000000000e+00
9.999003410339355469e-01 9.999999403953552246e-01 1.000000000000000000e+00 1.000000000000000000e+00 1.000000000000000000e+00 0.000000000000000000e+00
9.850551486015319824e-01 1.000000000000000000e+00 1.000000000000000000e+00 1.000000000000000000e+00 1.000000000000000000e+00 0.000000000000000000e+00
9.999991655349731445e-01 1.000000000000000000e+00 1.000000000000000000e+00 1.000000000000000000e+00 1.000000000000000000e+00 0.000000000000000000e+00
9.876325726509094238e-01 9.999897480010986328e-01 1.000000000000000000e+00 1.000000000000000000e+00 1.000000000000000000e+00 0.000000000000000000e+00
9.735472202301025391e-01 9.997230768203735352e-01 9.999994635581970215e-01 1.000000000000000000e+00 1.000000000000000000e+00 0.000000000000000000e+00
9.801402091979980469e-01 9.998434782028198242e-01 9.999997019767761230e-01 1.000000000000000000e+00 1.000000000000000000e+00 0.000000000000000000e+00
9.981462359428405762e-01 9.999954104423522949e-01 1.000000000000000000e+00 1.000000000000000000e+00 1.000000000000000000e+00 0.000000000000000000e+00
9.982519745826721191e-01 9.999986886978149414e-01 1.000000000000000000e+00 1.000000000000000000e+00 1.000000000000000000e+00 0.000000000000000000e+00
9.991257786750793457e-01 9.999985694885253906e-01 1.000000000000000000e+00 1.000000000000000000e+00 1.000000000000000000e+00 0.000000000000000000e+00
9.993428587913513184e-01 9.999995231628417969e-01 1.000000000000000000e+00 1.000000000000000000e+00 1.000000000000000000e+00 0.000000000000000000e+00
9.995701909065246582e-01 9.999998211860656738e-01 1.000000000000000000e+00 1.000000000000000000e+00 1.000000000000000000e+00 0.000000000000000000e+00
-4.690641462802886963e-01 9.909089803695678711e-01 9.999991655349731445e-01 1.000000000000000000e+00 1.000000000000000000e+00 0.000000000000000000e+00
9.999451041221618652e-01 9.999998807907104492e-01 1.000000000000000000e+00 1.000000000000000000e+00 1.000000000000000000e+00 0.000000000000000000e+00
9.999977350234985352e-01 1.000000000000000000e+00 1.000000000000000000e+00 1.000000000000000000e+00 1.000000000000000000e+00 0.000000000000000000e+00
9.998116493225097656e-01 9.999998807907104492e-01 1.000000000000000000e+00 1.000000000000000000e+00 1.000000000000000000e+00 0.000000000000000000e+00
8.595699667930603027e-01 9.909078478813171387e-01 9.974978566169738770e-01 9.999893903732299805e-01 1.000000000000000000e+00 0.000000000000000000e+00
9.943937659263610840e-01 9.999969601631164551e-01 1.000000000000000000e+00 1.000000000000000000e+00 1.000000000000000000e+00 0.000000000000000000e+00
9.999795556068420410e-01 1.000000000000000000e+00 1.000000000000000000e+00 1.000000000000000000e+00 1.000000000000000000e+00 0.000000000000000000e+00
8.047104477882385254e-01 9.942740201950073242e-01 9.999994635581970215e-01 1.000000000000000000e+00 1.000000000000000000e+00 1.000000000000000000e+00
9.947237372398376465e-01 9.999848008155822754e-01 1.000000000000000000e+00 1.000000000000000000e+00 1.000000000000000000e+00 2.000000000000000000e+00
8.047104477882385254e-01 9.942740201950073242e-01 9.999994635581970215e-01 1.000000000000000000e+00 1.000000000000000000e+00 1.000000000000000000e+00
9.947237372398376465e-01 9.999848008155822754e-01 1.000000000000000000e+00 1.000000000000000000e+00 1.000000000000000000e+00 2.000000000000000000e+00
8.047104477882385254e-01 9.942740201950073242e-01 9.999994635581970215e-01 1.000000000000000000e+00 1.000000000000000000e+00 1.000000000000000000e+00
9.947237372398376465e-01 9.999848008155822754e-01 1.000000000000000000e+00 1.000000000000000000e+00 1.000000000000000000e+00 2.000000000000000000e+00
8.047104477882385254e-01 9.942740201950073242e-01 9.999994635581970215e-01 1.000000000000000000e+00 1.000000000000000000e+00 1.000000000000000000e+00
9.947237372398376465e-01 9.999848008155822754e-01 1.000000000000000000e+00 1.000000000000000000e+00 1.000000000000000000e+00 2.000000000000000000e+00
8.047104477882385254e-01 9.942740201950073242e-01 9.999994635581970215e-01 1.000000000000000000e+00 1.000000000000000000e+00 1.000000000000000000e+00
9.947237372398376465e-01 9.999848008155822754e-01 1.000000000000000000e+00 1.000000000000000000e+00 1.000000000000000000e+00 2.000000000000000000e+00
8.047104477882385254e-01 9.942740201950073242e-01 9.999994635581970215e-01 1.000000000000000000e+00 1.000000000000000000e+00 1.000000000000000000e+00
9.947237372398376465e-01 9.999848008155822754e-01 1.000000000000000000e+00 1.000000000000000000e+00 1.000000000000000000e+00 2.000000000000000000e+00
8.047104477882385254e-01 9.942740201950073242e-01 9.999994635581970215e-01 1.000000000000000000e+00 1.000000000000000000e+00 1.000000000000000000e+00
9.947237372398376465e-01 9.999848008155822754e-01 1.000000000000000000e+00 1.000000000000000000e+00 1.000000000000000000e+00 2.000000000000000000e+00
8.047104477882385254e-01 9.942740201950073242e-01 9.999994635581970215e-01 1.000000000000000000e+00 1.000000000000000000e+00 1.000000000000000000e+00
9.947237372398376465e-01 9.999848008155822754e-01 1.000000000000000000e+00 1.000000000000000000e+00 1.000000000000000000e+00 2.000000000000000000e+00
8.047104477882385254e-01 9.942740201950073242e-01 9.999994635581970215e-01 1.000000000000000000e+00 1.000000000000000000e+00 1.000000000000000000e+00
9.947237372398376465e-01 9.999848008155822754e-01 1.000000000000000000e+00 1.000000000000000000e+00 1.000000000000000000e+00 2.000000000000000000e+00
8.047104477882385254e-01 9.942740201950073242e-01 9.999994635581970215e-01 1.000000000000000000e+00 1.000000000000000000e+00 1.000000000000000000e+00
9.947237372398376465e-01 9.999848008155822754e-01 1.000000000000000000e+00 1.000000000000000000e+00 1.000000000000000000e+00 2.000000000000000000e+00
9.937888979911804199e-01 9.988294243812561035e-01 9.999415874481201172e-01 9.999969601631164551e-01 1.000000000000000000e+00 0.000000000000000000e+00
9.834530353546142578e-01 9.969937801361083984e-01 9.997543692588806152e-01 9.999927878379821777e-01 9.999997615814208984e-01 0.000000000000000000e+00
9.929624199867248535e-01 9.999276399612426758e-01 9.999997615814208984e-01 1.000000000000000000e+00 1.000000000000000000e+00 0.000000000000000000e+00
9.150323867797851562e-01 9.864842891693115234e-01 9.986566901206970215e-01 9.978698492050170898e-01 9.992570877075195312e-01 0.000000000000000000e+00
9.851276278495788574e-01 9.975929856300354004e-01 9.998124241828918457e-01 9.999388456344604492e-01 9.999554157257080078e-01 0.000000000000000000e+00
6.017987728118896484e-01 7.744395732879638672e-01 8.121969699859619141e-01 9.581678509712219238e-01 9.875271320343017578e-01 0.000000000000000000e+00
4.247815310955047607e-01 7.857026457786560059e-01 9.215762615203857422e-01 9.230158925056457520e-01 9.568647742271423340e-01 0.000000000000000000e+00
9.973168373107910156e-01 9.999954104423522949e-01 1.000000000000000000e+00 1.000000000000000000e+00 1.000000000000000000e+00 0.000000000000000000e+00
9.999928474426269531e-01 1.000000000000000000e+00 1.000000000000000000e+00 1.000000000000000000e+00 1.000000000000000000e+00 0.000000000000000000e+00
9.999941587448120117e-01 1.000000000000000000e+00 1.000000000000000000e+00 1.000000000000000000e+00 1.000000000000000000e+00 0.000000000000000000e+00
9.968599081039428711e-01 9.999982714653015137e-01 1.000000000000000000e+00 1.000000000000000000e+00 1.000000000000000000e+00 0.000000000000000000e+00
6.744639277458190918e-01 9.964802861213684082e-01 9.999691247940063477e-01 1.000000000000000000e+00 1.000000000000000000e+00 0.000000000000000000e+00
9.974243044853210449e-01 9.999955892562866211e-01 1.000000000000000000e+00 1.000000000000000000e+00 1.000000000000000000e+00 0.000000000000000000e+00
3.543184101581573486e-01 9.553892016410827637e-01 9.997912645339965820e-01 9.999980926513671875e-01 1.000000000000000000e+00 0.000000000000000000e+00
-6.949608772993087769e-02 2.831513285636901855e-01 -4.168229103088378906e-01 -6.714549064636230469e-01 -8.400079011917114258e-01 0.000000000000000000e+00
9.762764573097229004e-01 9.987761974334716797e-01 9.996090531349182129e-01 9.999944567680358887e-01 9.999926090240478516e-01 0.000000000000000000e+00
-4.371016323566436768e-01 -7.637141942977905273e-01 -8.112053871154785156e-01 -9.074397087097167969e-01 -9.698232412338256836e-01 0.000000000000000000e+00
7.492907047271728516e-01 8.516234159469604492e-01 9.856296777725219727e-01 9.805002808570861816e-01 9.796518683433532715e-01 0.000000000000000000e+00
9.732675552368164062e-01 2.871968746185302734e-01 -8.455473929643630981e-02 -5.190515518188476562e-01 -5.673066377639770508e-01 0.000000000000000000e+00
9.875801205635070801e-01 9.981551766395568848e-01 9.999729394912719727e-01 9.999997019767761230e-01 1.000000000000000000e+00 0.000000000000000000e+00
9.986085295677185059e-01 9.999896883964538574e-01 9.999982714653015137e-01 1.000000000000000000e+00 1.000000000000000000e+00 0.000000000000000000e+00
9.999963045120239258e-01 1.000000000000000000e+00 1.000000000000000000e+00 1.000000000000000000e+00 1.000000000000000000e+00 0.000000000000000000e+00
9.998773336410522461e-01 1.000000000000000000e+00 1.000000000000000000e+00 1.000000000000000000e+00 1.000000000000000000e+00 0.000000000000000000e+00
9.999994039535522461e-01 1.000000000000000000e+00 1.000000000000000000e+00 1.000000000000000000e+00 1.000000000000000000e+00 0.000000000000000000e+00
9.999997615814208984e-01 1.000000000000000000e+00 1.000000000000000000e+00 1.000000000000000000e+00 1.000000000000000000e+00 0.000000000000000000e+00
9.997955560684204102e-01 1.000000000000000000e+00 1.000000000000000000e+00 1.000000000000000000e+00 1.000000000000000000e+00 0.000000000000000000e+00
9.999976754188537598e-01 1.000000000000000000e+00 1.000000000000000000e+00 1.000000000000000000e+00 1.000000000000000000e+00 0.000000000000000000e+00
9.999943971633911133e-01 1.000000000000000000e+00 1.000000000000000000e+00 1.000000000000000000e+00 1.000000000000000000e+00 0.000000000000000000e+00
9.968696236610412598e-01 9.999974966049194336e-01 1.000000000000000000e+00 1.000000000000000000e+00 1.000000000000000000e+00 0.000000000000000000e+00
9.999650716781616211e-01 1.000000000000000000e+00 1.000000000000000000e+00 1.000000000000000000e+00 1.000000000000000000e+00 0.000000000000000000e+00
1.000000000000000000e+00 1.000000000000000000e+00 1.000000000000000000e+00 1.000000000000000000e+00 1.000000000000000000e+00 0.000000000000000000e+00
9.999543428421020508e-01 1.000000000000000000e+00 1.000000000000000000e+00 1.000000000000000000e+00 1.000000000000000000e+00 0.000000000000000000e+00
9.999966025352478027e-01 1.000000000000000000e+00 1.000000000000000000e+00 1.000000000000000000e+00 1.000000000000000000e+00 0.000000000000000000e+00
9.838696122169494629e-01 9.951158761978149414e-01 9.990990161895751953e-01 9.999720454216003418e-01 9.999999403953552246e-01 0.000000000000000000e+00
9.929277896881103516e-01 9.998549818992614746e-01 9.998450875282287598e-01 9.999378323554992676e-01 9.999999403953552246e-01 0.000000000000000000e+00
9.999720454216003418e-01 9.999999403953552246e-01 1.000000000000000000e+00 1.000000000000000000e+00 1.000000000000000000e+00 1.000000000000000000e+00
9.901877641677856445e-01 9.999977946281433105e-01 1.000000000000000000e+00 1.000000000000000000e+00 1.000000000000000000e+00 2.000000000000000000e+00
9.999720454216003418e-01 9.999999403953552246e-01 1.000000000000000000e+00 1.000000000000000000e+00 1.000000000000000000e+00 1.000000000000000000e+00
9.901877641677856445e-01 9.999977946281433105e-01 1.000000000000000000e+00 1.000000000000000000e+00 1.000000000000000000e+00 2.000000000000000000e+00
9.999720454216003418e-01 9.999999403953552246e-01 1.000000000000000000e+00 1.000000000000000000e+00 1.000000000000000000e+00 1.000000000000000000e+00
9.901877641677856445e-01 9.999977946281433105e-01 1.000000000000000000e+00 1.000000000000000000e+00 1.000000000000000000e+00 2.000000000000000000e+00
9.999720454216003418e-01 9.999999403953552246e-01 1.000000000000000000e+00 1.000000000000000000e+00 1.000000000000000000e+00 1.000000000000000000e+00
9.901877641677856445e-01 9.999977946281433105e-01 1.000000000000000000e+00 1.000000000000000000e+00 1.000000000000000000e+00 2.000000000000000000e+00
9.999720454216003418e-01 9.999999403953552246e-01 1.000000000000000000e+00 1.000000000000000000e+00 1.000000000000000000e+00 1.000000000000000000e+00
9.901877641677856445e-01 9.999977946281433105e-01 1.000000000000000000e+00 1.000000000000000000e+00 1.000000000000000000e+00 2.000000000000000000e+00
9.999720454216003418e-01 9.999999403953552246e-01 1.000000000000000000e+00 1.000000000000000000e+00 1.000000000000000000e+00 1.000000000000000000e+00
9.901877641677856445e-01 9.999977946281433105e-01 1.000000000000000000e+00 1.000000000000000000e+00 1.000000000000000000e+00 2.000000000000000000e+00
9.999720454216003418e-01 9.999999403953552246e-01 1.000000000000000000e+00 1.000000000000000000e+00 1.000000000000000000e+00 1.000000000000000000e+00
9.901877641677856445e-01 9.999977946281433105e-01 1.000000000000000000e+00 1.000000000000000000e+00 1.000000000000000000e+00 2.000000000000000000e+00
9.999720454216003418e-01 9.999999403953552246e-01 1.000000000000000000e+00 1.000000000000000000e+00 1.000000000000000000e+00 1.000000000000000000e+00
9.901877641677856445e-01 9.999977946281433105e-01 1.000000000000000000e+00 1.000000000000000000e+00 1.000000000000000000e+00 2.000000000000000000e+00
9.999720454216003418e-01 9.999999403953552246e-01 1.000000000000000000e+00 1.000000000000000000e+00 1.000000000000000000e+00 1.000000000000000000e+00
9.901877641677856445e-01 9.999977946281433105e-01 1.000000000000000000e+00 1.000000000000000000e+00 1.000000000000000000e+00 2.000000000000000000e+00
9.999720454216003418e-01 9.999999403953552246e-01 1.000000000000000000e+00 1.000000000000000000e+00 1.000000000000000000e+00 1.000000000000000000e+00
9.901877641677856445e-01 9.999977946281433105e-01 1.000000000000000000e+00 1.000000000000000000e+00 1.000000000000000000e+00 2.000000000000000000e+00
5.355078577995300293e-01 -3.864744603633880615e-01 -4.440681338310241699e-01 -6.444168686866760254e-01 -7.276251912117004395e-01 0.000000000000000000e+00
-6.499150302261114120e-03 -3.817337453365325928e-01 -4.559972584247589111e-01 -5.423398017883300781e-01 -6.165051460266113281e-01 0.000000000000000000e+00
-3.927196189761161804e-02 -5.537303090095520020e-01 -5.800061225891113281e-01 -8.426976203918457031e-01 -8.158182501792907715e-01 0.000000000000000000e+00
8.908152580261230469e-01 9.747745990753173828e-01 9.832777380943298340e-01 9.933719635009765625e-01 9.994606971740722656e-01 0.000000000000000000e+00
9.276157021522521973e-01 9.999909996986389160e-01 1.000000000000000000e+00 1.000000000000000000e+00 1.000000000000000000e+00 0.000000000000000000e+00
9.944090843200683594e-01 9.976966381072998047e-01 9.998173713684082031e-01 9.999951720237731934e-01 9.999982118606567383e-01 0.000000000000000000e+00
-5.655556321144104004e-01 -2.286636531352996826e-01 9.969318509101867676e-01 9.999519586563110352e-01 9.999929070472717285e-01 0.000000000000000000e+00
9.999973773956298828e-01 9.999999403953552246e-01 1.000000000000000000e+00 1.000000000000000000e+00 1.000000000000000000e+00 0.000000000000000000e+00
-4.357713460922241211e-01 -6.116572618484497070e-01 -5.224443078041076660e-01 -5.869363546371459961e-01 -3.212321102619171143e-01 0.000000000000000000e+00
8.885383009910583496e-01 9.991266727447509766e-01 9.999861121177673340e-01 1.000000000000000000e+00 1.000000000000000000e+00 0.000000000000000000e+00
-1.146764010190963745e-01 9.999316930770874023e-01 9.999999403953552246e-01 1.000000000000000000e+00 1.000000000000000000e+00 0.000000000000000000e+00
9.999995231628417969e-01 1.000000000000000000e+00 1.000000000000000000e+00 1.000000000000000000e+00 1.000000000000000000e+00 0.000000000000000000e+00
9.996997117996215820e-01 9.999994635581970215e-01 1.000000000000000000e+00 1.000000000000000000e+00 1.000000000000000000e+00 1.000000000000000000e+00
9.808679819107055664e-01 9.999390244483947754e-01 9.999939203262329102e-01 1.000000000000000000e+00 1.000000000000000000e+00 2.000000000000000000e+00
9.996997117996215820e-01 9.999994635581970215e-01 1.000000000000000000e+00 1.000000000000000000e+00 1.000000000000000000e+00 1.000000000000000000e+00
9.808679819107055664e-01 9.999390244483947754e-01 9.999939203262329102e-01 1.000000000000000000e+00 1.000000000000000000e+00 2.000000000000000000e+00
9.996997117996215820e-01 9.999994635581970215e-01 1.000000000000000000e+00 1.000000000000000000e+00 1.000000000000000000e+00 1.000000000000000000e+00
9.808679819107055664e-01 9.999390244483947754e-01 9.999939203262329102e-01 1.000000000000000000e+00 1.000000000000000000e+00 2.000000000000000000e+00
9.996997117996215820e-01 9.999994635581970215e-01 1.000000000000000000e+00 1.000000000000000000e+00 1.000000000000000000e+00 1.000000000000000000e+00
9.808679819107055664e-01 9.999390244483947754e-01 9.999939203262329102e-01 1.000000000000000000e+00 1.000000000000000000e+00 2.000000000000000000e+00
9.996997117996215820e-01 9.999994635581970215e-01 1.000000000000000000e+00 1.000000000000000000e+00 1.000000000000000000e+00 1.000000000000000000e+00
9.808679819107055664e-01 9.999390244483947754e-01 9.999939203262329102e-01 1.000000000000000000e+00 1.000000000000000000e+00 2.000000000000000000e+00
9.996997117996215820e-01 9.999994635581970215e-01 1.000000000000000000e+00 1.000000000000000000e+00 1.000000000000000000e+00 1.000000000000000000e+00
9.808679819107055664e-01 9.999390244483947754e-01 9.999939203262329102e-01 1.000000000000000000e+00 1.000000000000000000e+00 2.000000000000000000e+00
9.996997117996215820e-01 9.999994635581970215e-01 1.000000000000000000e+00 1.000000000000000000e+00 1.000000000000000000e+00 1.000000000000000000e+00
9.808679819107055664e-01 9.999390244483947754e-01 9.999939203262329102e-01 1.000000000000000000e+00 1.000000000000000000e+00 2.000000000000000000e+00
9.996997117996215820e-01 9.999994635581970215e-01 1.000000000000000000e+00 1.000000000000000000e+00 1.000000000000000000e+00 1.000000000000000000e+00
9.808679819107055664e-01 9.999390244483947754e-01 9.999939203262329102e-01 1.000000000000000000e+00 1.000000000000000000e+00 2.000000000000000000e+00
9.996997117996215820e-01 9.999994635581970215e-01 1.000000000000000000e+00 1.000000000000000000e+00 1.000000000000000000e+00 1.000000000000000000e+00
9.808679819107055664e-01 9.999390244483947754e-01 9.999939203262329102e-01 1.000000000000000000e+00 1.000000000000000000e+00 2.000000000000000000e+00
9.996997117996215820e-01 9.999994635581970215e-01 1.000000000000000000e+00 1.000000000000000000e+00 1.000000000000000000e+00 1.000000000000000000e+00
9.808679819107055664e-01 9.999390244483947754e-01 9.999939203262329102e-01 1.000000000000000000e+00 1.000000000000000000e+00 2.000000000000000000e+00
1.190989390015602112e-01 9.962276220321655273e-01 9.999980926513671875e-01 1.000000000000000000e+00 1.000000000000000000e+00 0.000000000000000000e+00
9.999679923057556152e-01 9.999999403953552246e-01 1.000000000000000000e+00 1.000000000000000000e+00 1.000000000000000000e+00 0.000000000000000000e+00
-6.800357997417449951e-02 4.303674399852752686e-01 9.839637875556945801e-01 9.998921751976013184e-01 9.999961256980895996e-01 0.000000000000000000e+00
7.608671784400939941e-01 9.990280866622924805e-01 9.999957680702209473e-01 1.000000000000000000e+00 1.000000000000000000e+00 0.000000000000000000e+00
9.727682471275329590e-01 9.991709589958190918e-01 9.998422265052795410e-01 9.999991059303283691e-01 1.000000000000000000e+00 0.000000000000000000e+00
-3.227404654026031494e-01 9.977130293846130371e-01 9.998684525489807129e-01 9.999996423721313477e-01 1.000000000000000000e+00 1.000000000000000000e+00
5.758430957794189453e-01 9.699566364288330078e-01 9.999789595603942871e-01 9.999998807907104492e-01 1.000000000000000000e+00 2.000000000000000000e+00
-3.227404654026031494e-01 9.977130293846130371e-01 9.998684525489807129e-01 9.999996423721313477e-01 1.000000000000000000e+00 1.000000000000000000e+00
5.758430957794189453e-01 9.699566364288330078e-01 9.999789595603942871e-01 9.999998807907104492e-01 1.000000000000000000e+00 2.000000000000000000e+00
-3.227404654026031494e-01 9.977130293846130371e-01 9.998684525489807129e-01 9.999996423721313477e-01 1.000000000000000000e+00 1.000000000000000000e+00
5.758430957794189453e-01 9.699566364288330078e-01 9.999789595603942871e-01 9.999998807907104492e-01 1.000000000000000000e+00 2.000000000000000000e+00
-3.227404654026031494e-01 9.977130293846130371e-01 9.998684525489807129e-01 9.999996423721313477e-01 1.000000000000000000e+00 1.000000000000000000e+00
5.758430957794189453e-01 9.699566364288330078e-01 9.999789595603942871e-01 9.999998807907104492e-01 1.000000000000000000e+00 2.000000000000000000e+00
-3.227404654026031494e-01 9.977130293846130371e-01 9.998684525489807129e-01 9.999996423721313477e-01 1.000000000000000000e+00 1.000000000000000000e+00
5.758430957794189453e-01 9.699566364288330078e-01 9.999789595603942871e-01 9.999998807907104492e-01 1.000000000000000000e+00 2.000000000000000000e+00
-3.227404654026031494e-01 9.977130293846130371e-01 9.998684525489807129e-01 9.999996423721313477e-01 1.000000000000000000e+00 1.000000000000000000e+00
5.758430957794189453e-01 9.699566364288330078e-01 9.999789595603942871e-01 9.999998807907104492e-01 1.000000000000000000e+00 2.000000000000000000e+00
-3.227404654026031494e-01 9.977130293846130371e-01 9.998684525489807129e-01 9.999996423721313477e-01 1.000000000000000000e+00 1.000000000000000000e+00
5.758430957794189453e-01 9.699566364288330078e-01 9.999789595603942871e-01 9.999998807907104492e-01 1.000000000000000000e+00 2.000000000000000000e+00
-3.227404654026031494e-01 9.977130293846130371e-01 9.998684525489807129e-01 9.999996423721313477e-01 1.000000000000000000e+00 1.000000000000000000e+00
5.758430957794189453e-01 9.699566364288330078e-01 9.999789595603942871e-01 9.999998807907104492e-01 1.000000000000000000e+00 2.000000000000000000e+00
-3.227404654026031494e-01 9.977130293846130371e-01 9.998684525489807129e-01 9.999996423721313477e-01 1.000000000000000000e+00 1.000000000000000000e+00
5.758430957794189453e-01 9.699566364288330078e-01 9.999789595603942871e-01 9.999998807907104492e-01 1.000000000000000000e+00 2.000000000000000000e+00
-3.227404654026031494e-01 9.977130293846130371e-01 9.998684525489807129e-01 9.999996423721313477e-01 1.000000000000000000e+00 1.000000000000000000e+00
5.758430957794189453e-01 9.699566364288330078e-01 9.999789595603942871e-01 9.999998807907104492e-01 1.000000000000000000e+00 2.000000000000000000e+00
7.332801818847656250e-01 9.077623486518859863e-01 9.994436502456665039e-01 9.999940991401672363e-01 1.000000000000000000e+00 0.000000000000000000e+00
9.997736215591430664e-01 9.999912381172180176e-01 1.000000000000000000e+00 1.000000000000000000e+00 1.000000000000000000e+00 0.000000000000000000e+00
9.996054768562316895e-01 9.999995231628417969e-01 1.000000000000000000e+00 1.000000000000000000e+00 1.000000000000000000e+00 0.000000000000000000e+00
9.938418865203857422e-01 9.983773231506347656e-01 9.998512268066406250e-01 9.999765157699584961e-01 1.000000000000000000e+00 0.000000000000000000e+00
9.682523012161254883e-01 9.957750439643859863e-01 9.998872280120849609e-01 9.999992847442626953e-01 1.000000000000000000e+00 0.000000000000000000e+00
8.614504337310791016e-01 9.976040720939636230e-01 9.999991655349731445e-01 1.000000000000000000e+00 1.000000000000000000e+00 0.000000000000000000e+00
9.973904490470886230e-01 9.999995231628417969e-01 1.000000000000000000e+00 1.000000000000000000e+00 1.000000000000000000e+00 0.000000000000000000e+00
9.999819993972778320e-01 1.000000000000000000e+00 1.000000000000000000e+00 1.000000000000000000e+00 1.000000000000000000e+00 0.000000000000000000e+00
9.962318539619445801e-01 9.999783039093017578e-01 1.000000000000000000e+00 1.000000000000000000e+00 1.000000000000000000e+00 0.000000000000000000e+00
5.951420068740844727e-01 8.732107281684875488e-01 7.530526518821716309e-01 3.500466048717498779e-01 9.682018160820007324e-01 0.000000000000000000e+00
-7.198820710182189941e-01 -8.057590723037719727e-01 -8.838784098625183105e-01 -9.730234742164611816e-01 -9.965299367904663086e-01 0.000000000000000000e+00
-4.993428289890289307e-01 -4.447503387928009033e-01 -5.854178667068481445e-01 -9.350505471229553223e-01 -9.551189541816711426e-01 0.000000000000000000e+00
-6.288039088249206543e-01 -6.284023523330688477e-01 -6.901526451110839844e-01 -7.693400979042053223e-01 -9.076431989669799805e-01 0.000000000000000000e+00
-6.059961318969726562e-01 -4.542355835437774658e-01 -3.126300275325775146e-01 -7.041451930999755859e-01 -8.957083821296691895e-01 0.000000000000000000e+00
1.000000000000000000e+00 1.000000000000000000e+00 1.000000000000000000e+00 1.000000000000000000e+00 1.000000000000000000e+00 0.000000000000000000e+00
1.000000000000000000e+00 1.000000000000000000e+00 1.000000000000000000e+00 1.000000000000000000e+00 1.000000000000000000e+00 0.000000000000000000e+00
9.999999403953552246e-01 1.000000000000000000e+00 1.000000000000000000e+00 1.000000000000000000e+00 1.000000000000000000e+00 0.000000000000000000e+00
1.000000000000000000e+00 1.000000000000000000e+00 1.000000000000000000e+00 1.000000000000000000e+00 1.000000000000000000e+00 0.000000000000000000e+00
9.999987483024597168e-01 1.000000000000000000e+00 1.000000000000000000e+00 1.000000000000000000e+00 1.000000000000000000e+00 0.000000000000000000e+00
1.000000000000000000e+00 1.000000000000000000e+00 1.000000000000000000e+00 1.000000000000000000e+00 1.000000000000000000e+00 0.000000000000000000e+00
9.999992847442626953e-01 1.000000000000000000e+00 1.000000000000000000e+00 1.000000000000000000e+00 1.000000000000000000e+00 0.000000000000000000e+00
9.113409519195556641e-01 9.475306868553161621e-01 8.645170927047729492e-01 2.062430083751678467e-01 -6.831936538219451904e-02 0.000000000000000000e+00
9.999957084655761719e-01 1.000000000000000000e+00 1.000000000000000000e+00 1.000000000000000000e+00 1.000000000000000000e+00 0.000000000000000000e+00
9.999863505363464355e-01 1.000000000000000000e+00 1.000000000000000000e+00 1.000000000000000000e+00 1.000000000000000000e+00 0.000000000000000000e+00
9.994680881500244141e-01 9.999996423721313477e-01 1.000000000000000000e+00 1.000000000000000000e+00 1.000000000000000000e+00 0.000000000000000000e+00
9.999828338623046875e-01 1.000000000000000000e+00 1.000000000000000000e+00 1.000000000000000000e+00 1.000000000000000000e+00 0.000000000000000000e+00
9.997993707656860352e-01 1.000000000000000000e+00 1.000000000000000000e+00 1.000000000000000000e+00 1.000000000000000000e+00 0.000000000000000000e+00
9.979767799377441406e-01 9.999828338623046875e-01 1.000000000000000000e+00 1.000000000000000000e+00 1.000000000000000000e+00 0.000000000000000000e+00
-7.607966661453247070e-01 -7.834082245826721191e-01 -8.541802763938903809e-01 -7.809919118881225586e-01 -6.597834825515747070e-01 0.000000000000000000e+00
9.977369308471679688e-01 9.981625676155090332e-01 9.998201727867126465e-01 9.999997615814208984e-01 1.000000000000000000e+00 0.000000000000000000e+00
3.639476299285888672e-01 1.374005973339080811e-01 -3.969614505767822266e-01 -2.906803190708160400e-01 9.163875579833984375e-01 0.000000000000000000e+00
9.999998211860656738e-01 1.000000000000000000e+00 1.000000000000000000e+00 1.000000000000000000e+00 1.000000000000000000e+00 0.000000000000000000e+00
-4.975428581237792969e-01 -4.666253626346588135e-01 -4.961052834987640381e-01 8.231219053268432617e-01 9.999561905860900879e-01 0.000000000000000000e+00
4.946430400013923645e-02 -4.350959956645965576e-01 -2.171920686960220337e-01 2.671692669391632080e-01 5.840740203857421875e-01 0.000000000000000000e+00
9.084411859512329102e-01 9.944323897361755371e-01 9.998639225959777832e-01 9.999957680702209473e-01 1.000000000000000000e+00 0.000000000000000000e+00
-6.874247789382934570e-01 -8.040364980697631836e-01 -8.655637502670288086e-01 -9.299684762954711914e-01 -9.168933629989624023e-01 0.000000000000000000e+00
-6.731058955192565918e-01 -7.946141362190246582e-01 -8.021173477172851562e-01 -8.597757220268249512e-01 -8.857278823852539062e-01 0.000000000000000000e+00
-8.025696873664855957e-01 -9.029607176780700684e-01 -9.558385610580444336e-01 -9.803203344345092773e-01 -9.831315279006958008e-01 0.000000000000000000e+00
-3.394315242767333984e-01 8.657969236373901367e-01 9.994336366653442383e-01 9.995650649070739746e-01 9.996029734611511230e-01 0.000000000000000000e+00
9.999998807907104492e-01 1.000000000000000000e+00 1.000000000000000000e+00 1.000000000000000000e+00 1.000000000000000000e+00 0.000000000000000000e+00
9.999989271163940430e-01 1.000000000000000000e+00 1.000000000000000000e+00 1.000000000000000000e+00 1.000000000000000000e+00 0.000000000000000000e+00
-8.043967485427856445e-01 -9.019926786422729492e-01 -9.656003713607788086e-01 -9.871750473976135254e-01 -9.951894879341125488e-01 1.000000000000000000e+00
6.939195394515991211e-01 9.065082073211669922e-01 9.010001420974731445e-01 9.643468856811523438e-01 -3.854301571846008301e-02 2.000000000000000000e+00
-8.043967485427856445e-01 -9.019926786422729492e-01 -9.656003713607788086e-01 -9.871750473976135254e-01 -9.951894879341125488e-01 1.000000000000000000e+00
6.939195394515991211e-01 9.065082073211669922e-01 9.010001420974731445e-01 9.643468856811523438e-01 -3.854301571846008301e-02 2.000000000000000000e+00
-8.043967485427856445e-01 -9.019926786422729492e-01 -9.656003713607788086e-01 -9.871750473976135254e-01 -9.951894879341125488e-01 1.000000000000000000e+00
6.939195394515991211e-01 9.065082073211669922e-01 9.010001420974731445e-01 9.643468856811523438e-01 -3.854301571846008301e-02 2.000000000000000000e+00
-8.043967485427856445e-01 -9.019926786422729492e-01 -9.656003713607788086e-01 -9.871750473976135254e-01 -9.951894879341125488e-01 1.000000000000000000e+00
6.939195394515991211e-01 9.065082073211669922e-01 9.010001420974731445e-01 9.643468856811523438e-01 -3.854301571846008301e-02 2.000000000000000000e+00
-8.043967485427856445e-01 -9.019926786422729492e-01 -9.656003713607788086e-01 -9.871750473976135254e-01 -9.951894879341125488e-01 1.000000000000000000e+00
6.939195394515991211e-01 9.065082073211669922e-01 9.010001420974731445e-01 9.643468856811523438e-01 -3.854301571846008301e-02 2.000000000000000000e+00
-8.043967485427856445e-01 -9.019926786422729492e-01 -9.656003713607788086e-01 -9.871750473976135254e-01 -9.951894879341125488e-01 1.000000000000000000e+00
6.939195394515991211e-01 9.065082073211669922e-01 9.010001420974731445e-01 9.643468856811523438e-01 -3.854301571846008301e-02 2.000000000000000000e+00
-8.043967485427856445e-01 -9.019926786422729492e-01 -9.656003713607788086e-01 -9.871750473976135254e-01 -9.951894879341125488e-01 1.000000000000000000e+00
6.939195394515991211e-01 9.065082073211669922e-01 9.010001420974731445e-01 9.643468856811523438e-01 -3.854301571846008301e-02 2.000000000000000000e+00
-8.043967485427856445e-01 -9.019926786422729492e-01 -9.656003713607788086e-01 -9.871750473976135254e-01 -9.951894879341125488e-01 1.000000000000000000e+00
6.939195394515991211e-01 9.065082073211669922e-01 9.010001420974731445e-01 9.643468856811523438e-01 -3.854301571846008301e-02 2.000000000000000000e+00
-8.043967485427856445e-01 -9.019926786422729492e-01 -9.656003713607788086e-01 -9.871750473976135254e-01 -9.951894879341125488e-01 1.000000000000000000e+00
6.939195394515991211e-01 9.065082073211669922e-01 9.010001420974731445e-01 9.643468856811523438e-01 -3.854301571846008301e-02 2.000000000000000000e+00
-8.043967485427856445e-01 -9.019926786422729492e-01 -9.656003713607788086e-01 -9.871750473976135254e-01 -9.951894879341125488e-01 1.000000000000000000e+00
6.939195394515991211e-01 9.065082073211669922e-01 9.010001420974731445e-01 9.643468856811523438e-01 -3.854301571846008301e-02 2.000000000000000000e+00
9.999829530715942383e-01 1.000000000000000000e+00 1.000000000000000000e+00 1.000000000000000000e+00 1.000000000000000000e+00 0.000000000000000000e+00
9.999231696128845215e-01 1.000000000000000000e+00 1.000000000000000000e+00 1.000000000000000000e+00 1.000000000000000000e+00 0.000000000000000000e+00
9.996591806411743164e-01 9.999983310699462891e-01 1.000000000000000000e+00 1.000000000000000000e+00 1.000000000000000000e+00 0.000000000000000000e+00
9.927664399147033691e-01 9.999365806579589844e-01 9.999999403953552246e-01 1.000000000000000000e+00 1.000000000000000000e+00 0.000000000000000000e+00
9.998672008514404297e-01 9.999995827674865723e-01 1.000000000000000000e+00 1.000000000000000000e+00 1.000000000000000000e+00 0.000000000000000000e+00
6.832804083824157715e-01 4.451387822628021240e-01 9.998966455459594727e-01 9.999992251396179199e-01 9.999999403953552246e-01 0.000000000000000000e+00
4.428692460060119629e-01 9.914456009864807129e-01 9.976336956024169922e-01 9.988724589347839355e-01 9.983434081077575684e-01 0.000000000000000000e+00
9.892671704292297363e-01 1.000000000000000000e+00 1.000000000000000000e+00 1.000000000000000000e+00 1.000000000000000000e+00 0.000000000000000000e+00
9.716105461120605469e-01 9.999896287918090820e-01 1.000000000000000000e+00 1.000000000000000000e+00 1.000000000000000000e+00 0.000000000000000000e+00
-5.499375462532043457e-01 9.998804330825805664e-01 9.999999403953552246e-01 1.000000000000000000e+00 1.000000000000000000e+00 0.000000000000000000e+00
-4.007209837436676025e-01 8.718352913856506348e-01 9.108380079269409180e-01 9.236053824424743652e-01 9.929620623588562012e-01 0.000000000000000000e+00
7.989086508750915527e-01 9.596640467643737793e-01 9.437180757522583008e-01 9.913269281387329102e-01 9.996364116668701172e-01 0.000000000000000000e+00
7.892143130302429199e-01 9.927035570144653320e-01 9.998148679733276367e-01 9.999976158142089844e-01 1.000000000000000000e+00 0.000000000000000000e+00
9.878046512603759766e-01 9.994470477104187012e-01 9.999965429306030273e-01 1.000000000000000000e+00 1.000000000000000000e+00 0.000000000000000000e+00
8.407204151153564453e-01 9.999910593032836914e-01 1.000000000000000000e+00 1.000000000000000000e+00 1.000000000000000000e+00 0.000000000000000000e+00
9.981281757354736328e-01 9.999688863754272461e-01 9.999998807907104492e-01 1.000000000000000000e+00 1.000000000000000000e+00 0.000000000000000000e+00
9.981981515884399414e-01 9.999994039535522461e-01 1.000000000000000000e+00 1.000000000000000000e+00 1.000000000000000000e+00 0.000000000000000000e+00
9.994749426841735840e-01 9.999973773956298828e-01 1.000000000000000000e+00 1.000000000000000000e+00 1.000000000000000000e+00 0.000000000000000000e+00
9.692275524139404297e-01 9.999039769172668457e-01 1.000000000000000000e+00 1.000000000000000000e+00 1.000000000000000000e+00 0.000000000000000000e+00
-6.691007614135742188e-01 -6.930122971534729004e-01 -6.515966653823852539e-01 8.691610693931579590e-01 9.992959499359130859e-01 0.000000000000000000e+00
9.946501851081848145e-01 9.907113909721374512e-01 9.999949336051940918e-01 1.000000000000000000e+00 1.000000000000000000e+00 0.000000000000000000e+00
8.473249673843383789e-01 9.092958569526672363e-01 9.851166605949401855e-01 9.987576603889465332e-01 9.999976754188537598e-01 0.000000000000000000e+00
7.726318836212158203e-01 9.712910652160644531e-01 9.933495521545410156e-01 9.994612932205200195e-01 9.999834299087524414e-01 0.000000000000000000e+00
9.941946864128112793e-01 9.999979734420776367e-01 1.000000000000000000e+00 1.000000000000000000e+00 1.000000000000000000e+00 0.000000000000000000e+00
8.844529986381530762e-01 9.622335433959960938e-01 9.998587965965270996e-01 1.000000000000000000e+00 1.000000000000000000e+00 0.000000000000000000e+00
9.538043737411499023e-01 9.966030716896057129e-01 9.999986290931701660e-01 1.000000000000000000e+00 1.000000000000000000e+00 0.000000000000000000e+00
9.997524023056030273e-01 9.999973773956298828e-01 1.000000000000000000e+00 1.000000000000000000e+00 1.000000000000000000e+00 0.000000000000000000e+00
7.881233096122741699e-01 8.850628137588500977e-01 9.636098146438598633e-01 9.999985098838806152e-01 1.000000000000000000e+00 0.000000000000000000e+00
5.066117644309997559e-01 8.381888270378112793e-01 7.599641084671020508e-01 2.592687904834747314e-01 -4.120526015758514404e-01 0.000000000000000000e+00
5.515700578689575195e-01 6.477907896041870117e-01 7.859846353530883789e-01 9.746366739273071289e-01 9.845412373542785645e-01 0.000000000000000000e+00
7.413544654846191406e-01 8.925741910934448242e-01 9.540642499923706055e-01 9.634547233581542969e-01 9.899231195449829102e-01 0.000000000000000000e+00
9.016327857971191406e-01 9.751189351081848145e-01 9.957030415534973145e-01 9.953160881996154785e-01 9.997176527976989746e-01 0.000000000000000000e+00
8.382712006568908691e-01 8.236045837402343750e-01 9.132040739059448242e-01 9.846004843711853027e-01 9.996098875999450684e-01 0.000000000000000000e+00
7.121736407279968262e-01 6.932096481323242188e-01 9.916715025901794434e-01 9.992912411689758301e-01 9.998883008956909180e-01 0.000000000000000000e+00
6.473704576492309570e-01 9.527004957199096680e-01 9.999393820762634277e-01 9.999991655349731445e-01 1.000000000000000000e+00 0.000000000000000000e+00
9.997351169586181641e-01 1.000000000000000000e+00 1.000000000000000000e+00 1.000000000000000000e+00 1.000000000000000000e+00 0.000000000000000000e+00
9.998459815979003906e-01 1.000000000000000000e+00 1.000000000000000000e+00 1.000000000000000000e+00 1.000000000000000000e+00 0.000000000000000000e+00
9.991469979286193848e-01 1.000000000000000000e+00 1.000000000000000000e+00 1.000000000000000000e+00 1.000000000000000000e+00 0.000000000000000000e+00
9.976882338523864746e-01 9.997614026069641113e-01 9.999991655349731445e-01 1.000000000000000000e+00 1.000000000000000000e+00 0.000000000000000000e+00
9.854463934898376465e-01 9.999309182167053223e-01 9.999967217445373535e-01 1.000000000000000000e+00 1.000000000000000000e+00 0.000000000000000000e+00
9.999088048934936523e-01 9.999994039535522461e-01 1.000000000000000000e+00 1.000000000000000000e+00 1.000000000000000000e+00 0.000000000000000000e+00
9.999763369560241699e-01 1.000000000000000000e+00 1.000000000000000000e+00 1.000000000000000000e+00 1.000000000000000000e+00 0.000000000000000000e+00
9.940454363822937012e-01 9.997735023498535156e-01 9.999980330467224121e-01 9.999999403953552246e-01 1.000000000000000000e+00 1.000000000000000000e+00
9.945619106292724609e-01 9.999988675117492676e-01 1.000000000000000000e+00 1.000000000000000000e+00 1.000000000000000000e+00 2.000000000000000000e+00
9.940454363822937012e-01 9.997735023498535156e-01 9.999980330467224121e-01 9.999999403953552246e-01 1.000000000000000000e+00 1.000000000000000000e+00
9.945619106292724609e-01 9.999988675117492676e-01 1.000000000000000000e+00 1.000000000000000000e+00 1.000000000000000000e+00 2.000000000000000000e+00
9.940454363822937012e-01 9.997735023498535156e-01 9.999980330467224121e-01 9.999999403953552246e-01 1.000000000000000000e+00 1.000000000000000000e+00
9.945619106292724609e-01 9.999988675117492676e-01 1.000000000000000000e+00 1.000000000000000000e+00 1.000000000000000000e+00 2.000000000000000000e+00
9.940454363822937012e-01 9.997735023498535156e-01 9.999980330467224121e-01 9.999999403953552246e-01 1.000000000000000000e+00 1.000000000000000000e+00
9.945619106292724609e-01 9.999988675117492676e-01 1.000000000000000000e+00 1.000000000000000000e+00 1.000000000000000000e+00 2.000000000000000000e+00
9.940454363822937012e-01 9.997735023498535156e-01 9.999980330467224121e-01 9.999999403953552246e-01 1.000000000000000000e+00 1.000000000000000000e+00
9.945619106292724609e-01 9.999988675117492676e-01 1.000000000000000000e+00 1.000000000000000000e+00 1.000000000000000000e+00 2.000000000000000000e+00
9.940454363822937012e-01 9.997735023498535156e-01 9.999980330467224121e-01 9.999999403953552246e-01 1.000000000000000000e+00 1.000000000000000000e+00
9.945619106292724609e-01 9.999988675117492676e-01 1.000000000000000000e+00 1.000000000000000000e+00 1.000000000000000000e+00 2.000000000000000000e+00
9.940454363822937012e-01 9.997735023498535156e-01 9.999980330467224121e-01 9.999999403953552246e-01 1.000000000000000000e+00 1.000000000000000000e+00
9.945619106292724609e-01 9.999988675117492676e-01 1.000000000000000000e+00 1.000000000000000000e+00 1.000000000000000000e+00 2.000000000000000000e+00
9.940454363822937012e-01 9.997735023498535156e-01 9.999980330467224121e-01 9.999999403953552246e-01 1.000000000000000000e+00 1.000000000000000000e+00
9.945619106292724609e-01 9.999988675117492676e-01 1.000000000000000000e+00 1.000000000000000000e+00 1.000000000000000000e+00 2.000000000000000000e+00
9.940454363822937012e-01 9.997735023498535156e-01 9.999980330467224121e-01 9.999999403953552246e-01 1.000000000000000000e+00 1.000000000000000000e+00
9.945619106292724609e-01 9.999988675117492676e-01 1.000000000000000000e+00 1.000000000000000000e+00 1.000000000000000000e+00 2.000000000000000000e+00
9.940454363822937012e-01 9.997735023498535156e-01 9.999980330467224121e-01 9.999999403953552246e-01 1.000000000000000000e+00 1.000000000000000000e+00
9.945619106292724609e-01 9.999988675117492676e-01 1.000000000000000000e+00 1.000000000000000000e+00 1.000000000000000000e+00 2.000000000000000000e+00
9.997144937515258789e-01 9.999979734420776367e-01 1.000000000000000000e+00 1.000000000000000000e+00 1.000000000000000000e+00 0.000000000000000000e+00
9.983599185943603516e-01 9.999954104423522949e-01 1.000000000000000000e+00 1.000000000000000000e+00 1.000000000000000000e+00 0.000000000000000000e+00
9.902955293655395508e-01 9.999220371246337891e-01 1.000000000000000000e+00 1.000000000000000000e+00 1.000000000000000000e+00 0.000000000000000000e+00
9.999977350234985352e-01 1.000000000000000000e+00 1.000000000000000000e+00 1.000000000000000000e+00 1.000000000000000000e+00 0.000000000000000000e+00
9.999610781669616699e-01 9.999999403953552246e-01 1.000000000000000000e+00 1.000000000000000000e+00 1.000000000000000000e+00 0.000000000000000000e+00
8.339805603027343750e-01 9.925721883773803711e-01 9.999991059303283691e-01 1.000000000000000000e+00 1.000000000000000000e+00 0.000000000000000000e+00
9.991858005523681641e-01 9.999995827674865723e-01 1.000000000000000000e+00 1.000000000000000000e+00 1.000000000000000000e+00 0.000000000000000000e+00
9.999995231628417969e-01 1.000000000000000000e+00 1.000000000000000000e+00 1.000000000000000000e+00 1.000000000000000000e+00 1.000000000000000000e+00
9.667938947677612305e-01 9.999982118606567383e-01 1.000000000000000000e+00 1.000000000000000000e+00 1.000000000000000000e+00 2.000000000000000000e+00
9.999995231628417969e-01 1.000000000000000000e+00 1.000000000000000000e+00 1.000000000000000000e+00 1.000000000000000000e+00 1.000000000000000000e+00
9.667938947677612305e-01 9.999982118606567383e-01 1.000000000000000000e+00 1.000000000000000000e+00 1.000000000000000000e+00 2.000000000000000000e+00
9.999995231628417969e-01 1.000000000000000000e+00 1.000000000000000000e+00 1.000000000000000000e+00 1.000000000000000000e+00 1.000000000000000000e+00
9.667938947677612305e-01 9.999982118606567383e-01 1.000000000000000000e+00 1.000000000000000000e+00 1.000000000000000000e+00 2.000000000000000000e+00
9.999995231628417969e-01 1.000000000000000000e+00 1.000000000000000000e+00 1.000000000000000000e+00 1.000000000000000000e+00 1.000000000000000000e+00
9.667938947677612305e-01 9.999982118606567383e-01 1.000000000000000000e+00 1.000000000000000000e+00 1.000000000000000000e+00 2.000000000000000000e+00
9.999995231628417969e-01 1.000000000000000000e+00 1.000000000000000000e+00 1.000000000000000000e+00 1.000000000000000000e+00 1.000000000000000000e+00
9.667938947677612305e-01 9.999982118606567383e-01 1.000000000000000000e+00 1.000000000000000000e+00 1.000000000000000000e+00 2.000000000000000000e+00
9.999995231628417969e-01 1.000000000000000000e+00 1.000000000000000000e+00 1.000000000000000000e+00 1.000000000000000000e+00 1.000000000000000000e+00
9.667938947677612305e-01 9.999982118606567383e-01 1.000000000000000000e+00 1.000000000000000000e+00 1.000000000000000000e+00 2.000000000000000000e+00
9.999995231628417969e-01 1.000000000000000000e+00 1.000000000000000000e+00 1.000000000000000000e+00 1.000000000000000000e+00 1.000000000000000000e+00
9.667938947677612305e-01 9.999982118606567383e-01 1.000000000000000000e+00 1.000000000000000000e+00 1.000000000000000000e+00 2.000000000000000000e+00
9.999995231628417969e-01 1.000000000000000000e+00 1.000000000000000000e+00 1.000000000000000000e+00 1.000000000000000000e+00 1.000000000000000000e+00
9.667938947677612305e-01 9.999982118606567383e-01 1.000000000000000000e+00 1.000000000000000000e+00 1.000000000000000000e+00 2.000000000000000000e+00
9.999995231628417969e-01 1.000000000000000000e+00 1.000000000000000000e+00 1.000000000000000000e+00 1.000000000000000000e+00 1.000000000000000000e+00
9.667938947677612305e-01 9.999982118606567383e-01 1.000000000000000000e+00 1.000000000000000000e+00 1.000000000000000000e+00 2.000000000000000000e+00
9.999995231628417969e-01 1.000000000000000000e+00 1.000000000000000000e+00 1.000000000000000000e+00 1.000000000000000000e+00 1.000000000000000000e+00
9.667938947677612305e-01 9.999982118606567383e-01 1.000000000000000000e+00 1.000000000000000000e+00 1.000000000000000000e+00 2.000000000000000000e+00
9.929749369621276855e-01 9.999155998229980469e-01 1.000000000000000000e+00 1.000000000000000000e+00 1.000000000000000000e+00 0.000000000000000000e+00
9.999951124191284180e-01 1.000000000000000000e+00 1.000000000000000000e+00 1.000000000000000000e+00 1.000000000000000000e+00 0.000000000000000000e+00
9.748564958572387695e-01 9.987118840217590332e-01 1.000000000000000000e+00 1.000000000000000000e+00 1.000000000000000000e+00 0.000000000000000000e+00
9.666206836700439453e-01 9.998232722282409668e-01 9.999989271163940430e-01 1.000000000000000000e+00 1.000000000000000000e+00 0.000000000000000000e+00
9.996337294578552246e-01 1.000000000000000000e+00 1.000000000000000000e+00 1.000000000000000000e+00 1.000000000000000000e+00 0.000000000000000000e+00
9.823247194290161133e-01 9.986103773117065430e-01 9.511464238166809082e-01 9.955399036407470703e-01 9.999725222587585449e-01 0.000000000000000000e+00
9.901617653667926788e-03 -4.241065979003906250e-01 -1.282246112823486328e-01 -6.301945447921752930e-01 -5.911531448364257812e-01 0.000000000000000000e+00
4.685312807559967041e-01 9.999403953552246094e-01 1.000000000000000000e+00 1.000000000000000000e+00 1.000000000000000000e+00 0.000000000000000000e+00
9.894367456436157227e-01 1.000000000000000000e+00 1.000000000000000000e+00 1.000000000000000000e+00 1.000000000000000000e+00 0.000000000000000000e+00
9.972048401832580566e-01 9.999992251396179199e-01 1.000000000000000000e+00 1.000000000000000000e+00 1.000000000000000000e+00 0.000000000000000000e+00
9.990749955177307129e-01 9.999977946281433105e-01 1.000000000000000000e+00 1.000000000000000000e+00 1.000000000000000000e+00 0.000000000000000000e+00
9.998291730880737305e-01 9.999997615814208984e-01 1.000000000000000000e+00 1.000000000000000000e+00 1.000000000000000000e+00 0.000000000000000000e+00
9.999846220016479492e-01 1.000000000000000000e+00 1.000000000000000000e+00 1.000000000000000000e+00 1.000000000000000000e+00 0.000000000000000000e+00
9.999981522560119629e-01 1.000000000000000000e+00 1.000000000000000000e+00 1.000000000000000000e+00 1.000000000000000000e+00 0.000000000000000000e+00
9.787976741790771484e-01 9.960595369338989258e-01 9.958044290542602539e-01 9.998567104339599609e-01 9.999986886978149414e-01 0.000000000000000000e+00
9.423886537551879883e-01 9.312039017677307129e-01 9.993016719818115234e-01 9.985949397087097168e-01 9.658328294754028320e-01 0.000000000000000000e+00
1.033417209982872009e-01 -2.907968759536743164e-01 -6.814086437225341797e-02 9.050887227058410645e-01 9.982730150222778320e-01 0.000000000000000000e+00
3.374072313308715820e-01 7.997343540191650391e-01 8.233984708786010742e-01 9.640588760375976562e-01 9.990563988685607910e-01 0.000000000000000000e+00
9.236360788345336914e-01 9.990783929824829102e-01 9.999182224273681641e-01 9.999985694885253906e-01 9.999997615814208984e-01 0.000000000000000000e+00
9.383442997932434082e-01 9.856346249580383301e-01 9.997755289077758789e-01 9.999921917915344238e-01 9.999998807907104492e-01 0.000000000000000000e+00
7.260078191757202148e-01 9.194981455802917480e-01 9.925708770751953125e-01 9.997178316116333008e-01 9.999846816062927246e-01 0.000000000000000000e+00
9.645048975944519043e-01 9.997831583023071289e-01 9.999645948410034180e-01 9.999980330467224121e-01 1.000000000000000000e+00 0.000000000000000000e+00
6.513485908508300781e-01 9.984824657440185547e-01 9.999927878379821777e-01 9.999994039535522461e-01 1.000000000000000000e+00 0.000000000000000000e+00
9.995632171630859375e-01 9.999675154685974121e-01 9.999997019767761230e-01 1.000000000000000000e+00 1.000000000000000000e+00 0.000000000000000000e+00
-4.008141458034515381e-01 -3.921504318714141846e-01 -4.236156046390533447e-01 -5.487701892852783203e-01 -5.513112545013427734e-01 0.000000000000000000e+00
8.655080199241638184e-01 8.908852338790893555e-01 6.998771429061889648e-01 3.642865717411041260e-01 -5.379027128219604492e-01 0.000000000000000000e+00
7.216547727584838867e-01 9.484304189682006836e-01 9.913527369499206543e-01 9.985243678092956543e-01 9.994765520095825195e-01 0.000000000000000000e+00
6.286183595657348633e-01 7.260211706161499023e-01 7.856214046478271484e-01 9.599539041519165039e-01 9.818227887153625488e-01 0.000000000000000000e+00
9.994227886199951172e-01 9.999998807907104492e-01 1.000000000000000000e+00 1.000000000000000000e+00 1.000000000000000000e+00 0.000000000000000000e+00
9.999740123748779297e-01 1.000000000000000000e+00 1.000000000000000000e+00 1.000000000000000000e+00 1.000000000000000000e+00 0.000000000000000000e+00
9.999887347221374512e-01 1.000000000000000000e+00 1.000000000000000000e+00 1.000000000000000000e+00 1.000000000000000000e+00 0.000000000000000000e+00
9.998000860214233398e-01 9.997770786285400391e-01 9.999999403953552246e-01 1.000000000000000000e+00 1.000000000000000000e+00 0.000000000000000000e+00
9.867284893989562988e-01 9.998345971107482910e-01 9.999931454658508301e-01 1.000000000000000000e+00 1.000000000000000000e+00 0.000000000000000000e+00
9.999952316284179688e-01 1.000000000000000000e+00 1.000000000000000000e+00 1.000000000000000000e+00 1.000000000000000000e+00 0.000000000000000000e+00
8.974189162254333496e-01 9.986433982849121094e-01 9.999531507492065430e-01 9.999998807907104492e-01 1.000000000000000000e+00 0.000000000000000000e+00
8.951941728591918945e-01 9.973216056823730469e-01 9.999489784240722656e-01 9.999870061874389648e-01 9.999993443489074707e-01 0.000000000000000000e+00
7.290046811103820801e-01 9.147861599922180176e-01 9.984648823738098145e-01 9.999353885650634766e-01 1.000000000000000000e+00 0.000000000000000000e+00
9.810872673988342285e-01 9.998941421508789062e-01 9.999996423721313477e-01 1.000000000000000000e+00 1.000000000000000000e+00 0.000000000000000000e+00
9.825447797775268555e-01 9.999735355377197266e-01 9.999999403953552246e-01 1.000000000000000000e+00 1.000000000000000000e+00 0.000000000000000000e+00
-1.095320358872413635e-01 7.592301368713378906e-01 8.559898734092712402e-01 6.365876197814941406e-01 9.005463719367980957e-01 0.000000000000000000e+00
5.411142706871032715e-01 9.356063604354858398e-01 9.886000752449035645e-01 9.991880655288696289e-01 9.997138977050781250e-01 0.000000000000000000e+00
