1.000000476837158203e+00 1.000000000000000000e+00 1.000000000000000000e+00 1.000000000000000000e+00 0.000000000000000000e+00
1.003156423568725586e+00 1.000000476837158203e+00 1.000000000000000000e+00 1.000000000000000000e+00 0.000000000000000000e+00
1.000006914138793945e+00 1.000000000000000000e+00 1.000000000000000000e+00 1.000000000000000000e+00 0.000000000000000000e+00
4.263759136199951172e+00 1.029241204261779785e+00 1.000180721282958984e+00 1.000000000000000000e+00 0.000000000000000000e+00
1.978986501693725586e+00 1.000167846679687500e+00 1.000000000000000000e+00 1.000000000000000000e+00 0.000000000000000000e+00
1.007511258125305176e+00 1.000000000000000000e+00 1.000000000000000000e+00 1.000000000000000000e+00 0.000000000000000000e+00
1.621616601943969727e+00 1.005116701126098633e+00 1.000004291534423828e+00 1.000000000000000000e+00 0.000000000000000000e+00
1.002293586730957031e+00 1.000118017196655273e+00 1.000000000000000000e+00 1.000000000000000000e+00 0.000000000000000000e+00
1.000037550926208496e+00 1.000000000000000000e+00 1.000000000000000000e+00 1.000000000000000000e+00 0.000000000000000000e+00
1.004337668418884277e+00 1.000000000000000000e+00 1.000000000000000000e+00 1.000000000000000000e+00 0.000000000000000000e+00
1.000016093254089355e+00 1.000000000000000000e+00 1.000000000000000000e+00 1.000000000000000000e+00 0.000000000000000000e+00
1.000011801719665527e+00 1.000000000000000000e+00 1.000000000000000000e+00 1.000000000000000000e+00 0.000000000000000000e+00
1.000715970993041992e+00 1.000006914138793945e+00 1.000000000000000000e+00 1.000000000000000000e+00 0.000000000000000000e+00
1.000080466270446777e+00 1.000000000000000000e+00 1.000000000000000000e+00 1.000000000000000000e+00 0.000000000000000000e+00
1.000000000000000000e+00 1.000000000000000000e+00 1.000000000000000000e+00 1.000000000000000000e+00 0.000000000000000000e+00
4.441421508789062500e+00 1.005203008651733398e+00 1.000000000000000000e+00 1.000000000000000000e+00 0.000000000000000000e+00
1.000028371810913086e+00 1.000000000000000000e+00 1.000000000000000000e+00 1.000000000000000000e+00 0.000000000000000000e+00
1.000004768371582031e+00 1.000000000000000000e+00 1.000000000000000000e+00 1.000000000000000000e+00 0.000000000000000000e+00
1.000335812568664551e+00 1.000000000000000000e+00 1.000000000000000000e+00 1.000000000000000000e+00 0.000000000000000000e+00
4.230423927307128906e+00 1.030428409576416016e+00 1.000019788742065430e+00 1.000001072883605957e+00 0.000000000000000000e+00
-1.457422542572021484e+01 7.159995436668395996e-01 -4.834454059600830078e-01 -5.624496936798095703e-02 0.000000000000000000e+00
-9.531209468841552734e-01 2.323979139328002930e-02 -1.446579933166503906e+00 -1.212845444679260254e+00 0.000000000000000000e+00
6.279355883598327637e-01 1.230443477630615234e+00 1.241220474243164062e+00 1.000130176544189453e+00 0.000000000000000000e+00
-1.379843950271606445e-01 8.462267875671386719e+00 5.690334796905517578e+00 1.075760841369628906e+00 0.000000000000000000e+00
-8.397786617279052734e-01 6.118142008781433105e-01 -2.136430501937866211e+00 -2.242750406265258789e+00 0.000000000000000000e+00
1.218860626220703125e+00 1.026630997657775879e+00 1.001105070114135742e+00 1.000099658966064453e+00 0.000000000000000000e+00
1.353428483009338379e+00 1.008874773979187012e+00 1.000005960464477539e+00 1.000000000000000000e+00 0.000000000000000000e+00
1.007687807083129883e+00 1.000178098678588867e+00 1.000000476837158203e+00 1.000000000000000000e+00 0.000000000000000000e+00
-4.950972795486450195e-01 -5.541878938674926758e-02 2.468075752258300781e-01 1.537469100952148438e+01 0.000000000000000000e+00
-1.434166312217712402e+00 -9.809893965721130371e-01 -1.062798023223876953e+00 -1.517304420471191406e+00 0.000000000000000000e+00
1.000689864158630371e+00 1.000000000000000000e+00 1.000000000000000000e+00 1.000000000000000000e+00 0.000000000000000000e+00
1.002434372901916504e+00 1.000000000000000000e+00 1.000000000000000000e+00 1.000000000000000000e+00 0.000000000000000000e+00
1.556844592094421387e+00 1.030388832092285156e+00 1.006556868553161621e+00 1.000000476837158203e+00 0.000000000000000000e+00
1.000015497207641602e+00 1.000000000000000000e+00 1.000000000000000000e+00 1.000000000000000000e+00 0.000000000000000000e+00
7.533689498901367188e+00 6.165818214416503906e+00 1.822711229324340820e+00 1.000482082366943359e+00 0.000000000000000000e+00
1.038261771202087402e+00 1.000052571296691895e+00 1.000000000000000000e+00 1.000000000000000000e+00 0.000000000000000000e+00
1.326203465461730957e+00 1.055382966995239258e+00 1.000687599182128906e+00 1.000000476837158203e+00 0.000000000000000000e+00
1.001867771148681641e+00 1.000000476837158203e+00 1.000000000000000000e+00 1.000000000000000000e+00 0.000000000000000000e+00
1.062985420227050781e+00 1.000503540039062500e+00 1.000006437301635742e+00 1.000000000000000000e+00 0.000000000000000000e+00
1.651338338851928711e+00 1.038343429565429688e+00 1.000996112823486328e+00 1.000001072883605957e+00 0.000000000000000000e+00
-9.799033403396606445e-01 -8.700775504112243652e-01 -1.157826662063598633e+00 -8.799927830696105957e-01 0.000000000000000000e+00
2.398289918899536133e+00 1.000796198844909668e+00 1.000211358070373535e+00 1.000000000000000000e+00 0.000000000000000000e+00
9.129224777221679688e+00 2.343295812606811523e+00 -5.649744868278503418e-01 -7.094498634338378906e+00 1.000000000000000000e+00
1.317151546478271484e+01 1.084392786026000977e+00 1.001266479492187500e+00 1.000000476837158203e+00 2.000000000000000000e+00
9.129224777221679688e+00 2.343295812606811523e+00 -5.649744868278503418e-01 -7.094498634338378906e+00 1.000000000000000000e+00
1.317151546478271484e+01 1.084392786026000977e+00 1.001266479492187500e+00 1.000000476837158203e+00 2.000000000000000000e+00
9.129224777221679688e+00 2.343295812606811523e+00 -5.649744868278503418e-01 -7.094498634338378906e+00 1.000000000000000000e+00
1.317151546478271484e+01 1.084392786026000977e+00 1.001266479492187500e+00 1.000000476837158203e+00 2.000000000000000000e+00
9.129224777221679688e+00 2.343295812606811523e+00 -5.649744868278503418e-01 -7.094498634338378906e+00 1.000000000000000000e+00
1.317151546478271484e+01 1.084392786026000977e+00 1.001266479492187500e+00 1.000000476837158203e+00 2.000000000000000000e+00
9.129224777221679688e+00 2.343295812606811523e+00 -5.649744868278503418e-01 -7.094498634338378906e+00 1.000000000000000000e+00
1.317151546478271484e+01 1.084392786026000977e+00 1.001266479492187500e+00 1.000000476837158203e+00 2.000000000000000000e+00
9.129224777221679688e+00 2.343295812606811523e+00 -5.649744868278503418e-01 -7.094498634338378906e+00 1.000000000000000000e+00
1.317151546478271484e+01 1.084392786026000977e+00 1.001266479492187500e+00 1.000000476837158203e+00 2.000000000000000000e+00
9.129224777221679688e+00 2.343295812606811523e+00 -5.649744868278503418e-01 -7.094498634338378906e+00 1.000000000000000000e+00
1.317151546478271484e+01 1.084392786026000977e+00 1.001266479492187500e+00 1.000000476837158203e+00 2.000000000000000000e+00
9.129224777221679688e+00 2.343295812606811523e+00 -5.649744868278503418e-01 -7.094498634338378906e+00 1.000000000000000000e+00
1.317151546478271484e+01 1.084392786026000977e+00 1.001266479492187500e+00 1.000000476837158203e+00 2.000000000000000000e+00
9.129224777221679688e+00 2.343295812606811523e+00 -5.649744868278503418e-01 -7.094498634338378906e+00 1.000000000000000000e+00
1.317151546478271484e+01 1.084392786026000977e+00 1.001266479492187500e+00 1.000000476837158203e+00 2.000000000000000000e+00
9.129224777221679688e+00 2.343295812606811523e+00 -5.649744868278503418e-01 -7.094498634338378906e+00 1.000000000000000000e+00
1.317151546478271484e+01 1.084392786026000977e+00 1.001266479492187500e+00 1.000000476837158203e+00 2.000000000000000000e+00
1.009956836700439453e+00 1.000000000000000000e+00 1.000000000000000000e+00 1.000000000000000000e+00 0.000000000000000000e+00
3.236553192138671875e+00 1.542290925979614258e+00 1.025542140007019043e+00 1.000000000000000000e+00 0.000000000000000000e+00
1.026293516159057617e+00 1.000590085983276367e+00 1.000000476837158203e+00 1.000000000000000000e+00 0.000000000000000000e+00
1.482106447219848633e+00 1.004342555999755859e+00 1.000004291534423828e+00 1.000000000000000000e+00 0.000000000000000000e+00
6.165335655212402344e+00 1.631381511688232422e+00 1.001232385635375977e+00 1.001200675964355469e+00 0.000000000000000000e+00
7.303884029388427734e-01 4.375361919403076172e+00 1.802245616912841797e+00 4.875732064247131348e-01 0.000000000000000000e+00
-2.235201299190521240e-01 7.837892055511474609e+00 3.866019725799560547e+00 3.419224262237548828e+00 0.000000000000000000e+00
1.015429019927978516e+00 1.000001668930053711e+00 1.000000000000000000e+00 1.000000000000000000e+00 0.000000000000000000e+00
1.017122268676757812e+00 1.000003218650817871e+00 1.000000000000000000e+00 1.000000000000000000e+00 0.000000000000000000e+00
1.126555061340332031e+01 1.683049440383911133e+00 1.004510879516601562e+00 1.000826120376586914e+00 0.000000000000000000e+00
1.037094235420227051e+00 1.000704050064086914e+00 1.000002145767211914e+00 1.000000000000000000e+00 0.000000000000000000e+00
1.159329295158386230e+00 1.000672578811645508e+00 1.000001668930053711e+00 1.000000000000000000e+00 0.000000000000000000e+00
1.010183453559875488e+00 1.000003218650817871e+00 1.000000000000000000e+00 1.000000000000000000e+00 0.000000000000000000e+00
1.017899990081787109e+00 1.000028371810913086e+00 1.000000000000000000e+00 1.000000000000000000e+00 0.000000000000000000e+00
1.019857883453369141e+00 1.000310897827148438e+00 1.000016689300537109e+00 1.000000000000000000e+00 0.000000000000000000e+00
-1.146906614303588867e+00 -1.440609931945800781e+00 -1.014556169509887695e+00 -6.454942226409912109e-01 0.000000000000000000e+00
3.514984607696533203e+00 1.020166993141174316e+00 1.000033140182495117e+00 1.000000476837158203e+00 0.000000000000000000e+00
1.001466512680053711e+00 1.000001668930053711e+00 1.000000000000000000e+00 1.000000000000000000e+00 0.000000000000000000e+00
1.018279194831848145e+00 1.000000476837158203e+00 1.000000000000000000e+00 1.000000000000000000e+00 0.000000000000000000e+00
9.556559920310974121e-01 1.052973628044128418e+00 1.000000000000000000e+00 1.000000000000000000e+00 1.000000000000000000e+00
1.030069589614868164e+00 1.000086784362792969e+00 1.000000476837158203e+00 1.000000000000000000e+00 2.000000000000000000e+00
9.556559920310974121e-01 1.052973628044128418e+00 1.000000000000000000e+00 1.000000000000000000e+00 1.000000000000000000e+00
1.030069589614868164e+00 1.000086784362792969e+00 1.000000476837158203e+00 1.000000000000000000e+00 2.000000000000000000e+00
9.556559920310974121e-01 1.052973628044128418e+00 1.000000000000000000e+00 1.000000000000000000e+00 1.000000000000000000e+00
1.030069589614868164e+00 1.000086784362792969e+00 1.000000476837158203e+00 1.000000000000000000e+00 2.000000000000000000e+00
9.556559920310974121e-01 1.052973628044128418e+00 1.000000000000000000e+00 1.000000000000000000e+00 1.000000000000000000e+00
1.030069589614868164e+00 1.000086784362792969e+00 1.000000476837158203e+00 1.000000000000000000e+00 2.000000000000000000e+00
9.556559920310974121e-01 1.052973628044128418e+00 1.000000000000000000e+00 1.000000000000000000e+00 1.000000000000000000e+00
1.030069589614868164e+00 1.000086784362792969e+00 1.000000476837158203e+00 1.000000000000000000e+00 2.000000000000000000e+00
9.556559920310974121e-01 1.052973628044128418e+00 1.000000000000000000e+00 1.000000000000000000e+00 1.000000000000000000e+00
1.030069589614868164e+00 1.000086784362792969e+00 1.000000476837158203e+00 1.000000000000000000e+00 2.000000000000000000e+00
9.556559920310974121e-01 1.052973628044128418e+00 1.000000000000000000e+00 1.000000000000000000e+00 1.000000000000000000e+00
1.030069589614868164e+00 1.000086784362792969e+00 1.000000476837158203e+00 1.000000000000000000e+00 2.000000000000000000e+00
9.556559920310974121e-01 1.052973628044128418e+00 1.000000000000000000e+00 1.000000000000000000e+00 1.000000000000000000e+00
1.030069589614868164e+00 1.000086784362792969e+00 1.000000476837158203e+00 1.000000000000000000e+00 2.000000000000000000e+00
9.556559920310974121e-01 1.052973628044128418e+00 1.000000000000000000e+00 1.000000000000000000e+00 1.000000000000000000e+00
1.030069589614868164e+00 1.000086784362792969e+00 1.000000476837158203e+00 1.000000000000000000e+00 2.000000000000000000e+00
9.556559920310974121e-01 1.052973628044128418e+00 1.000000000000000000e+00 1.000000000000000000e+00 1.000000000000000000e+00
1.030069589614868164e+00 1.000086784362792969e+00 1.000000476837158203e+00 1.000000000000000000e+00 2.000000000000000000e+00
1.575715899467468262e+00 1.387625813484191895e+00 1.033267974853515625e+00 1.000023603439331055e+00 0.000000000000000000e+00
1.000116109848022461e+00 9.999841451644897461e-01 1.000349760055541992e+00 1.000048279762268066e+00 0.000000000000000000e+00
2.966016530990600586e-01 1.495085620880126953e+01 1.670168042182922363e+00 1.000250577926635742e+00 0.000000000000000000e+00
2.817846298217773438e+00 2.875581502914428711e+00 1.101295948028564453e+00 1.000664710998535156e+00 0.000000000000000000e+00
2.437713146209716797e+00 1.004742622375488281e+00 1.000044584274291992e+00 1.000000000000000000e+00 0.000000000000000000e+00
1.774265766143798828e+00 1.015462040901184082e+00 1.000076293945312500e+00 1.000003814697265625e+00 1.000000000000000000e+00
1.089747309684753418e+00 1.007155060768127441e+00 1.000079154968261719e+00 1.000002622604370117e+00 2.000000000000000000e+00
1.774265766143798828e+00 1.015462040901184082e+00 1.000076293945312500e+00 1.000003814697265625e+00 1.000000000000000000e+00
1.089747309684753418e+00 1.007155060768127441e+00 1.000079154968261719e+00 1.000002622604370117e+00 2.000000000000000000e+00
1.774265766143798828e+00 1.015462040901184082e+00 1.000076293945312500e+00 1.000003814697265625e+00 1.000000000000000000e+00
1.089747309684753418e+00 1.007155060768127441e+00 1.000079154968261719e+00 1.000002622604370117e+00 2.000000000000000000e+00
1.774265766143798828e+00 1.015462040901184082e+00 1.000076293945312500e+00 1.000003814697265625e+00 1.000000000000000000e+00
1.089747309684753418e+00 1.007155060768127441e+00 1.000079154968261719e+00 1.000002622604370117e+00 2.000000000000000000e+00
1.774265766143798828e+00 1.015462040901184082e+00 1.000076293945312500e+00 1.000003814697265625e+00 1.000000000000000000e+00
1.089747309684753418e+00 1.007155060768127441e+00 1.000079154968261719e+00 1.000002622604370117e+00 2.000000000000000000e+00
1.774265766143798828e+00 1.015462040901184082e+00 1.000076293945312500e+00 1.000003814697265625e+00 1.000000000000000000e+00
1.089747309684753418e+00 1.007155060768127441e+00 1.000079154968261719e+00 1.000002622604370117e+00 2.000000000000000000e+00
1.774265766143798828e+00 1.015462040901184082e+00 1.000076293945312500e+00 1.000003814697265625e+00 1.000000000000000000e+00
1.089747309684753418e+00 1.007155060768127441e+00 1.000079154968261719e+00 1.000002622604370117e+00 2.000000000000000000e+00
1.774265766143798828e+00 1.015462040901184082e+00 1.000076293945312500e+00 1.000003814697265625e+00 1.000000000000000000e+00
1.089747309684753418e+00 1.007155060768127441e+00 1.000079154968261719e+00 1.000002622604370117e+00 2.000000000000000000e+00
1.774265766143798828e+00 1.015462040901184082e+00 1.000076293945312500e+00 1.000003814697265625e+00 1.000000000000000000e+00
1.089747309684753418e+00 1.007155060768127441e+00 1.000079154968261719e+00 1.000002622604370117e+00 2.000000000000000000e+00
1.774265766143798828e+00 1.015462040901184082e+00 1.000076293945312500e+00 1.000003814697265625e+00 1.000000000000000000e+00
1.089747309684753418e+00 1.007155060768127441e+00 1.000079154968261719e+00 1.000002622604370117e+00 2.000000000000000000e+00
7.538640499114990234e-01 1.365345001220703125e+00 1.004323720932006836e+00 1.000000476837158203e+00 0.000000000000000000e+00
1.004586577415466309e+00 1.000000000000000000e+00 1.000000000000000000e+00 1.000000000000000000e+00 0.000000000000000000e+00
1.460985422134399414e+00 1.007797002792358398e+00 1.000025749206542969e+00 1.000000000000000000e+00 0.000000000000000000e+00
3.320908308029174805e+00 1.634546756744384766e+00 1.167095184326171875e+00 1.001944303512573242e+00 0.000000000000000000e+00
6.700361728668212891e+00 1.690108895301818848e+00 2.384792327880859375e+00 8.651928305625915527e-01 0.000000000000000000e+00
1.088999986648559570e+00 1.000595331192016602e+00 1.000020384788513184e+00 1.000000000000000000e+00 0.000000000000000000e+00
1.038668155670166016e+00 1.000025272369384766e+00 1.000000000000000000e+00 1.000000000000000000e+00 0.000000000000000000e+00
3.343740463256835938e+00 1.000116348266601562e+00 1.000000000000000000e+00 1.000000000000000000e+00 0.000000000000000000e+00
1.479870796203613281e+00 1.033996820449829102e+00 1.002391457557678223e+00 1.000000000000000000e+00 0.000000000000000000e+00
1.223188638687133789e+00 1.155951499938964844e+00 1.000184535980224609e+00 1.000000000000000000e+00 0.000000000000000000e+00
3.519939661026000977e+00 1.356469535827636719e+01 1.103854298591613770e+00 1.000002622604370117e+00 0.000000000000000000e+00
2.116000413894653320e+00 1.000049829483032227e+00 1.000000000000000000e+00 1.000000000000000000e+00 0.000000000000000000e+00
2.393207550048828125e+00 1.065631151199340820e+00 1.007994651794433594e+00 1.000085830688476562e+00 0.000000000000000000e+00
1.531428217887878418e+00 1.000854492187500000e+00 1.000000000000000000e+00 1.000000000000000000e+00 0.000000000000000000e+00
1.034480333328247070e+00 1.009269714355468750e+00 1.000000000000000000e+00 1.000000000000000000e+00 0.000000000000000000e+00
1.408867120742797852e+00 1.013931035995483398e+00 1.000090599060058594e+00 1.000000000000000000e+00 0.000000000000000000e+00
1.088889789581298828e+01 1.075007677078247070e+00 1.014660835266113281e+00 1.003124237060546875e+00 0.000000000000000000e+00
1.026101112365722656e+00 1.000024080276489258e+00 1.000000000000000000e+00 1.000000000000000000e+00 0.000000000000000000e+00
1.024652481079101562e+00 1.000010013580322266e+00 1.000001072883605957e+00 1.000000000000000000e+00 0.000000000000000000e+00
1.074937152862548828e+01 1.001033067703247070e+00 1.000001668930053711e+00 1.000000000000000000e+00 0.000000000000000000e+00
1.446247696876525879e+00 1.006302356719970703e+00 1.000305056571960449e+00 1.000001668930053711e+00 0.000000000000000000e+00
1.166184425354003906e+00 1.003513097763061523e+00 1.000034809112548828e+00 1.000000000000000000e+00 0.000000000000000000e+00
1.216493129730224609e+00 1.016901493072509766e+00 1.000064373016357422e+00 1.000000000000000000e+00 0.000000000000000000e+00
1.607604146003723145e+00 1.000741243362426758e+00 1.000001072883605957e+00 1.000000000000000000e+00 0.000000000000000000e+00
1.323628187179565430e+00 1.004025936126708984e+00 1.000097036361694336e+00 1.000000476837158203e+00 0.000000000000000000e+00
1.021646976470947266e+00 1.001617908477783203e+00 1.000004768371582031e+00 1.000000000000000000e+00 0.000000000000000000e+00
1.594001054763793945e+00 1.024188280105590820e+00 1.000254154205322266e+00 1.000000476837158203e+00 0.000000000000000000e+00
9.750702381134033203e-01 1.022019982337951660e+00 1.007138967514038086e+00 1.004079580307006836e+00 1.000000000000000000e+00
1.211020088195800781e+01 1.510883569717407227e+00 1.021986007690429688e+00 1.000034809112548828e+00 2.000000000000000000e+00
9.750702381134033203e-01 1.022019982337951660e+00 1.007138967514038086e+00 1.004079580307006836e+00 1.000000000000000000e+00
1.211020088195800781e+01 1.510883569717407227e+00 1.021986007690429688e+00 1.000034809112548828e+00 2.000000000000000000e+00
9.750702381134033203e-01 1.022019982337951660e+00 1.007138967514038086e+00 1.004079580307006836e+00 1.000000000000000000e+00
1.211020088195800781e+01 1.510883569717407227e+00 1.021986007690429688e+00 1.000034809112548828e+00 2.000000000000000000e+00
9.750702381134033203e-01 1.022019982337951660e+00 1.007138967514038086e+00 1.004079580307006836e+00 1.000000000000000000e+00
1.211020088195800781e+01 1.510883569717407227e+00 1.021986007690429688e+00 1.000034809112548828e+00 2.000000000000000000e+00
9.750702381134033203e-01 1.022019982337951660e+00 1.007138967514038086e+00 1.004079580307006836e+00 1.000000000000000000e+00
1.211020088195800781e+01 1.510883569717407227e+00 1.021986007690429688e+00 1.000034809112548828e+00 2.000000000000000000e+00
9.750702381134033203e-01 1.022019982337951660e+00 1.007138967514038086e+00 1.004079580307006836e+00 1.000000000000000000e+00
1.211020088195800781e+01 1.510883569717407227e+00 1.021986007690429688e+00 1.000034809112548828e+00 2.000000000000000000e+00
9.750702381134033203e-01 1.022019982337951660e+00 1.007138967514038086e+00 1.004079580307006836e+00 1.000000000000000000e+00
1.211020088195800781e+01 1.510883569717407227e+00 1.021986007690429688e+00 1.000034809112548828e+00 2.000000000000000000e+00
9.750702381134033203e-01 1.022019982337951660e+00 1.007138967514038086e+00 1.004079580307006836e+00 1.000000000000000000e+00
1.211020088195800781e+01 1.510883569717407227e+00 1.021986007690429688e+00 1.000034809112548828e+00 2.000000000000000000e+00
9.750702381134033203e-01 1.022019982337951660e+00 1.007138967514038086e+00 1.004079580307006836e+00 1.000000000000000000e+00
1.211020088195800781e+01 1.510883569717407227e+00 1.021986007690429688e+00 1.000034809112548828e+00 2.000000000000000000e+00
9.750702381134033203e-01 1.022019982337951660e+00 1.007138967514038086e+00 1.004079580307006836e+00 1.000000000000000000e+00
1.211020088195800781e+01 1.510883569717407227e+00 1.021986007690429688e+00 1.000034809112548828e+00 2.000000000000000000e+00
1.007687926292419434e+00 1.000017642974853516e+00 1.000000000000000000e+00 1.000000000000000000e+00 0.000000000000000000e+00
2.448929786682128906e+00 1.013345241546630859e+00 1.000408649444580078e+00 1.000000476837158203e+00 0.000000000000000000e+00
1.000864267349243164e+00 1.000000000000000000e+00 1.000000000000000000e+00 1.000000000000000000e+00 0.000000000000000000e+00
1.015897512435913086e+00 1.000095486640930176e+00 1.000000000000000000e+00 1.000000000000000000e+00 0.000000000000000000e+00
1.012245178222656250e+00 1.000021457672119141e+00 1.000000000000000000e+00 1.000000000000000000e+00 0.000000000000000000e+00
1.000927448272705078e+00 1.000009655952453613e+00 1.000000000000000000e+00 1.000000000000000000e+00 0.000000000000000000e+00
1.061357259750366211e+00 1.009178400039672852e+00 1.000059008598327637e+00 1.000000000000000000e+00 0.000000000000000000e+00
9.556998610496520996e-01 9.719907641410827637e-01 -2.736031532287597656e+00 -1.414647960662841797e+01 0.000000000000000000e+00
9.858618378639221191e-01 1.013366699218750000e+00 1.000003814697265625e+00 1.000000000000000000e+00 0.000000000000000000e+00
1.004925966262817383e+00 1.000010728836059570e+00 1.000000000000000000e+00 1.000000000000000000e+00 0.000000000000000000e+00
1.460970640182495117e+00 6.381374001502990723e-01 4.874278903007507324e-01 1.094111680984497070e+00 0.000000000000000000e+00
-1.634182929992675781e+00 -1.549437761306762695e+00 -1.325142860412597656e+00 -6.585232615470886230e-01 0.000000000000000000e+00
-1.736729025840759277e+00 6.146419048309326172e-01 -2.025459766387939453e+00 6.912026405334472656e-01 0.000000000000000000e+00
-4.569460391998291016e+00 -6.007872581481933594e+00 -3.822380065917968750e+00 -1.024516582489013672e+00 0.000000000000000000e+00
1.012216567993164062e+00 1.000036954879760742e+00 1.000000000000000000e+00 1.000000000000000000e+00 0.000000000000000000e+00
1.021563768386840820e+00 1.000512838363647461e+00 1.000000476837158203e+00 1.000000000000000000e+00 0.000000000000000000e+00
1.007467985153198242e+00 1.000021934509277344e+00 1.000000000000000000e+00 1.000000000000000000e+00 0.000000000000000000e+00
1.011439323425292969e+00 1.000003218650817871e+00 1.000000000000000000e+00 1.000000000000000000e+00 0.000000000000000000e+00
3.002424478530883789e+00 1.035476207733154297e+00 1.000070333480834961e+00 1.000000000000000000e+00 0.000000000000000000e+00
1.650138139724731445e+00 1.001302003860473633e+00 1.000000000000000000e+00 1.000000000000000000e+00 0.000000000000000000e+00
1.005220770835876465e+00 1.000018239021301270e+00 1.000000000000000000e+00 1.000000000000000000e+00 0.000000000000000000e+00
3.929396629333496094e+00 3.574003696441650391e+00 1.085956096649169922e+00 1.006414175033569336e+00 0.000000000000000000e+00
-4.508277893066406250e+00 3.677543878555297852e+00 2.713379859924316406e+00 5.639154911041259766e+00 0.000000000000000000e+00
-1.059123039245605469e+00 -5.257664918899536133e-01 -9.057946801185607910e-01 -2.541139721870422363e-01 0.000000000000000000e+00
1.151871323585510254e+00 -8.229220509529113770e-01 -5.445136070251464844e+00 -1.004465937614440918e+00 0.000000000000000000e+00
1.205705642700195312e+00 1.178930282592773438e+00 1.001631736755371094e+00 1.000058889389038086e+00 0.000000000000000000e+00
6.763131141662597656e+00 1.147654294967651367e+00 1.127210378646850586e+00 1.008225917816162109e+00 0.000000000000000000e+00
1.004524350166320801e+00 1.000000000000000000e+00 1.000000000000000000e+00 1.000000000000000000e+00 0.000000000000000000e+00
1.000000000000000000e+00 1.000000000000000000e+00 1.000000000000000000e+00 1.000000000000000000e+00 0.000000000000000000e+00
1.000018835067749023e+00 1.000000000000000000e+00 1.000000000000000000e+00 1.000000000000000000e+00 0.000000000000000000e+00
1.000000000000000000e+00 1.000000000000000000e+00 1.000000000000000000e+00 1.000000000000000000e+00 0.000000000000000000e+00
1.014841198921203613e+00 1.000004768371582031e+00 1.000000000000000000e+00 1.000000000000000000e+00 0.000000000000000000e+00
1.006161570549011230e+00 1.000000000000000000e+00 1.000000000000000000e+00 1.000000000000000000e+00 0.000000000000000000e+00
1.000601291656494141e+00 1.000000000000000000e+00 1.000000000000000000e+00 1.000000000000000000e+00 0.000000000000000000e+00
1.083570003509521484e+00 1.000005364418029785e+00 1.000000000000000000e+00 1.000000000000000000e+00 0.000000000000000000e+00
1.000123977661132812e+00 1.000000000000000000e+00 1.000000000000000000e+00 1.000000000000000000e+00 0.000000000000000000e+00
1.000624895095825195e+00 1.000000000000000000e+00 1.000000000000000000e+00 1.000000000000000000e+00 0.000000000000000000e+00
1.001005887985229492e+00 1.000000000000000000e+00 1.000000000000000000e+00 1.000000000000000000e+00 0.000000000000000000e+00
1.026804924011230469e+00 1.000000476837158203e+00 1.000000000000000000e+00 1.000000000000000000e+00 0.000000000000000000e+00
1.000006914138793945e+00 1.000000000000000000e+00 1.000000000000000000e+00 1.000000000000000000e+00 0.000000000000000000e+00
1.006540298461914062e+00 1.000000000000000000e+00 1.000000000000000000e+00 1.000000000000000000e+00 0.000000000000000000e+00
1.001077175140380859e+00 1.000000000000000000e+00 1.000000000000000000e+00 1.000000000000000000e+00 0.000000000000000000e+00
1.061455726623535156e+00 1.000001072883605957e+00 1.000000000000000000e+00 1.000000000000000000e+00 0.000000000000000000e+00
1.130701780319213867e+00 1.000165700912475586e+00 1.000000000000000000e+00 1.000000000000000000e+00 0.000000000000000000e+00
1.089198112487792969e+00 1.000281453132629395e+00 1.000001668930053711e+00 1.000000000000000000e+00 0.000000000000000000e+00
1.003876209259033203e+00 1.000001072883605957e+00 1.000000000000000000e+00 1.000000000000000000e+00 0.000000000000000000e+00
1.033280968666076660e+00 1.005251169204711914e+00 1.000000476837158203e+00 1.000000000000000000e+00 0.000000000000000000e+00
1.007704019546508789e+00 1.000023126602172852e+00 1.000000000000000000e+00 1.000000000000000000e+00 0.000000000000000000e+00
1.586557626724243164e+00 1.024312257766723633e+00 1.000263333320617676e+00 1.000000476837158203e+00 0.000000000000000000e+00
1.307388544082641602e+00 1.021329641342163086e+00 1.000234603881835938e+00 1.000013351440429688e+00 0.000000000000000000e+00
1.131021738052368164e+00 1.002015829086303711e+00 1.000005960464477539e+00 1.000000000000000000e+00 0.000000000000000000e+00
1.009625792503356934e+00 1.000097632408142090e+00 1.000000000000000000e+00 1.000000000000000000e+00 0.000000000000000000e+00
1.754067778587341309e+00 1.009940385818481445e+00 1.000129818916320801e+00 1.000000000000000000e+00 0.000000000000000000e+00
1.000012397766113281e+00 1.000000000000000000e+00 1.000000000000000000e+00 1.000000000000000000e+00 0.000000000000000000e+00
1.058717727661132812e+00 1.005741000175476074e+00 1.000004768371582031e+00 1.000000000000000000e+00 0.000000000000000000e+00
1.011294484138488770e+00 1.000099182128906250e+00 1.000000000000000000e+00 1.000000000000000000e+00 0.000000000000000000e+00
1.169869661331176758e+00 1.000029563903808594e+00 1.000000000000000000e+00 1.000000000000000000e+00 0.000000000000000000e+00
1.223749756813049316e+00 1.009193181991577148e+00 1.000107765197753906e+00 1.000001072883605957e+00 0.000000000000000000e+00
1.040229082107543945e+00 1.000002622604370117e+00 1.000000000000000000e+00 1.000000000000000000e+00 0.000000000000000000e+00
1.000544905662536621e+00 1.000001072883605957e+00 1.000000000000000000e+00 1.000000000000000000e+00 0.000000000000000000e+00
1.090614318847656250e+00 1.000172734260559082e+00 1.000000000000000000e+00 1.000000000000000000e+00 0.000000000000000000e+00
1.000967502593994141e+00 1.000011205673217773e+00 1.000000000000000000e+00 1.000000000000000000e+00 0.000000000000000000e+00
1.028809785842895508e+00 1.001523971557617188e+00 1.000000476837158203e+00 1.000000000000000000e+00 0.000000000000000000e+00
1.039922714233398438e+00 1.000094413757324219e+00 1.000000000000000000e+00 1.000000000000000000e+00 0.000000000000000000e+00
1.149626731872558594e+00 1.003801703453063965e+00 1.000000476837158203e+00 1.000000000000000000e+00 0.000000000000000000e+00
1.346054077148437500e+00 1.001063108444213867e+00 1.000005364418029785e+00 1.000000000000000000e+00 0.000000000000000000e+00
2.330008745193481445e+00 1.030606508255004883e+00 1.000194191932678223e+00 1.000000000000000000e+00 0.000000000000000000e+00
1.671027183532714844e+01 1.117690801620483398e+00 1.015896558761596680e+00 1.000259637832641602e+00 0.000000000000000000e+00
8.105022907257080078e-01 -1.823017358779907227e+00 2.117008209228515625e+00 -5.475025177001953125e+00 0.000000000000000000e+00
1.079104709625244141e+01 6.051573276519775391e+00 1.608912229537963867e+00 1.120432615280151367e+00 0.000000000000000000e+00
1.185774207115173340e+00 1.017108678817749023e+00 1.000346422195434570e+00 1.000001668930053711e+00 0.000000000000000000e+00
1.401377439498901367e+00 1.000899076461791992e+00 1.000000476837158203e+00 1.000000000000000000e+00 0.000000000000000000e+00
6.940429210662841797e+00 1.008050680160522461e+00 1.000002622604370117e+00 1.000000000000000000e+00 0.000000000000000000e+00
1.580038261413574219e+01 2.053164958953857422e+00 1.127487063407897949e+00 1.003759622573852539e+00 0.000000000000000000e+00
1.121165394783020020e+00 -9.578556418418884277e-01 8.498758316040039062e+00 6.316149711608886719e+00 0.000000000000000000e+00
-7.972320318222045898e-01 -1.802713751792907715e+00 -1.143326997756958008e+00 -1.330269813537597656e+00 0.000000000000000000e+00
2.468247175216674805e+00 5.755368709564208984e+00 2.525497913360595703e+00 2.003418684005737305e+00 0.000000000000000000e+00
1.000743508338928223e+00 1.000000000000000000e+00 1.000000000000000000e+00 1.000000000000000000e+00 0.000000000000000000e+00
1.019908666610717773e+00 1.000003218650817871e+00 1.000000000000000000e+00 1.000000000000000000e+00 0.000000000000000000e+00
1.000000000000000000e+00 1.000000000000000000e+00 1.000000000000000000e+00 1.000000000000000000e+00 0.000000000000000000e+00
1.381215572357177734e+00 1.000032186508178711e+00 1.000000000000000000e+00 1.000000000000000000e+00 0.000000000000000000e+00
1.006664395332336426e+00 1.006260275840759277e+00 1.000000000000000000e+00 1.000000000000000000e+00 0.000000000000000000e+00
2.331669807434082031e+00 1.000293493270874023e+00 1.000000000000000000e+00 1.000000000000000000e+00 0.000000000000000000e+00
1.500550031661987305e+00 8.777084350585937500e-01 1.148433446884155273e+00 1.044228792190551758e+00 0.000000000000000000e+00
1.277805805206298828e+00 1.007844686508178711e+00 1.000175952911376953e+00 1.000000000000000000e+00 0.000000000000000000e+00
6.560987234115600586e-01 -1.604324579238891602e+00 4.503544330596923828e+00 4.208812713623046875e+00 0.000000000000000000e+00
2.392576694488525391e+00 1.565816640853881836e+00 1.022369146347045898e+00 1.000051975250244141e+00 0.000000000000000000e+00
5.916842460632324219e+00 1.080796480178833008e+00 1.000277876853942871e+00 1.000000000000000000e+00 0.000000000000000000e+00
1.667964172363281250e+01 6.868643760681152344e-01 1.463783979415893555e+00 1.041428327560424805e+00 0.000000000000000000e+00
9.795962572097778320e-01 1.061287164688110352e+00 1.004987716674804688e+00 1.000001072883605957e+00 0.000000000000000000e+00
1.384128475189208984e+01 5.592187047004699707e-01 2.005284070968627930e+00 1.018814325332641602e+00 0.000000000000000000e+00
1.000008106231689453e+00 1.000000000000000000e+00 1.000000000000000000e+00 1.000000000000000000e+00 0.000000000000000000e+00
1.000015497207641602e+00 1.000000000000000000e+00 1.000000000000000000e+00 1.000000000000000000e+00 0.000000000000000000e+00
1.000003218650817871e+00 1.000000000000000000e+00 1.000000000000000000e+00 1.000000000000000000e+00 0.000000000000000000e+00
1.000615358352661133e+00 1.000000000000000000e+00 1.000000000000000000e+00 1.000000000000000000e+00 0.000000000000000000e+00
1.000326156616210938e+00 1.000000000000000000e+00 1.000000000000000000e+00 1.000000000000000000e+00 0.000000000000000000e+00
1.000121831893920898e+00 1.000000000000000000e+00 1.000000000000000000e+00 1.000000000000000000e+00 0.000000000000000000e+00
1.037850141525268555e+00 1.000006437301635742e+00 1.000000000000000000e+00 1.000000000000000000e+00 0.000000000000000000e+00
1.365384459495544434e+00 1.002778291702270508e+00 1.000067591667175293e+00 1.000000000000000000e+00 0.000000000000000000e+00
1.237473368644714355e+00 1.004287958145141602e+00 1.000036478042602539e+00 1.000000000000000000e+00 0.000000000000000000e+00
1.367959737777709961e+00 1.029654979705810547e+00 1.001208066940307617e+00 1.000004291534423828e+00 0.000000000000000000e+00
1.647431731224060059e+00 1.027284383773803711e+00 1.000999212265014648e+00 1.000005960464477539e+00 0.000000000000000000e+00
1.347415924072265625e+00 1.023988127708435059e+00 1.000488996505737305e+00 1.000002622604370117e+00 0.000000000000000000e+00
1.485478401184082031e+00 1.027957201004028320e+00 1.001374721527099609e+00 1.000005960464477539e+00 0.000000000000000000e+00
1.304113626480102539e+00 1.016005277633666992e+00 1.000643968582153320e+00 1.000003218650817871e+00 0.000000000000000000e+00
7.999979972839355469e+00 -1.633877754211425781e+00 1.109622383117675781e+01 1.129084825515747070e+00 0.000000000000000000e+00
-7.082756996154785156e+00 1.104617881774902344e+01 2.818655014038085938e+00 1.623251080513000488e+00 0.000000000000000000e+00
1.135568261146545410e+00 1.014049053192138672e+00 1.003378510475158691e+00 1.000000000000000000e+00 0.000000000000000000e+00
1.269391059875488281e+00 1.016094923019409180e+00 1.000042915344238281e+00 1.000000000000000000e+00 0.000000000000000000e+00
-1.577132463455200195e+00 -3.450186252593994141e-01 -1.449946641921997070e+00 -1.703150749206542969e+00 0.000000000000000000e+00
1.034264564514160156e+00 1.000000476837158203e+00 1.000000000000000000e+00 1.000000000000000000e+00 0.000000000000000000e+00
1.002040147781372070e+00 1.000000000000000000e+00 1.000000000000000000e+00 1.000000000000000000e+00 0.000000000000000000e+00
-1.927104473114013672e+00 8.703205108642578125e+00 -9.848401069641113281e+00 -3.288391113281250000e+00 1.000000000000000000e+00
1.354399204254150391e+00 1.020917892456054688e+00 1.000015020370483398e+00 1.000000000000000000e+00 2.000000000000000000e+00
-1.927104473114013672e+00 8.703205108642578125e+00 -9.848401069641113281e+00 -3.288391113281250000e+00 1.000000000000000000e+00
1.354399204254150391e+00 1.020917892456054688e+00 1.000015020370483398e+00 1.000000000000000000e+00 2.000000000000000000e+00
-1.927104473114013672e+00 8.703205108642578125e+00 -9.848401069641113281e+00 -3.288391113281250000e+00 1.000000000000000000e+00
1.354399204254150391e+00 1.020917892456054688e+00 1.000015020370483398e+00 1.000000000000000000e+00 2.000000000000000000e+00
-1.927104473114013672e+00 8.703205108642578125e+00 -9.848401069641113281e+00 -3.288391113281250000e+00 1.000000000000000000e+00
1.354399204254150391e+00 1.020917892456054688e+00 1.000015020370483398e+00 1.000000000000000000e+00 2.000000000000000000e+00
-1.927104473114013672e+00 8.703205108642578125e+00 -9.848401069641113281e+00 -3.288391113281250000e+00 1.000000000000000000e+00
1.354399204254150391e+00 1.020917892456054688e+00 1.000015020370483398e+00 1.000000000000000000e+00 2.000000000000000000e+00
-1.927104473114013672e+00 8.703205108642578125e+00 -9.848401069641113281e+00 -3.288391113281250000e+00 1.000000000000000000e+00
1.354399204254150391e+00 1.020917892456054688e+00 1.000015020370483398e+00 1.000000000000000000e+00 2.000000000000000000e+00
-1.927104473114013672e+00 8.703205108642578125e+00 -9.848401069641113281e+00 -3.288391113281250000e+00 1.000000000000000000e+00
1.354399204254150391e+00 1.020917892456054688e+00 1.000015020370483398e+00 1.000000000000000000e+00 2.000000000000000000e+00
-1.927104473114013672e+00 8.703205108642578125e+00 -9.848401069641113281e+00 -3.288391113281250000e+00 1.000000000000000000e+00
1.354399204254150391e+00 1.020917892456054688e+00 1.000015020370483398e+00 1.000000000000000000e+00 2.000000000000000000e+00
-1.927104473114013672e+00 8.703205108642578125e+00 -9.848401069641113281e+00 -3.288391113281250000e+00 1.000000000000000000e+00
1.354399204254150391e+00 1.020917892456054688e+00 1.000015020370483398e+00 1.000000000000000000e+00 2.000000000000000000e+00
-1.927104473114013672e+00 8.703205108642578125e+00 -9.848401069641113281e+00 -3.288391113281250000e+00 1.000000000000000000e+00
1.354399204254150391e+00 1.020917892456054688e+00 1.000015020370483398e+00 1.000000000000000000e+00 2.000000000000000000e+00
6.633090972900390625e-01 1.162256717681884766e+00 1.416465997695922852e+00 1.085549950599670410e+00 0.000000000000000000e+00
2.438812732696533203e+00 1.055801630020141602e+00 9.453775882720947266e-01 8.684505820274353027e-01 0.000000000000000000e+00
7.304565429687500000e+00 2.333364486694335938e+00 -3.009606361389160156e+00 4.004535675048828125e+00 0.000000000000000000e+00
1.469589233398437500e+00 1.699011087417602539e+00 -2.435018777847290039e+00 -1.525038123130798340e+00 0.000000000000000000e+00
2.041752815246582031e+00 3.374156475067138672e+00 -3.588659048080444336e+00 -3.856631278991699219e+00 0.000000000000000000e+00
6.131694316864013672e+00 2.473021745681762695e+00 9.913232326507568359e-01 1.022839784622192383e+00 0.000000000000000000e+00
1.548006772994995117e+00 1.002306461334228516e+00 1.000006914138793945e+00 1.000000000000000000e+00 0.000000000000000000e+00
1.003120303153991699e+00 1.000001668930053711e+00 1.000000000000000000e+00 1.000000000000000000e+00 0.000000000000000000e+00
1.000357151031494141e+00 1.000001072883605957e+00 1.000000000000000000e+00 1.000000000000000000e+00 0.000000000000000000e+00
1.000151872634887695e+00 1.000000000000000000e+00 1.000000000000000000e+00 1.000000000000000000e+00 0.000000000000000000e+00
1.001883268356323242e+00 1.000001668930053711e+00 1.000000000000000000e+00 1.000000000000000000e+00 0.000000000000000000e+00
1.033522605895996094e+00 1.016396284103393555e+00 1.000000476837158203e+00 1.000000000000000000e+00 0.000000000000000000e+00
1.310973167419433594e+00 1.030328512191772461e+00 1.000166296958923340e+00 1.000000000000000000e+00 0.000000000000000000e+00
1.014584183692932129e+00 1.000067472457885742e+00 1.000000476837158203e+00 1.000000000000000000e+00 0.000000000000000000e+00
-6.832689046859741211e-01 -7.245749235153198242e-01 -5.338730812072753906e-01 -9.536783099174499512e-01 0.000000000000000000e+00
1.000625610351562500e+00 1.000085234642028809e+00 1.000000476837158203e+00 1.000000000000000000e+00 0.000000000000000000e+00
7.730551958084106445e-01 3.584748506546020508e-02 -5.490611195564270020e-01 -1.835664510726928711e+00 0.000000000000000000e+00
2.812456130981445312e+00 1.063752555847167969e+01 4.148820638656616211e-01 -1.803838014602661133e-01 0.000000000000000000e+00
2.310038208961486816e-01 -7.223924160003662109e+00 -5.390889644622802734e+00 -7.878935337066650391e-02 0.000000000000000000e+00
9.993661642074584961e-01 1.012575387954711914e+00 1.001569986343383789e+00 1.000002145767211914e+00 0.000000000000000000e+00
1.004546999931335449e+00 1.000013351440429688e+00 1.000000000000000000e+00 1.000000000000000000e+00 0.000000000000000000e+00
1.012262582778930664e+00 1.000067591667175293e+00 1.000000000000000000e+00 1.000000000000000000e+00 0.000000000000000000e+00
1.027456521987915039e+00 1.000605106353759766e+00 1.000000476837158203e+00 1.000000000000000000e+00 0.000000000000000000e+00
1.000355124473571777e+00 1.000000000000000000e+00 1.000000000000000000e+00 1.000000000000000000e+00 0.000000000000000000e+00
1.003063678741455078e+00 1.000003814697265625e+00 1.000000000000000000e+00 1.000000000000000000e+00 0.000000000000000000e+00
9.816553592681884766e-01 1.000260710716247559e+00 1.035379648208618164e+00 1.001277208328247070e+00 0.000000000000000000e+00
1.590653657913208008e+00 1.004520177841186523e+00 1.000124454498291016e+00 1.000000000000000000e+00 0.000000000000000000e+00
1.380197286605834961e+00 1.010856866836547852e+00 1.000079393386840820e+00 1.000000000000000000e+00 0.000000000000000000e+00
-3.135269641876220703e+00 2.287650823593139648e+00 1.144589662551879883e+00 6.263282775878906250e+00 0.000000000000000000e+00
1.002863883972167969e+00 1.000011205673217773e+00 1.000000000000000000e+00 1.000000000000000000e+00 0.000000000000000000e+00
5.417220592498779297e+00 1.744822740554809570e+00 8.978310823440551758e-01 9.953471422195434570e-01 0.000000000000000000e+00
5.199410915374755859e+00 1.131150603294372559e+00 -2.043696403503417969e+00 5.670044422149658203e-01 0.000000000000000000e+00
6.007272005081176758e-01 -6.523141264915466309e-01 -9.192934632301330566e-01 -2.112797498703002930e+00 0.000000000000000000e+00
1.176384925842285156e+00 1.000315189361572266e+00 1.000002145767211914e+00 1.000000000000000000e+00 0.000000000000000000e+00
9.069107770919799805e-01 1.349247217178344727e+00 1.036741614341735840e+00 1.071568250656127930e+00 0.000000000000000000e+00
1.000647187232971191e+00 1.000002622604370117e+00 1.000000000000000000e+00 1.000000000000000000e+00 1.000000000000000000e+00
3.376624107360839844e+00 -3.055742502212524414e+00 5.135981559753417969e+00 1.068614959716796875e+00 2.000000000000000000e+00
1.000647187232971191e+00 1.000002622604370117e+00 1.000000000000000000e+00 1.000000000000000000e+00 1.000000000000000000e+00
3.376624107360839844e+00 -3.055742502212524414e+00 5.135981559753417969e+00 1.068614959716796875e+00 2.000000000000000000e+00
1.000647187232971191e+00 1.000002622604370117e+00 1.000000000000000000e+00 1.000000000000000000e+00 1.000000000000000000e+00
3.376624107360839844e+00 -3.055742502212524414e+00 5.135981559753417969e+00 1.068614959716796875e+00 2.000000000000000000e+00
1.000647187232971191e+00 1.000002622604370117e+00 1.000000000000000000e+00 1.000000000000000000e+00 1.000000000000000000e+00
3.376624107360839844e+00 -3.055742502212524414e+00 5.135981559753417969e+00 1.068614959716796875e+00 2.000000000000000000e+00
1.000647187232971191e+00 1.000002622604370117e+00 1.000000000000000000e+00 1.000000000000000000e+00 1.000000000000000000e+00
3.376624107360839844e+00 -3.055742502212524414e+00 5.135981559753417969e+00 1.068614959716796875e+00 2.000000000000000000e+00
1.000647187232971191e+00 1.000002622604370117e+00 1.000000000000000000e+00 1.000000000000000000e+00 1.000000000000000000e+00
3.376624107360839844e+00 -3.055742502212524414e+00 5.135981559753417969e+00 1.068614959716796875e+00 2.000000000000000000e+00
1.000647187232971191e+00 1.000002622604370117e+00 1.000000000000000000e+00 1.000000000000000000e+00 1.000000000000000000e+00
3.376624107360839844e+00 -3.055742502212524414e+00 5.135981559753417969e+00 1.068614959716796875e+00 2.000000000000000000e+00
1.000647187232971191e+00 1.000002622604370117e+00 1.000000000000000000e+00 1.000000000000000000e+00 1.000000000000000000e+00
3.376624107360839844e+00 -3.055742502212524414e+00 5.135981559753417969e+00 1.068614959716796875e+00 2.000000000000000000e+00
1.000647187232971191e+00 1.000002622604370117e+00 1.000000000000000000e+00 1.000000000000000000e+00 1.000000000000000000e+00
3.376624107360839844e+00 -3.055742502212524414e+00 5.135981559753417969e+00 1.068614959716796875e+00 2.000000000000000000e+00
1.000647187232971191e+00 1.000002622604370117e+00 1.000000000000000000e+00 1.000000000000000000e+00 1.000000000000000000e+00
3.376624107360839844e+00 -3.055742502212524414e+00 5.135981559753417969e+00 1.068614959716796875e+00 2.000000000000000000e+00
1.289684534072875977e+00 1.000585556030273438e+00 1.000002622604370117e+00 1.000000000000000000e+00 0.000000000000000000e+00
1.785746335983276367e+00 1.250682592391967773e+00 1.006092071533203125e+00 1.000026226043701172e+00 0.000000000000000000e+00
1.100477099418640137e+00 1.025518298149108887e+00 1.002959966659545898e+00 1.000001668930053711e+00 0.000000000000000000e+00
1.001113176345825195e+00 1.000000000000000000e+00 1.000000000000000000e+00 1.000000000000000000e+00 0.000000000000000000e+00
1.000002622604370117e+00 1.000000000000000000e+00 1.000000000000000000e+00 1.000000000000000000e+00 0.000000000000000000e+00
1.011816263198852539e+00 1.000000000000000000e+00 1.000000000000000000e+00 1.000000000000000000e+00 0.000000000000000000e+00
1.515966796875000000e+01 1.196620464324951172e+00 1.002756834030151367e+00 1.000000000000000000e+00 0.000000000000000000e+00
1.000004768371582031e+00 1.000000000000000000e+00 1.000000000000000000e+00 1.000000000000000000e+00 0.000000000000000000e+00
3.158090114593505859e-01 -1.937200188636779785e+00 1.499330043792724609e+01 1.596226453781127930e+00 0.000000000000000000e+00
1.024218201637268066e+00 1.000000000000000000e+00 1.000000000000000000e+00 1.000000000000000000e+00 0.000000000000000000e+00
3.239514350891113281e+00 1.086817502975463867e+00 1.000451683998107910e+00 1.000000000000000000e+00 0.000000000000000000e+00
1.000950098037719727e+00 1.000000000000000000e+00 1.000000000000000000e+00 1.000000000000000000e+00 0.000000000000000000e+00
1.000000000000000000e+00 1.000000000000000000e+00 1.000000000000000000e+00 1.000000000000000000e+00 1.000000000000000000e+00
1.000033855438232422e+00 1.000000000000000000e+00 1.000000000000000000e+00 1.000000000000000000e+00 2.000000000000000000e+00
1.000000000000000000e+00 1.000000000000000000e+00 1.000000000000000000e+00 1.000000000000000000e+00 1.000000000000000000e+00
1.000033855438232422e+00 1.000000000000000000e+00 1.000000000000000000e+00 1.000000000000000000e+00 2.000000000000000000e+00
1.000000000000000000e+00 1.000000000000000000e+00 1.000000000000000000e+00 1.000000000000000000e+00 1.000000000000000000e+00
1.000033855438232422e+00 1.000000000000000000e+00 1.000000000000000000e+00 1.000000000000000000e+00 2.000000000000000000e+00
1.000000000000000000e+00 1.000000000000000000e+00 1.000000000000000000e+00 1.000000000000000000e+00 1.000000000000000000e+00
1.000033855438232422e+00 1.000000000000000000e+00 1.000000000000000000e+00 1.000000000000000000e+00 2.000000000000000000e+00
1.000000000000000000e+00 1.000000000000000000e+00 1.000000000000000000e+00 1.000000000000000000e+00 1.000000000000000000e+00
1.000033855438232422e+00 1.000000000000000000e+00 1.000000000000000000e+00 1.000000000000000000e+00 2.000000000000000000e+00
1.000000000000000000e+00 1.000000000000000000e+00 1.000000000000000000e+00 1.000000000000000000e+00 1.000000000000000000e+00
1.000033855438232422e+00 1.000000000000000000e+00 1.000000000000000000e+00 1.000000000000000000e+00 2.000000000000000000e+00
1.000000000000000000e+00 1.000000000000000000e+00 1.000000000000000000e+00 1.000000000000000000e+00 1.000000000000000000e+00
1.000033855438232422e+00 1.000000000000000000e+00 1.000000000000000000e+00 1.000000000000000000e+00 2.000000000000000000e+00
1.000000000000000000e+00 1.000000000000000000e+00 1.000000000000000000e+00 1.000000000000000000e+00 1.000000000000000000e+00
1.000033855438232422e+00 1.000000000000000000e+00 1.000000000000000000e+00 1.000000000000000000e+00 2.000000000000000000e+00
1.000000000000000000e+00 1.000000000000000000e+00 1.000000000000000000e+00 1.000000000000000000e+00 1.000000000000000000e+00
1.000033855438232422e+00 1.000000000000000000e+00 1.000000000000000000e+00 1.000000000000000000e+00 2.000000000000000000e+00
1.000000000000000000e+00 1.000000000000000000e+00 1.000000000000000000e+00 1.000000000000000000e+00 1.000000000000000000e+00
1.000033855438232422e+00 1.000000000000000000e+00 1.000000000000000000e+00 1.000000000000000000e+00 2.000000000000000000e+00
1.072195291519165039e+00 1.004120707511901855e+00 1.000011801719665527e+00 1.000000000000000000e+00 0.000000000000000000e+00
1.390369653701782227e+00 1.006263136863708496e+00 1.000016450881958008e+00 1.000001072883605957e+00 0.000000000000000000e+00
7.400670051574707031e+00 5.792660713195800781e+00 1.995939731597900391e+00 1.739781379699707031e+00 0.000000000000000000e+00
6.165652751922607422e+00 9.118719100952148438e-01 1.186506748199462891e+00 1.040560722351074219e+00 0.000000000000000000e+00
1.102583885192871094e+00 1.004662632942199707e+00 1.000028252601623535e+00 1.000001668930053711e+00 0.000000000000000000e+00
-5.499939918518066406e+00 2.290302753448486328e+00 4.585057735443115234e+00 4.998366832733154297e+00 1.000000000000000000e+00
3.149505853652954102e+00 9.785522818565368652e-01 1.251819849014282227e+00 1.004927158355712891e+00 2.000000000000000000e+00
-5.499939918518066406e+00 2.290302753448486328e+00 4.585057735443115234e+00 4.998366832733154297e+00 1.000000000000000000e+00
3.149505853652954102e+00 9.785522818565368652e-01 1.251819849014282227e+00 1.004927158355712891e+00 2.000000000000000000e+00
-5.499939918518066406e+00 2.290302753448486328e+00 4.585057735443115234e+00 4.998366832733154297e+00 1.000000000000000000e+00
3.149505853652954102e+00 9.785522818565368652e-01 1.251819849014282227e+00 1.004927158355712891e+00 2.000000000000000000e+00
-5.499939918518066406e+00 2.290302753448486328e+00 4.585057735443115234e+00 4.998366832733154297e+00 1.000000000000000000e+00
3.149505853652954102e+00 9.785522818565368652e-01 1.251819849014282227e+00 1.004927158355712891e+00 2.000000000000000000e+00
-5.499939918518066406e+00 2.290302753448486328e+00 4.585057735443115234e+00 4.998366832733154297e+00 1.000000000000000000e+00
3.149505853652954102e+00 9.785522818565368652e-01 1.251819849014282227e+00 1.004927158355712891e+00 2.000000000000000000e+00
-5.499939918518066406e+00 2.290302753448486328e+00 4.585057735443115234e+00 4.998366832733154297e+00 1.000000000000000000e+00
3.149505853652954102e+00 9.785522818565368652e-01 1.251819849014282227e+00 1.004927158355712891e+00 2.000000000000000000e+00
-5.499939918518066406e+00 2.290302753448486328e+00 4.585057735443115234e+00 4.998366832733154297e+00 1.000000000000000000e+00
3.149505853652954102e+00 9.785522818565368652e-01 1.251819849014282227e+00 1.004927158355712891e+00 2.000000000000000000e+00
-5.499939918518066406e+00 2.290302753448486328e+00 4.585057735443115234e+00 4.998366832733154297e+00 1.000000000000000000e+00
3.149505853652954102e+00 9.785522818565368652e-01 1.251819849014282227e+00 1.004927158355712891e+00 2.000000000000000000e+00
-5.499939918518066406e+00 2.290302753448486328e+00 4.585057735443115234e+00 4.998366832733154297e+00 1.000000000000000000e+00
3.149505853652954102e+00 9.785522818565368652e-01 1.251819849014282227e+00 1.004927158355712891e+00 2.000000000000000000e+00
-5.499939918518066406e+00 2.290302753448486328e+00 4.585057735443115234e+00 4.998366832733154297e+00 1.000000000000000000e+00
3.149505853652954102e+00 9.785522818565368652e-01 1.251819849014282227e+00 1.004927158355712891e+00 2.000000000000000000e+00
1.155897498130798340e+00 1.003574728965759277e+00 1.000015497207641602e+00 1.000000000000000000e+00 0.000000000000000000e+00
9.808823466300964355e-01 1.047382116317749023e+00 9.911869764328002930e-01 1.013011813163757324e+00 0.000000000000000000e+00
1.002197742462158203e+00 1.000000000000000000e+00 1.000000000000000000e+00 1.000000000000000000e+00 0.000000000000000000e+00
-3.757864713668823242e+00 -1.166888833045959473e+00 -3.016798496246337891e+00 3.684733510017395020e-01 0.000000000000000000e+00
1.648905515670776367e+00 1.265091419219970703e+00 1.022865414619445801e+00 1.000085830688476562e+00 0.000000000000000000e+00
-2.683702707290649414e-01 2.221776485443115234e+00 -5.230121016502380371e-01 -7.166183590888977051e-01 0.000000000000000000e+00
1.004987716674804688e+00 1.000005364418029785e+00 1.000000000000000000e+00 1.000000000000000000e+00 0.000000000000000000e+00
8.466494083404541016e-01 1.378486871719360352e+00 1.011570692062377930e+00 1.000003218650817871e+00 0.000000000000000000e+00
3.087491035461425781e+00 1.012027740478515625e+00 1.008056402206420898e+00 1.000012874603271484e+00 0.000000000000000000e+00
1.129578351974487305e+00 1.011196136474609375e+00 1.001327753067016602e+00 1.000082015991210938e+00 0.000000000000000000e+00
3.778956890106201172e+00 8.700952529907226562e+00 3.683581352233886719e-01 3.639635801315307617e+00 0.000000000000000000e+00
1.233078956604003906e+00 -1.801543354988098145e+00 -9.274816513061523438e+00 -2.596733570098876953e+00 0.000000000000000000e+00
1.006689667701721191e+00 8.241690993309020996e-01 -3.723498106002807617e+00 -9.506989479064941406e+00 0.000000000000000000e+00
1.093431472778320312e+00 1.000726461410522461e+00 1.000309467315673828e+00 1.000029563903808594e+00 0.000000000000000000e+00
1.014183044433593750e+00 1.000047683715820312e+00 1.000000476837158203e+00 1.000000000000000000e+00 0.000000000000000000e+00
1.257578134536743164e+00 1.003134965896606445e+00 1.000009059906005859e+00 1.000000000000000000e+00 0.000000000000000000e+00
1.007275462150573730e+00 1.000046133995056152e+00 1.000000000000000000e+00 1.000000000000000000e+00 0.000000000000000000e+00
1.008161425590515137e+00 1.000000000000000000e+00 1.000000000000000000e+00 1.000000000000000000e+00 0.000000000000000000e+00
1.000231742858886719e+00 1.000000000000000000e+00 1.000000000000000000e+00 1.000000000000000000e+00 0.000000000000000000e+00
1.002240180969238281e+00 1.000000476837158203e+00 1.000000000000000000e+00 1.000000000000000000e+00 0.000000000000000000e+00
1.000010728836059570e+00 1.000000000000000000e+00 1.000000000000000000e+00 1.000000000000000000e+00 0.000000000000000000e+00
4.406713843345642090e-01 -1.972159624099731445e+00 -7.196002006530761719e-01 -1.379711508750915527e+00 0.000000000000000000e+00
2.582475185394287109e+00 5.099145889282226562e+00 2.655256748199462891e+00 -4.540589332580566406e+00 0.000000000000000000e+00
1.056211709976196289e+00 1.009639024734497070e+00 1.000322103500366211e+00 1.000011801719665527e+00 0.000000000000000000e+00
3.107584238052368164e+00 1.077021956443786621e+00 1.001447677612304688e+00 1.000064373016357422e+00 0.000000000000000000e+00
1.148205757141113281e+00 1.000099182128906250e+00 1.000000000000000000e+00 1.000000000000000000e+00 0.000000000000000000e+00
1.057666659355163574e+00 1.000280380249023438e+00 1.000002145767211914e+00 1.000000000000000000e+00 0.000000000000000000e+00
1.394575238227844238e+00 1.006319046020507812e+00 1.000006914138793945e+00 1.000000000000000000e+00 0.000000000000000000e+00
-6.153864264488220215e-01 6.784058570861816406e+00 8.634912490844726562e+00 2.247677564620971680e+00 0.000000000000000000e+00
1.056672334671020508e+00 1.003519535064697266e+00 1.007774114608764648e+00 1.000000000000000000e+00 0.000000000000000000e+00
1.694183826446533203e+00 1.009256601333618164e+00 1.000001668930053711e+00 1.000000000000000000e+00 0.000000000000000000e+00
1.011400341987609863e+00 1.000001072883605957e+00 1.000000000000000000e+00 1.000000000000000000e+00 0.000000000000000000e+00
-9.356665611267089844e+00 9.644153118133544922e-01 3.473209142684936523e-01 2.499547958374023438e+00 0.000000000000000000e+00
8.479390144348144531e+00 1.566946387290954590e+00 1.068900823593139648e+00 1.048580646514892578e+00 0.000000000000000000e+00
1.395245552062988281e+01 1.338685512542724609e+00 1.121280670166015625e+00 1.005445480346679688e+00 0.000000000000000000e+00
1.497884869575500488e+00 1.465423822402954102e+00 1.026757240295410156e+00 1.000000000000000000e+00 0.000000000000000000e+00
-4.089147567749023438e+00 8.070188522338867188e+00 -1.878697276115417480e+00 6.566708564758300781e+00 0.000000000000000000e+00
1.580926537513732910e+00 1.001353502273559570e+00 1.000004768371582031e+00 1.000000000000000000e+00 0.000000000000000000e+00
1.000534296035766602e+00 1.000000000000000000e+00 1.000000000000000000e+00 1.000000000000000000e+00 0.000000000000000000e+00
1.000209689140319824e+00 1.000000476837158203e+00 1.000000000000000000e+00 1.000000000000000000e+00 0.000000000000000000e+00
1.000005960464477539e+00 1.000000000000000000e+00 1.000000000000000000e+00 1.000000000000000000e+00 0.000000000000000000e+00
-4.059976935386657715e-01 -1.288453578948974609e+00 -1.237312793731689453e+00 -1.021852374076843262e+00 1.000000000000000000e+00
-1.466579318046569824e+00 -9.347034096717834473e-01 -1.074681997299194336e+00 -1.040456056594848633e+00 2.000000000000000000e+00
-4.059976935386657715e-01 -1.288453578948974609e+00 -1.237312793731689453e+00 -1.021852374076843262e+00 1.000000000000000000e+00
-1.466579318046569824e+00 -9.347034096717834473e-01 -1.074681997299194336e+00 -1.040456056594848633e+00 2.000000000000000000e+00
-4.059976935386657715e-01 -1.288453578948974609e+00 -1.237312793731689453e+00 -1.021852374076843262e+00 1.000000000000000000e+00
-1.466579318046569824e+00 -9.347034096717834473e-01 -1.074681997299194336e+00 -1.040456056594848633e+00 2.000000000000000000e+00
-4.059976935386657715e-01 -1.288453578948974609e+00 -1.237312793731689453e+00 -1.021852374076843262e+00 1.000000000000000000e+00
-1.466579318046569824e+00 -9.347034096717834473e-01 -1.074681997299194336e+00 -1.040456056594848633e+00 2.000000000000000000e+00
-4.059976935386657715e-01 -1.288453578948974609e+00 -1.237312793731689453e+00 -1.021852374076843262e+00 1.000000000000000000e+00
-1.466579318046569824e+00 -9.347034096717834473e-01 -1.074681997299194336e+00 -1.040456056594848633e+00 2.000000000000000000e+00
-4.059976935386657715e-01 -1.288453578948974609e+00 -1.237312793731689453e+00 -1.021852374076843262e+00 1.000000000000000000e+00
-1.466579318046569824e+00 -9.347034096717834473e-01 -1.074681997299194336e+00 -1.040456056594848633e+00 2.000000000000000000e+00
-4.059976935386657715e-01 -1.288453578948974609e+00 -1.237312793731689453e+00 -1.021852374076843262e+00 1.000000000000000000e+00
-1.466579318046569824e+00 -9.347034096717834473e-01 -1.074681997299194336e+00 -1.040456056594848633e+00 2.000000000000000000e+00
-4.059976935386657715e-01 -1.288453578948974609e+00 -1.237312793731689453e+00 -1.021852374076843262e+00 1.000000000000000000e+00
-1.466579318046569824e+00 -9.347034096717834473e-01 -1.074681997299194336e+00 -1.040456056594848633e+00 2.000000000000000000e+00
-4.059976935386657715e-01 -1.288453578948974609e+00 -1.237312793731689453e+00 -1.021852374076843262e+00 1.000000000000000000e+00
-1.466579318046569824e+00 -9.347034096717834473e-01 -1.074681997299194336e+00 -1.040456056594848633e+00 2.000000000000000000e+00
-4.059976935386657715e-01 -1.288453578948974609e+00 -1.237312793731689453e+00 -1.021852374076843262e+00 1.000000000000000000e+00
-1.466579318046569824e+00 -9.347034096717834473e-01 -1.074681997299194336e+00 -1.040456056594848633e+00 2.000000000000000000e+00
1.508055686950683594e+00 1.010970115661621094e+00 1.001401782035827637e+00 1.000037431716918945e+00 0.000000000000000000e+00
4.247589111328125000e+00 1.125195741653442383e+00 1.279517412185668945e+00 1.006205081939697266e+00 0.000000000000000000e+00
2.075830459594726562e+00 1.071354746818542480e+00 1.011133193969726562e+00 1.001108884811401367e+00 0.000000000000000000e+00
2.848422765731811523e+00 1.056080818176269531e+00 1.004204034805297852e+00 1.000034332275390625e+00 0.000000000000000000e+00
5.152551174163818359e+00 1.310566544532775879e+00 1.058508157730102539e+00 1.005750656127929688e+00 0.000000000000000000e+00
1.157449340820312500e+01 1.778147459030151367e+00 1.108149528503417969e+00 1.015825748443603516e+00 0.000000000000000000e+00
6.232005119323730469e+00 1.947748184204101562e+00 3.312264442443847656e+00 2.025785446166992188e+00 0.000000000000000000e+00
6.191910743713378906e+00 1.019766569137573242e+00 1.000156164169311523e+00 1.000000000000000000e+00 0.000000000000000000e+00
8.622117042541503906e+00 2.623030900955200195e+00 1.094243764877319336e+00 1.004638671875000000e+00 0.000000000000000000e+00
6.468755722045898438e+00 -4.191111326217651367e-01 7.936648845672607422e+00 6.351568102836608887e-01 0.000000000000000000e+00
4.018772602081298828e+00 -1.242068529129028320e+00 1.013326525688171387e+00 2.433629274368286133e+00 0.000000000000000000e+00
1.888566493988037109e+00 1.196532011032104492e+00 1.388285875320434570e+00 1.009677410125732422e+00 0.000000000000000000e+00
2.687166213989257812e+00 1.679767012596130371e+00 1.188124656677246094e+00 1.027113676071166992e+00 0.000000000000000000e+00
-2.557276725769042969e+00 4.531230449676513672e+00 2.112503290176391602e+00 1.683445811271667480e+00 0.000000000000000000e+00
1.252747917175292969e+01 2.474549770355224609e+00 1.054404377937316895e+00 1.000033259391784668e+00 0.000000000000000000e+00
1.000290751457214355e+00 1.000000000000000000e+00 1.000000000000000000e+00 1.000000000000000000e+00 0.000000000000000000e+00
1.014825820922851562e+00 1.000865101814270020e+00 1.000001668930053711e+00 1.000000000000000000e+00 0.000000000000000000e+00
1.006670713424682617e+00 1.000379681587219238e+00 1.000005960464477539e+00 1.000000000000000000e+00 0.000000000000000000e+00
1.743533611297607422e+00 1.027363777160644531e+00 1.000000476837158203e+00 1.000000000000000000e+00 0.000000000000000000e+00
-1.432308435440063477e+00 9.087238311767578125e+00 -8.249788284301757812e+00 2.903244972229003906e+00 0.000000000000000000e+00
1.121914148330688477e+00 1.001046895980834961e+00 1.000002622604370117e+00 1.000000000000000000e+00 0.000000000000000000e+00
1.000040292739868164e+00 1.000000000000000000e+00 1.000000000000000000e+00 1.000000000000000000e+00 0.000000000000000000e+00
1.002022981643676758e+00 1.000000000000000000e+00 1.000000000000000000e+00 1.000000000000000000e+00 0.000000000000000000e+00
1.000064373016357422e+00 1.000000000000000000e+00 1.000000000000000000e+00 1.000000000000000000e+00 0.000000000000000000e+00
1.000428080558776855e+00 1.000000000000000000e+00 1.000000000000000000e+00 1.000000000000000000e+00 0.000000000000000000e+00
1.005546092987060547e+00 1.000002145767211914e+00 1.000000000000000000e+00 1.000000000000000000e+00 0.000000000000000000e+00
1.001457452774047852e+00 1.000004768371582031e+00 1.000000000000000000e+00 1.000000000000000000e+00 0.000000000000000000e+00
1.198895549774169922e+01 -4.783725738525390625e-01 2.948400497436523438e+00 -2.967243194580078125e+00 0.000000000000000000e+00
1.436928749084472656e+00 1.009266376495361328e+00 1.000045061111450195e+00 1.000000000000000000e+00 0.000000000000000000e+00
1.096716880798339844e+00 1.007008314132690430e+00 1.000920534133911133e+00 1.000004291534423828e+00 0.000000000000000000e+00
1.012223720550537109e+00 1.000238656997680664e+00 1.000000000000000000e+00 1.000000000000000000e+00 0.000000000000000000e+00
1.163966536521911621e+00 1.014909982681274414e+00 1.001463174819946289e+00 1.000016689300537109e+00 0.000000000000000000e+00
-1.170702219009399414e+00 5.540102481842041016e+00 1.477677345275878906e+00 1.027204990386962891e+00 0.000000000000000000e+00
2.700591325759887695e+00 1.467248797416687012e+00 1.000278711318969727e+00 1.000001668930053711e+00 0.000000000000000000e+00
1.101004600524902344e+00 1.000897407531738281e+00 1.000000000000000000e+00 1.000000000000000000e+00 0.000000000000000000e+00
1.175569891929626465e+00 1.000540137290954590e+00 1.000000476837158203e+00 1.000000000000000000e+00 0.000000000000000000e+00
1.062329530715942383e+00 1.000064373016357422e+00 1.000000000000000000e+00 1.000000000000000000e+00 0.000000000000000000e+00
1.085121512413024902e+00 1.000143647193908691e+00 1.000001072883605957e+00 1.000000000000000000e+00 0.000000000000000000e+00
1.054549813270568848e+00 1.000211358070373535e+00 1.000000000000000000e+00 1.000000000000000000e+00 0.000000000000000000e+00
1.008611202239990234e+00 1.000041842460632324e+00 1.000000000000000000e+00 1.000000000000000000e+00 0.000000000000000000e+00
1.000351428985595703e+00 1.000000000000000000e+00 1.000000000000000000e+00 1.000000000000000000e+00 0.000000000000000000e+00
1.000021934509277344e+00 1.000000000000000000e+00 1.000000000000000000e+00 1.000000000000000000e+00 0.000000000000000000e+00
1.326463818550109863e+00 1.118229866027832031e+00 1.002134323120117188e+00 1.000006437301635742e+00 1.000000000000000000e+00
1.334723472595214844e+00 1.005998134613037109e+00 1.000003218650817871e+00 1.000000000000000000e+00 2.000000000000000000e+00
1.326463818550109863e+00 1.118229866027832031e+00 1.002134323120117188e+00 1.000006437301635742e+00 1.000000000000000000e+00
1.334723472595214844e+00 1.005998134613037109e+00 1.000003218650817871e+00 1.000000000000000000e+00 2.000000000000000000e+00
1.326463818550109863e+00 1.118229866027832031e+00 1.002134323120117188e+00 1.000006437301635742e+00 1.000000000000000000e+00
1.334723472595214844e+00 1.005998134613037109e+00 1.000003218650817871e+00 1.000000000000000000e+00 2.000000000000000000e+00
1.326463818550109863e+00 1.118229866027832031e+00 1.002134323120117188e+00 1.000006437301635742e+00 1.000000000000000000e+00
1.334723472595214844e+00 1.005998134613037109e+00 1.000003218650817871e+00 1.000000000000000000e+00 2.000000000000000000e+00
1.326463818550109863e+00 1.118229866027832031e+00 1.002134323120117188e+00 1.000006437301635742e+00 1.000000000000000000e+00
1.334723472595214844e+00 1.005998134613037109e+00 1.000003218650817871e+00 1.000000000000000000e+00 2.000000000000000000e+00
1.326463818550109863e+00 1.118229866027832031e+00 1.002134323120117188e+00 1.000006437301635742e+00 1.000000000000000000e+00
1.334723472595214844e+00 1.005998134613037109e+00 1.000003218650817871e+00 1.000000000000000000e+00 2.000000000000000000e+00
1.326463818550109863e+00 1.118229866027832031e+00 1.002134323120117188e+00 1.000006437301635742e+00 1.000000000000000000e+00
1.334723472595214844e+00 1.005998134613037109e+00 1.000003218650817871e+00 1.000000000000000000e+00 2.000000000000000000e+00
1.326463818550109863e+00 1.118229866027832031e+00 1.002134323120117188e+00 1.000006437301635742e+00 1.000000000000000000e+00
1.334723472595214844e+00 1.005998134613037109e+00 1.000003218650817871e+00 1.000000000000000000e+00 2.000000000000000000e+00
1.326463818550109863e+00 1.118229866027832031e+00 1.002134323120117188e+00 1.000006437301635742e+00 1.000000000000000000e+00
1.334723472595214844e+00 1.005998134613037109e+00 1.000003218650817871e+00 1.000000000000000000e+00 2.000000000000000000e+00
1.326463818550109863e+00 1.118229866027832031e+00 1.002134323120117188e+00 1.000006437301635742e+00 1.000000000000000000e+00
1.334723472595214844e+00 1.005998134613037109e+00 1.000003218650817871e+00 1.000000000000000000e+00 2.000000000000000000e+00
1.334847450256347656e+00 1.032912969589233398e+00 1.001841306686401367e+00 1.000032186508178711e+00 0.000000000000000000e+00
1.074983716011047363e+00 1.000150680541992188e+00 1.000000000000000000e+00 1.000000000000000000e+00 0.000000000000000000e+00
8.879194259643554688e+00 6.008892059326171875e+00 1.001224875450134277e+00 1.000003218650817871e+00 0.000000000000000000e+00
2.218221187591552734e+00 1.173737049102783203e+00 1.001879572868347168e+00 1.000001072883605957e+00 0.000000000000000000e+00
-1.442749500274658203e+00 -5.252200961112976074e-01 6.209941864013671875e+00 1.203235054016113281e+01 0.000000000000000000e+00
-1.138866901397705078e+00 -1.255805373191833496e+00 -1.024627685546875000e+00 -1.012524127960205078e+00 0.000000000000000000e+00
-2.382041931152343750e+00 -1.467871785163879395e+00 1.627501845359802246e-01 -2.338107824325561523e-01 0.000000000000000000e+00
3.103597164154052734e+00 1.021681427955627441e+00 1.000042915344238281e+00 1.000000000000000000e+00 1.000000000000000000e+00
3.212539196014404297e+00 1.112685441970825195e+00 1.004801273345947266e+00 1.000085234642028809e+00 2.000000000000000000e+00
3.103597164154052734e+00 1.021681427955627441e+00 1.000042915344238281e+00 1.000000000000000000e+00 1.000000000000000000e+00
3.212539196014404297e+00 1.112685441970825195e+00 1.004801273345947266e+00 1.000085234642028809e+00 2.000000000000000000e+00
3.103597164154052734e+00 1.021681427955627441e+00 1.000042915344238281e+00 1.000000000000000000e+00 1.000000000000000000e+00
3.212539196014404297e+00 1.112685441970825195e+00 1.004801273345947266e+00 1.000085234642028809e+00 2.000000000000000000e+00
3.103597164154052734e+00 1.021681427955627441e+00 1.000042915344238281e+00 1.000000000000000000e+00 1.000000000000000000e+00
3.212539196014404297e+00 1.112685441970825195e+00 1.004801273345947266e+00 1.000085234642028809e+00 2.000000000000000000e+00
3.103597164154052734e+00 1.021681427955627441e+00 1.000042915344238281e+00 1.000000000000000000e+00 1.000000000000000000e+00
3.212539196014404297e+00 1.112685441970825195e+00 1.004801273345947266e+00 1.000085234642028809e+00 2.000000000000000000e+00
3.103597164154052734e+00 1.021681427955627441e+00 1.000042915344238281e+00 1.000000000000000000e+00 1.000000000000000000e+00
3.212539196014404297e+00 1.112685441970825195e+00 1.004801273345947266e+00 1.000085234642028809e+00 2.000000000000000000e+00
3.103597164154052734e+00 1.021681427955627441e+00 1.000042915344238281e+00 1.000000000000000000e+00 1.000000000000000000e+00
3.212539196014404297e+00 1.112685441970825195e+00 1.004801273345947266e+00 1.000085234642028809e+00 2.000000000000000000e+00
3.103597164154052734e+00 1.021681427955627441e+00 1.000042915344238281e+00 1.000000000000000000e+00 1.000000000000000000e+00
3.212539196014404297e+00 1.112685441970825195e+00 1.004801273345947266e+00 1.000085234642028809e+00 2.000000000000000000e+00
3.103597164154052734e+00 1.021681427955627441e+00 1.000042915344238281e+00 1.000000000000000000e+00 1.000000000000000000e+00
3.212539196014404297e+00 1.112685441970825195e+00 1.004801273345947266e+00 1.000085234642028809e+00 2.000000000000000000e+00
3.103597164154052734e+00 1.021681427955627441e+00 1.000042915344238281e+00 1.000000000000000000e+00 1.000000000000000000e+00
3.212539196014404297e+00 1.112685441970825195e+00 1.004801273345947266e+00 1.000085234642028809e+00 2.000000000000000000e+00
1.168372154235839844e+00 1.019873738288879395e+00 1.000201225280761719e+00 1.000000000000000000e+00 0.000000000000000000e+00
1.003335237503051758e+00 1.000123381614685059e+00 1.000000000000000000e+00 1.000000000000000000e+00 0.000000000000000000e+00
8.408168792724609375e+00 1.004296422004699707e+00 1.000004291534423828e+00 1.000000000000000000e+00 0.000000000000000000e+00
1.237072706222534180e+00 1.011211514472961426e+00 1.004308462142944336e+00 1.002443552017211914e+00 0.000000000000000000e+00
1.084833741188049316e+00 1.001907110214233398e+00 1.000932455062866211e+00 1.000003218650817871e+00 0.000000000000000000e+00
-9.342249870300292969e+00 1.086454296112060547e+01 4.517158508300781250e+00 1.093694448471069336e+00 0.000000000000000000e+00
-1.312412977218627930e+00 -1.110413551330566406e+00 -1.352107286453247070e+00 -1.051332473754882812e+00 0.000000000000000000e+00
1.634218978881835938e+01 1.130930662155151367e+00 1.001404523849487305e+00 1.000041842460632324e+00 0.000000000000000000e+00
-2.202896833419799805e+00 8.519566535949707031e+00 2.963134288787841797e+00 2.606166839599609375e+00 0.000000000000000000e+00
1.090331554412841797e+00 1.000013947486877441e+00 1.000000000000000000e+00 1.000000000000000000e+00 0.000000000000000000e+00
2.159910678863525391e+00 1.004274845123291016e+00 1.000141143798828125e+00 1.000000000000000000e+00 0.000000000000000000e+00
1.466540336608886719e+00 1.049029946327209473e+00 1.009900093078613281e+00 1.000307321548461914e+00 0.000000000000000000e+00
1.460254430770874023e+00 1.002966523170471191e+00 1.000009655952453613e+00 1.000000000000000000e+00 0.000000000000000000e+00
1.040226697921752930e+00 1.000738143920898438e+00 1.000000000000000000e+00 1.000000000000000000e+00 0.000000000000000000e+00
-1.329625844955444336e+00 -4.475635290145874023e-01 -1.331141829490661621e+00 -1.547028183937072754e+00 0.000000000000000000e+00
1.063516426086425781e+01 1.087383747100830078e+00 1.000518560409545898e+00 1.000011205673217773e+00 0.000000000000000000e+00
4.039013862609863281e+00 1.134753823280334473e+00 1.001635313034057617e+00 1.000017166137695312e+00 0.000000000000000000e+00
1.348409771919250488e+00 1.756169199943542480e-01 -2.060721635818481445e+00 -1.628898620605468750e+00 0.000000000000000000e+00
1.117885708808898926e+00 1.015141963958740234e+00 1.000328779220581055e+00 1.000000476837158203e+00 0.000000000000000000e+00
1.194095373153686523e+00 1.045112967491149902e+00 1.003394126892089844e+00 1.000061631202697754e+00 0.000000000000000000e+00
1.330421328544616699e+00 1.006304502487182617e+00 1.000197649002075195e+00 1.000002622604370117e+00 0.000000000000000000e+00
1.414622592926025391e+01 1.038055539131164551e+00 1.000039100646972656e+00 1.000001072883605957e+00 0.000000000000000000e+00
1.722736740112304688e+01 1.000031113624572754e+00 1.000000000000000000e+00 1.000000000000000000e+00 0.000000000000000000e+00
1.053329825401306152e+00 1.000000000000000000e+00 1.000000000000000000e+00 1.000000000000000000e+00 0.000000000000000000e+00
9.140808582305908203e-01 4.691898822784423828e-03 -1.849440574645996094e+00 -2.604142189025878906e+00 0.000000000000000000e+00
1.003758072853088379e+00 1.000055313110351562e+00 1.000004291534423828e+00 1.000000000000000000e+00 0.000000000000000000e+00
1.207362890243530273e+00 1.000142693519592285e+00 1.000000000000000000e+00 1.000000000000000000e+00 0.000000000000000000e+00
1.056990385055541992e+00 1.000097036361694336e+00 1.000000000000000000e+00 1.000000000000000000e+00 0.000000000000000000e+00
1.000000000000000000e+00 1.000000000000000000e+00 1.000000000000000000e+00 1.000000000000000000e+00 0.000000000000000000e+00
1.006566047668457031e+00 1.000000000000000000e+00 1.000000000000000000e+00 1.000000000000000000e+00 0.000000000000000000e+00
1.009702444076538086e+00 1.000001668930053711e+00 1.000000000000000000e+00 1.000000000000000000e+00 0.000000000000000000e+00
1.129832506179809570e+00 1.091825246810913086e+00 1.002381801605224609e+00 1.000000476837158203e+00 0.000000000000000000e+00
1.021950721740722656e+00 1.000449419021606445e+00 1.000069141387939453e+00 1.000000000000000000e+00 0.000000000000000000e+00
1.105051279067993164e+00 1.004644632339477539e+00 1.000152826309204102e+00 1.000000000000000000e+00 0.000000000000000000e+00
1.012554407119750977e+00 1.000000000000000000e+00 1.000000000000000000e+00 1.000000000000000000e+00 0.000000000000000000e+00
2.103042602539062500e+00 1.003722667694091797e+00 1.000002622604370117e+00 1.000000000000000000e+00 0.000000000000000000e+00
1.920849561691284180e+00 1.000645160675048828e+00 1.000001668930053711e+00 1.000000000000000000e+00 0.000000000000000000e+00
1.546947121620178223e+00 1.004367709159851074e+00 1.000000000000000000e+00 1.000000000000000000e+00 0.000000000000000000e+00
1.003010392189025879e+00 1.000049352645874023e+00 1.000000000000000000e+00 1.000000000000000000e+00 0.000000000000000000e+00
-8.273172378540039062e-01 2.164639234542846680e+00 -1.023289322853088379e+00 -9.321941733360290527e-01 0.000000000000000000e+00
1.937614917755126953e+00 1.000559329986572266e+00 1.000001668930053711e+00 1.000000000000000000e+00 0.000000000000000000e+00
