1.799732804298400879e+00 1.058701395988464355e+00 1.005671024322509766e+00 1.002048730850219727e+00 0.000000000000000000e+00
2.939493656158447266e+00 1.353266358375549316e+00 1.391657590866088867e+00 1.104610919952392578e+00 0.000000000000000000e+00
1.679964661598205566e+00 1.515496134757995605e+00 1.419069170951843262e+00 1.155421733856201172e+00 0.000000000000000000e+00
1.326553583145141602e+00 1.146450877189636230e+00 1.030825376510620117e+00 1.005339622497558594e+00 0.000000000000000000e+00
1.105213999748229980e+00 1.111566662788391113e+00 1.026000022888183594e+00 1.000606060028076172e+00 0.000000000000000000e+00
1.340044498443603516e+00 1.293045997619628906e+00 1.037864446640014648e+00 1.002274632453918457e+00 0.000000000000000000e+00
1.298207759857177734e+00 1.109040260314941406e+00 1.020164966583251953e+00 1.001556277275085449e+00 0.000000000000000000e+00
1.518430471420288086e+00 1.493146896362304688e+00 1.379885315895080566e+00 1.233093976974487305e+00 0.000000000000000000e+00
1.800485491752624512e+00 1.328847408294677734e+00 1.159403085708618164e+00 1.185818672180175781e+00 0.000000000000000000e+00
2.596236467361450195e+00 1.552891373634338379e+00 1.169904112815856934e+00 1.173513412475585938e+00 0.000000000000000000e+00
1.419275522232055664e+00 1.615873336791992188e+00 1.070935726165771484e+00 1.009674310684204102e+00 0.000000000000000000e+00
2.757861614227294922e+00 1.634642839431762695e+00 1.153084397315979004e+00 1.275693058967590332e+00 0.000000000000000000e+00
1.759194135665893555e+00 1.161009550094604492e+00 1.231051921844482422e+00 1.050693988800048828e+00 0.000000000000000000e+00
2.618426561355590820e+00 1.105872154235839844e+00 1.106240153312683105e+00 1.030721664428710938e+00 0.000000000000000000e+00
1.001531839370727539e+00 1.000025749206542969e+00 1.000000476837158203e+00 1.000000000000000000e+00 0.000000000000000000e+00
1.003259420394897461e+00 1.000330686569213867e+00 1.000002622604370117e+00 1.000000000000000000e+00 0.000000000000000000e+00
1.012004137039184570e+00 1.000205993652343750e+00 1.000000476837158203e+00 1.000000000000000000e+00 0.000000000000000000e+00
1.012901663780212402e+00 1.000026822090148926e+00 1.000000000000000000e+00 1.000000000000000000e+00 0.000000000000000000e+00
1.061967611312866211e+00 1.000406026840209961e+00 1.000000000000000000e+00 1.000000000000000000e+00 0.000000000000000000e+00
1.091449499130249023e+00 1.005224108695983887e+00 1.000002622604370117e+00 1.000000000000000000e+00 0.000000000000000000e+00
1.566206812858581543e+00 1.076627969741821289e+00 1.000613689422607422e+00 1.000004291534423828e+00 0.000000000000000000e+00
1.037712335586547852e+00 1.000076651573181152e+00 1.000000476837158203e+00 1.000000000000000000e+00 0.000000000000000000e+00
1.053882837295532227e+00 1.003981351852416992e+00 1.000050067901611328e+00 1.000003814697265625e+00 0.000000000000000000e+00
1.352867794036865234e+01 1.053818225860595703e+00 1.003029584884643555e+00 1.000029325485229492e+00 0.000000000000000000e+00
-1.066018676757812500e+01 -1.224311113357543945e+00 -1.106474280357360840e+00 5.129758358001708984e+00 0.000000000000000000e+00
1.480762004852294922e+00 1.116784214973449707e+00 1.003975510597229004e+00 1.001680493354797363e+00 0.000000000000000000e+00
1.028097867965698242e+00 1.003065586090087891e+00 1.000063180923461914e+00 1.000000476837158203e+00 0.000000000000000000e+00
1.161249399185180664e+00 1.018906235694885254e+00 1.001377105712890625e+00 1.000131607055664062e+00 0.000000000000000000e+00
1.679039120674133301e+00 1.147070169448852539e+00 1.043881416320800781e+00 1.018416643142700195e+00 0.000000000000000000e+00
1.199207067489624023e+00 1.050345897674560547e+00 1.004232645034790039e+00 1.000163078308105469e+00 0.000000000000000000e+00
2.561965465545654297e+00 1.115058898925781250e+00 1.036530256271362305e+00 1.001565456390380859e+00 0.000000000000000000e+00
6.325086593627929688e+00 1.675517559051513672e+00 1.414907455444335938e+00 1.099661350250244141e+00 0.000000000000000000e+00
4.184146881103515625e+00 1.341412544250488281e+00 -5.685111880302429199e-02 4.034790039062500000e+00 0.000000000000000000e+00
9.049106836318969727e-01 8.566217422485351562e-01 1.809886455535888672e+00 7.918869256973266602e-01 0.000000000000000000e+00
4.338788986206054688e-02 3.000214576721191406e+00 1.856666445732116699e+00 1.161390781402587891e+00 0.000000000000000000e+00
1.307206034660339355e+00 1.171995997428894043e+00 1.011165618896484375e+00 1.000222563743591309e+00 0.000000000000000000e+00
1.900280475616455078e+00 1.083880424499511719e+00 1.006332397460937500e+00 1.000133633613586426e+00 0.000000000000000000e+00
1.985917806625366211e+00 1.241670131683349609e+00 1.004802227020263672e+00 1.000671386718750000e+00 0.000000000000000000e+00
1.534993648529052734e+00 1.135641336441040039e+00 1.017124891281127930e+00 1.002783298492431641e+00 0.000000000000000000e+00
1.576997518539428711e+00 1.080313920974731445e+00 1.004868984222412109e+00 1.000633478164672852e+00 0.000000000000000000e+00
1.377184867858886719e+00 1.029784798622131348e+00 1.000892877578735352e+00 1.000026226043701172e+00 0.000000000000000000e+00
2.161899328231811523e+00 1.397532224655151367e+00 1.011600494384765625e+00 1.001461267471313477e+00 0.000000000000000000e+00
2.079526424407958984e+00 1.137121677398681641e+00 1.027349233627319336e+00 1.017760038375854492e+00 1.000000000000000000e+00
1.255041003227233887e+00 1.185584068298339844e+00 1.055965662002563477e+00 1.007310271263122559e+00 2.000000000000000000e+00
2.079526424407958984e+00 1.137121677398681641e+00 1.027349233627319336e+00 1.017760038375854492e+00 1.000000000000000000e+00
1.255041003227233887e+00 1.185584068298339844e+00 1.055965662002563477e+00 1.007310271263122559e+00 2.000000000000000000e+00
2.079526424407958984e+00 1.137121677398681641e+00 1.027349233627319336e+00 1.017760038375854492e+00 1.000000000000000000e+00
1.255041003227233887e+00 1.185584068298339844e+00 1.055965662002563477e+00 1.007310271263122559e+00 2.000000000000000000e+00
2.079526424407958984e+00 1.137121677398681641e+00 1.027349233627319336e+00 1.017760038375854492e+00 1.000000000000000000e+00
1.255041003227233887e+00 1.185584068298339844e+00 1.055965662002563477e+00 1.007310271263122559e+00 2.000000000000000000e+00
2.079526424407958984e+00 1.137121677398681641e+00 1.027349233627319336e+00 1.017760038375854492e+00 1.000000000000000000e+00
1.255041003227233887e+00 1.185584068298339844e+00 1.055965662002563477e+00 1.007310271263122559e+00 2.000000000000000000e+00
2.079526424407958984e+00 1.137121677398681641e+00 1.027349233627319336e+00 1.017760038375854492e+00 1.000000000000000000e+00
1.255041003227233887e+00 1.185584068298339844e+00 1.055965662002563477e+00 1.007310271263122559e+00 2.000000000000000000e+00
2.079526424407958984e+00 1.137121677398681641e+00 1.027349233627319336e+00 1.017760038375854492e+00 1.000000000000000000e+00
1.255041003227233887e+00 1.185584068298339844e+00 1.055965662002563477e+00 1.007310271263122559e+00 2.000000000000000000e+00
2.079526424407958984e+00 1.137121677398681641e+00 1.027349233627319336e+00 1.017760038375854492e+00 1.000000000000000000e+00
1.255041003227233887e+00 1.185584068298339844e+00 1.055965662002563477e+00 1.007310271263122559e+00 2.000000000000000000e+00
2.079526424407958984e+00 1.137121677398681641e+00 1.027349233627319336e+00 1.017760038375854492e+00 1.000000000000000000e+00
1.255041003227233887e+00 1.185584068298339844e+00 1.055965662002563477e+00 1.007310271263122559e+00 2.000000000000000000e+00
2.079526424407958984e+00 1.137121677398681641e+00 1.027349233627319336e+00 1.017760038375854492e+00 1.000000000000000000e+00
1.255041003227233887e+00 1.185584068298339844e+00 1.055965662002563477e+00 1.007310271263122559e+00 2.000000000000000000e+00
2.335350751876831055e+00 1.053634643554687500e+00 1.005135059356689453e+00 1.000430345535278320e+00 0.000000000000000000e+00
2.308145046234130859e+00 1.099126577377319336e+00 1.007495284080505371e+00 1.001973390579223633e+00 0.000000000000000000e+00
1.138903379440307617e+00 1.006519079208374023e+00 1.000438570976257324e+00 1.000010609626770020e+00 0.000000000000000000e+00
1.680504322052001953e+00 1.097261190414428711e+00 1.005625247955322266e+00 1.000167369842529297e+00 0.000000000000000000e+00
1.424364089965820312e+00 1.087399125099182129e+00 1.018323421478271484e+00 1.005981564521789551e+00 0.000000000000000000e+00
1.165445327758789062e+00 1.010939717292785645e+00 1.000464200973510742e+00 1.000003218650817871e+00 0.000000000000000000e+00
1.611081957817077637e+00 1.195980310440063477e+00 1.023349285125732422e+00 1.001100778579711914e+00 0.000000000000000000e+00
1.005659937858581543e+00 1.000010251998901367e+00 1.000000000000000000e+00 1.000000000000000000e+00 0.000000000000000000e+00
1.766025781631469727e+00 1.019746661186218262e+00 1.001062631607055664e+00 1.000019311904907227e+00 0.000000000000000000e+00
1.049287319183349609e+00 1.015130758285522461e+00 1.001069068908691406e+00 1.000108599662780762e+00 0.000000000000000000e+00
1.960951328277587891e+00 1.204614162445068359e+00 1.052533149719238281e+00 1.025504946708679199e+00 0.000000000000000000e+00
1.884329080581665039e+00 1.261204481124877930e+00 1.122323751449584961e+00 1.043021321296691895e+00 0.000000000000000000e+00
1.544470429420471191e+00 1.085374832153320312e+00 1.018253803253173828e+00 1.004690289497375488e+00 0.000000000000000000e+00
1.546759366989135742e+00 1.128663301467895508e+00 1.034562587738037109e+00 1.004343032836914062e+00 0.000000000000000000e+00
1.057175397872924805e+00 1.001882314682006836e+00 1.000058412551879883e+00 1.000000476837158203e+00 0.000000000000000000e+00
1.030652523040771484e+00 1.000074625015258789e+00 1.000000000000000000e+00 1.000000000000000000e+00 0.000000000000000000e+00
1.062240123748779297e+00 1.001303195953369141e+00 1.000008583068847656e+00 1.000000000000000000e+00 0.000000000000000000e+00
1.795103549957275391e+00 1.008765339851379395e+00 1.000420570373535156e+00 1.000004768371582031e+00 0.000000000000000000e+00
1.174844861030578613e+00 1.035053491592407227e+00 1.002481222152709961e+00 1.000050306320190430e+00 0.000000000000000000e+00
3.260579586029052734e+00 8.849668502807617188e-01 1.263382673263549805e+00 1.068878173828125000e+00 1.000000000000000000e+00
1.977767825126647949e+00 1.233375549316406250e+00 1.011382341384887695e+00 1.002142906188964844e+00 2.000000000000000000e+00
3.260579586029052734e+00 8.849668502807617188e-01 1.263382673263549805e+00 1.068878173828125000e+00 1.000000000000000000e+00
1.977767825126647949e+00 1.233375549316406250e+00 1.011382341384887695e+00 1.002142906188964844e+00 2.000000000000000000e+00
3.260579586029052734e+00 8.849668502807617188e-01 1.263382673263549805e+00 1.068878173828125000e+00 1.000000000000000000e+00
1.977767825126647949e+00 1.233375549316406250e+00 1.011382341384887695e+00 1.002142906188964844e+00 2.000000000000000000e+00
3.260579586029052734e+00 8.849668502807617188e-01 1.263382673263549805e+00 1.068878173828125000e+00 1.000000000000000000e+00
1.977767825126647949e+00 1.233375549316406250e+00 1.011382341384887695e+00 1.002142906188964844e+00 2.000000000000000000e+00
3.260579586029052734e+00 8.849668502807617188e-01 1.263382673263549805e+00 1.068878173828125000e+00 1.000000000000000000e+00
1.977767825126647949e+00 1.233375549316406250e+00 1.011382341384887695e+00 1.002142906188964844e+00 2.000000000000000000e+00
3.260579586029052734e+00 8.849668502807617188e-01 1.263382673263549805e+00 1.068878173828125000e+00 1.000000000000000000e+00
1.977767825126647949e+00 1.233375549316406250e+00 1.011382341384887695e+00 1.002142906188964844e+00 2.000000000000000000e+00
3.260579586029052734e+00 8.849668502807617188e-01 1.263382673263549805e+00 1.068878173828125000e+00 1.000000000000000000e+00
1.977767825126647949e+00 1.233375549316406250e+00 1.011382341384887695e+00 1.002142906188964844e+00 2.000000000000000000e+00
3.260579586029052734e+00 8.849668502807617188e-01 1.263382673263549805e+00 1.068878173828125000e+00 1.000000000000000000e+00
1.977767825126647949e+00 1.233375549316406250e+00 1.011382341384887695e+00 1.002142906188964844e+00 2.000000000000000000e+00
3.260579586029052734e+00 8.849668502807617188e-01 1.263382673263549805e+00 1.068878173828125000e+00 1.000000000000000000e+00
1.977767825126647949e+00 1.233375549316406250e+00 1.011382341384887695e+00 1.002142906188964844e+00 2.000000000000000000e+00
3.260579586029052734e+00 8.849668502807617188e-01 1.263382673263549805e+00 1.068878173828125000e+00 1.000000000000000000e+00
1.977767825126647949e+00 1.233375549316406250e+00 1.011382341384887695e+00 1.002142906188964844e+00 2.000000000000000000e+00
1.443790078163146973e+00 1.008696317672729492e+00 1.001246929168701172e+00 1.000047445297241211e+00 0.000000000000000000e+00
3.276427030563354492e+00 1.172406196594238281e+00 1.062297821044921875e+00 1.003609418869018555e+00 0.000000000000000000e+00
1.362169504165649414e+00 1.063531398773193359e+00 1.005235671997070312e+00 1.000627756118774414e+00 0.000000000000000000e+00
1.103580236434936523e+00 1.014435172080993652e+00 1.000291585922241211e+00 1.000002145767211914e+00 0.000000000000000000e+00
1.234277725219726562e+00 1.126349687576293945e+00 1.001933574676513672e+00 1.005939245223999023e+00 0.000000000000000000e+00
1.787716507911682129e+00 1.241306304931640625e+00 9.471263289451599121e-01 1.319656372070312500e+00 1.000000000000000000e+00
6.732398986816406250e+00 2.142472267150878906e+00 1.033550858497619629e+00 1.037015438079833984e+00 2.000000000000000000e+00
1.787716507911682129e+00 1.241306304931640625e+00 9.471263289451599121e-01 1.319656372070312500e+00 1.000000000000000000e+00
6.732398986816406250e+00 2.142472267150878906e+00 1.033550858497619629e+00 1.037015438079833984e+00 2.000000000000000000e+00
1.787716507911682129e+00 1.241306304931640625e+00 9.471263289451599121e-01 1.319656372070312500e+00 1.000000000000000000e+00
6.732398986816406250e+00 2.142472267150878906e+00 1.033550858497619629e+00 1.037015438079833984e+00 2.000000000000000000e+00
1.787716507911682129e+00 1.241306304931640625e+00 9.471263289451599121e-01 1.319656372070312500e+00 1.000000000000000000e+00
6.732398986816406250e+00 2.142472267150878906e+00 1.033550858497619629e+00 1.037015438079833984e+00 2.000000000000000000e+00
1.787716507911682129e+00 1.241306304931640625e+00 9.471263289451599121e-01 1.319656372070312500e+00 1.000000000000000000e+00
6.732398986816406250e+00 2.142472267150878906e+00 1.033550858497619629e+00 1.037015438079833984e+00 2.000000000000000000e+00
1.787716507911682129e+00 1.241306304931640625e+00 9.471263289451599121e-01 1.319656372070312500e+00 1.000000000000000000e+00
6.732398986816406250e+00 2.142472267150878906e+00 1.033550858497619629e+00 1.037015438079833984e+00 2.000000000000000000e+00
1.787716507911682129e+00 1.241306304931640625e+00 9.471263289451599121e-01 1.319656372070312500e+00 1.000000000000000000e+00
6.732398986816406250e+00 2.142472267150878906e+00 1.033550858497619629e+00 1.037015438079833984e+00 2.000000000000000000e+00
1.787716507911682129e+00 1.241306304931640625e+00 9.471263289451599121e-01 1.319656372070312500e+00 1.000000000000000000e+00
6.732398986816406250e+00 2.142472267150878906e+00 1.033550858497619629e+00 1.037015438079833984e+00 2.000000000000000000e+00
1.787716507911682129e+00 1.241306304931640625e+00 9.471263289451599121e-01 1.319656372070312500e+00 1.000000000000000000e+00
6.732398986816406250e+00 2.142472267150878906e+00 1.033550858497619629e+00 1.037015438079833984e+00 2.000000000000000000e+00
1.787716507911682129e+00 1.241306304931640625e+00 9.471263289451599121e-01 1.319656372070312500e+00 1.000000000000000000e+00
6.732398986816406250e+00 2.142472267150878906e+00 1.033550858497619629e+00 1.037015438079833984e+00 2.000000000000000000e+00
1.709613680839538574e+00 1.143557906150817871e+00 1.005934953689575195e+00 1.000128984451293945e+00 0.000000000000000000e+00
1.355017423629760742e+00 1.131299972534179688e+00 1.015230536460876465e+00 1.001706361770629883e+00 0.000000000000000000e+00
1.770301103591918945e+00 1.033638000488281250e+00 1.000204086303710938e+00 1.000015497207641602e+00 0.000000000000000000e+00
3.330740451812744141e+00 1.557964205741882324e+00 1.321669340133666992e+00 1.187457084655761719e+00 0.000000000000000000e+00
1.781621217727661133e+00 1.215612649917602539e+00 1.110194683074951172e+00 1.023819208145141602e+00 0.000000000000000000e+00
2.859426498413085938e+00 1.417679667472839355e+00 1.269065260887145996e+00 1.075922727584838867e+00 0.000000000000000000e+00
1.323081016540527344e+00 1.103247523307800293e+00 1.042088747024536133e+00 1.009924650192260742e+00 0.000000000000000000e+00
1.214969038963317871e+00 1.279123306274414062e+00 1.015469193458557129e+00 1.002846002578735352e+00 0.000000000000000000e+00
1.092722058296203613e+00 1.010210037231445312e+00 1.000115394592285156e+00 1.000004768371582031e+00 0.000000000000000000e+00
7.192831993103027344e+00 6.714602947235107422e+00 1.516060352325439453e+00 1.060920715332031250e+00 0.000000000000000000e+00
1.307187438011169434e+00 1.029955387115478516e+00 1.000864744186401367e+00 1.000094175338745117e+00 0.000000000000000000e+00
1.814246177673339844e+00 1.011792421340942383e+00 1.000403642654418945e+00 1.000006914138793945e+00 0.000000000000000000e+00
1.575986862182617188e+00 1.069445371627807617e+00 1.000192403793334961e+00 1.000002145767211914e+00 0.000000000000000000e+00
1.684596061706542969e+00 1.077040910720825195e+00 1.009699821472167969e+00 1.001205444335937500e+00 0.000000000000000000e+00
1.429049491882324219e+00 1.080420494079589844e+00 1.035612583160400391e+00 1.004452466964721680e+00 0.000000000000000000e+00
1.169058561325073242e+00 1.026525378227233887e+00 1.003566026687622070e+00 1.000619411468505859e+00 0.000000000000000000e+00
1.106414318084716797e+00 1.003027915954589844e+00 1.000030517578125000e+00 1.000000476837158203e+00 0.000000000000000000e+00
1.076258659362792969e+00 1.007214665412902832e+00 1.000807881355285645e+00 1.000023603439331055e+00 0.000000000000000000e+00
1.023181676864624023e+00 1.006288170814514160e+00 1.000180244445800781e+00 1.000024080276489258e+00 0.000000000000000000e+00
1.170884728431701660e+00 1.011112213134765625e+00 1.001467466354370117e+00 1.000122308731079102e+00 0.000000000000000000e+00
1.108534336090087891e+00 1.007307052612304688e+00 1.000170946121215820e+00 1.000001668930053711e+00 0.000000000000000000e+00
1.164249658584594727e+00 1.010603427886962891e+00 1.000581264495849609e+00 1.000001668930053711e+00 0.000000000000000000e+00
1.085965156555175781e+00 1.003514051437377930e+00 1.000082492828369141e+00 1.000005364418029785e+00 0.000000000000000000e+00
1.187128782272338867e+00 1.002681016921997070e+00 1.000216603279113770e+00 1.000005960464477539e+00 0.000000000000000000e+00
1.067433118820190430e+00 1.002187013626098633e+00 1.000071287155151367e+00 1.000001072883605957e+00 0.000000000000000000e+00
1.099286556243896484e+00 1.000717878341674805e+00 1.000003218650817871e+00 1.000000000000000000e+00 0.000000000000000000e+00
1.301144480705261230e+00 1.004469037055969238e+00 1.000214338302612305e+00 1.000011801719665527e+00 0.000000000000000000e+00
-2.310353040695190430e+00 -2.503470897674560547e+00 1.343272590637207031e+01 8.873106837272644043e-01 1.000000000000000000e+00
1.009483218193054199e+00 1.000168323516845703e+00 1.000000476837158203e+00 1.000000000000000000e+00 2.000000000000000000e+00
-2.310353040695190430e+00 -2.503470897674560547e+00 1.343272590637207031e+01 8.873106837272644043e-01 1.000000000000000000e+00
1.009483218193054199e+00 1.000168323516845703e+00 1.000000476837158203e+00 1.000000000000000000e+00 2.000000000000000000e+00
-2.310353040695190430e+00 -2.503470897674560547e+00 1.343272590637207031e+01 8.873106837272644043e-01 1.000000000000000000e+00
1.009483218193054199e+00 1.000168323516845703e+00 1.000000476837158203e+00 1.000000000000000000e+00 2.000000000000000000e+00
-2.310353040695190430e+00 -2.503470897674560547e+00 1.343272590637207031e+01 8.873106837272644043e-01 1.000000000000000000e+00
1.009483218193054199e+00 1.000168323516845703e+00 1.000000476837158203e+00 1.000000000000000000e+00 2.000000000000000000e+00
-2.310353040695190430e+00 -2.503470897674560547e+00 1.343272590637207031e+01 8.873106837272644043e-01 1.000000000000000000e+00
1.009483218193054199e+00 1.000168323516845703e+00 1.000000476837158203e+00 1.000000000000000000e+00 2.000000000000000000e+00
-2.310353040695190430e+00 -2.503470897674560547e+00 1.343272590637207031e+01 8.873106837272644043e-01 1.000000000000000000e+00
1.009483218193054199e+00 1.000168323516845703e+00 1.000000476837158203e+00 1.000000000000000000e+00 2.000000000000000000e+00
-2.310353040695190430e+00 -2.503470897674560547e+00 1.343272590637207031e+01 8.873106837272644043e-01 1.000000000000000000e+00
1.009483218193054199e+00 1.000168323516845703e+00 1.000000476837158203e+00 1.000000000000000000e+00 2.000000000000000000e+00
-2.310353040695190430e+00 -2.503470897674560547e+00 1.343272590637207031e+01 8.873106837272644043e-01 1.000000000000000000e+00
1.009483218193054199e+00 1.000168323516845703e+00 1.000000476837158203e+00 1.000000000000000000e+00 2.000000000000000000e+00
-2.310353040695190430e+00 -2.503470897674560547e+00 1.343272590637207031e+01 8.873106837272644043e-01 1.000000000000000000e+00
1.009483218193054199e+00 1.000168323516845703e+00 1.000000476837158203e+00 1.000000000000000000e+00 2.000000000000000000e+00
-2.310353040695190430e+00 -2.503470897674560547e+00 1.343272590637207031e+01 8.873106837272644043e-01 1.000000000000000000e+00
1.009483218193054199e+00 1.000168323516845703e+00 1.000000476837158203e+00 1.000000000000000000e+00 2.000000000000000000e+00
1.000001668930053711e+00 1.000000000000000000e+00 1.000000000000000000e+00 1.000000000000000000e+00 0.000000000000000000e+00
1.000001668930053711e+00 1.000000000000000000e+00 1.000000000000000000e+00 1.000000000000000000e+00 0.000000000000000000e+00
1.000021934509277344e+00 1.000000000000000000e+00 1.000000000000000000e+00 1.000000000000000000e+00 0.000000000000000000e+00
1.000012397766113281e+00 1.000000000000000000e+00 1.000000000000000000e+00 1.000000000000000000e+00 0.000000000000000000e+00
1.000001072883605957e+00 1.000000000000000000e+00 1.000000000000000000e+00 1.000000000000000000e+00 0.000000000000000000e+00
1.000003218650817871e+00 1.000000000000000000e+00 1.000000000000000000e+00 1.000000000000000000e+00 0.000000000000000000e+00
1.000000476837158203e+00 1.000000000000000000e+00 1.000000000000000000e+00 1.000000000000000000e+00 0.000000000000000000e+00
1.391712427139282227e+00 1.930272936820983887e+00 9.776556491851806641e-01 8.322850465774536133e-01 0.000000000000000000e+00
1.778984189033508301e+00 1.262820363044738770e+00 1.218055248260498047e+00 1.312895059585571289e+00 0.000000000000000000e+00
8.577165603637695312e+00 4.599619388580322266e+00 1.001780509948730469e+00 1.155042409896850586e+00 0.000000000000000000e+00
1.636913537979125977e+00 9.323697090148925781e-01 6.171215772628784180e-01 1.177902221679687500e+00 0.000000000000000000e+00
1.948547363281250000e+00 1.223501443862915039e+00 1.064272880554199219e+00 1.155967712402343750e+00 0.000000000000000000e+00
2.071243286132812500e+00 1.239795088768005371e+00 1.085839748382568359e+00 1.033480882644653320e+00 0.000000000000000000e+00
-6.300042629241943359e+00 -1.993675470352172852e+00 -2.173478841781616211e+00 6.354926109313964844e+00 0.000000000000000000e+00
2.018157482147216797e+00 1.233615159988403320e+00 1.282843112945556641e+00 1.072670459747314453e+00 0.000000000000000000e+00
1.114716649055480957e+00 1.004214525222778320e+00 1.003416061401367188e+00 1.000533819198608398e+00 0.000000000000000000e+00
1.571313858032226562e+00 1.074474811553955078e+00 1.016522169113159180e+00 1.000920772552490234e+00 0.000000000000000000e+00
1.438938856124877930e+00 1.103006839752197266e+00 1.001775383949279785e+00 1.000002145767211914e+00 0.000000000000000000e+00
1.378153800964355469e+00 1.009863376617431641e+00 1.108779311180114746e+00 1.019370794296264648e+00 0.000000000000000000e+00
1.015324115753173828e+00 1.000440597534179688e+00 1.000085353851318359e+00 1.000003814697265625e+00 0.000000000000000000e+00
1.003796339035034180e+00 1.001454353332519531e+00 1.000003814697265625e+00 1.000000000000000000e+00 0.000000000000000000e+00
1.017021179199218750e+00 1.000062704086303711e+00 1.000000476837158203e+00 1.000000000000000000e+00 0.000000000000000000e+00
1.149524211883544922e+00 1.003079891204833984e+00 1.000090599060058594e+00 1.000000000000000000e+00 0.000000000000000000e+00
3.844519853591918945e+00 1.158782243728637695e+00 1.015691280364990234e+00 1.000357151031494141e+00 0.000000000000000000e+00
3.283343553543090820e+00 1.018868923187255859e+00 1.045292973518371582e+00 1.004750251770019531e+00 0.000000000000000000e+00
1.440131664276123047e+00 9.994012117385864258e-01 1.003727674484252930e+00 1.000153660774230957e+00 0.000000000000000000e+00
1.546859622001647949e+00 6.619192361831665039e-01 1.298956155776977539e+00 1.053172111511230469e+00 0.000000000000000000e+00
3.802816629409790039e+00 2.403758525848388672e+00 1.015242934226989746e+00 1.005467653274536133e+00 0.000000000000000000e+00
1.003083705902099609e+00 1.000002145767211914e+00 1.000000000000000000e+00 1.000000000000000000e+00 0.000000000000000000e+00
1.005162119865417480e+00 1.000082612037658691e+00 1.000000000000000000e+00 1.000000000000000000e+00 0.000000000000000000e+00
1.006157636642456055e+00 1.000025272369384766e+00 1.000000000000000000e+00 1.000000000000000000e+00 0.000000000000000000e+00
1.074906110763549805e+00 1.000706195831298828e+00 1.000002622604370117e+00 1.000000000000000000e+00 0.000000000000000000e+00
1.031609296798706055e+00 1.001073122024536133e+00 1.000007510185241699e+00 1.000000000000000000e+00 0.000000000000000000e+00
1.036420583724975586e+00 1.002733826637268066e+00 1.000008583068847656e+00 1.000000000000000000e+00 0.000000000000000000e+00
1.131352663040161133e+00 1.003707528114318848e+00 1.000055789947509766e+00 1.000000476837158203e+00 0.000000000000000000e+00
1.000104069709777832e+00 1.000000000000000000e+00 1.000000000000000000e+00 1.000000000000000000e+00 0.000000000000000000e+00
1.000302076339721680e+00 1.000000000000000000e+00 1.000000000000000000e+00 1.000000000000000000e+00 0.000000000000000000e+00
1.000047206878662109e+00 1.000000000000000000e+00 1.000000000000000000e+00 1.000000000000000000e+00 0.000000000000000000e+00
1.000259160995483398e+00 1.000000000000000000e+00 1.000000000000000000e+00 1.000000000000000000e+00 0.000000000000000000e+00
1.000131368637084961e+00 1.000000000000000000e+00 1.000000000000000000e+00 1.000000000000000000e+00 0.000000000000000000e+00
1.000024080276489258e+00 1.000000000000000000e+00 1.000000000000000000e+00 1.000000000000000000e+00 0.000000000000000000e+00
1.000004768371582031e+00 1.000000000000000000e+00 1.000000000000000000e+00 1.000000000000000000e+00 0.000000000000000000e+00
1.260878801345825195e+00 1.017513513565063477e+00 1.001276254653930664e+00 1.000009059906005859e+00 0.000000000000000000e+00
2.054056167602539062e+00 1.052475452423095703e+00 1.005224943161010742e+00 1.000222682952880859e+00 0.000000000000000000e+00
1.806587696075439453e+00 1.095056414604187012e+00 1.012634515762329102e+00 1.000267744064331055e+00 0.000000000000000000e+00
1.257234930992126465e+00 1.040433049201965332e+00 1.005416870117187500e+00 1.000172615051269531e+00 0.000000000000000000e+00
1.148153066635131836e+00 1.028728723526000977e+00 1.003941178321838379e+00 1.000890493392944336e+00 0.000000000000000000e+00
1.062436819076538086e+00 1.002125501632690430e+00 1.000171661376953125e+00 1.000013351440429688e+00 0.000000000000000000e+00
1.805769920349121094e+00 1.064350724220275879e+00 1.001434564590454102e+00 1.000026106834411621e+00 0.000000000000000000e+00
1.071098089218139648e+00 1.004645586013793945e+00 1.000062227249145508e+00 1.000000476837158203e+00 0.000000000000000000e+00
1.049749374389648438e+00 1.000584125518798828e+00 1.000014543533325195e+00 1.000000000000000000e+00 0.000000000000000000e+00
1.013354063034057617e+00 1.000340819358825684e+00 1.000003218650817871e+00 1.000000000000000000e+00 0.000000000000000000e+00
1.084999918937683105e+00 1.000223636627197266e+00 1.000005245208740234e+00 1.000000476837158203e+00 0.000000000000000000e+00
1.369307637214660645e+00 1.025552630424499512e+00 1.000026226043701172e+00 1.000000000000000000e+00 0.000000000000000000e+00
1.366295337677001953e+00 1.010371923446655273e+00 1.000977993011474609e+00 1.000032067298889160e+00 0.000000000000000000e+00
1.698774337768554688e+00 1.174379587173461914e+00 1.001001119613647461e+00 1.000030994415283203e+00 0.000000000000000000e+00
1.000004291534423828e+00 1.000000000000000000e+00 1.000000000000000000e+00 1.000000000000000000e+00 0.000000000000000000e+00
1.000001668930053711e+00 1.000000000000000000e+00 1.000000000000000000e+00 1.000000000000000000e+00 0.000000000000000000e+00
1.000042915344238281e+00 1.000000000000000000e+00 1.000000000000000000e+00 1.000000000000000000e+00 0.000000000000000000e+00
1.000008106231689453e+00 1.000000000000000000e+00 1.000000000000000000e+00 1.000000000000000000e+00 0.000000000000000000e+00
1.000004768371582031e+00 1.000000000000000000e+00 1.000000000000000000e+00 1.000000000000000000e+00 0.000000000000000000e+00
1.000000476837158203e+00 1.000000000000000000e+00 1.000000000000000000e+00 1.000000000000000000e+00 0.000000000000000000e+00
1.000000476837158203e+00 1.000000000000000000e+00 1.000000000000000000e+00 1.000000000000000000e+00 0.000000000000000000e+00
1.383803963661193848e+00 1.027181386947631836e+00 1.001927852630615234e+00 1.000034332275390625e+00 0.000000000000000000e+00
1.640866518020629883e+00 1.185215234756469727e+00 1.051716446876525879e+00 1.010315418243408203e+00 0.000000000000000000e+00
1.252868413925170898e+00 1.049442410469055176e+00 1.004130840301513672e+00 1.000656366348266602e+00 0.000000000000000000e+00
1.278198003768920898e+00 1.041446685791015625e+00 1.002147912979125977e+00 1.000126838684082031e+00 0.000000000000000000e+00
1.391054868698120117e+00 1.056626081466674805e+00 1.007545471191406250e+00 1.000345945358276367e+00 0.000000000000000000e+00
1.104205608367919922e+00 1.252561092376708984e+00 1.025172710418701172e+00 1.002485871315002441e+00 0.000000000000000000e+00
1.385982513427734375e+00 1.110941886901855469e+00 1.012070178985595703e+00 1.006195306777954102e+00 0.000000000000000000e+00
1.010339140892028809e+00 1.000285863876342773e+00 1.000001072883605957e+00 1.000000000000000000e+00 0.000000000000000000e+00
1.000772476196289062e+00 1.000000000000000000e+00 1.000000000000000000e+00 1.000000000000000000e+00 0.000000000000000000e+00
1.021698951721191406e+00 1.000015497207641602e+00 1.000000000000000000e+00 1.000000000000000000e+00 0.000000000000000000e+00
1.013858795166015625e+00 1.000154972076416016e+00 1.000000476837158203e+00 1.000000000000000000e+00 0.000000000000000000e+00
1.644458413124084473e+00 1.001055955886840820e+00 1.000011801719665527e+00 1.000000000000000000e+00 0.000000000000000000e+00
1.470600128173828125e+00 1.623118877410888672e+00 1.054764032363891602e+00 1.018761396408081055e+00 0.000000000000000000e+00
1.200066328048706055e+00 1.061699628829956055e+00 1.002979278564453125e+00 1.000442743301391602e+00 0.000000000000000000e+00
1.052536725997924805e+00 1.022127389907836914e+00 1.001138210296630859e+00 1.000024557113647461e+00 0.000000000000000000e+00
1.047588706016540527e+00 1.000465869903564453e+00 1.000007510185241699e+00 1.000000000000000000e+00 0.000000000000000000e+00
1.023605108261108398e+00 1.000442981719970703e+00 1.000000476837158203e+00 1.000000000000000000e+00 0.000000000000000000e+00
1.091250419616699219e+00 1.000465393066406250e+00 1.000002622604370117e+00 1.000000000000000000e+00 0.000000000000000000e+00
1.383794069290161133e+00 1.004372119903564453e+00 1.000023126602172852e+00 1.000000000000000000e+00 0.000000000000000000e+00
1.005326271057128906e+00 1.000107288360595703e+00 1.000000000000000000e+00 1.000000000000000000e+00 0.000000000000000000e+00
1.014240264892578125e+00 1.000496625900268555e+00 1.000005364418029785e+00 1.000000000000000000e+00 0.000000000000000000e+00
1.565133929252624512e+00 1.116037607192993164e+00 1.022474288940429688e+00 1.003840088844299316e+00 0.000000000000000000e+00
1.653709292411804199e+00 1.155429840087890625e+00 1.046225070953369141e+00 1.017035841941833496e+00 0.000000000000000000e+00
2.155156135559082031e+00 1.026155829429626465e+00 1.005645275115966797e+00 1.000138044357299805e+00 0.000000000000000000e+00
2.250556230545043945e+00 1.395921707153320312e+00 1.032224059104919434e+00 1.010539054870605469e+00 0.000000000000000000e+00
4.913229942321777344e+00 9.465124130249023438e+00 1.318301200866699219e+00 1.088758826255798340e+00 0.000000000000000000e+00
3.250372409820556641e+00 7.833492755889892578e+00 2.615228891372680664e+00 1.805610299110412598e+00 0.000000000000000000e+00
-6.920280456542968750e+00 -2.452421426773071289e+00 -1.471506595611572266e+00 -1.169508934020996094e+00 0.000000000000000000e+00
1.000001072883605957e+00 1.000000000000000000e+00 1.000000000000000000e+00 1.000000000000000000e+00 0.000000000000000000e+00
1.000299930572509766e+00 1.000000000000000000e+00 1.000000000000000000e+00 1.000000000000000000e+00 0.000000000000000000e+00
1.000266075134277344e+00 1.000000000000000000e+00 1.000000000000000000e+00 1.000000000000000000e+00 0.000000000000000000e+00
1.002683162689208984e+00 1.000116348266601562e+00 1.000001072883605957e+00 1.000000000000000000e+00 0.000000000000000000e+00
1.003969907760620117e+00 1.000022530555725098e+00 1.000000000000000000e+00 1.000000000000000000e+00 0.000000000000000000e+00
1.055199623107910156e+00 1.002635478973388672e+00 1.000019311904907227e+00 1.000000000000000000e+00 0.000000000000000000e+00
1.093462228775024414e+00 1.007693290710449219e+00 1.000116109848022461e+00 1.000002145767211914e+00 0.000000000000000000e+00
1.157745242118835449e+00 1.009125709533691406e+00 1.000298619270324707e+00 1.000006437301635742e+00 0.000000000000000000e+00
1.086490392684936523e+00 1.004855871200561523e+00 1.000220417976379395e+00 1.000010251998901367e+00 0.000000000000000000e+00
1.123287439346313477e+00 1.005897998809814453e+00 1.000228524208068848e+00 1.000004768371582031e+00 0.000000000000000000e+00
1.151552796363830566e+00 1.012517571449279785e+00 1.000747203826904297e+00 1.000024557113647461e+00 0.000000000000000000e+00
1.141659259796142578e+00 1.011718273162841797e+00 1.000638008117675781e+00 1.000022411346435547e+00 0.000000000000000000e+00
1.115552663803100586e+00 1.010806083679199219e+00 1.000675678253173828e+00 1.000021457672119141e+00 0.000000000000000000e+00
1.197999477386474609e+00 1.019550323486328125e+00 1.001170039176940918e+00 1.000051379203796387e+00 0.000000000000000000e+00
2.066208362579345703e+00 1.349852085113525391e+00 1.016807317733764648e+00 1.001088380813598633e+00 0.000000000000000000e+00
1.339706540107727051e+00 1.186908125877380371e+00 1.029343366622924805e+00 1.005184888839721680e+00 0.000000000000000000e+00
2.267544269561767578e+00 1.169888138771057129e+00 1.025050401687622070e+00 1.002745151519775391e+00 0.000000000000000000e+00
1.345096111297607422e+00 1.041824936866760254e+00 1.004186153411865234e+00 1.000339031219482422e+00 0.000000000000000000e+00
1.698155879974365234e+00 1.128279685974121094e+00 1.025593519210815430e+00 1.003262519836425781e+00 0.000000000000000000e+00
1.116828441619873047e+00 1.010486841201782227e+00 1.001565217971801758e+00 1.000063896179199219e+00 0.000000000000000000e+00
1.082339763641357422e+00 1.001902937889099121e+00 1.000036478042602539e+00 1.000000476837158203e+00 0.000000000000000000e+00
5.884444713592529297e+00 -5.309499502182006836e-01 7.291927337646484375e-01 -2.314696073532104492e+00 1.000000000000000000e+00
1.463765382766723633e+00 1.071675777435302734e+00 1.007418751716613770e+00 1.000804662704467773e+00 2.000000000000000000e+00
5.884444713592529297e+00 -5.309499502182006836e-01 7.291927337646484375e-01 -2.314696073532104492e+00 1.000000000000000000e+00
1.463765382766723633e+00 1.071675777435302734e+00 1.007418751716613770e+00 1.000804662704467773e+00 2.000000000000000000e+00
5.884444713592529297e+00 -5.309499502182006836e-01 7.291927337646484375e-01 -2.314696073532104492e+00 1.000000000000000000e+00
1.463765382766723633e+00 1.071675777435302734e+00 1.007418751716613770e+00 1.000804662704467773e+00 2.000000000000000000e+00
5.884444713592529297e+00 -5.309499502182006836e-01 7.291927337646484375e-01 -2.314696073532104492e+00 1.000000000000000000e+00
1.463765382766723633e+00 1.071675777435302734e+00 1.007418751716613770e+00 1.000804662704467773e+00 2.000000000000000000e+00
5.884444713592529297e+00 -5.309499502182006836e-01 7.291927337646484375e-01 -2.314696073532104492e+00 1.000000000000000000e+00
1.463765382766723633e+00 1.071675777435302734e+00 1.007418751716613770e+00 1.000804662704467773e+00 2.000000000000000000e+00
5.884444713592529297e+00 -5.309499502182006836e-01 7.291927337646484375e-01 -2.314696073532104492e+00 1.000000000000000000e+00
1.463765382766723633e+00 1.071675777435302734e+00 1.007418751716613770e+00 1.000804662704467773e+00 2.000000000000000000e+00
5.884444713592529297e+00 -5.309499502182006836e-01 7.291927337646484375e-01 -2.314696073532104492e+00 1.000000000000000000e+00
1.463765382766723633e+00 1.071675777435302734e+00 1.007418751716613770e+00 1.000804662704467773e+00 2.000000000000000000e+00
5.884444713592529297e+00 -5.309499502182006836e-01 7.291927337646484375e-01 -2.314696073532104492e+00 1.000000000000000000e+00
1.463765382766723633e+00 1.071675777435302734e+00 1.007418751716613770e+00 1.000804662704467773e+00 2.000000000000000000e+00
5.884444713592529297e+00 -5.309499502182006836e-01 7.291927337646484375e-01 -2.314696073532104492e+00 1.000000000000000000e+00
1.463765382766723633e+00 1.071675777435302734e+00 1.007418751716613770e+00 1.000804662704467773e+00 2.000000000000000000e+00
5.884444713592529297e+00 -5.309499502182006836e-01 7.291927337646484375e-01 -2.314696073532104492e+00 1.000000000000000000e+00
1.463765382766723633e+00 1.071675777435302734e+00 1.007418751716613770e+00 1.000804662704467773e+00 2.000000000000000000e+00
1.199058532714843750e+00 1.023664474487304688e+00 1.004943847656250000e+00 1.000166654586791992e+00 0.000000000000000000e+00
1.355445384979248047e+00 1.013631582260131836e+00 1.000958442687988281e+00 1.000048160552978516e+00 0.000000000000000000e+00
1.256119370460510254e+00 1.038363456726074219e+00 1.011011600494384766e+00 1.001155734062194824e+00 0.000000000000000000e+00
1.177052736282348633e+00 1.022144675254821777e+00 1.005640745162963867e+00 1.000603199005126953e+00 0.000000000000000000e+00
1.671422719955444336e+00 1.137847065925598145e+00 1.027030467987060547e+00 1.005736827850341797e+00 0.000000000000000000e+00
1.274970293045043945e+00 1.059409618377685547e+00 1.010614633560180664e+00 1.001442551612854004e+00 0.000000000000000000e+00
2.321709632873535156e+00 1.059217214584350586e+00 1.005082249641418457e+00 1.000348448753356934e+00 0.000000000000000000e+00
1.000886678695678711e+00 1.000000000000000000e+00 1.000000000000000000e+00 1.000000000000000000e+00 0.000000000000000000e+00
1.002997398376464844e+00 1.000045061111450195e+00 1.000000476837158203e+00 1.000000000000000000e+00 0.000000000000000000e+00
1.000349521636962891e+00 1.000002145767211914e+00 1.000000000000000000e+00 1.000000000000000000e+00 0.000000000000000000e+00
1.035470485687255859e+00 1.000150680541992188e+00 1.000000000000000000e+00 1.000000000000000000e+00 0.000000000000000000e+00
1.004134416580200195e+00 1.001736521720886230e+00 1.000013947486877441e+00 1.000000000000000000e+00 0.000000000000000000e+00
1.001105427742004395e+00 1.000001668930053711e+00 1.000000000000000000e+00 1.000000000000000000e+00 0.000000000000000000e+00
1.009633064270019531e+00 1.000426292419433594e+00 1.000001668930053711e+00 1.000000000000000000e+00 0.000000000000000000e+00
1.652903914451599121e+00 1.078919887542724609e+00 1.019862651824951172e+00 1.002231836318969727e+00 0.000000000000000000e+00
1.216347813606262207e+00 1.115188002586364746e+00 1.027236223220825195e+00 1.002156257629394531e+00 0.000000000000000000e+00
1.202571034431457520e+00 1.023774385452270508e+00 1.000821828842163086e+00 1.000096678733825684e+00 0.000000000000000000e+00
1.100449919700622559e+00 1.008264899253845215e+00 1.000243902206420898e+00 1.000006914138793945e+00 0.000000000000000000e+00
1.136358022689819336e+00 1.006819486618041992e+00 1.000259399414062500e+00 1.000012397766113281e+00 0.000000000000000000e+00
1.231770277023315430e+00 1.016077399253845215e+00 1.000382423400878906e+00 1.000014543533325195e+00 0.000000000000000000e+00
1.163462877273559570e+00 1.067407488822937012e+00 1.003991007804870605e+00 1.000273942947387695e+00 0.000000000000000000e+00
1.079252719879150391e+00 1.000488996505737305e+00 1.000017166137695312e+00 1.000000000000000000e+00 0.000000000000000000e+00
1.067194223403930664e+00 1.002415657043457031e+00 1.000028371810913086e+00 1.000000476837158203e+00 0.000000000000000000e+00
1.167292594909667969e+00 1.002044439315795898e+00 1.000036358833312988e+00 1.000001072883605957e+00 0.000000000000000000e+00
1.074227094650268555e+00 1.001673460006713867e+00 1.000026226043701172e+00 1.000000000000000000e+00 0.000000000000000000e+00
1.119191408157348633e+00 1.004599690437316895e+00 1.000030994415283203e+00 1.000000476837158203e+00 0.000000000000000000e+00
1.013577222824096680e+00 1.000530362129211426e+00 1.000001668930053711e+00 1.000000000000000000e+00 0.000000000000000000e+00
1.013349533081054688e+00 1.000075578689575195e+00 1.000000476837158203e+00 1.000000000000000000e+00 0.000000000000000000e+00
1.340028285980224609e+00 1.019773483276367188e+00 1.004294395446777344e+00 1.000345706939697266e+00 0.000000000000000000e+00
1.155345678329467773e+00 1.022122144699096680e+00 1.001245260238647461e+00 1.000027298927307129e+00 0.000000000000000000e+00
1.004438638687133789e+00 1.000464320182800293e+00 1.000002145767211914e+00 1.000000000000000000e+00 0.000000000000000000e+00
1.171956181526184082e+00 1.001159548759460449e+00 1.000036001205444336e+00 1.000000000000000000e+00 0.000000000000000000e+00
1.116891980171203613e+00 1.004676580429077148e+00 1.000414609909057617e+00 1.000005960464477539e+00 0.000000000000000000e+00
1.139083385467529297e+00 1.011192798614501953e+00 1.000526428222656250e+00 1.000008583068847656e+00 0.000000000000000000e+00
1.449354410171508789e+00 1.004970073699951172e+00 1.000052452087402344e+00 1.000001072883605957e+00 0.000000000000000000e+00
1.155526638031005859e+00 1.000654697418212891e+00 1.000006914138793945e+00 1.000000000000000000e+00 1.000000000000000000e+00
1.214277148246765137e+00 1.008403301239013672e+00 1.000082015991210938e+00 1.000000000000000000e+00 2.000000000000000000e+00
1.155526638031005859e+00 1.000654697418212891e+00 1.000006914138793945e+00 1.000000000000000000e+00 1.000000000000000000e+00
1.214277148246765137e+00 1.008403301239013672e+00 1.000082015991210938e+00 1.000000000000000000e+00 2.000000000000000000e+00
1.155526638031005859e+00 1.000654697418212891e+00 1.000006914138793945e+00 1.000000000000000000e+00 1.000000000000000000e+00
1.214277148246765137e+00 1.008403301239013672e+00 1.000082015991210938e+00 1.000000000000000000e+00 2.000000000000000000e+00
1.155526638031005859e+00 1.000654697418212891e+00 1.000006914138793945e+00 1.000000000000000000e+00 1.000000000000000000e+00
1.214277148246765137e+00 1.008403301239013672e+00 1.000082015991210938e+00 1.000000000000000000e+00 2.000000000000000000e+00
1.155526638031005859e+00 1.000654697418212891e+00 1.000006914138793945e+00 1.000000000000000000e+00 1.000000000000000000e+00
1.214277148246765137e+00 1.008403301239013672e+00 1.000082015991210938e+00 1.000000000000000000e+00 2.000000000000000000e+00
1.155526638031005859e+00 1.000654697418212891e+00 1.000006914138793945e+00 1.000000000000000000e+00 1.000000000000000000e+00
1.214277148246765137e+00 1.008403301239013672e+00 1.000082015991210938e+00 1.000000000000000000e+00 2.000000000000000000e+00
1.155526638031005859e+00 1.000654697418212891e+00 1.000006914138793945e+00 1.000000000000000000e+00 1.000000000000000000e+00
1.214277148246765137e+00 1.008403301239013672e+00 1.000082015991210938e+00 1.000000000000000000e+00 2.000000000000000000e+00
1.155526638031005859e+00 1.000654697418212891e+00 1.000006914138793945e+00 1.000000000000000000e+00 1.000000000000000000e+00
1.214277148246765137e+00 1.008403301239013672e+00 1.000082015991210938e+00 1.000000000000000000e+00 2.000000000000000000e+00
1.155526638031005859e+00 1.000654697418212891e+00 1.000006914138793945e+00 1.000000000000000000e+00 1.000000000000000000e+00
1.214277148246765137e+00 1.008403301239013672e+00 1.000082015991210938e+00 1.000000000000000000e+00 2.000000000000000000e+00
1.155526638031005859e+00 1.000654697418212891e+00 1.000006914138793945e+00 1.000000000000000000e+00 1.000000000000000000e+00
1.214277148246765137e+00 1.008403301239013672e+00 1.000082015991210938e+00 1.000000000000000000e+00 2.000000000000000000e+00
1.835957050323486328e+00 1.257559776306152344e+00 1.038884162902832031e+00 1.003510236740112305e+00 0.000000000000000000e+00
1.252066969871520996e+00 2.127823352813720703e+00 1.019545793533325195e+00 1.033565402030944824e+00 0.000000000000000000e+00
1.399831771850585938e+00 1.191152334213256836e+00 1.006605625152587891e+00 1.018819212913513184e+00 0.000000000000000000e+00
1.818197011947631836e+00 1.177651643753051758e+00 1.015181422233581543e+00 1.001206159591674805e+00 0.000000000000000000e+00
1.988476634025573730e+00 1.227109909057617188e+00 1.035673022270202637e+00 1.003054618835449219e+00 0.000000000000000000e+00
1.889417409896850586e+00 1.290839672088623047e+00 1.027492046356201172e+00 1.002766847610473633e+00 0.000000000000000000e+00
3.092422008514404297e+00 1.158523082733154297e+00 1.045860528945922852e+00 1.000924348831176758e+00 0.000000000000000000e+00
1.019593596458435059e+00 1.000047206878662109e+00 1.000000476837158203e+00 1.000000000000000000e+00 0.000000000000000000e+00
1.103476643562316895e+00 1.000047445297241211e+00 1.000003218650817871e+00 1.000000000000000000e+00 0.000000000000000000e+00
1.391526460647583008e+00 1.001339912414550781e+00 1.000172615051269531e+00 1.000001668930053711e+00 0.000000000000000000e+00
1.463984727859497070e+00 1.003346443176269531e+00 1.000818490982055664e+00 1.000001668930053711e+00 0.000000000000000000e+00
1.000488758087158203e+00 1.000061631202697754e+00 1.000000476837158203e+00 1.000000000000000000e+00 0.000000000000000000e+00
1.014298677444458008e+00 1.000291228294372559e+00 1.000000476837158203e+00 1.000000000000000000e+00 1.000000000000000000e+00
1.005184650421142578e+00 1.000077724456787109e+00 1.000000000000000000e+00 1.000000000000000000e+00 2.000000000000000000e+00
1.014298677444458008e+00 1.000291228294372559e+00 1.000000476837158203e+00 1.000000000000000000e+00 1.000000000000000000e+00
1.005184650421142578e+00 1.000077724456787109e+00 1.000000000000000000e+00 1.000000000000000000e+00 2.000000000000000000e+00
1.014298677444458008e+00 1.000291228294372559e+00 1.000000476837158203e+00 1.000000000000000000e+00 1.000000000000000000e+00
1.005184650421142578e+00 1.000077724456787109e+00 1.000000000000000000e+00 1.000000000000000000e+00 2.000000000000000000e+00
1.014298677444458008e+00 1.000291228294372559e+00 1.000000476837158203e+00 1.000000000000000000e+00 1.000000000000000000e+00
1.005184650421142578e+00 1.000077724456787109e+00 1.000000000000000000e+00 1.000000000000000000e+00 2.000000000000000000e+00
1.014298677444458008e+00 1.000291228294372559e+00 1.000000476837158203e+00 1.000000000000000000e+00 1.000000000000000000e+00
1.005184650421142578e+00 1.000077724456787109e+00 1.000000000000000000e+00 1.000000000000000000e+00 2.000000000000000000e+00
1.014298677444458008e+00 1.000291228294372559e+00 1.000000476837158203e+00 1.000000000000000000e+00 1.000000000000000000e+00
1.005184650421142578e+00 1.000077724456787109e+00 1.000000000000000000e+00 1.000000000000000000e+00 2.000000000000000000e+00
1.014298677444458008e+00 1.000291228294372559e+00 1.000000476837158203e+00 1.000000000000000000e+00 1.000000000000000000e+00
1.005184650421142578e+00 1.000077724456787109e+00 1.000000000000000000e+00 1.000000000000000000e+00 2.000000000000000000e+00
1.014298677444458008e+00 1.000291228294372559e+00 1.000000476837158203e+00 1.000000000000000000e+00 1.000000000000000000e+00
1.005184650421142578e+00 1.000077724456787109e+00 1.000000000000000000e+00 1.000000000000000000e+00 2.000000000000000000e+00
1.014298677444458008e+00 1.000291228294372559e+00 1.000000476837158203e+00 1.000000000000000000e+00 1.000000000000000000e+00
1.005184650421142578e+00 1.000077724456787109e+00 1.000000000000000000e+00 1.000000000000000000e+00 2.000000000000000000e+00
1.014298677444458008e+00 1.000291228294372559e+00 1.000000476837158203e+00 1.000000000000000000e+00 1.000000000000000000e+00
1.005184650421142578e+00 1.000077724456787109e+00 1.000000000000000000e+00 1.000000000000000000e+00 2.000000000000000000e+00
1.148888826370239258e+00 1.066447019577026367e+00 1.004359960556030273e+00 1.000181674957275391e+00 0.000000000000000000e+00
1.283147573471069336e+00 1.268274545669555664e+00 1.054367303848266602e+00 1.007652997970581055e+00 0.000000000000000000e+00
1.248129606246948242e+00 1.119237184524536133e+00 1.089625000953674316e+00 1.004043340682983398e+00 0.000000000000000000e+00
1.358982324600219727e+00 1.303806424140930176e+00 1.053408622741699219e+00 1.013054847717285156e+00 0.000000000000000000e+00
1.467162609100341797e+00 1.075316429138183594e+00 1.004316210746765137e+00 1.001126646995544434e+00 0.000000000000000000e+00
-9.466272354125976562e+00 -2.688011646270751953e+00 -1.146299958229064941e+00 -1.005973577499389648e+00 1.000000000000000000e+00
1.186472177505493164e+00 1.052820205688476562e+00 1.007451772689819336e+00 1.002732276916503906e+00 2.000000000000000000e+00
-9.466272354125976562e+00 -2.688011646270751953e+00 -1.146299958229064941e+00 -1.005973577499389648e+00 1.000000000000000000e+00
1.186472177505493164e+00 1.052820205688476562e+00 1.007451772689819336e+00 1.002732276916503906e+00 2.000000000000000000e+00
-9.466272354125976562e+00 -2.688011646270751953e+00 -1.146299958229064941e+00 -1.005973577499389648e+00 1.000000000000000000e+00
1.186472177505493164e+00 1.052820205688476562e+00 1.007451772689819336e+00 1.002732276916503906e+00 2.000000000000000000e+00
-9.466272354125976562e+00 -2.688011646270751953e+00 -1.146299958229064941e+00 -1.005973577499389648e+00 1.000000000000000000e+00
1.186472177505493164e+00 1.052820205688476562e+00 1.007451772689819336e+00 1.002732276916503906e+00 2.000000000000000000e+00
-9.466272354125976562e+00 -2.688011646270751953e+00 -1.146299958229064941e+00 -1.005973577499389648e+00 1.000000000000000000e+00
1.186472177505493164e+00 1.052820205688476562e+00 1.007451772689819336e+00 1.002732276916503906e+00 2.000000000000000000e+00
-9.466272354125976562e+00 -2.688011646270751953e+00 -1.146299958229064941e+00 -1.005973577499389648e+00 1.000000000000000000e+00
1.186472177505493164e+00 1.052820205688476562e+00 1.007451772689819336e+00 1.002732276916503906e+00 2.000000000000000000e+00
-9.466272354125976562e+00 -2.688011646270751953e+00 -1.146299958229064941e+00 -1.005973577499389648e+00 1.000000000000000000e+00
1.186472177505493164e+00 1.052820205688476562e+00 1.007451772689819336e+00 1.002732276916503906e+00 2.000000000000000000e+00
-9.466272354125976562e+00 -2.688011646270751953e+00 -1.146299958229064941e+00 -1.005973577499389648e+00 1.000000000000000000e+00
1.186472177505493164e+00 1.052820205688476562e+00 1.007451772689819336e+00 1.002732276916503906e+00 2.000000000000000000e+00
-9.466272354125976562e+00 -2.688011646270751953e+00 -1.146299958229064941e+00 -1.005973577499389648e+00 1.000000000000000000e+00
1.186472177505493164e+00 1.052820205688476562e+00 1.007451772689819336e+00 1.002732276916503906e+00 2.000000000000000000e+00
-9.466272354125976562e+00 -2.688011646270751953e+00 -1.146299958229064941e+00 -1.005973577499389648e+00 1.000000000000000000e+00
1.186472177505493164e+00 1.052820205688476562e+00 1.007451772689819336e+00 1.002732276916503906e+00 2.000000000000000000e+00
1.920218110084533691e+00 1.241886377334594727e+00 1.115357160568237305e+00 1.028941750526428223e+00 0.000000000000000000e+00
2.068264484405517578e+00 1.422555088996887207e+00 1.091025352478027344e+00 1.056291103363037109e+00 0.000000000000000000e+00
1.135751962661743164e+00 1.015317678451538086e+00 1.001850128173828125e+00 1.000201940536499023e+00 0.000000000000000000e+00
1.313575625419616699e+00 1.021884679794311523e+00 1.000474691390991211e+00 1.000026464462280273e+00 0.000000000000000000e+00
1.580682158470153809e+00 1.012558341026306152e+00 1.003197908401489258e+00 1.000469923019409180e+00 0.000000000000000000e+00
1.011675596237182617e+00 1.002482891082763672e+00 1.000099897384643555e+00 1.000003814697265625e+00 0.000000000000000000e+00
1.268704414367675781e+00 1.048178434371948242e+00 1.005385637283325195e+00 1.000174283981323242e+00 0.000000000000000000e+00
2.337427616119384766e+00 1.360883116722106934e+00 1.145297169685363770e+00 1.124400615692138672e+00 0.000000000000000000e+00
2.818069934844970703e+00 1.259443521499633789e+00 1.424356579780578613e+00 1.101260185241699219e+00 0.000000000000000000e+00
2.165215492248535156e+00 1.365459442138671875e+00 1.133168220520019531e+00 1.031187653541564941e+00 0.000000000000000000e+00
-1.112204313278198242e+00 -1.026618480682373047e+00 -1.000979900360107422e+00 -1.000179052352905273e+00 0.000000000000000000e+00
-9.802039265632629395e-01 -1.015546321868896484e+00 -1.004121303558349609e+00 -1.000468254089355469e+00 0.000000000000000000e+00
-2.987820386886596680e+00 -5.366142749786376953e+00 -1.226828098297119141e+00 -1.048747539520263672e+00 0.000000000000000000e+00
-8.871111869812011719e+00 -5.273210525512695312e+00 -2.863104820251464844e+00 -1.434762120246887207e+00 0.000000000000000000e+00
1.007647514343261719e+00 1.000135660171508789e+00 1.000000000000000000e+00 1.000000000000000000e+00 0.000000000000000000e+00
1.002614259719848633e+00 1.000003218650817871e+00 1.000000000000000000e+00 1.000000000000000000e+00 0.000000000000000000e+00
1.001673936843872070e+00 1.000064849853515625e+00 1.000000476837158203e+00 1.000000000000000000e+00 0.000000000000000000e+00
1.003266811370849609e+00 1.000049829483032227e+00 1.000000000000000000e+00 1.000000000000000000e+00 0.000000000000000000e+00
1.025883913040161133e+00 1.001205205917358398e+00 1.000005960464477539e+00 1.000000000000000000e+00 0.000000000000000000e+00
1.001087307929992676e+00 1.000000476837158203e+00 1.000000000000000000e+00 1.000000000000000000e+00 0.000000000000000000e+00
1.002368450164794922e+00 1.000047683715820312e+00 1.000000000000000000e+00 1.000000000000000000e+00 0.000000000000000000e+00
1.127192735671997070e+00 1.105909585952758789e+00 1.010334730148315430e+00 1.000372767448425293e+00 0.000000000000000000e+00
1.718253016471862793e+00 1.328830957412719727e+00 1.226189374923706055e+00 1.079368472099304199e+00 0.000000000000000000e+00
1.423435211181640625e+00 1.074746608734130859e+00 1.019223213195800781e+00 1.007277011871337891e+00 0.000000000000000000e+00
1.097115159034729004e+00 1.002861857414245605e+00 1.000335812568664551e+00 1.000023603439331055e+00 0.000000000000000000e+00
1.057382822036743164e+00 1.028147697448730469e+00 1.001270771026611328e+00 1.000229477882385254e+00 0.000000000000000000e+00
1.087358713150024414e+00 1.003230333328247070e+00 1.000056743621826172e+00 1.000001668930053711e+00 0.000000000000000000e+00
1.254380226135253906e+00 1.025465011596679688e+00 1.000945687294006348e+00 1.000033736228942871e+00 0.000000000000000000e+00
5.207565307617187500e+00 3.008407592773437500e+00 1.454753994941711426e+00 1.174457073211669922e+00 0.000000000000000000e+00
2.097449064254760742e+00 1.495378375053405762e+00 1.022251605987548828e+00 1.000033617019653320e+00 0.000000000000000000e+00
2.673632144927978516e+00 4.590830802917480469e+00 1.123548388481140137e+00 1.159087777137756348e+00 0.000000000000000000e+00
1.534987807273864746e+00 1.598175525665283203e+00 1.117965936660766602e+00 1.075445175170898438e+00 0.000000000000000000e+00
1.472254753112792969e+00 2.384569168090820312e+00 1.707757234573364258e+00 1.203726172447204590e+00 0.000000000000000000e+00
1.826664209365844727e+00 1.344443559646606445e+00 1.053105950355529785e+00 1.075122117996215820e+00 0.000000000000000000e+00
1.833214759826660156e+00 1.102797985076904297e+00 1.022893428802490234e+00 1.002715110778808594e+00 0.000000000000000000e+00
-1.246594309806823730e+00 1.236013174057006836e+00 6.479247570037841797e+00 2.041262626647949219e+00 0.000000000000000000e+00
1.490591764450073242e+00 1.636090517044067383e+00 1.018047571182250977e+00 7.517144083976745605e-01 0.000000000000000000e+00
1.652171969413757324e+00 1.071868777275085449e+00 1.006160020828247070e+00 1.000628709793090820e+00 0.000000000000000000e+00
1.329349994659423828e+00 1.040377140045166016e+00 1.001223087310791016e+00 1.000319838523864746e+00 0.000000000000000000e+00
1.541178822517395020e+00 1.113938450813293457e+00 1.029626488685607910e+00 1.001831531524658203e+00 0.000000000000000000e+00
1.681738615036010742e+00 1.074725627899169922e+00 1.008508920669555664e+00 1.001559734344482422e+00 0.000000000000000000e+00
-1.182290554046630859e+00 -1.091890573501586914e+00 -1.001791357994079590e+00 -9.747278094291687012e-01 1.000000000000000000e+00
-2.451990842819213867e+00 -4.008657455444335938e+00 -2.753504276275634766e+00 -1.474965572357177734e+00 2.000000000000000000e+00
-1.182290554046630859e+00 -1.091890573501586914e+00 -1.001791357994079590e+00 -9.747278094291687012e-01 1.000000000000000000e+00
-2.451990842819213867e+00 -4.008657455444335938e+00 -2.753504276275634766e+00 -1.474965572357177734e+00 2.000000000000000000e+00
-1.182290554046630859e+00 -1.091890573501586914e+00 -1.001791357994079590e+00 -9.747278094291687012e-01 1.000000000000000000e+00
-2.451990842819213867e+00 -4.008657455444335938e+00 -2.753504276275634766e+00 -1.474965572357177734e+00 2.000000000000000000e+00
-1.182290554046630859e+00 -1.091890573501586914e+00 -1.001791357994079590e+00 -9.747278094291687012e-01 1.000000000000000000e+00
-2.451990842819213867e+00 -4.008657455444335938e+00 -2.753504276275634766e+00 -1.474965572357177734e+00 2.000000000000000000e+00
-1.182290554046630859e+00 -1.091890573501586914e+00 -1.001791357994079590e+00 -9.747278094291687012e-01 1.000000000000000000e+00
-2.451990842819213867e+00 -4.008657455444335938e+00 -2.753504276275634766e+00 -1.474965572357177734e+00 2.000000000000000000e+00
-1.182290554046630859e+00 -1.091890573501586914e+00 -1.001791357994079590e+00 -9.747278094291687012e-01 1.000000000000000000e+00
-2.451990842819213867e+00 -4.008657455444335938e+00 -2.753504276275634766e+00 -1.474965572357177734e+00 2.000000000000000000e+00
-1.182290554046630859e+00 -1.091890573501586914e+00 -1.001791357994079590e+00 -9.747278094291687012e-01 1.000000000000000000e+00
-2.451990842819213867e+00 -4.008657455444335938e+00 -2.753504276275634766e+00 -1.474965572357177734e+00 2.000000000000000000e+00
-1.182290554046630859e+00 -1.091890573501586914e+00 -1.001791357994079590e+00 -9.747278094291687012e-01 1.000000000000000000e+00
-2.451990842819213867e+00 -4.008657455444335938e+00 -2.753504276275634766e+00 -1.474965572357177734e+00 2.000000000000000000e+00
-1.182290554046630859e+00 -1.091890573501586914e+00 -1.001791357994079590e+00 -9.747278094291687012e-01 1.000000000000000000e+00
-2.451990842819213867e+00 -4.008657455444335938e+00 -2.753504276275634766e+00 -1.474965572357177734e+00 2.000000000000000000e+00
-1.182290554046630859e+00 -1.091890573501586914e+00 -1.001791357994079590e+00 -9.747278094291687012e-01 1.000000000000000000e+00
-2.451990842819213867e+00 -4.008657455444335938e+00 -2.753504276275634766e+00 -1.474965572357177734e+00 2.000000000000000000e+00
1.585955500602722168e+00 1.310616731643676758e+00 1.084571838378906250e+00 1.054403305053710938e+00 0.000000000000000000e+00
1.792565107345581055e+00 1.337331652641296387e+00 1.086192131042480469e+00 1.016360998153686523e+00 0.000000000000000000e+00
1.703821539878845215e+00 1.424305081367492676e+00 1.089994192123413086e+00 1.021761894226074219e+00 0.000000000000000000e+00
1.647565364837646484e+00 1.507263660430908203e+00 1.199215888977050781e+00 1.082303762435913086e+00 0.000000000000000000e+00
2.096577405929565430e+00 1.492327213287353516e+00 1.140701532363891602e+00 1.082386851310729980e+00 0.000000000000000000e+00
1.867920756340026855e+00 1.642512083053588867e+00 1.348453998565673828e+00 1.214331388473510742e+00 0.000000000000000000e+00
2.358636379241943359e+00 1.332248449325561523e+00 1.086767911911010742e+00 1.016811132431030273e+00 0.000000000000000000e+00
1.097503423690795898e+00 1.010006666183471680e+00 1.000072360038757324e+00 1.000000476837158203e+00 0.000000000000000000e+00
1.039902925491333008e+00 1.000567197799682617e+00 1.000013351440429688e+00 1.000000000000000000e+00 0.000000000000000000e+00
1.010563850402832031e+00 1.000201225280761719e+00 1.000000000000000000e+00 1.000000000000000000e+00 0.000000000000000000e+00
1.035284996032714844e+00 1.001127719879150391e+00 1.000023603439331055e+00 1.000000000000000000e+00 0.000000000000000000e+00
1.865485191345214844e+00 1.296704053878784180e+00 1.054364323616027832e+00 1.004387378692626953e+00 0.000000000000000000e+00
1.383912801742553711e+00 1.040829181671142578e+00 1.006989479064941406e+00 1.000320434570312500e+00 0.000000000000000000e+00
1.386554002761840820e+00 1.064342260360717773e+00 1.009530782699584961e+00 1.000497579574584961e+00 0.000000000000000000e+00
1.127448558807373047e+00 1.008743166923522949e+00 1.000508546829223633e+00 1.000013947486877441e+00 0.000000000000000000e+00
1.010548830032348633e+00 1.000144004821777344e+00 1.000003218650817871e+00 1.000000000000000000e+00 0.000000000000000000e+00
1.012556791305541992e+00 1.000101089477539062e+00 1.000002622604370117e+00 1.000000000000000000e+00 0.000000000000000000e+00
1.223635911941528320e+00 1.013348698616027832e+00 1.000229239463806152e+00 1.000003218650817871e+00 0.000000000000000000e+00
1.038153648376464844e+00 1.000351905822753906e+00 1.000018119812011719e+00 1.000001668930053711e+00 0.000000000000000000e+00
1.026112556457519531e+00 1.000152349472045898e+00 1.000005364418029785e+00 1.000000000000000000e+00 0.000000000000000000e+00
1.000562548637390137e+00 1.000025749206542969e+00 1.000000000000000000e+00 1.000000000000000000e+00 0.000000000000000000e+00
1.633890151977539062e+00 1.337273836135864258e+00 1.031095504760742188e+00 1.014794230461120605e+00 0.000000000000000000e+00
1.448209166526794434e+00 1.094697475433349609e+00 1.021358966827392578e+00 1.000481128692626953e+00 0.000000000000000000e+00
1.090840339660644531e+00 1.013246893882751465e+00 1.006249189376831055e+00 1.000334024429321289e+00 0.000000000000000000e+00
2.003165245056152344e+00 1.027184724807739258e+00 1.011226892471313477e+00 1.002168416976928711e+00 0.000000000000000000e+00
1.742249250411987305e+00 1.145989894866943359e+00 1.002699613571166992e+00 1.000054597854614258e+00 0.000000000000000000e+00
2.842037916183471680e+00 1.151909232139587402e+00 1.017540693283081055e+00 1.000615358352661133e+00 0.000000000000000000e+00
1.433850049972534180e+00 1.026936650276184082e+00 1.004446268081665039e+00 1.000623106956481934e+00 0.000000000000000000e+00
1.044943094253540039e+00 1.000147938728332520e+00 1.000001072883605957e+00 1.000000000000000000e+00 0.000000000000000000e+00
1.037433981895446777e+00 1.000827074050903320e+00 1.000058412551879883e+00 1.000001072883605957e+00 0.000000000000000000e+00
1.024197340011596680e+00 1.000832319259643555e+00 1.000002622604370117e+00 1.000000000000000000e+00 0.000000000000000000e+00
1.062221527099609375e+00 1.002375364303588867e+00 1.000071763992309570e+00 1.000000476837158203e+00 0.000000000000000000e+00
1.188884496688842773e+00 1.009957909584045410e+00 1.000385761260986328e+00 1.000272989273071289e+00 0.000000000000000000e+00
1.022190809249877930e+00 1.000211954116821289e+00 1.000023722648620605e+00 1.000003814697265625e+00 0.000000000000000000e+00
1.019254684448242188e+00 1.000382184982299805e+00 1.000002622604370117e+00 1.000000000000000000e+00 0.000000000000000000e+00
1.102745413780212402e+00 1.028056979179382324e+00 1.000862121582031250e+00 1.000018715858459473e+00 0.000000000000000000e+00
2.616884231567382812e+00 1.272033691406250000e+00 1.026712417602539062e+00 1.000908136367797852e+00 0.000000000000000000e+00
1.060522794723510742e+00 1.000927448272705078e+00 1.000009059906005859e+00 1.000001072883605957e+00 0.000000000000000000e+00
1.003543376922607422e+00 1.000031590461730957e+00 1.000000476837158203e+00 1.000000000000000000e+00 0.000000000000000000e+00
1.198111653327941895e+00 1.001094818115234375e+00 1.000005960464477539e+00 1.000000000000000000e+00 0.000000000000000000e+00
1.014272689819335938e+00 1.000200510025024414e+00 1.000000476837158203e+00 1.000000000000000000e+00 0.000000000000000000e+00
1.023727536201477051e+00 1.002528905868530273e+00 1.000003814697265625e+00 1.000000000000000000e+00 0.000000000000000000e+00
2.102268695831298828e+00 1.586552619934082031e+00 1.197626948356628418e+00 1.084186911582946777e+00 1.000000000000000000e+00
1.653600454330444336e+00 1.062466144561767578e+00 1.009331226348876953e+00 1.000740408897399902e+00 2.000000000000000000e+00
2.102268695831298828e+00 1.586552619934082031e+00 1.197626948356628418e+00 1.084186911582946777e+00 1.000000000000000000e+00
1.653600454330444336e+00 1.062466144561767578e+00 1.009331226348876953e+00 1.000740408897399902e+00 2.000000000000000000e+00
2.102268695831298828e+00 1.586552619934082031e+00 1.197626948356628418e+00 1.084186911582946777e+00 1.000000000000000000e+00
1.653600454330444336e+00 1.062466144561767578e+00 1.009331226348876953e+00 1.000740408897399902e+00 2.000000000000000000e+00
2.102268695831298828e+00 1.586552619934082031e+00 1.197626948356628418e+00 1.084186911582946777e+00 1.000000000000000000e+00
1.653600454330444336e+00 1.062466144561767578e+00 1.009331226348876953e+00 1.000740408897399902e+00 2.000000000000000000e+00
2.102268695831298828e+00 1.586552619934082031e+00 1.197626948356628418e+00 1.084186911582946777e+00 1.000000000000000000e+00
1.653600454330444336e+00 1.062466144561767578e+00 1.009331226348876953e+00 1.000740408897399902e+00 2.000000000000000000e+00
2.102268695831298828e+00 1.586552619934082031e+00 1.197626948356628418e+00 1.084186911582946777e+00 1.000000000000000000e+00
1.653600454330444336e+00 1.062466144561767578e+00 1.009331226348876953e+00 1.000740408897399902e+00 2.000000000000000000e+00
2.102268695831298828e+00 1.586552619934082031e+00 1.197626948356628418e+00 1.084186911582946777e+00 1.000000000000000000e+00
1.653600454330444336e+00 1.062466144561767578e+00 1.009331226348876953e+00 1.000740408897399902e+00 2.000000000000000000e+00
2.102268695831298828e+00 1.586552619934082031e+00 1.197626948356628418e+00 1.084186911582946777e+00 1.000000000000000000e+00
1.653600454330444336e+00 1.062466144561767578e+00 1.009331226348876953e+00 1.000740408897399902e+00 2.000000000000000000e+00
2.102268695831298828e+00 1.586552619934082031e+00 1.197626948356628418e+00 1.084186911582946777e+00 1.000000000000000000e+00
1.653600454330444336e+00 1.062466144561767578e+00 1.009331226348876953e+00 1.000740408897399902e+00 2.000000000000000000e+00
2.102268695831298828e+00 1.586552619934082031e+00 1.197626948356628418e+00 1.084186911582946777e+00 1.000000000000000000e+00
1.653600454330444336e+00 1.062466144561767578e+00 1.009331226348876953e+00 1.000740408897399902e+00 2.000000000000000000e+00
1.041494369506835938e+00 1.022326231002807617e+00 1.001091957092285156e+00 1.000131845474243164e+00 0.000000000000000000e+00
1.250663995742797852e+00 1.008008718490600586e+00 1.000110626220703125e+00 1.000008106231689453e+00 0.000000000000000000e+00
1.010531783103942871e+00 1.000120520591735840e+00 1.000001668930053711e+00 1.000000000000000000e+00 0.000000000000000000e+00
1.294162750244140625e+00 1.081883907318115234e+00 1.003348469734191895e+00 1.000082015991210938e+00 0.000000000000000000e+00
1.035458564758300781e+00 1.002186298370361328e+00 1.000050306320190430e+00 1.000000476837158203e+00 0.000000000000000000e+00
1.007796525955200195e+00 1.003926038742065430e+00 1.000081300735473633e+00 1.000001668930053711e+00 0.000000000000000000e+00
1.004896044731140137e+00 1.000357151031494141e+00 1.000000476837158203e+00 1.000000000000000000e+00 0.000000000000000000e+00
1.395507335662841797e+00 1.220746755599975586e+00 9.756326675415039062e-01 1.037327766418457031e+00 1.000000000000000000e+00
1.452239036560058594e+00 1.280693292617797852e+00 1.028390884399414062e+00 1.013869285583496094e+00 2.000000000000000000e+00
1.395507335662841797e+00 1.220746755599975586e+00 9.756326675415039062e-01 1.037327766418457031e+00 1.000000000000000000e+00
1.452239036560058594e+00 1.280693292617797852e+00 1.028390884399414062e+00 1.013869285583496094e+00 2.000000000000000000e+00
1.395507335662841797e+00 1.220746755599975586e+00 9.756326675415039062e-01 1.037327766418457031e+00 1.000000000000000000e+00
1.452239036560058594e+00 1.280693292617797852e+00 1.028390884399414062e+00 1.013869285583496094e+00 2.000000000000000000e+00
1.395507335662841797e+00 1.220746755599975586e+00 9.756326675415039062e-01 1.037327766418457031e+00 1.000000000000000000e+00
1.452239036560058594e+00 1.280693292617797852e+00 1.028390884399414062e+00 1.013869285583496094e+00 2.000000000000000000e+00
1.395507335662841797e+00 1.220746755599975586e+00 9.756326675415039062e-01 1.037327766418457031e+00 1.000000000000000000e+00
1.452239036560058594e+00 1.280693292617797852e+00 1.028390884399414062e+00 1.013869285583496094e+00 2.000000000000000000e+00
1.395507335662841797e+00 1.220746755599975586e+00 9.756326675415039062e-01 1.037327766418457031e+00 1.000000000000000000e+00
1.452239036560058594e+00 1.280693292617797852e+00 1.028390884399414062e+00 1.013869285583496094e+00 2.000000000000000000e+00
1.395507335662841797e+00 1.220746755599975586e+00 9.756326675415039062e-01 1.037327766418457031e+00 1.000000000000000000e+00
1.452239036560058594e+00 1.280693292617797852e+00 1.028390884399414062e+00 1.013869285583496094e+00 2.000000000000000000e+00
1.395507335662841797e+00 1.220746755599975586e+00 9.756326675415039062e-01 1.037327766418457031e+00 1.000000000000000000e+00
1.452239036560058594e+00 1.280693292617797852e+00 1.028390884399414062e+00 1.013869285583496094e+00 2.000000000000000000e+00
1.395507335662841797e+00 1.220746755599975586e+00 9.756326675415039062e-01 1.037327766418457031e+00 1.000000000000000000e+00
1.452239036560058594e+00 1.280693292617797852e+00 1.028390884399414062e+00 1.013869285583496094e+00 2.000000000000000000e+00
1.395507335662841797e+00 1.220746755599975586e+00 9.756326675415039062e-01 1.037327766418457031e+00 1.000000000000000000e+00
1.452239036560058594e+00 1.280693292617797852e+00 1.028390884399414062e+00 1.013869285583496094e+00 2.000000000000000000e+00
1.031682968139648438e+00 1.009591937065124512e+00 1.000880479812622070e+00 1.000044822692871094e+00 0.000000000000000000e+00
1.187679290771484375e+00 1.026065587997436523e+00 1.002247095108032227e+00 1.000024676322937012e+00 0.000000000000000000e+00
2.576560497283935547e+00 1.516992688179016113e+00 1.116708159446716309e+00 1.020416975021362305e+00 0.000000000000000000e+00
6.886630058288574219e+00 3.069105386734008789e+00 1.422112226486206055e+00 1.076809883117675781e+00 0.000000000000000000e+00
-3.500743389129638672e+00 -5.327197551727294922e+00 -5.930202484130859375e+00 -8.044564723968505859e-02 0.000000000000000000e+00
2.397660732269287109e+00 1.419247627258300781e+00 1.065758466720581055e+00 1.001611709594726562e+00 0.000000000000000000e+00
2.146395206451416016e+00 1.208661556243896484e+00 1.324192881584167480e+00 1.471405744552612305e+00 0.000000000000000000e+00
1.268559217453002930e+00 1.016468048095703125e+00 1.001682519912719727e+00 1.000011205673217773e+00 0.000000000000000000e+00
3.976774454116821289e+00 1.823272705078125000e+00 1.047239065170288086e+00 1.001530170440673828e+00 0.000000000000000000e+00
1.467629432678222656e+00 1.023465156555175781e+00 1.007658004760742188e+00 1.000795602798461914e+00 0.000000000000000000e+00
1.532216787338256836e+00 1.048441410064697266e+00 1.002660274505615234e+00 1.000321388244628906e+00 0.000000000000000000e+00
1.344207525253295898e+00 1.029645323753356934e+00 1.000715851783752441e+00 1.000140309333801270e+00 0.000000000000000000e+00
1.403513193130493164e+00 1.118511795997619629e+00 1.006690025329589844e+00 1.000237345695495605e+00 0.000000000000000000e+00
1.232578635215759277e+00 1.158352375030517578e+00 1.017699003219604492e+00 1.004691600799560547e+00 0.000000000000000000e+00
-5.572341442108154297e+00 4.278001785278320312e+00 1.062954139709472656e+01 1.398119688034057617e+00 0.000000000000000000e+00
4.751729488372802734e+00 7.354098320007324219e+00 1.737815380096435547e+00 7.820048928260803223e-01 0.000000000000000000e+00
1.799450397491455078e+00 1.180325031280517578e+00 1.045351266860961914e+00 1.018581151962280273e+00 0.000000000000000000e+00
1.225080490112304688e+00 1.007087469100952148e+00 1.000105619430541992e+00 1.000004768371582031e+00 0.000000000000000000e+00
1.185003995895385742e+00 1.018107175827026367e+00 1.001842498779296875e+00 1.000033617019653320e+00 0.000000000000000000e+00
1.092543363571166992e+00 1.008337259292602539e+00 1.000281810760498047e+00 1.000003814697265625e+00 0.000000000000000000e+00
1.242526054382324219e+00 1.027694225311279297e+00 1.000697731971740723e+00 1.000052928924560547e+00 0.000000000000000000e+00
1.066184997558593750e+00 1.003993988037109375e+00 1.000013351440429688e+00 1.000000000000000000e+00 0.000000000000000000e+00
1.806441545486450195e+00 1.058506608009338379e+00 1.013637065887451172e+00 1.000268220901489258e+00 0.000000000000000000e+00
9.056409835815429688e+00 2.424924373626708984e+00 1.514016270637512207e+00 1.139388322830200195e+00 0.000000000000000000e+00
2.975336551666259766e+00 1.611591339111328125e+00 1.136935472488403320e+00 1.037657141685485840e+00 0.000000000000000000e+00
1.213236331939697266e+00 1.254093408584594727e+00 1.021443128585815430e+00 1.009507417678833008e+00 0.000000000000000000e+00
2.684523105621337891e+00 1.018571138381958008e+00 1.004975795745849609e+00 1.000115633010864258e+00 0.000000000000000000e+00
9.947978854179382324e-01 1.127209663391113281e+00 1.020424842834472656e+00 1.021920323371887207e+00 0.000000000000000000e+00
1.001871228218078613e+00 1.000008583068847656e+00 1.000000000000000000e+00 1.000000000000000000e+00 0.000000000000000000e+00
1.426789999008178711e+00 1.002019166946411133e+00 1.000028371810913086e+00 1.000000476837158203e+00 0.000000000000000000e+00
1.092262029647827148e+00 1.000169634819030762e+00 1.000003814697265625e+00 1.000000000000000000e+00 0.000000000000000000e+00
1.805532693862915039e+00 1.020652055740356445e+00 1.000003218650817871e+00 1.000000000000000000e+00 0.000000000000000000e+00
1.281686305999755859e+00 1.001093626022338867e+00 1.000198841094970703e+00 1.000001072883605957e+00 0.000000000000000000e+00
1.585506558418273926e+00 1.031232118606567383e+00 1.001276969909667969e+00 1.000082254409790039e+00 0.000000000000000000e+00
1.020616054534912109e+00 1.000038623809814453e+00 1.000000000000000000e+00 1.000000000000000000e+00 0.000000000000000000e+00
2.651833057403564453e+00 1.284889817237854004e+00 1.223262786865234375e+00 1.082616567611694336e+00 0.000000000000000000e+00
1.330599665641784668e+00 1.056696653366088867e+00 1.044199228286743164e+00 1.011084318161010742e+00 0.000000000000000000e+00
3.337804079055786133e-01 2.753945350646972656e+00 9.602788090705871582e-01 1.354535102844238281e+00 0.000000000000000000e+00
3.758445262908935547e+00 2.084101676940917969e+00 1.593926072120666504e+00 1.345734238624572754e+00 0.000000000000000000e+00
-2.005164146423339844e+00 -1.028534412384033203e+00 -1.000205755233764648e+00 -1.000002145767211914e+00 0.000000000000000000e+00
1.551267266273498535e+00 1.029731512069702148e+00 1.016384124755859375e+00 1.000460386276245117e+00 0.000000000000000000e+00
