4.795964658260345459e-01 5.049591064453125000e-01 5.355265140533447266e-01 5.198050141334533691e-01 5.728083848953247070e-01 0.000000000000000000e+00
2.177585661411285400e-01 5.072176456451416016e-01 7.071592807769775391e-01 7.464565038681030273e-01 7.467176318168640137e-01 0.000000000000000000e+00
3.027165830135345459e-01 2.457048147916793823e-01 3.333726227283477783e-01 4.198915958404541016e-01 4.787085950374603271e-01 0.000000000000000000e+00
1.693394184112548828e-01 1.906155198812484741e-01 1.648567169904708862e-01 1.007254719734191895e-01 3.637454211711883545e-01 0.000000000000000000e+00
1.011769175529479980e-01 2.559712231159210205e-01 4.198866784572601318e-01 3.646225631237030029e-01 3.515496551990509033e-01 0.000000000000000000e+00
4.964485466480255127e-01 6.890918016433715820e-01 6.283952593803405762e-01 6.174833178520202637e-01 6.130605936050415039e-01 0.000000000000000000e+00
4.056131839752197266e-01 4.597903788089752197e-01 6.760851144790649414e-01 8.371680974960327148e-01 8.782770037651062012e-01 0.000000000000000000e+00
5.959707498550415039e-01 7.748515605926513672e-01 8.345192670822143555e-01 8.539819121360778809e-01 8.660700321197509766e-01 0.000000000000000000e+00
5.352008938789367676e-01 7.287582159042358398e-01 8.503975868225097656e-01 9.027813673019409180e-01 8.979987502098083496e-01 0.000000000000000000e+00
4.464648962020874023e-01 5.235490798950195312e-01 7.438276410102844238e-01 8.098267912864685059e-01 8.981267809867858887e-01 0.000000000000000000e+00
6.619275808334350586e-01 7.766193151473999023e-01 8.115348815917968750e-01 8.407799005508422852e-01 8.447599411010742188e-01 0.000000000000000000e+00
4.061340093612670898e-01 6.579554080963134766e-01 7.262203097343444824e-01 7.768315672874450684e-01 8.051921725273132324e-01 0.000000000000000000e+00
4.289874434471130371e-01 4.605735540390014648e-01 5.614209175109863281e-01 5.304695963859558105e-01 5.889314413070678711e-01 0.000000000000000000e+00
4.637927412986755371e-01 5.083145499229431152e-01 5.152343511581420898e-01 4.701745510101318359e-01 6.036538481712341309e-01 0.000000000000000000e+00
8.864766955375671387e-01 9.492753744125366211e-01 9.533524513244628906e-01 9.654247164726257324e-01 9.851460456848144531e-01 0.000000000000000000e+00
1.718219667673110962e-01 3.191269338130950928e-01 7.289384007453918457e-01 8.305057287216186523e-01 9.617537856101989746e-01 0.000000000000000000e+00
5.852755308151245117e-01 8.082836866378784180e-01 8.658896088600158691e-01 9.163993000984191895e-01 9.743331670761108398e-01 0.000000000000000000e+00
3.521895110607147217e-01 7.707288265228271484e-01 8.380616903305053711e-01 9.259155392646789551e-01 9.712002873420715332e-01 0.000000000000000000e+00
4.327044486999511719e-01 8.226524591445922852e-01 9.264739155769348145e-01 9.318310022354125977e-01 9.517629146575927734e-01 0.000000000000000000e+00
6.123248338699340820e-01 8.647019863128662109e-01 9.078679084777832031e-01 9.304498434066772461e-01 9.568132162094116211e-01 0.000000000000000000e+00
4.776690006256103516e-01 4.558721780776977539e-01 6.615383625030517578e-01 7.085772752761840820e-01 6.830961704254150391e-01 0.000000000000000000e+00
3.108087778091430664e-01 6.020689010620117188e-01 6.557645797729492188e-01 5.967145562171936035e-01 5.387569069862365723e-01 0.000000000000000000e+00
2.455022484064102173e-01 2.135966569185256958e-01 3.266251087188720703e-01 4.694900214672088623e-01 4.314628839492797852e-01 0.000000000000000000e+00
2.316340208053588867e-01 4.057095050811767578e-01 4.838257730007171631e-01 5.868720412254333496e-01 5.463004112243652344e-01 0.000000000000000000e+00
2.719335258007049561e-01 3.621397316455841064e-01 4.571765065193176270e-01 5.645488500595092773e-01 6.203925609588623047e-01 0.000000000000000000e+00
2.221408188343048096e-01 2.344232946634292603e-01 7.759074866771697998e-02 3.002618849277496338e-01 3.473022580146789551e-01 0.000000000000000000e+00
4.555804729461669922e-01 5.136301517486572266e-01 6.033239364624023438e-01 5.547044277191162109e-01 4.139230549335479736e-01 0.000000000000000000e+00
5.652457475662231445e-01 5.930281877517700195e-01 7.030875682830810547e-01 7.656579017639160156e-01 8.671635985374450684e-01 0.000000000000000000e+00
-9.506793320178985596e-02 1.456416696310043335e-01 4.444137513637542725e-01 5.109093785285949707e-01 5.895200371742248535e-01 0.000000000000000000e+00
6.209257990121841431e-02 5.055022835731506348e-01 3.603548109531402588e-01 -1.487378217279911041e-02 1.188278105109930038e-02 0.000000000000000000e+00
2.947660908102989197e-02 4.099816977977752686e-01 4.821500480175018311e-01 5.804016590118408203e-01 5.831232666969299316e-01 0.000000000000000000e+00
1.292061507701873779e-01 3.315332531929016113e-01 3.162355124950408936e-01 4.349948763847351074e-01 5.110446810722351074e-01 0.000000000000000000e+00
4.910306334495544434e-01 5.073556303977966309e-01 4.856399595737457275e-01 5.376485586166381836e-01 5.296661853790283203e-01 0.000000000000000000e+00
2.668581008911132812e-01 5.471524000167846680e-01 7.373656034469604492e-01 8.142201304435729980e-01 7.810846567153930664e-01 0.000000000000000000e+00
9.663122892379760742e-02 2.134640812873840332e-01 3.990433812141418457e-01 5.569724440574645996e-01 6.205784082412719727e-01 0.000000000000000000e+00
8.361089229583740234e-01 8.818124532699584961e-01 8.711961507797241211e-01 8.303347229957580566e-01 8.136737942695617676e-01 0.000000000000000000e+00
7.062000036239624023e-01 8.625247478485107422e-01 9.289873242378234863e-01 9.117502570152282715e-01 9.206243157386779785e-01 0.000000000000000000e+00
7.595529556274414062e-01 9.516050815582275391e-01 9.730066657066345215e-01 9.718690514564514160e-01 9.631805419921875000e-01 0.000000000000000000e+00
5.880050659179687500e-01 7.973353862762451172e-01 8.293912410736083984e-01 8.244799375534057617e-01 7.521372437477111816e-01 0.000000000000000000e+00
8.647654056549072266e-01 8.737752437591552734e-01 9.007717967033386230e-01 8.811426758766174316e-01 9.029757976531982422e-01 0.000000000000000000e+00
2.053752988576889038e-01 7.303951978683471680e-01 8.449537158012390137e-01 9.123537540435791016e-01 9.410021901130676270e-01 0.000000000000000000e+00
6.026363372802734375e-01 8.769105076789855957e-01 8.883835077285766602e-01 9.020047783851623535e-01 9.356096982955932617e-01 0.000000000000000000e+00
1.194413378834724426e-01 1.243367493152618408e-01 2.173652872443199158e-02 -1.130753681063652039e-01 2.073820233345031738e-01 1.000000000000000000e+00
2.579070925712585449e-01 4.376894533634185791e-01 5.764231085777282715e-01 5.811492204666137695e-01 7.341593503952026367e-01 2.000000000000000000e+00
1.194413378834724426e-01 1.243367493152618408e-01 2.173652872443199158e-02 -1.130753681063652039e-01 2.073820233345031738e-01 1.000000000000000000e+00
2.579070925712585449e-01 4.376894533634185791e-01 5.764231085777282715e-01 5.811492204666137695e-01 7.341593503952026367e-01 2.000000000000000000e+00
1.194413378834724426e-01 1.243367493152618408e-01 2.173652872443199158e-02 -1.130753681063652039e-01 2.073820233345031738e-01 1.000000000000000000e+00
2.579070925712585449e-01 4.376894533634185791e-01 5.764231085777282715e-01 5.811492204666137695e-01 7.341593503952026367e-01 2.000000000000000000e+00
1.194413378834724426e-01 1.243367493152618408e-01 2.173652872443199158e-02 -1.130753681063652039e-01 2.073820233345031738e-01 1.000000000000000000e+00
2.579070925712585449e-01 4.376894533634185791e-01 5.764231085777282715e-01 5.811492204666137695e-01 7.341593503952026367e-01 2.000000000000000000e+00
1.194413378834724426e-01 1.243367493152618408e-01 2.173652872443199158e-02 -1.130753681063652039e-01 2.073820233345031738e-01 1.000000000000000000e+00
2.579070925712585449e-01 4.376894533634185791e-01 5.764231085777282715e-01 5.811492204666137695e-01 7.341593503952026367e-01 2.000000000000000000e+00
1.194413378834724426e-01 1.243367493152618408e-01 2.173652872443199158e-02 -1.130753681063652039e-01 2.073820233345031738e-01 1.000000000000000000e+00
2.579070925712585449e-01 4.376894533634185791e-01 5.764231085777282715e-01 5.811492204666137695e-01 7.341593503952026367e-01 2.000000000000000000e+00
1.194413378834724426e-01 1.243367493152618408e-01 2.173652872443199158e-02 -1.130753681063652039e-01 2.073820233345031738e-01 1.000000000000000000e+00
2.579070925712585449e-01 4.376894533634185791e-01 5.764231085777282715e-01 5.811492204666137695e-01 7.341593503952026367e-01 2.000000000000000000e+00
1.194413378834724426e-01 1.243367493152618408e-01 2.173652872443199158e-02 -1.130753681063652039e-01 2.073820233345031738e-01 1.000000000000000000e+00
2.579070925712585449e-01 4.376894533634185791e-01 5.764231085777282715e-01 5.811492204666137695e-01 7.341593503952026367e-01 2.000000000000000000e+00
1.194413378834724426e-01 1.243367493152618408e-01 2.173652872443199158e-02 -1.130753681063652039e-01 2.073820233345031738e-01 1.000000000000000000e+00
2.579070925712585449e-01 4.376894533634185791e-01 5.764231085777282715e-01 5.811492204666137695e-01 7.341593503952026367e-01 2.000000000000000000e+00
1.194413378834724426e-01 1.243367493152618408e-01 2.173652872443199158e-02 -1.130753681063652039e-01 2.073820233345031738e-01 1.000000000000000000e+00
2.579070925712585449e-01 4.376894533634185791e-01 5.764231085777282715e-01 5.811492204666137695e-01 7.341593503952026367e-01 2.000000000000000000e+00
4.396741986274719238e-01 7.802681326866149902e-01 8.696437478065490723e-01 8.628298044204711914e-01 9.033467769622802734e-01 0.000000000000000000e+00
7.621080875396728516e-01 7.755280733108520508e-01 8.025501966476440430e-01 8.786718249320983887e-01 8.452188968658447266e-01 0.000000000000000000e+00
6.215839385986328125e-01 7.566187381744384766e-01 7.771786451339721680e-01 8.980923295021057129e-01 9.486353993415832520e-01 0.000000000000000000e+00
5.964050292968750000e-01 8.307053446769714355e-01 8.827082514762878418e-01 8.950465917587280273e-01 9.041874408721923828e-01 0.000000000000000000e+00
3.921950161457061768e-01 5.346769690513610840e-01 6.822911500930786133e-01 7.323876619338989258e-01 8.242660760879516602e-01 0.000000000000000000e+00
3.324384391307830811e-01 5.413622856140136719e-01 6.800110936164855957e-01 8.853163719177246094e-01 8.298075795173645020e-01 0.000000000000000000e+00
1.643095016479492188e-01 1.495988816022872925e-01 3.796230554580688477e-01 2.766954898834228516e-01 5.387561321258544922e-01 0.000000000000000000e+00
6.110552549362182617e-01 7.262336611747741699e-01 8.016597628593444824e-01 8.848819136619567871e-01 9.321013092994689941e-01 0.000000000000000000e+00
7.927105426788330078e-01 8.788936734199523926e-01 8.850871324539184570e-01 8.928875327110290527e-01 9.139467477798461914e-01 0.000000000000000000e+00
5.943045616149902344e-01 7.353709340095520020e-01 7.846757769584655762e-01 8.548553586006164551e-01 8.128958940505981445e-01 0.000000000000000000e+00
6.032651662826538086e-01 7.085968255996704102e-01 7.929125428199768066e-01 8.348118662834167480e-01 8.422127962112426758e-01 0.000000000000000000e+00
6.765154600143432617e-01 7.872989177703857422e-01 8.359675407409667969e-01 8.709728717803955078e-01 8.814712166786193848e-01 0.000000000000000000e+00
6.391519904136657715e-01 7.820645570755004883e-01 8.473129868507385254e-01 8.849217295646667480e-01 9.050805568695068359e-01 0.000000000000000000e+00
6.689841747283935547e-01 7.941178679466247559e-01 8.734492063522338867e-01 9.065066576004028320e-01 9.240437746047973633e-01 0.000000000000000000e+00
4.759864211082458496e-01 4.802075028419494629e-01 2.816482782363891602e-01 3.265928030014038086e-01 4.030289053916931152e-01 0.000000000000000000e+00
1.893929094076156616e-01 2.741148769855499268e-01 2.316881120204925537e-01 -3.101485967636108398e-02 6.448895484209060669e-02 0.000000000000000000e+00
2.271503955125808716e-01 2.017583549022674561e-01 -8.969764411449432373e-02 6.393150240182876587e-02 8.996789902448654175e-02 0.000000000000000000e+00
5.668822526931762695e-01 7.185159921646118164e-01 7.354372739791870117e-01 7.538828849792480469e-01 7.853949069976806641e-01 0.000000000000000000e+00
5.587749481201171875e-01 6.155837178230285645e-01 6.383646130561828613e-01 8.000239729881286621e-01 8.018445968627929688e-01 0.000000000000000000e+00
2.530330717563629150e-01 2.006334066390991211e-01 1.211888939142227173e-01 1.164223104715347290e-01 1.434342265129089355e-01 1.000000000000000000e+00
1.727057844400405884e-01 2.921938598155975342e-01 4.140093922615051270e-01 4.210495948791503906e-01 5.974490642547607422e-01 2.000000000000000000e+00
2.530330717563629150e-01 2.006334066390991211e-01 1.211888939142227173e-01 1.164223104715347290e-01 1.434342265129089355e-01 1.000000000000000000e+00
1.727057844400405884e-01 2.921938598155975342e-01 4.140093922615051270e-01 4.210495948791503906e-01 5.974490642547607422e-01 2.000000000000000000e+00
2.530330717563629150e-01 2.006334066390991211e-01 1.211888939142227173e-01 1.164223104715347290e-01 1.434342265129089355e-01 1.000000000000000000e+00
1.727057844400405884e-01 2.921938598155975342e-01 4.140093922615051270e-01 4.210495948791503906e-01 5.974490642547607422e-01 2.000000000000000000e+00
2.530330717563629150e-01 2.006334066390991211e-01 1.211888939142227173e-01 1.164223104715347290e-01 1.434342265129089355e-01 1.000000000000000000e+00
1.727057844400405884e-01 2.921938598155975342e-01 4.140093922615051270e-01 4.210495948791503906e-01 5.974490642547607422e-01 2.000000000000000000e+00
2.530330717563629150e-01 2.006334066390991211e-01 1.211888939142227173e-01 1.164223104715347290e-01 1.434342265129089355e-01 1.000000000000000000e+00
1.727057844400405884e-01 2.921938598155975342e-01 4.140093922615051270e-01 4.210495948791503906e-01 5.974490642547607422e-01 2.000000000000000000e+00
2.530330717563629150e-01 2.006334066390991211e-01 1.211888939142227173e-01 1.164223104715347290e-01 1.434342265129089355e-01 1.000000000000000000e+00
1.727057844400405884e-01 2.921938598155975342e-01 4.140093922615051270e-01 4.210495948791503906e-01 5.974490642547607422e-01 2.000000000000000000e+00
2.530330717563629150e-01 2.006334066390991211e-01 1.211888939142227173e-01 1.164223104715347290e-01 1.434342265129089355e-01 1.000000000000000000e+00
1.727057844400405884e-01 2.921938598155975342e-01 4.140093922615051270e-01 4.210495948791503906e-01 5.974490642547607422e-01 2.000000000000000000e+00
2.530330717563629150e-01 2.006334066390991211e-01 1.211888939142227173e-01 1.164223104715347290e-01 1.434342265129089355e-01 1.000000000000000000e+00
1.727057844400405884e-01 2.921938598155975342e-01 4.140093922615051270e-01 4.210495948791503906e-01 5.974490642547607422e-01 2.000000000000000000e+00
2.530330717563629150e-01 2.006334066390991211e-01 1.211888939142227173e-01 1.164223104715347290e-01 1.434342265129089355e-01 1.000000000000000000e+00
1.727057844400405884e-01 2.921938598155975342e-01 4.140093922615051270e-01 4.210495948791503906e-01 5.974490642547607422e-01 2.000000000000000000e+00
2.530330717563629150e-01 2.006334066390991211e-01 1.211888939142227173e-01 1.164223104715347290e-01 1.434342265129089355e-01 1.000000000000000000e+00
1.727057844400405884e-01 2.921938598155975342e-01 4.140093922615051270e-01 4.210495948791503906e-01 5.974490642547607422e-01 2.000000000000000000e+00
2.842635214328765869e-01 4.804761409759521484e-01 6.549103260040283203e-01 9.359472990036010742e-01 9.390823245048522949e-01 0.000000000000000000e+00
-2.766184974461793900e-03 1.922673732042312622e-01 2.123401463031768799e-01 2.409629374742507935e-01 4.051491320133209229e-01 0.000000000000000000e+00
1.750578582286834717e-01 4.819820523262023926e-01 5.897455215454101562e-01 6.858278512954711914e-01 5.851805210113525391e-01 0.000000000000000000e+00
4.122442901134490967e-01 4.010935425758361816e-01 7.113678455352783203e-01 7.682754397392272949e-01 8.586113452911376953e-01 0.000000000000000000e+00
5.143234133720397949e-01 5.549799799919128418e-01 6.818103790283203125e-01 8.425281643867492676e-01 8.011970520019531250e-01 0.000000000000000000e+00
6.645298004150390625e-01 6.414605379104614258e-01 8.132976293563842773e-01 9.623194336891174316e-01 9.472376108169555664e-01 1.000000000000000000e+00
7.841410636901855469e-01 7.709555029869079590e-01 8.419779539108276367e-01 8.095545172691345215e-01 8.338842988014221191e-01 2.000000000000000000e+00
6.645298004150390625e-01 6.414605379104614258e-01 8.132976293563842773e-01 9.623194336891174316e-01 9.472376108169555664e-01 1.000000000000000000e+00
7.841410636901855469e-01 7.709555029869079590e-01 8.419779539108276367e-01 8.095545172691345215e-01 8.338842988014221191e-01 2.000000000000000000e+00
6.645298004150390625e-01 6.414605379104614258e-01 8.132976293563842773e-01 9.623194336891174316e-01 9.472376108169555664e-01 1.000000000000000000e+00
7.841410636901855469e-01 7.709555029869079590e-01 8.419779539108276367e-01 8.095545172691345215e-01 8.338842988014221191e-01 2.000000000000000000e+00
6.645298004150390625e-01 6.414605379104614258e-01 8.132976293563842773e-01 9.623194336891174316e-01 9.472376108169555664e-01 1.000000000000000000e+00
7.841410636901855469e-01 7.709555029869079590e-01 8.419779539108276367e-01 8.095545172691345215e-01 8.338842988014221191e-01 2.000000000000000000e+00
6.645298004150390625e-01 6.414605379104614258e-01 8.132976293563842773e-01 9.623194336891174316e-01 9.472376108169555664e-01 1.000000000000000000e+00
7.841410636901855469e-01 7.709555029869079590e-01 8.419779539108276367e-01 8.095545172691345215e-01 8.338842988014221191e-01 2.000000000000000000e+00
6.645298004150390625e-01 6.414605379104614258e-01 8.132976293563842773e-01 9.623194336891174316e-01 9.472376108169555664e-01 1.000000000000000000e+00
7.841410636901855469e-01 7.709555029869079590e-01 8.419779539108276367e-01 8.095545172691345215e-01 8.338842988014221191e-01 2.000000000000000000e+00
6.645298004150390625e-01 6.414605379104614258e-01 8.132976293563842773e-01 9.623194336891174316e-01 9.472376108169555664e-01 1.000000000000000000e+00
7.841410636901855469e-01 7.709555029869079590e-01 8.419779539108276367e-01 8.095545172691345215e-01 8.338842988014221191e-01 2.000000000000000000e+00
6.645298004150390625e-01 6.414605379104614258e-01 8.132976293563842773e-01 9.623194336891174316e-01 9.472376108169555664e-01 1.000000000000000000e+00
7.841410636901855469e-01 7.709555029869079590e-01 8.419779539108276367e-01 8.095545172691345215e-01 8.338842988014221191e-01 2.000000000000000000e+00
6.645298004150390625e-01 6.414605379104614258e-01 8.132976293563842773e-01 9.623194336891174316e-01 9.472376108169555664e-01 1.000000000000000000e+00
7.841410636901855469e-01 7.709555029869079590e-01 8.419779539108276367e-01 8.095545172691345215e-01 8.338842988014221191e-01 2.000000000000000000e+00
6.645298004150390625e-01 6.414605379104614258e-01 8.132976293563842773e-01 9.623194336891174316e-01 9.472376108169555664e-01 1.000000000000000000e+00
7.841410636901855469e-01 7.709555029869079590e-01 8.419779539108276367e-01 8.095545172691345215e-01 8.338842988014221191e-01 2.000000000000000000e+00
4.308219552040100098e-01 3.719056844711303711e-01 4.032914340496063232e-01 3.807361125946044922e-01 2.130078077316284180e-01 0.000000000000000000e+00
5.922189950942993164e-01 6.429306864738464355e-01 7.355220317840576172e-01 7.529186010360717773e-01 7.988492846488952637e-01 0.000000000000000000e+00
8.874105215072631836e-01 9.584693312644958496e-01 9.570813775062561035e-01 9.484820961952209473e-01 9.165135025978088379e-01 0.000000000000000000e+00
8.407680988311767578e-01 9.513881206512451172e-01 9.394266009330749512e-01 9.841355681419372559e-01 9.966874122619628906e-01 0.000000000000000000e+00
7.913197875022888184e-01 9.358040094375610352e-01 9.764545559883117676e-01 9.840313792228698730e-01 9.904910922050476074e-01 0.000000000000000000e+00
6.483803987503051758e-01 8.940455913543701172e-01 9.464868307113647461e-01 9.772116541862487793e-01 9.885535240173339844e-01 0.000000000000000000e+00
5.226562619209289551e-01 6.335012912750244141e-01 7.062599658966064453e-01 7.589044570922851562e-01 8.569064140319824219e-01 0.000000000000000000e+00
4.941014945507049561e-01 7.634392380714416504e-01 8.120188117027282715e-01 8.050802946090698242e-01 9.130252599716186523e-01 0.000000000000000000e+00
2.649092674255371094e-02 4.666236788034439087e-02 7.753164321184158325e-02 2.379404306411743164e-01 5.485152602195739746e-01 0.000000000000000000e+00
6.218189373612403870e-02 3.913404643535614014e-01 6.353655457496643066e-01 6.019122600555419922e-01 6.549400091171264648e-01 0.000000000000000000e+00
-5.320364609360694885e-02 -5.214794352650642395e-02 -1.163234263658523560e-01 9.146202355623245239e-02 3.343447148799896240e-01 0.000000000000000000e+00
2.114351242780685425e-01 2.898998260498046875e-01 4.248559474945068359e-01 4.409986734390258789e-01 3.841706812381744385e-01 0.000000000000000000e+00
1.272666156291961670e-01 5.659725666046142578e-01 4.844979047775268555e-01 3.914821743965148926e-01 5.271098613739013672e-01 0.000000000000000000e+00
8.095184564590454102e-01 8.742709755897521973e-01 9.131678342819213867e-01 9.129511117935180664e-01 8.403669595718383789e-01 0.000000000000000000e+00
5.309275984764099121e-01 6.372537016868591309e-01 7.536296844482421875e-01 8.209587931632995605e-01 7.966789007186889648e-01 0.000000000000000000e+00
3.717114329338073730e-01 4.928671717643737793e-01 5.746266841888427734e-01 7.791380882263183594e-01 7.980660200119018555e-01 0.000000000000000000e+00
1.929223090410232544e-01 -1.016198843717575073e-02 9.618917852640151978e-02 1.717977225780487061e-01 3.705085515975952148e-01 0.000000000000000000e+00
5.923192501068115234e-01 7.243087291717529297e-01 7.229893803596496582e-01 7.691502571105957031e-01 7.583842277526855469e-01 0.000000000000000000e+00
2.775047421455383301e-01 4.354803562164306641e-01 5.095536708831787109e-01 7.351044416427612305e-01 7.887218594551086426e-01 0.000000000000000000e+00
4.263266623020172119e-01 5.356106758117675781e-01 7.171919345855712891e-01 7.577310800552368164e-01 7.839661836624145508e-01 0.000000000000000000e+00
1.511901617050170898e-01 2.229863405227661133e-01 2.241455465555191040e-01 3.049848675727844238e-01 2.101999521255493164e-01 0.000000000000000000e+00
4.866732358932495117e-01 5.989905595779418945e-01 5.750595927238464355e-01 6.760150194168090820e-01 6.796741485595703125e-01 0.000000000000000000e+00
4.108428657054901123e-01 4.910355508327484131e-01 6.260081529617309570e-01 6.266634464263916016e-01 6.574268937110900879e-01 0.000000000000000000e+00
4.365807473659515381e-01 6.969220638275146484e-01 7.252037525177001953e-01 8.169597387313842773e-01 8.215267658233642578e-01 0.000000000000000000e+00
5.267071127891540527e-01 6.271069645881652832e-01 7.048733234405517578e-01 7.911108136177062988e-01 8.067758679389953613e-01 0.000000000000000000e+00
7.028083801269531250e-01 8.803583979606628418e-01 9.552493095397949219e-01 9.552420377731323242e-01 9.673038721084594727e-01 0.000000000000000000e+00
6.895561218261718750e-01 9.382163286209106445e-01 9.588221311569213867e-01 9.485473036766052246e-01 9.483300447463989258e-01 0.000000000000000000e+00
3.189643323421478271e-01 4.027474299073219299e-02 1.026644632220268250e-01 4.582199454307556152e-01 6.515772342681884766e-01 1.000000000000000000e+00
5.133426785469055176e-01 5.764482617378234863e-01 6.741619110107421875e-01 6.922678947448730469e-01 6.403822898864746094e-01 2.000000000000000000e+00
3.189643323421478271e-01 4.027474299073219299e-02 1.026644632220268250e-01 4.582199454307556152e-01 6.515772342681884766e-01 1.000000000000000000e+00
5.133426785469055176e-01 5.764482617378234863e-01 6.741619110107421875e-01 6.922678947448730469e-01 6.403822898864746094e-01 2.000000000000000000e+00
3.189643323421478271e-01 4.027474299073219299e-02 1.026644632220268250e-01 4.582199454307556152e-01 6.515772342681884766e-01 1.000000000000000000e+00
5.133426785469055176e-01 5.764482617378234863e-01 6.741619110107421875e-01 6.922678947448730469e-01 6.403822898864746094e-01 2.000000000000000000e+00
3.189643323421478271e-01 4.027474299073219299e-02 1.026644632220268250e-01 4.582199454307556152e-01 6.515772342681884766e-01 1.000000000000000000e+00
5.133426785469055176e-01 5.764482617378234863e-01 6.741619110107421875e-01 6.922678947448730469e-01 6.403822898864746094e-01 2.000000000000000000e+00
3.189643323421478271e-01 4.027474299073219299e-02 1.026644632220268250e-01 4.582199454307556152e-01 6.515772342681884766e-01 1.000000000000000000e+00
5.133426785469055176e-01 5.764482617378234863e-01 6.741619110107421875e-01 6.922678947448730469e-01 6.403822898864746094e-01 2.000000000000000000e+00
3.189643323421478271e-01 4.027474299073219299e-02 1.026644632220268250e-01 4.582199454307556152e-01 6.515772342681884766e-01 1.000000000000000000e+00
5.133426785469055176e-01 5.764482617378234863e-01 6.741619110107421875e-01 6.922678947448730469e-01 6.403822898864746094e-01 2.000000000000000000e+00
3.189643323421478271e-01 4.027474299073219299e-02 1.026644632220268250e-01 4.582199454307556152e-01 6.515772342681884766e-01 1.000000000000000000e+00
5.133426785469055176e-01 5.764482617378234863e-01 6.741619110107421875e-01 6.922678947448730469e-01 6.403822898864746094e-01 2.000000000000000000e+00
3.189643323421478271e-01 4.027474299073219299e-02 1.026644632220268250e-01 4.582199454307556152e-01 6.515772342681884766e-01 1.000000000000000000e+00
5.133426785469055176e-01 5.764482617378234863e-01 6.741619110107421875e-01 6.922678947448730469e-01 6.403822898864746094e-01 2.000000000000000000e+00
3.189643323421478271e-01 4.027474299073219299e-02 1.026644632220268250e-01 4.582199454307556152e-01 6.515772342681884766e-01 1.000000000000000000e+00
5.133426785469055176e-01 5.764482617378234863e-01 6.741619110107421875e-01 6.922678947448730469e-01 6.403822898864746094e-01 2.000000000000000000e+00
3.189643323421478271e-01 4.027474299073219299e-02 1.026644632220268250e-01 4.582199454307556152e-01 6.515772342681884766e-01 1.000000000000000000e+00
5.133426785469055176e-01 5.764482617378234863e-01 6.741619110107421875e-01 6.922678947448730469e-01 6.403822898864746094e-01 2.000000000000000000e+00
5.068628191947937012e-01 6.412914395332336426e-01 6.780214309692382812e-01 6.509227156639099121e-01 7.025361061096191406e-01 0.000000000000000000e+00
3.725595474243164062e-01 6.248108148574829102e-01 7.295610308647155762e-01 8.517066836357116699e-01 9.137207269668579102e-01 0.000000000000000000e+00
7.995005846023559570e-01 8.797636628150939941e-01 9.079090356826782227e-01 8.718646764755249023e-01 8.349563479423522949e-01 0.000000000000000000e+00
3.523620069026947021e-01 5.571153163909912109e-01 7.269425392150878906e-01 6.823849081993103027e-01 7.655373811721801758e-01 0.000000000000000000e+00
4.678055644035339355e-01 6.844821572303771973e-01 8.749499320983886719e-01 9.029645919799804688e-01 8.954600691795349121e-01 0.000000000000000000e+00
7.017551064491271973e-01 6.124930381774902344e-01 6.384507417678833008e-01 6.857240200042724609e-01 7.433360815048217773e-01 0.000000000000000000e+00
1.788593083620071411e-01 2.993095517158508301e-01 4.699234664440155029e-01 5.633001327514648438e-01 8.477754592895507812e-01 0.000000000000000000e+00
3.744224011898040771e-01 2.439252138137817383e-01 1.457532867789268494e-02 -9.353453665971755981e-02 -1.280149817466735840e-01 0.000000000000000000e+00
2.359426319599151611e-01 1.205434799194335938e-01 8.514756709337234497e-02 -2.479090914130210876e-02 -7.264549843966960907e-03 0.000000000000000000e+00
2.028347998857498169e-01 2.238855063915252686e-01 2.190383374691009521e-01 3.107402324676513672e-01 2.433127760887145996e-01 0.000000000000000000e+00
3.488386869430541992e-01 3.614522516727447510e-01 3.140627741813659668e-01 1.302788555622100830e-01 3.624460101127624512e-02 0.000000000000000000e+00
3.154940307140350342e-01 3.327116370201110840e-01 2.182891517877578735e-01 1.964065581560134888e-01 2.248671352863311768e-01 0.000000000000000000e+00
1.082031577825546265e-01 1.704324185848236084e-01 1.841925680637359619e-01 2.025998979806900024e-01 2.390776425600051880e-01 0.000000000000000000e+00
1.351127326488494873e-01 -4.685083404183387756e-02 -1.033640280365943909e-01 -1.308178454637527466e-01 -1.297682672739028931e-01 0.000000000000000000e+00
6.149145364761352539e-01 8.173187971115112305e-01 9.026797413825988770e-01 9.596538543701171875e-01 9.746639132499694824e-01 0.000000000000000000e+00
6.774750351905822754e-01 7.962474226951599121e-01 8.399227261543273926e-01 9.318256378173828125e-01 9.544257521629333496e-01 0.000000000000000000e+00
8.131319284439086914e-01 9.349774122238159180e-01 9.713845252990722656e-01 9.876679778099060059e-01 9.900385141372680664e-01 0.000000000000000000e+00
7.189258337020874023e-01 8.491830229759216309e-01 9.275319576263427734e-01 9.427338838577270508e-01 9.710582494735717773e-01 0.000000000000000000e+00
5.280376672744750977e-01 5.900981426239013672e-01 8.582271337509155273e-01 8.874133229255676270e-01 9.550216794013977051e-01 0.000000000000000000e+00
6.438322067260742188e-01 7.789932489395141602e-01 7.788684368133544922e-01 7.827153205871582031e-01 8.052493333816528320e-01 0.000000000000000000e+00
4.589525163173675537e-01 3.902214169502258301e-01 6.675286293029785156e-01 7.225250005722045898e-01 7.640283703804016113e-01 0.000000000000000000e+00
2.960180342197418213e-01 3.314753174781799316e-01 3.564305305480957031e-01 3.011237680912017822e-01 2.548508048057556152e-01 0.000000000000000000e+00
-2.109238132834434509e-02 1.609253138303756714e-02 2.031495869159698486e-01 4.309607446193695068e-01 4.372723996639251709e-01 0.000000000000000000e+00
-3.500690311193466187e-02 1.789056137204170227e-02 8.001642674207687378e-02 1.153045743703842163e-01 1.245381012558937073e-01 0.000000000000000000e+00
6.511828303337097168e-02 9.614868462085723877e-02 9.832743555307388306e-02 1.360507756471633911e-01 8.523795008659362793e-02 0.000000000000000000e+00
-5.238513275980949402e-02 1.148845702409744263e-01 4.965332150459289551e-01 4.401449561119079590e-01 4.896848499774932861e-01 0.000000000000000000e+00
7.145772874355316162e-02 7.795632630586624146e-02 2.524677515029907227e-01 2.417533397674560547e-01 4.251827597618103027e-01 0.000000000000000000e+00
4.240207970142364502e-01 5.999040007591247559e-01 4.780728220939636230e-01 2.952649891376495361e-01 -1.127729043364524841e-01 0.000000000000000000e+00
5.785031318664550781e-01 8.160313367843627930e-01 9.082211256027221680e-01 9.411015510559082031e-01 9.484745264053344727e-01 0.000000000000000000e+00
4.982399046421051025e-01 6.222035288810729980e-01 7.176289558410644531e-01 6.882872581481933594e-01 7.769428491592407227e-01 0.000000000000000000e+00
6.959500908851623535e-01 7.288358211517333984e-01 7.503988146781921387e-01 8.445231914520263672e-01 8.370458483695983887e-01 0.000000000000000000e+00
4.311898350715637207e-01 5.205302834510803223e-01 6.553009152412414551e-01 7.916647195816040039e-01 8.100473880767822266e-01 0.000000000000000000e+00
3.378152549266815186e-01 6.903589963912963867e-01 7.229922413825988770e-01 8.493431210517883301e-01 8.759123086929321289e-01 0.000000000000000000e+00
3.916588723659515381e-01 5.241633057594299316e-01 5.141022205352783203e-01 5.045111775398254395e-01 4.544120132923126221e-01 0.000000000000000000e+00
4.249299764633178711e-01 4.381477832794189453e-01 6.148883104324340820e-01 6.578392982482910156e-01 7.277774810791015625e-01 0.000000000000000000e+00
6.073935627937316895e-01 7.601056098937988281e-01 8.491293191909790039e-01 8.860596418380737305e-01 8.772490620613098145e-01 0.000000000000000000e+00
6.195125579833984375e-01 7.147433757781982422e-01 7.585439682006835938e-01 8.239548206329345703e-01 8.709347248077392578e-01 0.000000000000000000e+00
5.768486261367797852e-01 7.263661026954650879e-01 7.993788719177246094e-01 8.436645865440368652e-01 8.595197796821594238e-01 0.000000000000000000e+00
6.137793660163879395e-01 7.857604622840881348e-01 8.037658929824829102e-01 8.719609975814819336e-01 8.858762383460998535e-01 0.000000000000000000e+00
6.270745992660522461e-01 7.669748067855834961e-01 8.657748699188232422e-01 8.806883692741394043e-01 8.963721394538879395e-01 0.000000000000000000e+00
7.360126972198486328e-01 8.664176464080810547e-01 9.178667664527893066e-01 9.493254423141479492e-01 9.523094296455383301e-01 0.000000000000000000e+00
7.671276926994323730e-01 8.903967142105102539e-01 9.637686610221862793e-01 9.873768687248229980e-01 9.883186221122741699e-01 0.000000000000000000e+00
5.756134986877441406e-01 8.007559776306152344e-01 9.243994951248168945e-01 9.439184069633483887e-01 9.460758566856384277e-01 0.000000000000000000e+00
5.722215175628662109e-01 7.939335703849792480e-01 9.315203428268432617e-01 9.370933175086975098e-01 9.675937891006469727e-01 0.000000000000000000e+00
5.969334244728088379e-01 7.996061444282531738e-01 8.428161144256591797e-01 9.261930584907531738e-01 9.608166813850402832e-01 0.000000000000000000e+00
4.064903557300567627e-01 6.597039103507995605e-01 8.142999410629272461e-01 8.854070901870727539e-01 9.360435009002685547e-01 0.000000000000000000e+00
4.097569286823272705e-01 4.981905817985534668e-01 6.384077072143554688e-01 7.045739889144897461e-01 7.024651765823364258e-01 0.000000000000000000e+00
4.394057393074035645e-01 5.860742330551147461e-01 6.690645813941955566e-01 6.842582225799560547e-01 7.479178905487060547e-01 0.000000000000000000e+00
5.661851167678833008e-01 6.406311988830566406e-01 6.421497464179992676e-01 6.217505931854248047e-01 6.785766482353210449e-01 0.000000000000000000e+00
3.278320133686065674e-01 8.178467154502868652e-01 7.176874876022338867e-01 6.984388828277587891e-01 7.104694843292236328e-01 0.000000000000000000e+00
5.546398162841796875e-01 8.560736775398254395e-01 8.778719902038574219e-01 9.401898384094238281e-01 9.358245134353637695e-01 0.000000000000000000e+00
5.539729595184326172e-01 8.414782285690307617e-01 9.307841658592224121e-01 9.417231082916259766e-01 9.589169621467590332e-01 0.000000000000000000e+00
6.959239244461059570e-01 8.727223277091979980e-01 8.886158466339111328e-01 9.030898809432983398e-01 9.405168890953063965e-01 0.000000000000000000e+00
5.080430507659912109e-01 6.090005636215209961e-01 6.420375108718872070e-01 7.219585776329040527e-01 9.181103110313415527e-01 0.000000000000000000e+00
3.559777736663818359e-01 5.735945701599121094e-01 7.081240415573120117e-01 7.388615012168884277e-01 6.853368282318115234e-01 0.000000000000000000e+00
3.513021767139434814e-01 5.052145123481750488e-01 6.751859188079833984e-01 8.422235250473022461e-01 8.887900114059448242e-01 0.000000000000000000e+00
5.507744550704956055e-01 8.315236568450927734e-01 8.984256386756896973e-01 8.702212572097778320e-01 8.576518297195434570e-01 0.000000000000000000e+00
2.472302317619323730e-01 4.233101308345794678e-01 5.829007625579833984e-01 6.687239408493041992e-01 7.421572804450988770e-01 0.000000000000000000e+00
4.638530015945434570e-01 7.902212142944335938e-01 8.891664743423461914e-01 9.227309823036193848e-01 8.822312355041503906e-01 0.000000000000000000e+00
5.975263714790344238e-01 6.310273408889770508e-01 7.020843029022216797e-01 8.211227655410766602e-01 8.274557590484619141e-01 0.000000000000000000e+00
3.043973445892333984e-01 5.316271781921386719e-01 6.468222737312316895e-01 8.736550807952880859e-01 9.282232522964477539e-01 0.000000000000000000e+00
6.926848888397216797e-01 7.361157536506652832e-01 6.823007464408874512e-01 7.760034799575805664e-01 7.890911102294921875e-01 0.000000000000000000e+00
3.019835352897644043e-01 4.097832143306732178e-01 5.952523946762084961e-01 7.077527642250061035e-01 8.607507944107055664e-01 0.000000000000000000e+00
6.149224042892456055e-01 7.064592242240905762e-01 7.343908548355102539e-01 7.643038630485534668e-01 7.732491493225097656e-01 0.000000000000000000e+00
4.649726152420043945e-01 6.049996018409729004e-01 6.950350403785705566e-01 7.595198154449462891e-01 8.410364389419555664e-01 0.000000000000000000e+00
2.671483159065246582e-01 3.243682384490966797e-01 4.550721347332000732e-01 5.498154163360595703e-01 6.236411929130554199e-01 0.000000000000000000e+00
2.672556638717651367e-01 2.849600613117218018e-01 3.113370835781097412e-01 3.390758037567138672e-01 3.710709810256958008e-01 0.000000000000000000e+00
1.293046921491622925e-01 2.244473993778228760e-01 2.877488732337951660e-01 2.317977100610733032e-01 2.040246874094009399e-01 0.000000000000000000e+00
3.027291893959045410e-01 3.743331432342529297e-01 4.253571927547454834e-01 4.540665447711944580e-01 2.308947741985321045e-01 0.000000000000000000e+00
4.293733537197113037e-01 4.854534566402435303e-01 5.675435066223144531e-01 5.335149765014648438e-01 4.361854493618011475e-01 0.000000000000000000e+00
4.302569031715393066e-01 5.406575202941894531e-01 6.760026216506958008e-01 7.325224876403808594e-01 7.656953930854797363e-01 0.000000000000000000e+00
6.273521780967712402e-01 6.796609163284301758e-01 8.268080949783325195e-01 7.936511635780334473e-01 8.298596739768981934e-01 0.000000000000000000e+00
3.303795456886291504e-01 6.731714010238647461e-01 7.043128013610839844e-01 8.307342529296875000e-01 8.980575799942016602e-01 0.000000000000000000e+00
3.732109665870666504e-01 3.868002295494079590e-01 5.249249935150146484e-01 5.204505324363708496e-01 5.729358196258544922e-01 0.000000000000000000e+00
2.615544795989990234e-01 4.687738120555877686e-01 6.051934957504272461e-01 6.792953014373779297e-01 7.757189869880676270e-01 0.000000000000000000e+00
1.970095783472061157e-01 1.510328799486160278e-01 1.754313558340072632e-01 3.684899210929870605e-01 4.465434253215789795e-01 0.000000000000000000e+00
4.981407821178436279e-01 7.020620107650756836e-01 7.537959814071655273e-01 6.594761610031127930e-01 6.930287480354309082e-01 0.000000000000000000e+00
7.031425237655639648e-01 8.681321144104003906e-01 9.312007427215576172e-01 9.612702727317810059e-01 9.773877263069152832e-01 0.000000000000000000e+00
6.836565732955932617e-01 9.114646315574645996e-01 9.381440281867980957e-01 9.224700331687927246e-01 9.304303526878356934e-01 0.000000000000000000e+00
8.197351694107055664e-01 9.458380937576293945e-01 9.780054688453674316e-01 9.901064634323120117e-01 9.854333400726318359e-01 0.000000000000000000e+00
3.473631441593170166e-01 7.440449595451354980e-01 8.995434641838073730e-01 9.527103900909423828e-01 9.644781351089477539e-01 0.000000000000000000e+00
5.677621364593505859e-01 6.995824575424194336e-01 9.016823172569274902e-01 9.231897592544555664e-01 9.361516833305358887e-01 0.000000000000000000e+00
1.667686551809310913e-01 5.069264769554138184e-01 7.037826776504516602e-01 7.315044403076171875e-01 8.290578126907348633e-01 0.000000000000000000e+00
1.898915618658065796e-01 5.185672640800476074e-01 5.599655508995056152e-01 5.121285319328308105e-01 7.842847108840942383e-01 0.000000000000000000e+00
7.170298099517822266e-01 9.110540151596069336e-01 9.406207203865051270e-01 9.530714154243469238e-01 9.416835308074951172e-01 0.000000000000000000e+00
4.041426777839660645e-01 7.015702724456787109e-01 7.220693826675415039e-01 8.946946263313293457e-01 9.361879825592041016e-01 0.000000000000000000e+00
5.788924694061279297e-01 7.843251824378967285e-01 8.762427568435668945e-01 8.867986202239990234e-01 8.894991278648376465e-01 0.000000000000000000e+00
2.960479855537414551e-01 5.572967529296875000e-01 5.644101500511169434e-01 6.206529140472412109e-01 6.608999967575073242e-01 0.000000000000000000e+00
1.504498422145843506e-01 3.922297656536102295e-01 4.488217234611511230e-01 3.968622982501983643e-01 5.408656597137451172e-01 0.000000000000000000e+00
1.734365373849868774e-01 2.803419344127178192e-02 -8.640129864215850830e-02 3.817666172981262207e-01 2.673932313919067383e-01 0.000000000000000000e+00
1.542137414216995239e-01 2.326890379190444946e-01 3.508323431015014648e-01 3.782905638217926025e-01 4.390588402748107910e-01 0.000000000000000000e+00
7.228027582168579102e-01 9.215971827507019043e-01 9.535920619964599609e-01 9.731849431991577148e-01 9.828681945800781250e-01 0.000000000000000000e+00
7.337790727615356445e-01 8.961954116821289062e-01 9.769588708877563477e-01 9.848906397819519043e-01 9.949949383735656738e-01 0.000000000000000000e+00
8.335331678390502930e-01 9.695137143135070801e-01 9.882320165634155273e-01 9.877401590347290039e-01 9.891973733901977539e-01 0.000000000000000000e+00
7.315250635147094727e-01 9.116176366806030273e-01 9.482762813568115234e-01 9.677519202232360840e-01 9.792964458465576172e-01 0.000000000000000000e+00
7.626600265502929688e-01 9.305917024612426758e-01 9.678003191947937012e-01 9.824256896972656250e-01 9.902204275131225586e-01 0.000000000000000000e+00
8.941143751144409180e-01 9.796172976493835449e-01 9.953716397285461426e-01 9.935803413391113281e-01 9.931924343109130859e-01 0.000000000000000000e+00
3.862824440002441406e-01 7.230619192123413086e-01 8.735172152519226074e-01 9.547460079193115234e-01 9.840193390846252441e-01 0.000000000000000000e+00
5.220339298248291016e-01 6.801503300666809082e-01 7.939071655273437500e-01 8.709292411804199219e-01 8.794215917587280273e-01 0.000000000000000000e+00
4.773162901401519775e-01 5.480363368988037109e-01 7.324702739715576172e-01 7.656773328781127930e-01 7.556400895118713379e-01 0.000000000000000000e+00
4.972192645072937012e-01 5.879995822906494141e-01 6.249401569366455078e-01 6.578263044357299805e-01 6.164332628250122070e-01 0.000000000000000000e+00
5.057841539382934570e-01 6.223079562187194824e-01 6.784553527832031250e-01 7.094244956970214844e-01 7.421029210090637207e-01 0.000000000000000000e+00
5.557879209518432617e-01 6.330852508544921875e-01 6.892489194869995117e-01 7.145444750785827637e-01 7.414140701293945312e-01 0.000000000000000000e+00
5.549581050872802734e-01 6.706521511077880859e-01 7.400188446044921875e-01 7.551071643829345703e-01 7.815909385681152344e-01 0.000000000000000000e+00
6.057848930358886719e-01 7.210053205490112305e-01 7.684465646743774414e-01 7.979901432991027832e-01 8.226552009582519531e-01 0.000000000000000000e+00
2.409441322088241577e-01 5.547503829002380371e-01 4.639730751514434814e-01 4.315434992313385010e-01 4.269807636737823486e-01 0.000000000000000000e+00
3.800532221794128418e-02 4.386933743953704834e-01 5.899868011474609375e-01 7.189515829086303711e-01 8.041956424713134766e-01 0.000000000000000000e+00
8.172525167465209961e-01 8.637349605560302734e-01 7.852821350097656250e-01 8.015717864036560059e-01 8.391930460929870605e-01 0.000000000000000000e+00
1.562122404575347900e-01 4.502086341381072998e-01 6.176289319992065430e-01 7.879732251167297363e-01 8.403390645980834961e-01 0.000000000000000000e+00
9.952989406883716583e-03 3.107603192329406738e-01 4.848769009113311768e-01 3.383332192897796631e-01 5.400917530059814453e-01 0.000000000000000000e+00
3.180634975433349609e-01 5.286568403244018555e-01 6.673458814620971680e-01 7.351803779602050781e-01 7.815626859664916992e-01 0.000000000000000000e+00
3.524873554706573486e-01 3.473148941993713379e-01 6.374344825744628906e-01 6.137089729309082031e-01 6.522474288940429688e-01 0.000000000000000000e+00
7.156533002853393555e-02 4.438775777816772461e-01 6.686902046203613281e-01 7.906880378723144531e-01 6.093747615814208984e-01 1.000000000000000000e+00
-4.649100452661514282e-02 3.612681627273559570e-01 6.942410469055175781e-01 6.667512655258178711e-01 6.949803829193115234e-01 2.000000000000000000e+00
7.156533002853393555e-02 4.438775777816772461e-01 6.686902046203613281e-01 7.906880378723144531e-01 6.093747615814208984e-01 1.000000000000000000e+00
-4.649100452661514282e-02 3.612681627273559570e-01 6.942410469055175781e-01 6.667512655258178711e-01 6.949803829193115234e-01 2.000000000000000000e+00
7.156533002853393555e-02 4.438775777816772461e-01 6.686902046203613281e-01 7.906880378723144531e-01 6.093747615814208984e-01 1.000000000000000000e+00
-4.649100452661514282e-02 3.612681627273559570e-01 6.942410469055175781e-01 6.667512655258178711e-01 6.949803829193115234e-01 2.000000000000000000e+00
7.156533002853393555e-02 4.438775777816772461e-01 6.686902046203613281e-01 7.906880378723144531e-01 6.093747615814208984e-01 1.000000000000000000e+00
-4.649100452661514282e-02 3.612681627273559570e-01 6.942410469055175781e-01 6.667512655258178711e-01 6.949803829193115234e-01 2.000000000000000000e+00
7.156533002853393555e-02 4.438775777816772461e-01 6.686902046203613281e-01 7.906880378723144531e-01 6.093747615814208984e-01 1.000000000000000000e+00
-4.649100452661514282e-02 3.612681627273559570e-01 6.942410469055175781e-01 6.667512655258178711e-01 6.949803829193115234e-01 2.000000000000000000e+00
7.156533002853393555e-02 4.438775777816772461e-01 6.686902046203613281e-01 7.906880378723144531e-01 6.093747615814208984e-01 1.000000000000000000e+00
-4.649100452661514282e-02 3.612681627273559570e-01 6.942410469055175781e-01 6.667512655258178711e-01 6.949803829193115234e-01 2.000000000000000000e+00
7.156533002853393555e-02 4.438775777816772461e-01 6.686902046203613281e-01 7.906880378723144531e-01 6.093747615814208984e-01 1.000000000000000000e+00
-4.649100452661514282e-02 3.612681627273559570e-01 6.942410469055175781e-01 6.667512655258178711e-01 6.949803829193115234e-01 2.000000000000000000e+00
7.156533002853393555e-02 4.438775777816772461e-01 6.686902046203613281e-01 7.906880378723144531e-01 6.093747615814208984e-01 1.000000000000000000e+00
-4.649100452661514282e-02 3.612681627273559570e-01 6.942410469055175781e-01 6.667512655258178711e-01 6.949803829193115234e-01 2.000000000000000000e+00
7.156533002853393555e-02 4.438775777816772461e-01 6.686902046203613281e-01 7.906880378723144531e-01 6.093747615814208984e-01 1.000000000000000000e+00
-4.649100452661514282e-02 3.612681627273559570e-01 6.942410469055175781e-01 6.667512655258178711e-01 6.949803829193115234e-01 2.000000000000000000e+00
7.156533002853393555e-02 4.438775777816772461e-01 6.686902046203613281e-01 7.906880378723144531e-01 6.093747615814208984e-01 1.000000000000000000e+00
-4.649100452661514282e-02 3.612681627273559570e-01 6.942410469055175781e-01 6.667512655258178711e-01 6.949803829193115234e-01 2.000000000000000000e+00
2.954715192317962646e-01 3.099366426467895508e-01 2.566565275192260742e-01 2.238463759422302246e-01 2.065745592117309570e-01 0.000000000000000000e+00
3.385138213634490967e-01 2.399699836969375610e-01 1.557725667953491211e-01 1.437623500823974609e-01 1.596118509769439697e-01 0.000000000000000000e+00
2.531722187995910645e-01 1.507607251405715942e-01 1.778549402952194214e-01 8.284734934568405151e-02 1.692596077919006348e-01 0.000000000000000000e+00
1.280236691236495972e-01 7.842032611370086670e-02 6.786907464265823364e-02 6.897290050983428955e-02 7.035318017005920410e-02 0.000000000000000000e+00
2.544321119785308838e-01 2.270730435848236084e-01 1.580908447504043579e-01 4.682751372456550598e-02 -3.592479508370161057e-03 0.000000000000000000e+00
3.526910543441772461e-01 3.348086476325988770e-01 1.769220381975173950e-01 1.280678361654281616e-01 6.454455852508544922e-02 0.000000000000000000e+00
2.189067304134368896e-01 1.725072115659713745e-01 2.041265070438385010e-01 1.734834462404251099e-01 1.212265491485595703e-01 0.000000000000000000e+00
5.575269460678100586e-01 6.243256926536560059e-01 6.098315715789794922e-01 5.311674475669860840e-01 6.939370632171630859e-01 0.000000000000000000e+00
4.746668934822082520e-01 6.558684706687927246e-01 7.276888489723205566e-01 8.030874133110046387e-01 7.472376227378845215e-01 0.000000000000000000e+00
6.069909334182739258e-01 7.506795525550842285e-01 6.805981993675231934e-01 6.337419748306274414e-01 6.879959702491760254e-01 0.000000000000000000e+00
6.580257415771484375e-01 7.800067663192749023e-01 7.972410321235656738e-01 8.476641178131103516e-01 8.020365834236145020e-01 0.000000000000000000e+00
3.041397035121917725e-01 5.097941756248474121e-01 6.437779664993286133e-01 8.186852335929870605e-01 8.376441001892089844e-01 0.000000000000000000e+00
5.642627477645874023e-01 6.738585233688354492e-01 7.067407369613647461e-01 6.573097705841064453e-01 7.026043534278869629e-01 0.000000000000000000e+00
2.570312321186065674e-01 5.202862620353698730e-01 6.509450674057006836e-01 7.252240180969238281e-01 7.804714441299438477e-01 0.000000000000000000e+00
3.402870297431945801e-01 3.909039199352264404e-01 5.014278888702392578e-01 4.124308526515960693e-01 4.972704648971557617e-01 0.000000000000000000e+00
3.345370590686798096e-01 3.856205344200134277e-01 3.783211410045623779e-01 3.372304439544677734e-01 2.316142171621322632e-01 0.000000000000000000e+00
2.737057507038116455e-01 2.246894687414169312e-01 1.623092591762542725e-01 1.092574819922447205e-01 1.352730244398117065e-01 0.000000000000000000e+00
1.330707967281341553e-01 5.854909867048263550e-02 6.131919100880622864e-02 1.287701278924942017e-01 1.234452277421951294e-01 0.000000000000000000e+00
2.984059751033782959e-01 3.655985593795776367e-01 2.193952053785324097e-01 1.529621928930282593e-01 1.572374403476715088e-01 0.000000000000000000e+00
4.446431994438171387e-01 2.964332997798919678e-01 3.691670298576354980e-01 3.924678862094879150e-01 3.400010466575622559e-01 0.000000000000000000e+00
5.335842370986938477e-01 5.474093556404113770e-01 5.575951337814331055e-01 5.222464203834533691e-01 4.996503293514251709e-01 0.000000000000000000e+00
7.888998985290527344e-01 9.089472889900207520e-01 9.753321409225463867e-01 9.832044839859008789e-01 9.670418500900268555e-01 0.000000000000000000e+00
6.026741862297058105e-01 7.947694063186645508e-01 9.271690845489501953e-01 9.369231462478637695e-01 9.646348357200622559e-01 0.000000000000000000e+00
7.291601896286010742e-01 8.881642818450927734e-01 9.064494371414184570e-01 9.407243728637695312e-01 9.548559188842773438e-01 0.000000000000000000e+00
6.746361255645751953e-01 7.969272732734680176e-01 7.943603396415710449e-01 8.941039443016052246e-01 9.302893280982971191e-01 0.000000000000000000e+00
4.837889969348907471e-01 7.484778165817260742e-01 7.943387031555175781e-01 8.819318413734436035e-01 8.942519426345825195e-01 0.000000000000000000e+00
3.833036422729492188e-01 5.796794295310974121e-01 6.777952909469604492e-01 7.537630200386047363e-01 8.103609085083007812e-01 0.000000000000000000e+00
2.353417426347732544e-01 3.668253719806671143e-01 5.199450254440307617e-01 6.734637022018432617e-01 7.259355187416076660e-01 0.000000000000000000e+00
3.510956466197967529e-01 5.443085432052612305e-01 7.045172452926635742e-01 8.067194223403930664e-01 8.282549381256103516e-01 0.000000000000000000e+00
3.665081262588500977e-01 6.130297780036926270e-01 7.193901538848876953e-01 7.314102649688720703e-01 6.745798587799072266e-01 0.000000000000000000e+00
3.018376231193542480e-01 3.847880363464355469e-01 5.473397970199584961e-01 5.291550159454345703e-01 5.878474712371826172e-01 0.000000000000000000e+00
5.188431739807128906e-01 6.857785582542419434e-01 7.584590315818786621e-01 7.158854007720947266e-01 7.537794709205627441e-01 0.000000000000000000e+00
3.029637634754180908e-01 4.532035887241363525e-01 6.109537482261657715e-01 7.053054571151733398e-01 7.792398929595947266e-01 0.000000000000000000e+00
2.023389190435409546e-01 5.726650953292846680e-01 6.086406707763671875e-01 6.243212223052978516e-01 5.902442932128906250e-01 0.000000000000000000e+00
7.125141620635986328e-01 7.288852930068969727e-01 6.932155489921569824e-01 6.785236001014709473e-01 6.753391027450561523e-01 0.000000000000000000e+00
4.722650349140167236e-01 5.261161923408508301e-01 5.770123004913330078e-01 6.105560660362243652e-01 6.593743562698364258e-01 1.000000000000000000e+00
4.000274240970611572e-01 8.405377864837646484e-01 9.191489815711975098e-01 9.651688933372497559e-01 9.679476618766784668e-01 2.000000000000000000e+00
4.722650349140167236e-01 5.261161923408508301e-01 5.770123004913330078e-01 6.105560660362243652e-01 6.593743562698364258e-01 1.000000000000000000e+00
4.000274240970611572e-01 8.405377864837646484e-01 9.191489815711975098e-01 9.651688933372497559e-01 9.679476618766784668e-01 2.000000000000000000e+00
4.722650349140167236e-01 5.261161923408508301e-01 5.770123004913330078e-01 6.105560660362243652e-01 6.593743562698364258e-01 1.000000000000000000e+00
4.000274240970611572e-01 8.405377864837646484e-01 9.191489815711975098e-01 9.651688933372497559e-01 9.679476618766784668e-01 2.000000000000000000e+00
4.722650349140167236e-01 5.261161923408508301e-01 5.770123004913330078e-01 6.105560660362243652e-01 6.593743562698364258e-01 1.000000000000000000e+00
4.000274240970611572e-01 8.405377864837646484e-01 9.191489815711975098e-01 9.651688933372497559e-01 9.679476618766784668e-01 2.000000000000000000e+00
4.722650349140167236e-01 5.261161923408508301e-01 5.770123004913330078e-01 6.105560660362243652e-01 6.593743562698364258e-01 1.000000000000000000e+00
4.000274240970611572e-01 8.405377864837646484e-01 9.191489815711975098e-01 9.651688933372497559e-01 9.679476618766784668e-01 2.000000000000000000e+00
4.722650349140167236e-01 5.261161923408508301e-01 5.770123004913330078e-01 6.105560660362243652e-01 6.593743562698364258e-01 1.000000000000000000e+00
4.000274240970611572e-01 8.405377864837646484e-01 9.191489815711975098e-01 9.651688933372497559e-01 9.679476618766784668e-01 2.000000000000000000e+00
4.722650349140167236e-01 5.261161923408508301e-01 5.770123004913330078e-01 6.105560660362243652e-01 6.593743562698364258e-01 1.000000000000000000e+00
4.000274240970611572e-01 8.405377864837646484e-01 9.191489815711975098e-01 9.651688933372497559e-01 9.679476618766784668e-01 2.000000000000000000e+00
4.722650349140167236e-01 5.261161923408508301e-01 5.770123004913330078e-01 6.105560660362243652e-01 6.593743562698364258e-01 1.000000000000000000e+00
4.000274240970611572e-01 8.405377864837646484e-01 9.191489815711975098e-01 9.651688933372497559e-01 9.679476618766784668e-01 2.000000000000000000e+00
4.722650349140167236e-01 5.261161923408508301e-01 5.770123004913330078e-01 6.105560660362243652e-01 6.593743562698364258e-01 1.000000000000000000e+00
4.000274240970611572e-01 8.405377864837646484e-01 9.191489815711975098e-01 9.651688933372497559e-01 9.679476618766784668e-01 2.000000000000000000e+00
4.722650349140167236e-01 5.261161923408508301e-01 5.770123004913330078e-01 6.105560660362243652e-01 6.593743562698364258e-01 1.000000000000000000e+00
4.000274240970611572e-01 8.405377864837646484e-01 9.191489815711975098e-01 9.651688933372497559e-01 9.679476618766784668e-01 2.000000000000000000e+00
4.385761618614196777e-01 5.635346174240112305e-01 5.807418823242187500e-01 5.443354249000549316e-01 5.849235057830810547e-01 0.000000000000000000e+00
5.173128247261047363e-01 5.633786916732788086e-01 6.022824645042419434e-01 6.275467872619628906e-01 5.205340385437011719e-01 0.000000000000000000e+00
2.025909125804901123e-01 1.570392698049545288e-01 3.749508261680603027e-01 6.583139896392822266e-01 7.913965582847595215e-01 0.000000000000000000e+00
5.692293643951416016e-01 6.971240043640136719e-01 7.972623109817504883e-01 7.768745422363281250e-01 7.230317592620849609e-01 0.000000000000000000e+00
3.922964632511138916e-01 6.231788992881774902e-01 6.681323051452636719e-01 7.374707460403442383e-01 7.476712465286254883e-01 0.000000000000000000e+00
3.804172575473785400e-01 5.564302206039428711e-01 6.020206809043884277e-01 7.942436337471008301e-01 8.449873924255371094e-01 0.000000000000000000e+00
2.680405676364898682e-01 6.336693763732910156e-01 6.909940838813781738e-01 7.220214009284973145e-01 7.797256708145141602e-01 0.000000000000000000e+00
6.206998825073242188e-01 7.188194990158081055e-01 8.285357952117919922e-01 8.935282826423645020e-01 9.242404699325561523e-01 0.000000000000000000e+00
2.140369713306427002e-01 3.462579548358917236e-01 2.949103116989135742e-01 4.547654986381530762e-01 6.494239568710327148e-01 0.000000000000000000e+00
-4.749584570527076721e-02 6.672967672348022461e-01 6.897100806236267090e-01 7.237823009490966797e-01 7.868741154670715332e-01 0.000000000000000000e+00
3.712143003940582275e-01 3.996324837207794189e-01 4.385007917881011963e-01 5.745382308959960938e-01 5.359990596771240234e-01 0.000000000000000000e+00
5.568328499794006348e-01 7.696514129638671875e-01 7.229074835777282715e-01 6.938591003417968750e-01 6.609847545623779297e-01 0.000000000000000000e+00
6.558523178100585938e-01 8.338304758071899414e-01 9.061484932899475098e-01 8.986853361129760742e-01 9.101876020431518555e-01 1.000000000000000000e+00
7.542252540588378906e-01 8.909278512001037598e-01 9.448541402816772461e-01 9.657956957817077637e-01 9.696798324584960938e-01 2.000000000000000000e+00
6.558523178100585938e-01 8.338304758071899414e-01 9.061484932899475098e-01 8.986853361129760742e-01 9.101876020431518555e-01 1.000000000000000000e+00
7.542252540588378906e-01 8.909278512001037598e-01 9.448541402816772461e-01 9.657956957817077637e-01 9.696798324584960938e-01 2.000000000000000000e+00
6.558523178100585938e-01 8.338304758071899414e-01 9.061484932899475098e-01 8.986853361129760742e-01 9.101876020431518555e-01 1.000000000000000000e+00
7.542252540588378906e-01 8.909278512001037598e-01 9.448541402816772461e-01 9.657956957817077637e-01 9.696798324584960938e-01 2.000000000000000000e+00
6.558523178100585938e-01 8.338304758071899414e-01 9.061484932899475098e-01 8.986853361129760742e-01 9.101876020431518555e-01 1.000000000000000000e+00
7.542252540588378906e-01 8.909278512001037598e-01 9.448541402816772461e-01 9.657956957817077637e-01 9.696798324584960938e-01 2.000000000000000000e+00
6.558523178100585938e-01 8.338304758071899414e-01 9.061484932899475098e-01 8.986853361129760742e-01 9.101876020431518555e-01 1.000000000000000000e+00
7.542252540588378906e-01 8.909278512001037598e-01 9.448541402816772461e-01 9.657956957817077637e-01 9.696798324584960938e-01 2.000000000000000000e+00
6.558523178100585938e-01 8.338304758071899414e-01 9.061484932899475098e-01 8.986853361129760742e-01 9.101876020431518555e-01 1.000000000000000000e+00
7.542252540588378906e-01 8.909278512001037598e-01 9.448541402816772461e-01 9.657956957817077637e-01 9.696798324584960938e-01 2.000000000000000000e+00
6.558523178100585938e-01 8.338304758071899414e-01 9.061484932899475098e-01 8.986853361129760742e-01 9.101876020431518555e-01 1.000000000000000000e+00
7.542252540588378906e-01 8.909278512001037598e-01 9.448541402816772461e-01 9.657956957817077637e-01 9.696798324584960938e-01 2.000000000000000000e+00
6.558523178100585938e-01 8.338304758071899414e-01 9.061484932899475098e-01 8.986853361129760742e-01 9.101876020431518555e-01 1.000000000000000000e+00
7.542252540588378906e-01 8.909278512001037598e-01 9.448541402816772461e-01 9.657956957817077637e-01 9.696798324584960938e-01 2.000000000000000000e+00
6.558523178100585938e-01 8.338304758071899414e-01 9.061484932899475098e-01 8.986853361129760742e-01 9.101876020431518555e-01 1.000000000000000000e+00
7.542252540588378906e-01 8.909278512001037598e-01 9.448541402816772461e-01 9.657956957817077637e-01 9.696798324584960938e-01 2.000000000000000000e+00
6.558523178100585938e-01 8.338304758071899414e-01 9.061484932899475098e-01 8.986853361129760742e-01 9.101876020431518555e-01 1.000000000000000000e+00
7.542252540588378906e-01 8.909278512001037598e-01 9.448541402816772461e-01 9.657956957817077637e-01 9.696798324584960938e-01 2.000000000000000000e+00
4.425115585327148438e-01 5.916295647621154785e-01 7.577757835388183594e-01 8.436550498008728027e-01 9.005013704299926758e-01 0.000000000000000000e+00
5.680245161056518555e-01 6.429757475852966309e-01 6.218343973159790039e-01 7.045878171920776367e-01 6.867303848266601562e-01 0.000000000000000000e+00
3.898105621337890625e-01 4.295075237751007080e-01 3.471349179744720459e-01 5.422295928001403809e-01 6.444043517112731934e-01 0.000000000000000000e+00
6.334625482559204102e-01 8.064261078834533691e-01 7.923215031623840332e-01 6.869856119155883789e-01 6.893445253372192383e-01 0.000000000000000000e+00
6.349486112594604492e-01 7.717092633247375488e-01 8.551887869834899902e-01 8.796055912971496582e-01 8.926043510437011719e-01 0.000000000000000000e+00
-2.813489139080047607e-01 -3.203106820583343506e-01 -2.890917360782623291e-01 -2.851155102252960205e-01 -2.994446158409118652e-01 1.000000000000000000e+00
2.716708183288574219e-01 3.417600095272064209e-01 4.707390069961547852e-01 5.747084617614746094e-01 4.759152829647064209e-01 2.000000000000000000e+00
-2.813489139080047607e-01 -3.203106820583343506e-01 -2.890917360782623291e-01 -2.851155102252960205e-01 -2.994446158409118652e-01 1.000000000000000000e+00
2.716708183288574219e-01 3.417600095272064209e-01 4.707390069961547852e-01 5.747084617614746094e-01 4.759152829647064209e-01 2.000000000000000000e+00
-2.813489139080047607e-01 -3.203106820583343506e-01 -2.890917360782623291e-01 -2.851155102252960205e-01 -2.994446158409118652e-01 1.000000000000000000e+00
2.716708183288574219e-01 3.417600095272064209e-01 4.707390069961547852e-01 5.747084617614746094e-01 4.759152829647064209e-01 2.000000000000000000e+00
-2.813489139080047607e-01 -3.203106820583343506e-01 -2.890917360782623291e-01 -2.851155102252960205e-01 -2.994446158409118652e-01 1.000000000000000000e+00
2.716708183288574219e-01 3.417600095272064209e-01 4.707390069961547852e-01 5.747084617614746094e-01 4.759152829647064209e-01 2.000000000000000000e+00
-2.813489139080047607e-01 -3.203106820583343506e-01 -2.890917360782623291e-01 -2.851155102252960205e-01 -2.994446158409118652e-01 1.000000000000000000e+00
2.716708183288574219e-01 3.417600095272064209e-01 4.707390069961547852e-01 5.747084617614746094e-01 4.759152829647064209e-01 2.000000000000000000e+00
-2.813489139080047607e-01 -3.203106820583343506e-01 -2.890917360782623291e-01 -2.851155102252960205e-01 -2.994446158409118652e-01 1.000000000000000000e+00
2.716708183288574219e-01 3.417600095272064209e-01 4.707390069961547852e-01 5.747084617614746094e-01 4.759152829647064209e-01 2.000000000000000000e+00
-2.813489139080047607e-01 -3.203106820583343506e-01 -2.890917360782623291e-01 -2.851155102252960205e-01 -2.994446158409118652e-01 1.000000000000000000e+00
2.716708183288574219e-01 3.417600095272064209e-01 4.707390069961547852e-01 5.747084617614746094e-01 4.759152829647064209e-01 2.000000000000000000e+00
-2.813489139080047607e-01 -3.203106820583343506e-01 -2.890917360782623291e-01 -2.851155102252960205e-01 -2.994446158409118652e-01 1.000000000000000000e+00
2.716708183288574219e-01 3.417600095272064209e-01 4.707390069961547852e-01 5.747084617614746094e-01 4.759152829647064209e-01 2.000000000000000000e+00
-2.813489139080047607e-01 -3.203106820583343506e-01 -2.890917360782623291e-01 -2.851155102252960205e-01 -2.994446158409118652e-01 1.000000000000000000e+00
2.716708183288574219e-01 3.417600095272064209e-01 4.707390069961547852e-01 5.747084617614746094e-01 4.759152829647064209e-01 2.000000000000000000e+00
-2.813489139080047607e-01 -3.203106820583343506e-01 -2.890917360782623291e-01 -2.851155102252960205e-01 -2.994446158409118652e-01 1.000000000000000000e+00
2.716708183288574219e-01 3.417600095272064209e-01 4.707390069961547852e-01 5.747084617614746094e-01 4.759152829647064209e-01 2.000000000000000000e+00
3.978499472141265869e-01 4.090060889720916748e-01 4.613027274608612061e-01 4.829931557178497314e-01 4.428872764110565186e-01 0.000000000000000000e+00
4.184805154800415039e-01 1.149203330278396606e-01 1.246517524123191833e-01 1.882339119911193848e-01 2.893708348274230957e-01 0.000000000000000000e+00
4.217018485069274902e-01 4.822007417678833008e-01 5.219256877899169922e-01 6.069394350051879883e-01 6.259711980819702148e-01 0.000000000000000000e+00
4.538131058216094971e-01 5.089012980461120605e-01 5.371679067611694336e-01 6.225861310958862305e-01 7.048859000205993652e-01 0.000000000000000000e+00
2.012523412704467773e-01 1.090100780129432678e-01 7.352790236473083496e-02 5.000260844826698303e-02 7.482110708951950073e-02 0.000000000000000000e+00
1.796049475669860840e-01 4.189653322100639343e-02 2.102309316396713257e-01 3.244520425796508789e-01 3.004990220069885254e-01 0.000000000000000000e+00
1.026238035410642624e-02 -3.730103746056556702e-02 1.290896534919738770e-01 7.697425037622451782e-02 2.153096497058868408e-01 0.000000000000000000e+00
5.284287333488464355e-01 7.294336557388305664e-01 7.623015642166137695e-01 8.859144449234008789e-01 9.213422536849975586e-01 0.000000000000000000e+00
7.335630655288696289e-01 7.315762042999267578e-01 7.543512582778930664e-01 6.912437677383422852e-01 6.688631176948547363e-01 0.000000000000000000e+00
3.340987563133239746e-01 3.910298347473144531e-01 4.501932859420776367e-01 4.066373705863952637e-01 4.587869942188262939e-01 0.000000000000000000e+00
2.137966901063919067e-01 1.768588274717330933e-01 5.664209127426147461e-01 5.530309677124023438e-01 2.858452498912811279e-01 0.000000000000000000e+00
1.026181951165199280e-01 1.556781083345413208e-01 -7.687830924987792969e-02 -1.443504989147186279e-01 -1.722589433193206787e-01 0.000000000000000000e+00
1.610046625137329102e-01 6.327033042907714844e-05 -1.296838968992233276e-01 -1.915253847837448120e-01 -2.073503434658050537e-01 0.000000000000000000e+00
4.060645699501037598e-01 4.044585525989532471e-01 3.682696819305419922e-01 3.594174981117248535e-01 3.712171316146850586e-01 0.000000000000000000e+00
7.699286937713623047e-01 8.822519779205322266e-01 8.828788995742797852e-01 9.143677353858947754e-01 9.260167479515075684e-01 0.000000000000000000e+00
6.119835376739501953e-01 7.407578229904174805e-01 8.582291007041931152e-01 8.995601534843444824e-01 9.410215616226196289e-01 0.000000000000000000e+00
7.671439051628112793e-01 8.768382072448730469e-01 9.391051530838012695e-01 9.407927393913269043e-01 9.452006220817565918e-01 0.000000000000000000e+00
8.176977634429931641e-01 9.514679908752441406e-01 9.626660943031311035e-01 9.752007722854614258e-01 9.778212904930114746e-01 0.000000000000000000e+00
7.848411798477172852e-01 8.852314949035644531e-01 9.370279312133789062e-01 9.483742117881774902e-01 9.743388295173645020e-01 0.000000000000000000e+00
6.542828083038330078e-01 8.200998306274414062e-01 8.673846721649169922e-01 9.290241599082946777e-01 9.609752297401428223e-01 0.000000000000000000e+00
6.027019619941711426e-01 7.943171262741088867e-01 8.131494522094726562e-01 8.570317029953002930e-01 9.031477570533752441e-01 0.000000000000000000e+00
-8.410158008337020874e-02 -6.976118776947259903e-03 -1.291154325008392334e-01 -3.995811566710472107e-02 2.541075944900512695e-01 0.000000000000000000e+00
2.753804326057434082e-01 3.914451897144317627e-01 4.626913070678710938e-01 1.887196488678455353e-02 -1.239380836486816406e-01 0.000000000000000000e+00
3.231176137924194336e-01 4.403587579727172852e-01 4.093343913555145264e-01 4.503125846385955811e-01 3.406909406185150146e-01 0.000000000000000000e+00
4.236452281475067139e-01 4.270278811454772949e-01 4.769868850708007812e-01 5.913332700729370117e-01 6.038343906402587891e-01 0.000000000000000000e+00
4.029272198677062988e-01 5.271593332290649414e-01 6.346257925033569336e-01 6.819921731948852539e-01 6.433677673339843750e-01 0.000000000000000000e+00
5.895759463310241699e-01 6.398020982742309570e-01 7.268327474594116211e-01 6.796500086784362793e-01 6.426025629043579102e-01 0.000000000000000000e+00
4.878434240818023682e-01 5.404866933822631836e-01 6.545000076293945312e-01 7.008465528488159180e-01 6.795608997344970703e-01 0.000000000000000000e+00
-1.857462078332901001e-01 -5.357382073998451233e-02 -7.829611748456954956e-02 2.917512953281402588e-01 3.842211961746215820e-01 0.000000000000000000e+00
7.138965278863906860e-02 -1.113259494304656982e-01 4.083965346217155457e-02 2.035882771015167236e-01 -1.373957842588424683e-02 0.000000000000000000e+00
3.671264648437500000e-01 5.335313081741333008e-01 7.797058820724487305e-01 7.289323806762695312e-01 7.337906956672668457e-01 0.000000000000000000e+00
4.707371592521667480e-01 6.419704556465148926e-01 7.229514122009277344e-01 7.846912741661071777e-01 8.382201790809631348e-01 0.000000000000000000e+00
2.207149863243103027e-01 2.341113835573196411e-01 2.821163833141326904e-01 4.143257141113281250e-01 4.517254233360290527e-01 0.000000000000000000e+00
4.606851339340209961e-01 6.798560023307800293e-01 6.205452680587768555e-01 7.242711782455444336e-01 7.712099552154541016e-01 0.000000000000000000e+00
5.746759176254272461e-01 6.942696571350097656e-01 7.589294314384460449e-01 8.383235931396484375e-01 8.151608705520629883e-01 0.000000000000000000e+00
-2.246734648942947388e-01 -1.774787008762359619e-01 -6.101378053426742554e-02 1.645140349864959717e-01 2.293733954429626465e-01 0.000000000000000000e+00
-3.822300583124160767e-03 2.059505879878997803e-01 9.300631354562938213e-04 1.665034703910350800e-02 5.615810677409172058e-02 0.000000000000000000e+00
4.625920951366424561e-02 5.668856948614120483e-02 1.351101547479629517e-01 2.073933929204940796e-01 3.447068929672241211e-01 0.000000000000000000e+00
3.264314830303192139e-01 4.316722452640533447e-01 6.512230038642883301e-01 8.774825334548950195e-01 8.899409770965576172e-01 0.000000000000000000e+00
5.025901198387145996e-01 8.139672875404357910e-01 8.163641691207885742e-01 7.248159646987915039e-01 7.895470857620239258e-01 0.000000000000000000e+00
4.474386572837829590e-01 5.044903159141540527e-01 6.096165180206298828e-01 7.415605783462524414e-01 7.492481470108032227e-01 0.000000000000000000e+00
5.856266021728515625e-01 5.149939060211181641e-01 6.653270125389099121e-02 -2.004160732030868530e-01 -2.474452257156372070e-01 1.000000000000000000e+00
1.131461933255195618e-01 1.762673854827880859e-01 -1.893860250711441040e-01 -2.912888824939727783e-01 -2.405775785446166992e-01 2.000000000000000000e+00
5.856266021728515625e-01 5.149939060211181641e-01 6.653270125389099121e-02 -2.004160732030868530e-01 -2.474452257156372070e-01 1.000000000000000000e+00
1.131461933255195618e-01 1.762673854827880859e-01 -1.893860250711441040e-01 -2.912888824939727783e-01 -2.405775785446166992e-01 2.000000000000000000e+00
5.856266021728515625e-01 5.149939060211181641e-01 6.653270125389099121e-02 -2.004160732030868530e-01 -2.474452257156372070e-01 1.000000000000000000e+00
1.131461933255195618e-01 1.762673854827880859e-01 -1.893860250711441040e-01 -2.912888824939727783e-01 -2.405775785446166992e-01 2.000000000000000000e+00
5.856266021728515625e-01 5.149939060211181641e-01 6.653270125389099121e-02 -2.004160732030868530e-01 -2.474452257156372070e-01 1.000000000000000000e+00
1.131461933255195618e-01 1.762673854827880859e-01 -1.893860250711441040e-01 -2.912888824939727783e-01 -2.405775785446166992e-01 2.000000000000000000e+00
5.856266021728515625e-01 5.149939060211181641e-01 6.653270125389099121e-02 -2.004160732030868530e-01 -2.474452257156372070e-01 1.000000000000000000e+00
1.131461933255195618e-01 1.762673854827880859e-01 -1.893860250711441040e-01 -2.912888824939727783e-01 -2.405775785446166992e-01 2.000000000000000000e+00
5.856266021728515625e-01 5.149939060211181641e-01 6.653270125389099121e-02 -2.004160732030868530e-01 -2.474452257156372070e-01 1.000000000000000000e+00
1.131461933255195618e-01 1.762673854827880859e-01 -1.893860250711441040e-01 -2.912888824939727783e-01 -2.405775785446166992e-01 2.000000000000000000e+00
5.856266021728515625e-01 5.149939060211181641e-01 6.653270125389099121e-02 -2.004160732030868530e-01 -2.474452257156372070e-01 1.000000000000000000e+00
1.131461933255195618e-01 1.762673854827880859e-01 -1.893860250711441040e-01 -2.912888824939727783e-01 -2.405775785446166992e-01 2.000000000000000000e+00
5.856266021728515625e-01 5.149939060211181641e-01 6.653270125389099121e-02 -2.004160732030868530e-01 -2.474452257156372070e-01 1.000000000000000000e+00
1.131461933255195618e-01 1.762673854827880859e-01 -1.893860250711441040e-01 -2.912888824939727783e-01 -2.405775785446166992e-01 2.000000000000000000e+00
5.856266021728515625e-01 5.149939060211181641e-01 6.653270125389099121e-02 -2.004160732030868530e-01 -2.474452257156372070e-01 1.000000000000000000e+00
1.131461933255195618e-01 1.762673854827880859e-01 -1.893860250711441040e-01 -2.912888824939727783e-01 -2.405775785446166992e-01 2.000000000000000000e+00
5.856266021728515625e-01 5.149939060211181641e-01 6.653270125389099121e-02 -2.004160732030868530e-01 -2.474452257156372070e-01 1.000000000000000000e+00
1.131461933255195618e-01 1.762673854827880859e-01 -1.893860250711441040e-01 -2.912888824939727783e-01 -2.405775785446166992e-01 2.000000000000000000e+00
5.004426240921020508e-01 5.112596154212951660e-01 2.428095340728759766e-01 1.269485056400299072e-01 4.961345717310905457e-02 0.000000000000000000e+00
3.123397529125213623e-01 2.431918233633041382e-01 2.770656645298004150e-01 2.198580503463745117e-01 2.214622050523757935e-01 0.000000000000000000e+00
2.825614809989929199e-01 3.408021628856658936e-01 3.141738474369049072e-01 2.745842039585113525e-01 1.585927903652191162e-01 0.000000000000000000e+00
1.251529753208160400e-01 1.037760525941848755e-01 1.639328896999359131e-01 1.841716170310974121e-01 2.257970869541168213e-01 0.000000000000000000e+00
1.776272952556610107e-01 1.466730237007141113e-01 1.086447462439537048e-01 1.252099275588989258e-01 1.062736436724662781e-01 0.000000000000000000e+00
5.514205098152160645e-01 6.056074500083923340e-01 6.410806179046630859e-01 5.742319822311401367e-01 4.838518500328063965e-01 0.000000000000000000e+00
8.003821969032287598e-02 3.367026448249816895e-01 3.183959424495697021e-01 3.979038298130035400e-01 4.718192517757415771e-01 0.000000000000000000e+00
9.931246191263198853e-02 3.141247332096099854e-01 4.218190610408782959e-01 4.782248139381408691e-01 5.534400939941406250e-01 0.000000000000000000e+00
1.824446618556976318e-01 3.258588314056396484e-01 4.340275526046752930e-01 3.951882719993591309e-01 4.458821713924407959e-01 0.000000000000000000e+00
4.821515977382659912e-01 6.063902378082275391e-01 8.733261227607727051e-01 8.729213476181030273e-01 8.565866947174072266e-01 0.000000000000000000e+00
2.426521927118301392e-01 6.414047479629516602e-01 5.273721218109130859e-01 3.754053413867950439e-01 5.757243037223815918e-01 0.000000000000000000e+00
4.279298484325408936e-01 6.175311803817749023e-01 6.587891578674316406e-01 5.548961162567138672e-01 6.806593537330627441e-01 0.000000000000000000e+00
4.764756858348846436e-01 5.758550167083740234e-01 5.722995996475219727e-01 6.062161326408386230e-01 6.582616567611694336e-01 0.000000000000000000e+00
3.599044382572174072e-01 3.930172324180603027e-01 5.059880018234252930e-01 6.173779964447021484e-01 6.070358753204345703e-01 0.000000000000000000e+00
4.897543787956237793e-01 7.741735577583312988e-01 8.522438406944274902e-01 8.882221579551696777e-01 8.825419545173645020e-01 0.000000000000000000e+00
5.838238596916198730e-01 6.043059825897216797e-01 6.867234706878662109e-01 8.426471948623657227e-01 8.732073307037353516e-01 0.000000000000000000e+00
4.957289993762969971e-01 7.687572240829467773e-01 8.783870935440063477e-01 8.820012807846069336e-01 8.980437517166137695e-01 0.000000000000000000e+00
7.632421851158142090e-01 8.373264670372009277e-01 8.372888565063476562e-01 8.140707015991210938e-01 8.219752311706542969e-01 0.000000000000000000e+00
4.790154993534088135e-01 6.164710521697998047e-01 7.744089365005493164e-01 8.083281517028808594e-01 9.041813015937805176e-01 0.000000000000000000e+00
5.299874544143676758e-01 6.573719978332519531e-01 8.710487484931945801e-01 9.012032747268676758e-01 9.073396921157836914e-01 0.000000000000000000e+00
4.046732187271118164e-01 4.220163822174072266e-01 7.905657291412353516e-01 7.234514951705932617e-01 8.278325796127319336e-01 0.000000000000000000e+00
4.609805047512054443e-01 5.128147602081298828e-01 5.903139114379882812e-01 6.033856868743896484e-01 6.724178194999694824e-01 0.000000000000000000e+00
4.742564857006072998e-01 6.255514621734619141e-01 6.942886710166931152e-01 6.805621981620788574e-01 6.846352815628051758e-01 0.000000000000000000e+00
5.924834012985229492e-01 7.102444171905517578e-01 7.387841343879699707e-01 8.447104692459106445e-01 8.250664472579956055e-01 0.000000000000000000e+00
3.954190015792846680e-01 4.529973864555358887e-01 7.579300403594970703e-01 7.572787404060363770e-01 8.475840687751770020e-01 0.000000000000000000e+00
5.424016714096069336e-01 5.962828993797302246e-01 6.931618452072143555e-01 7.018573284149169922e-01 7.302173376083374023e-01 0.000000000000000000e+00
3.399775028228759766e-01 3.635971844196319580e-01 2.822535634040832520e-01 4.261250197887420654e-01 4.148122668266296387e-01 0.000000000000000000e+00
4.758431315422058105e-01 5.485900640487670898e-01 6.181804537773132324e-01 6.942899227142333984e-01 4.585992395877838135e-01 0.000000000000000000e+00
6.477866172790527344e-01 8.338291049003601074e-01 8.569820523262023926e-01 8.457575440406799316e-01 7.968966364860534668e-01 0.000000000000000000e+00
6.138836145401000977e-01 6.509290933609008789e-01 7.549493908882141113e-01 8.079620003700256348e-01 8.434118032455444336e-01 0.000000000000000000e+00
5.662449598312377930e-01 6.830796003341674805e-01 8.036389350891113281e-01 8.868317604064941406e-01 8.650339841842651367e-01 0.000000000000000000e+00
4.411247670650482178e-01 4.375600814819335938e-01 5.616129636764526367e-01 5.554085969924926758e-01 5.708683729171752930e-01 0.000000000000000000e+00
2.296245694160461426e-01 -2.426307834684848785e-02 9.408548474311828613e-02 6.841792166233062744e-02 2.876199483871459961e-01 0.000000000000000000e+00
6.319777965545654297e-01 6.236408948898315430e-01 6.283860206604003906e-01 6.931365728378295898e-01 6.674284934997558594e-01 0.000000000000000000e+00
6.687705516815185547e-01 8.415916562080383301e-01 9.413247704505920410e-01 9.641726613044738770e-01 9.509746432304382324e-01 0.000000000000000000e+00
5.098432302474975586e-01 6.910593509674072266e-01 8.611781597137451172e-01 8.851248025894165039e-01 9.193280339241027832e-01 0.000000000000000000e+00
6.014288663864135742e-01 7.386186122894287109e-01 7.661728262901306152e-01 8.855332732200622559e-01 9.237480759620666504e-01 0.000000000000000000e+00
6.984131336212158203e-01 8.796598315238952637e-01 9.114921689033508301e-01 9.349989295005798340e-01 9.283361434936523438e-01 0.000000000000000000e+00
6.452414989471435547e-01 8.592782020568847656e-01 8.778413534164428711e-01 9.495774507522583008e-01 9.433534145355224609e-01 0.000000000000000000e+00
8.019312620162963867e-01 8.533595204353332520e-01 9.098242521286010742e-01 9.176518917083740234e-01 9.510557055473327637e-01 0.000000000000000000e+00
8.534703254699707031e-01 9.306035637855529785e-01 9.655117392539978027e-01 9.825443029403686523e-01 9.830484986305236816e-01 0.000000000000000000e+00
7.634861469268798828e-01 9.166562557220458984e-01 9.578052759170532227e-01 9.755665063858032227e-01 9.845294356346130371e-01 0.000000000000000000e+00
7.360200881958007812e-01 8.410400152206420898e-01 9.321411848068237305e-01 9.425230026245117188e-01 9.337661862373352051e-01 1.000000000000000000e+00
5.649445056915283203e-01 7.849464416503906250e-01 9.388091564178466797e-01 9.591405987739562988e-01 9.761538505554199219e-01 2.000000000000000000e+00
7.360200881958007812e-01 8.410400152206420898e-01 9.321411848068237305e-01 9.425230026245117188e-01 9.337661862373352051e-01 1.000000000000000000e+00
5.649445056915283203e-01 7.849464416503906250e-01 9.388091564178466797e-01 9.591405987739562988e-01 9.761538505554199219e-01 2.000000000000000000e+00
7.360200881958007812e-01 8.410400152206420898e-01 9.321411848068237305e-01 9.425230026245117188e-01 9.337661862373352051e-01 1.000000000000000000e+00
5.649445056915283203e-01 7.849464416503906250e-01 9.388091564178466797e-01 9.591405987739562988e-01 9.761538505554199219e-01 2.000000000000000000e+00
7.360200881958007812e-01 8.410400152206420898e-01 9.321411848068237305e-01 9.425230026245117188e-01 9.337661862373352051e-01 1.000000000000000000e+00
5.649445056915283203e-01 7.849464416503906250e-01 9.388091564178466797e-01 9.591405987739562988e-01 9.761538505554199219e-01 2.000000000000000000e+00
7.360200881958007812e-01 8.410400152206420898e-01 9.321411848068237305e-01 9.425230026245117188e-01 9.337661862373352051e-01 1.000000000000000000e+00
5.649445056915283203e-01 7.849464416503906250e-01 9.388091564178466797e-01 9.591405987739562988e-01 9.761538505554199219e-01 2.000000000000000000e+00
7.360200881958007812e-01 8.410400152206420898e-01 9.321411848068237305e-01 9.425230026245117188e-01 9.337661862373352051e-01 1.000000000000000000e+00
5.649445056915283203e-01 7.849464416503906250e-01 9.388091564178466797e-01 9.591405987739562988e-01 9.761538505554199219e-01 2.000000000000000000e+00
7.360200881958007812e-01 8.410400152206420898e-01 9.321411848068237305e-01 9.425230026245117188e-01 9.337661862373352051e-01 1.000000000000000000e+00
5.649445056915283203e-01 7.849464416503906250e-01 9.388091564178466797e-01 9.591405987739562988e-01 9.761538505554199219e-01 2.000000000000000000e+00
7.360200881958007812e-01 8.410400152206420898e-01 9.321411848068237305e-01 9.425230026245117188e-01 9.337661862373352051e-01 1.000000000000000000e+00
5.649445056915283203e-01 7.849464416503906250e-01 9.388091564178466797e-01 9.591405987739562988e-01 9.761538505554199219e-01 2.000000000000000000e+00
7.360200881958007812e-01 8.410400152206420898e-01 9.321411848068237305e-01 9.425230026245117188e-01 9.337661862373352051e-01 1.000000000000000000e+00
5.649445056915283203e-01 7.849464416503906250e-01 9.388091564178466797e-01 9.591405987739562988e-01 9.761538505554199219e-01 2.000000000000000000e+00
7.360200881958007812e-01 8.410400152206420898e-01 9.321411848068237305e-01 9.425230026245117188e-01 9.337661862373352051e-01 1.000000000000000000e+00
5.649445056915283203e-01 7.849464416503906250e-01 9.388091564178466797e-01 9.591405987739562988e-01 9.761538505554199219e-01 2.000000000000000000e+00
5.817747116088867188e-01 5.990685820579528809e-01 6.829519271850585938e-01 6.304118037223815918e-01 7.102289795875549316e-01 0.000000000000000000e+00
3.718248307704925537e-01 5.235547423362731934e-01 6.353529691696166992e-01 5.462243556976318359e-01 6.331103444099426270e-01 0.000000000000000000e+00
2.707801759243011475e-01 4.685226678848266602e-01 7.157822847366333008e-01 7.152729630470275879e-01 6.632584333419799805e-01 0.000000000000000000e+00
3.402835428714752197e-01 5.944169759750366211e-01 6.011574268341064453e-01 6.505608558654785156e-01 6.363637447357177734e-01 0.000000000000000000e+00
-1.156365945935249329e-01 -1.137251704931259155e-01 1.667478233575820923e-01 5.169478058815002441e-01 6.959055662155151367e-01 0.000000000000000000e+00
-4.121042042970657349e-02 -1.459704618901014328e-02 -1.060922592878341675e-01 -1.361406892538070679e-01 -1.821440607309341431e-01 0.000000000000000000e+00
-3.631515800952911377e-02 2.379172891378402710e-01 4.549399018287658691e-01 5.211778283119201660e-01 5.764355659484863281e-01 0.000000000000000000e+00
2.590489387512207031e-01 5.503157377243041992e-01 5.431539416313171387e-01 4.262986183166503906e-01 4.070245325565338135e-01 1.000000000000000000e+00
3.071690201759338379e-01 5.387287139892578125e-01 7.159699201583862305e-01 7.842192053794860840e-01 6.644699573516845703e-01 2.000000000000000000e+00
2.590489387512207031e-01 5.503157377243041992e-01 5.431539416313171387e-01 4.262986183166503906e-01 4.070245325565338135e-01 1.000000000000000000e+00
3.071690201759338379e-01 5.387287139892578125e-01 7.159699201583862305e-01 7.842192053794860840e-01 6.644699573516845703e-01 2.000000000000000000e+00
2.590489387512207031e-01 5.503157377243041992e-01 5.431539416313171387e-01 4.262986183166503906e-01 4.070245325565338135e-01 1.000000000000000000e+00
3.071690201759338379e-01 5.387287139892578125e-01 7.159699201583862305e-01 7.842192053794860840e-01 6.644699573516845703e-01 2.000000000000000000e+00
2.590489387512207031e-01 5.503157377243041992e-01 5.431539416313171387e-01 4.262986183166503906e-01 4.070245325565338135e-01 1.000000000000000000e+00
3.071690201759338379e-01 5.387287139892578125e-01 7.159699201583862305e-01 7.842192053794860840e-01 6.644699573516845703e-01 2.000000000000000000e+00
2.590489387512207031e-01 5.503157377243041992e-01 5.431539416313171387e-01 4.262986183166503906e-01 4.070245325565338135e-01 1.000000000000000000e+00
3.071690201759338379e-01 5.387287139892578125e-01 7.159699201583862305e-01 7.842192053794860840e-01 6.644699573516845703e-01 2.000000000000000000e+00
2.590489387512207031e-01 5.503157377243041992e-01 5.431539416313171387e-01 4.262986183166503906e-01 4.070245325565338135e-01 1.000000000000000000e+00
3.071690201759338379e-01 5.387287139892578125e-01 7.159699201583862305e-01 7.842192053794860840e-01 6.644699573516845703e-01 2.000000000000000000e+00
2.590489387512207031e-01 5.503157377243041992e-01 5.431539416313171387e-01 4.262986183166503906e-01 4.070245325565338135e-01 1.000000000000000000e+00
3.071690201759338379e-01 5.387287139892578125e-01 7.159699201583862305e-01 7.842192053794860840e-01 6.644699573516845703e-01 2.000000000000000000e+00
2.590489387512207031e-01 5.503157377243041992e-01 5.431539416313171387e-01 4.262986183166503906e-01 4.070245325565338135e-01 1.000000000000000000e+00
3.071690201759338379e-01 5.387287139892578125e-01 7.159699201583862305e-01 7.842192053794860840e-01 6.644699573516845703e-01 2.000000000000000000e+00
2.590489387512207031e-01 5.503157377243041992e-01 5.431539416313171387e-01 4.262986183166503906e-01 4.070245325565338135e-01 1.000000000000000000e+00
3.071690201759338379e-01 5.387287139892578125e-01 7.159699201583862305e-01 7.842192053794860840e-01 6.644699573516845703e-01 2.000000000000000000e+00
2.590489387512207031e-01 5.503157377243041992e-01 5.431539416313171387e-01 4.262986183166503906e-01 4.070245325565338135e-01 1.000000000000000000e+00
3.071690201759338379e-01 5.387287139892578125e-01 7.159699201583862305e-01 7.842192053794860840e-01 6.644699573516845703e-01 2.000000000000000000e+00
6.172028779983520508e-01 7.773478031158447266e-01 8.819986581802368164e-01 9.319741725921630859e-01 9.611688256263732910e-01 0.000000000000000000e+00
6.135921478271484375e-01 8.133291006088256836e-01 9.271441102027893066e-01 9.771366119384765625e-01 9.811868071556091309e-01 0.000000000000000000e+00
4.716274440288543701e-01 8.393064737319946289e-01 9.040116071701049805e-01 9.459942579269409180e-01 9.839496016502380371e-01 0.000000000000000000e+00
6.369054317474365234e-01 5.835911035537719727e-01 6.448709964752197266e-01 8.065823316574096680e-01 7.916399240493774414e-01 0.000000000000000000e+00
4.444351792335510254e-01 7.447161674499511719e-01 9.254957437515258789e-01 9.183155298233032227e-01 9.475533366203308105e-01 0.000000000000000000e+00
2.313279062509536743e-01 2.766892313957214355e-01 2.035039514303207397e-01 4.867784380912780762e-01 6.854393482208251953e-01 0.000000000000000000e+00
3.944716751575469971e-01 5.268715620040893555e-01 4.371783435344696045e-01 2.777659296989440918e-01 1.181959956884384155e-01 0.000000000000000000e+00
4.288969933986663818e-01 6.987242698669433594e-01 7.676157951354980469e-01 8.369060754776000977e-01 9.124294519424438477e-01 0.000000000000000000e+00
4.856943488121032715e-01 7.294453382492065430e-01 7.052241563796997070e-01 7.986217737197875977e-01 7.374710440635681152e-01 0.000000000000000000e+00
5.581448078155517578e-01 8.246621489524841309e-01 8.004071712493896484e-01 8.513107895851135254e-01 8.653290271759033203e-01 0.000000000000000000e+00
2.028446942567825317e-01 4.240922033786773682e-01 7.830610275268554688e-01 8.259606957435607910e-01 7.985494732856750488e-01 0.000000000000000000e+00
3.354070484638214111e-01 6.938573122024536133e-01 7.624900341033935547e-01 7.810235619544982910e-01 7.922916412353515625e-01 0.000000000000000000e+00
6.359949707984924316e-01 7.855557799339294434e-01 9.326149225234985352e-01 9.234408736228942871e-01 9.536768794059753418e-01 0.000000000000000000e+00
1.954938918352127075e-01 4.185208976268768311e-01 5.488868951797485352e-01 6.942710876464843750e-01 6.294100284576416016e-01 0.000000000000000000e+00
-2.041250318288803101e-01 -2.398660033941268921e-01 -2.475278973579406738e-01 -3.350354433059692383e-01 -2.914204001426696777e-01 0.000000000000000000e+00
1.871646493673324585e-01 1.683033704757690430e-01 -1.125070676207542419e-01 -7.616339251399040222e-03 -1.315449774265289307e-01 0.000000000000000000e+00
3.500193655490875244e-01 3.677265346050262451e-01 3.774400651454925537e-01 4.830983579158782959e-01 5.666160583496093750e-01 0.000000000000000000e+00
2.517773807048797607e-01 -3.670796751976013184e-02 2.070795595645904541e-01 1.928383409976959229e-01 1.691748052835464478e-01 0.000000000000000000e+00
4.734260141849517822e-01 5.290156006813049316e-01 5.244802236557006836e-01 4.181124866008758545e-01 4.436219930648803711e-01 0.000000000000000000e+00
5.081462860107421875e-01 4.154286384582519531e-01 3.884170055389404297e-01 5.414077639579772949e-01 5.760620832443237305e-01 0.000000000000000000e+00
2.931320667266845703e-01 3.972529768943786621e-01 3.841472268104553223e-01 3.951631486415863037e-01 4.029577970504760742e-01 0.000000000000000000e+00
7.715589553117752075e-02 5.571919679641723633e-01 5.524263381958007812e-01 4.415380060672760010e-01 6.491361856460571289e-01 0.000000000000000000e+00
4.093114733695983887e-01 7.095156908035278320e-01 8.112299442291259766e-01 9.222970604896545410e-01 9.486266374588012695e-01 0.000000000000000000e+00
2.412229031324386597e-01 4.460035264492034912e-01 4.856726229190826416e-01 6.038615107536315918e-01 5.328995585441589355e-01 0.000000000000000000e+00
2.635562419891357422e-01 5.174348354339599609e-01 5.818191766738891602e-01 6.281225681304931641e-01 6.690587997436523438e-01 0.000000000000000000e+00
3.184073269367218018e-01 4.428588747978210449e-01 4.490396976470947266e-01 5.086880326271057129e-01 3.735647499561309814e-01 0.000000000000000000e+00
5.025953054428100586e-01 6.897560358047485352e-01 6.101164221763610840e-01 5.079650282859802246e-01 4.045999050140380859e-01 0.000000000000000000e+00
5.541399121284484863e-01 8.127538561820983887e-01 8.994813561439514160e-01 9.138181209564208984e-01 9.045236706733703613e-01 0.000000000000000000e+00
8.816695213317871094e-01 9.807049632072448730e-01 9.876834154129028320e-01 9.793585538864135742e-01 9.825707077980041504e-01 0.000000000000000000e+00
9.367594122886657715e-01 9.792426228523254395e-01 9.980955719947814941e-01 9.990059733390808105e-01 9.993543028831481934e-01 0.000000000000000000e+00
5.600939989089965820e-01 8.294810056686401367e-01 9.168186783790588379e-01 9.315493702888488770e-01 9.552778601646423340e-01 0.000000000000000000e+00
1.952988505363464355e-01 3.965767323970794678e-01 6.903171539306640625e-01 8.212952613830566406e-01 8.532438278198242188e-01 0.000000000000000000e+00
5.933831930160522461e-01 6.242325305938720703e-01 5.383919477462768555e-01 4.972548782825469971e-01 4.309629201889038086e-01 0.000000000000000000e+00
1.572770774364471436e-01 2.744158804416656494e-01 3.084876537322998047e-01 3.404930830001831055e-01 2.055593580007553101e-01 0.000000000000000000e+00
3.590925037860870361e-01 4.477940499782562256e-01 4.292125999927520752e-01 4.770009219646453857e-01 4.699126482009887695e-01 0.000000000000000000e+00
5.086803436279296875e-01 4.868329167366027832e-01 5.597798824310302734e-01 6.887859106063842773e-01 8.150242567062377930e-01 0.000000000000000000e+00
5.018376111984252930e-01 5.408459901809692383e-01 6.324123144149780273e-01 7.643855810165405273e-01 7.162730693817138672e-01 0.000000000000000000e+00
5.869086980819702148e-01 6.551347970962524414e-01 6.607087850570678711e-01 7.363404035568237305e-01 7.421594858169555664e-01 0.000000000000000000e+00
6.021320223808288574e-01 6.995627880096435547e-01 8.019312620162963867e-01 8.206251263618469238e-01 8.556379079818725586e-01 0.000000000000000000e+00
4.325223565101623535e-01 5.627707242965698242e-01 5.416533946990966797e-01 5.455434918403625488e-01 5.731357336044311523e-01 0.000000000000000000e+00
4.647800624370574951e-01 5.915996432304382324e-01 5.948199033737182617e-01 6.359244585037231445e-01 5.624736547470092773e-01 0.000000000000000000e+00
