1.844759821891784668e+00 1.066380262374877930e+00 1.017209649085998535e+00 1.005109071731567383e+00 0.000000000000000000e+00
9.334158897399902344e+00 1.483625650405883789e+00 1.152004718780517578e+00 1.053601384162902832e+00 0.000000000000000000e+00
-5.373190641403198242e-01 -5.571352839469909668e-01 -4.816390275955200195e-01 6.428369045257568359e+00 0.000000000000000000e+00
1.455095529556274414e+00 9.854164719581604004e-01 7.285307645797729492e-01 6.889147758483886719e-01 0.000000000000000000e+00
1.080553054809570312e+00 1.001022815704345703e+00 1.000052690505981445e+00 1.000021934509277344e+00 0.000000000000000000e+00
1.299198627471923828e+00 1.013029932975769043e+00 1.000546693801879883e+00 1.000047683715820312e+00 0.000000000000000000e+00
1.296532154083251953e+00 1.020969152450561523e+00 1.012984752655029297e+00 1.000361204147338867e+00 0.000000000000000000e+00
3.892893552780151367e+00 1.469880342483520508e+00 8.511007428169250488e-01 1.096041202545166016e+00 0.000000000000000000e+00
3.305145740509033203e+00 1.220497608184814453e+00 1.202785253524780273e+00 1.086106538772583008e+00 0.000000000000000000e+00
2.591437339782714844e+00 1.267005681991577148e+00 1.164135456085205078e+00 1.108106136322021484e+00 0.000000000000000000e+00
2.180642604827880859e+00 1.500669240951538086e+00 9.369785189628601074e-01 1.209457874298095703e+00 0.000000000000000000e+00
1.802644968032836914e+00 1.316562533378601074e+00 1.217591881752014160e+00 9.800804257392883301e-01 0.000000000000000000e+00
2.426648378372192383e+00 1.181436896324157715e+00 1.049218177795410156e+00 1.007344484329223633e+00 0.000000000000000000e+00
2.534626960754394531e+00 2.374678373336791992e+00 1.506738424301147461e+00 1.176721453666687012e+00 0.000000000000000000e+00
2.072889328002929688e+00 1.066898822784423828e+00 1.003611803054809570e+00 1.001307725906372070e+00 0.000000000000000000e+00
-4.218416810035705566e-01 1.026001572608947754e-01 -5.087241530418395996e-01 2.905129909515380859e+00 0.000000000000000000e+00
-3.026321828365325928e-01 -4.078040122985839844e-01 -3.934229612350463867e-01 3.309524655342102051e-01 0.000000000000000000e+00
-4.265303611755371094e-01 -2.861675322055816650e-01 -5.483481884002685547e-01 -6.134049296379089355e-01 0.000000000000000000e+00
-2.146559000015258789e+00 1.935690760612487793e+00 -1.583783745765686035e+00 -1.392478942871093750e+00 0.000000000000000000e+00
1.768773794174194336e+00 1.011282920837402344e+00 9.628231525421142578e-01 9.724812507629394531e-01 0.000000000000000000e+00
-7.187324762344360352e-01 -3.434109091758728027e-01 6.225636482238769531e+00 8.087840080261230469e+00 0.000000000000000000e+00
1.218871235847473145e+00 1.009088754653930664e+00 1.000350713729858398e+00 1.000020384788513184e+00 0.000000000000000000e+00
1.514312267303466797e+00 1.011891603469848633e+00 1.000770330429077148e+00 1.000034451484680176e+00 0.000000000000000000e+00
-5.505168437957763672e-01 1.407669162750244141e+01 1.483890295028686523e+00 1.057290792465209961e+00 0.000000000000000000e+00
-8.173846602439880371e-01 -5.830252170562744141e-01 -5.447324514389038086e-01 -5.073004961013793945e-01 0.000000000000000000e+00
-9.245991110801696777e-01 -7.362560033798217773e-01 -6.958305835723876953e-01 -7.402495145797729492e-01 0.000000000000000000e+00
2.493444204330444336e+00 -7.645128369331359863e-01 1.756193876266479492e+00 -4.510632038116455078e+00 0.000000000000000000e+00
1.879968881607055664e+00 1.136418581008911133e+00 1.008428573608398438e+00 9.877243638038635254e-01 0.000000000000000000e+00
1.429045295715332031e+01 1.233759403228759766e+00 1.001400232315063477e+00 1.000044822692871094e+00 0.000000000000000000e+00
-6.683655977249145508e-01 -5.832421183586120605e-01 -4.930840730667114258e-01 1.696321249008178711e+00 0.000000000000000000e+00
4.516351222991943359e+00 2.218815803527832031e+00 -1.010217571258544922e+01 -1.996132731437683105e+00 0.000000000000000000e+00
-8.538171052932739258e-01 -4.825034737586975098e-01 -5.435191988945007324e-01 -3.924244642257690430e-01 0.000000000000000000e+00
-8.684154152870178223e-01 -5.357756614685058594e-01 -5.720012784004211426e-01 -2.923787832260131836e-01 0.000000000000000000e+00
6.711046695709228516e+00 1.564347505569458008e+00 1.116545677185058594e+00 1.006795883178710938e+00 0.000000000000000000e+00
1.326702833175659180e+00 1.017025470733642578e+00 1.000224947929382324e+00 1.000285625457763672e+00 0.000000000000000000e+00
1.141745567321777344e+00 1.001147270202636719e+00 1.000070571899414062e+00 1.000010013580322266e+00 0.000000000000000000e+00
1.112290382385253906e+00 1.001917839050292969e+00 1.000333547592163086e+00 1.000020027160644531e+00 0.000000000000000000e+00
1.002460479736328125e+00 1.000001668930053711e+00 1.000000000000000000e+00 1.000000000000000000e+00 0.000000000000000000e+00
1.005573868751525879e+00 1.000012397766113281e+00 1.000000000000000000e+00 1.000000000000000000e+00 0.000000000000000000e+00
1.001298069953918457e+00 1.000001072883605957e+00 1.000000000000000000e+00 1.000000000000000000e+00 0.000000000000000000e+00
1.000648021697998047e+00 1.000000476837158203e+00 1.000000000000000000e+00 1.000000000000000000e+00 0.000000000000000000e+00
1.069364547729492188e+00 1.000071763992309570e+00 1.000000476837158203e+00 1.000000000000000000e+00 0.000000000000000000e+00
-4.517263412475585938e+00 -5.006619095802307129e-01 -7.809798717498779297e-01 -6.197696924209594727e-01 1.000000000000000000e+00
1.463244795799255371e+00 9.479822516441345215e-01 2.141350030899047852e+00 3.397327661514282227e-01 2.000000000000000000e+00
-4.517263412475585938e+00 -5.006619095802307129e-01 -7.809798717498779297e-01 -6.197696924209594727e-01 1.000000000000000000e+00
1.463244795799255371e+00 9.479822516441345215e-01 2.141350030899047852e+00 3.397327661514282227e-01 2.000000000000000000e+00
-4.517263412475585938e+00 -5.006619095802307129e-01 -7.809798717498779297e-01 -6.197696924209594727e-01 1.000000000000000000e+00
1.463244795799255371e+00 9.479822516441345215e-01 2.141350030899047852e+00 3.397327661514282227e-01 2.000000000000000000e+00
-4.517263412475585938e+00 -5.006619095802307129e-01 -7.809798717498779297e-01 -6.197696924209594727e-01 1.000000000000000000e+00
1.463244795799255371e+00 9.479822516441345215e-01 2.141350030899047852e+00 3.397327661514282227e-01 2.000000000000000000e+00
-4.517263412475585938e+00 -5.006619095802307129e-01 -7.809798717498779297e-01 -6.197696924209594727e-01 1.000000000000000000e+00
1.463244795799255371e+00 9.479822516441345215e-01 2.141350030899047852e+00 3.397327661514282227e-01 2.000000000000000000e+00
-4.517263412475585938e+00 -5.006619095802307129e-01 -7.809798717498779297e-01 -6.197696924209594727e-01 1.000000000000000000e+00
1.463244795799255371e+00 9.479822516441345215e-01 2.141350030899047852e+00 3.397327661514282227e-01 2.000000000000000000e+00
-4.517263412475585938e+00 -5.006619095802307129e-01 -7.809798717498779297e-01 -6.197696924209594727e-01 1.000000000000000000e+00
1.463244795799255371e+00 9.479822516441345215e-01 2.141350030899047852e+00 3.397327661514282227e-01 2.000000000000000000e+00
-4.517263412475585938e+00 -5.006619095802307129e-01 -7.809798717498779297e-01 -6.197696924209594727e-01 1.000000000000000000e+00
1.463244795799255371e+00 9.479822516441345215e-01 2.141350030899047852e+00 3.397327661514282227e-01 2.000000000000000000e+00
-4.517263412475585938e+00 -5.006619095802307129e-01 -7.809798717498779297e-01 -6.197696924209594727e-01 1.000000000000000000e+00
1.463244795799255371e+00 9.479822516441345215e-01 2.141350030899047852e+00 3.397327661514282227e-01 2.000000000000000000e+00
-4.517263412475585938e+00 -5.006619095802307129e-01 -7.809798717498779297e-01 -6.197696924209594727e-01 1.000000000000000000e+00
1.463244795799255371e+00 9.479822516441345215e-01 2.141350030899047852e+00 3.397327661514282227e-01 2.000000000000000000e+00
1.145666599273681641e+00 1.001102447509765625e+00 1.000105023384094238e+00 1.000001072883605957e+00 0.000000000000000000e+00
1.499489903450012207e+00 1.024111270904541016e+00 1.000636100769042969e+00 1.000014424324035645e+00 0.000000000000000000e+00
2.220650196075439453e+00 1.009184598922729492e+00 1.001171946525573730e+00 1.000207901000976562e+00 0.000000000000000000e+00
3.824749708175659180e+00 1.257831573486328125e+00 1.075681209564208984e+00 1.003147363662719727e+00 0.000000000000000000e+00
1.797101616859436035e+00 1.030729293823242188e+00 9.980783462524414062e-01 1.014876127243041992e+00 0.000000000000000000e+00
1.281921744346618652e+00 1.002638339996337891e+00 1.000037908554077148e+00 1.000051259994506836e+00 0.000000000000000000e+00
3.354071617126464844e+00 1.249065518379211426e+00 1.011590600013732910e+00 1.004894018173217773e+00 0.000000000000000000e+00
1.419380187988281250e+00 1.050794124603271484e+00 1.006171584129333496e+00 1.000668525695800781e+00 0.000000000000000000e+00
1.143309831619262695e+00 1.003208875656127930e+00 1.000165343284606934e+00 1.000070452690124512e+00 0.000000000000000000e+00
1.449575543403625488e+00 1.034717559814453125e+00 1.004376053810119629e+00 1.000622272491455078e+00 0.000000000000000000e+00
1.595838308334350586e+00 1.054638147354125977e+00 1.007817149162292480e+00 1.001886606216430664e+00 0.000000000000000000e+00
1.612435102462768555e+00 1.086833477020263672e+00 1.018118858337402344e+00 1.003807902336120605e+00 0.000000000000000000e+00
1.664404869079589844e+00 1.089185357093811035e+00 1.021762371063232422e+00 1.006029129028320312e+00 0.000000000000000000e+00
1.755848407745361328e+00 1.117557764053344727e+00 1.027856588363647461e+00 1.006996273994445801e+00 0.000000000000000000e+00
2.668399810791015625e-01 -2.490479469299316406e+00 -2.222450494766235352e+00 -6.483047604560852051e-01 0.000000000000000000e+00
1.179972171783447266e+01 2.205213308334350586e+00 1.322733402252197266e+00 1.057876229286193848e+00 0.000000000000000000e+00
3.562134027481079102e+00 -4.738915443420410156e+00 2.215710878372192383e+00 -2.945138931274414062e+00 0.000000000000000000e+00
1.615681648254394531e+00 1.057409524917602539e+00 1.026157855987548828e+00 9.625377655029296875e-01 0.000000000000000000e+00
1.478224515914916992e+00 1.039391756057739258e+00 1.004460215568542480e+00 1.002354264259338379e+00 0.000000000000000000e+00
-9.596999883651733398e-01 -7.779759764671325684e-01 -8.175742626190185547e-01 -7.577016353607177734e-01 1.000000000000000000e+00
-6.836068630218505859e-01 -7.322108745574951172e-01 -5.637297630310058594e-01 -5.701587796211242676e-01 2.000000000000000000e+00
-9.596999883651733398e-01 -7.779759764671325684e-01 -8.175742626190185547e-01 -7.577016353607177734e-01 1.000000000000000000e+00
-6.836068630218505859e-01 -7.322108745574951172e-01 -5.637297630310058594e-01 -5.701587796211242676e-01 2.000000000000000000e+00
-9.596999883651733398e-01 -7.779759764671325684e-01 -8.175742626190185547e-01 -7.577016353607177734e-01 1.000000000000000000e+00
-6.836068630218505859e-01 -7.322108745574951172e-01 -5.637297630310058594e-01 -5.701587796211242676e-01 2.000000000000000000e+00
-9.596999883651733398e-01 -7.779759764671325684e-01 -8.175742626190185547e-01 -7.577016353607177734e-01 1.000000000000000000e+00
-6.836068630218505859e-01 -7.322108745574951172e-01 -5.637297630310058594e-01 -5.701587796211242676e-01 2.000000000000000000e+00
-9.596999883651733398e-01 -7.779759764671325684e-01 -8.175742626190185547e-01 -7.577016353607177734e-01 1.000000000000000000e+00
-6.836068630218505859e-01 -7.322108745574951172e-01 -5.637297630310058594e-01 -5.701587796211242676e-01 2.000000000000000000e+00
-9.596999883651733398e-01 -7.779759764671325684e-01 -8.175742626190185547e-01 -7.577016353607177734e-01 1.000000000000000000e+00
-6.836068630218505859e-01 -7.322108745574951172e-01 -5.637297630310058594e-01 -5.701587796211242676e-01 2.000000000000000000e+00
-9.596999883651733398e-01 -7.779759764671325684e-01 -8.175742626190185547e-01 -7.577016353607177734e-01 1.000000000000000000e+00
-6.836068630218505859e-01 -7.322108745574951172e-01 -5.637297630310058594e-01 -5.701587796211242676e-01 2.000000000000000000e+00
-9.596999883651733398e-01 -7.779759764671325684e-01 -8.175742626190185547e-01 -7.577016353607177734e-01 1.000000000000000000e+00
-6.836068630218505859e-01 -7.322108745574951172e-01 -5.637297630310058594e-01 -5.701587796211242676e-01 2.000000000000000000e+00
-9.596999883651733398e-01 -7.779759764671325684e-01 -8.175742626190185547e-01 -7.577016353607177734e-01 1.000000000000000000e+00
-6.836068630218505859e-01 -7.322108745574951172e-01 -5.637297630310058594e-01 -5.701587796211242676e-01 2.000000000000000000e+00
-9.596999883651733398e-01 -7.779759764671325684e-01 -8.175742626190185547e-01 -7.577016353607177734e-01 1.000000000000000000e+00
-6.836068630218505859e-01 -7.322108745574951172e-01 -5.637297630310058594e-01 -5.701587796211242676e-01 2.000000000000000000e+00
4.542687416076660156e+00 1.010005474090576172e+00 1.000173091888427734e+00 1.000002384185791016e+00 0.000000000000000000e+00
7.835034847259521484e+00 1.094017505645751953e+00 1.024389505386352539e+00 1.003498315811157227e+00 0.000000000000000000e+00
1.192734718322753906e+00 1.003778576850891113e+00 1.000201702117919922e+00 1.000028848648071289e+00 0.000000000000000000e+00
1.085500359535217285e+00 1.002365946769714355e+00 1.000312209129333496e+00 1.000033259391784668e+00 0.000000000000000000e+00
1.031613707542419434e+00 1.000561952590942383e+00 1.000029325485229492e+00 1.000005841255187988e+00 0.000000000000000000e+00
-6.295443773269653320e-01 -6.696040630340576172e-01 -7.091430425643920898e-01 -6.031108498573303223e-01 1.000000000000000000e+00
-2.912833690643310547e+00 5.990478038787841797e+00 6.002606391906738281e+00 4.343612790107727051e-01 2.000000000000000000e+00
-6.295443773269653320e-01 -6.696040630340576172e-01 -7.091430425643920898e-01 -6.031108498573303223e-01 1.000000000000000000e+00
-2.912833690643310547e+00 5.990478038787841797e+00 6.002606391906738281e+00 4.343612790107727051e-01 2.000000000000000000e+00
-6.295443773269653320e-01 -6.696040630340576172e-01 -7.091430425643920898e-01 -6.031108498573303223e-01 1.000000000000000000e+00
-2.912833690643310547e+00 5.990478038787841797e+00 6.002606391906738281e+00 4.343612790107727051e-01 2.000000000000000000e+00
-6.295443773269653320e-01 -6.696040630340576172e-01 -7.091430425643920898e-01 -6.031108498573303223e-01 1.000000000000000000e+00
-2.912833690643310547e+00 5.990478038787841797e+00 6.002606391906738281e+00 4.343612790107727051e-01 2.000000000000000000e+00
-6.295443773269653320e-01 -6.696040630340576172e-01 -7.091430425643920898e-01 -6.031108498573303223e-01 1.000000000000000000e+00
-2.912833690643310547e+00 5.990478038787841797e+00 6.002606391906738281e+00 4.343612790107727051e-01 2.000000000000000000e+00
-6.295443773269653320e-01 -6.696040630340576172e-01 -7.091430425643920898e-01 -6.031108498573303223e-01 1.000000000000000000e+00
-2.912833690643310547e+00 5.990478038787841797e+00 6.002606391906738281e+00 4.343612790107727051e-01 2.000000000000000000e+00
-6.295443773269653320e-01 -6.696040630340576172e-01 -7.091430425643920898e-01 -6.031108498573303223e-01 1.000000000000000000e+00
-2.912833690643310547e+00 5.990478038787841797e+00 6.002606391906738281e+00 4.343612790107727051e-01 2.000000000000000000e+00
-6.295443773269653320e-01 -6.696040630340576172e-01 -7.091430425643920898e-01 -6.031108498573303223e-01 1.000000000000000000e+00
-2.912833690643310547e+00 5.990478038787841797e+00 6.002606391906738281e+00 4.343612790107727051e-01 2.000000000000000000e+00
-6.295443773269653320e-01 -6.696040630340576172e-01 -7.091430425643920898e-01 -6.031108498573303223e-01 1.000000000000000000e+00
-2.912833690643310547e+00 5.990478038787841797e+00 6.002606391906738281e+00 4.343612790107727051e-01 2.000000000000000000e+00
-6.295443773269653320e-01 -6.696040630340576172e-01 -7.091430425643920898e-01 -6.031108498573303223e-01 1.000000000000000000e+00
-2.912833690643310547e+00 5.990478038787841797e+00 6.002606391906738281e+00 4.343612790107727051e-01 2.000000000000000000e+00
1.069238066673278809e+00 1.002561211585998535e+00 1.000094771385192871e+00 1.000024557113647461e+00 0.000000000000000000e+00
1.162201046943664551e+00 1.014660358428955078e+00 1.000144839286804199e+00 1.000009059906005859e+00 0.000000000000000000e+00
1.085999011993408203e+00 1.000609159469604492e+00 1.000021576881408691e+00 1.000003814697265625e+00 0.000000000000000000e+00
1.016148328781127930e+00 1.000244379043579102e+00 1.000010013580322266e+00 1.000001668930053711e+00 0.000000000000000000e+00
1.031036496162414551e+00 1.000745058059692383e+00 1.000010132789611816e+00 1.000000476837158203e+00 0.000000000000000000e+00
1.027570605278015137e+00 1.000208497047424316e+00 1.000005841255187988e+00 1.000000476837158203e+00 0.000000000000000000e+00
1.057685613632202148e+00 1.000851511955261230e+00 1.000093698501586914e+00 1.000001072883605957e+00 0.000000000000000000e+00
-6.720976233482360840e-01 -6.583207845687866211e-01 -5.588558316230773926e-01 -3.491550683975219727e-01 0.000000000000000000e+00
3.369136571884155273e+00 -5.223004817962646484e+00 -2.049511432647705078e+00 -5.265088081359863281e-01 0.000000000000000000e+00
-5.993202924728393555e-01 -4.117251038551330566e-01 1.212382316589355469e+01 2.979258060455322266e+00 0.000000000000000000e+00
-7.938362956047058105e-01 -5.664052963256835938e-01 -5.607402324676513672e-01 -5.764204263687133789e-01 0.000000000000000000e+00
-6.083923578262329102e-01 -6.179623603820800781e-01 -6.932715177536010742e-01 -6.635276079177856445e-01 0.000000000000000000e+00
7.871413707733154297e+00 1.965385437011718750e+00 1.187989950180053711e+00 1.212437152862548828e+00 0.000000000000000000e+00
-3.561881303787231445e+00 8.547202110290527344e+00 2.699765682220458984e+00 1.058596491813659668e+00 0.000000000000000000e+00
1.106462121009826660e+00 1.002823710441589355e+00 1.000080823898315430e+00 1.000008344650268555e+00 0.000000000000000000e+00
1.076501369476318359e+00 1.002574920654296875e+00 1.000175476074218750e+00 1.000024795532226562e+00 0.000000000000000000e+00
1.095486044883728027e+00 1.001157999038696289e+00 1.000146627426147461e+00 1.000014781951904297e+00 0.000000000000000000e+00
1.115869045257568359e+00 1.003912568092346191e+00 1.000288724899291992e+00 1.000066041946411133e+00 0.000000000000000000e+00
1.253578186035156250e+00 1.032534599304199219e+00 1.001976013183593750e+00 1.000177860260009766e+00 0.000000000000000000e+00
1.862980365753173828e+00 1.050795793533325195e+00 1.006480693817138672e+00 1.001509547233581543e+00 0.000000000000000000e+00
1.489609241485595703e+00 1.059309720993041992e+00 1.006380319595336914e+00 1.001113295555114746e+00 0.000000000000000000e+00
1.155293583869934082e+00 1.005561828613281250e+00 1.000330805778503418e+00 1.000055074691772461e+00 0.000000000000000000e+00
1.107820987701416016e+00 1.002111911773681641e+00 1.000065803527832031e+00 1.000005841255187988e+00 0.000000000000000000e+00
1.051919698715209961e+00 1.000969171524047852e+00 1.000019073486328125e+00 1.000001549720764160e+00 0.000000000000000000e+00
2.135790824890136719e+00 1.046757459640502930e+00 1.000889301300048828e+00 1.000022888183593750e+00 0.000000000000000000e+00
1.049615383148193359e+00 1.002139568328857422e+00 1.000934362411499023e+00 1.000025391578674316e+00 0.000000000000000000e+00
1.066968679428100586e+00 1.001584291458129883e+00 1.000053405761718750e+00 1.000006318092346191e+00 0.000000000000000000e+00
-9.605942964553833008e-01 -7.028923630714416504e-01 -7.564584612846374512e-01 -6.782548427581787109e-01 1.000000000000000000e+00
1.202811717987060547e+00 1.000526189804077148e+00 9.685922861099243164e-01 6.139977574348449707e-01 2.000000000000000000e+00
-9.605942964553833008e-01 -7.028923630714416504e-01 -7.564584612846374512e-01 -6.782548427581787109e-01 1.000000000000000000e+00
1.202811717987060547e+00 1.000526189804077148e+00 9.685922861099243164e-01 6.139977574348449707e-01 2.000000000000000000e+00
-9.605942964553833008e-01 -7.028923630714416504e-01 -7.564584612846374512e-01 -6.782548427581787109e-01 1.000000000000000000e+00
1.202811717987060547e+00 1.000526189804077148e+00 9.685922861099243164e-01 6.139977574348449707e-01 2.000000000000000000e+00
-9.605942964553833008e-01 -7.028923630714416504e-01 -7.564584612846374512e-01 -6.782548427581787109e-01 1.000000000000000000e+00
1.202811717987060547e+00 1.000526189804077148e+00 9.685922861099243164e-01 6.139977574348449707e-01 2.000000000000000000e+00
-9.605942964553833008e-01 -7.028923630714416504e-01 -7.564584612846374512e-01 -6.782548427581787109e-01 1.000000000000000000e+00
1.202811717987060547e+00 1.000526189804077148e+00 9.685922861099243164e-01 6.139977574348449707e-01 2.000000000000000000e+00
-9.605942964553833008e-01 -7.028923630714416504e-01 -7.564584612846374512e-01 -6.782548427581787109e-01 1.000000000000000000e+00
1.202811717987060547e+00 1.000526189804077148e+00 9.685922861099243164e-01 6.139977574348449707e-01 2.000000000000000000e+00
-9.605942964553833008e-01 -7.028923630714416504e-01 -7.564584612846374512e-01 -6.782548427581787109e-01 1.000000000000000000e+00
1.202811717987060547e+00 1.000526189804077148e+00 9.685922861099243164e-01 6.139977574348449707e-01 2.000000000000000000e+00
-9.605942964553833008e-01 -7.028923630714416504e-01 -7.564584612846374512e-01 -6.782548427581787109e-01 1.000000000000000000e+00
1.202811717987060547e+00 1.000526189804077148e+00 9.685922861099243164e-01 6.139977574348449707e-01 2.000000000000000000e+00
-9.605942964553833008e-01 -7.028923630714416504e-01 -7.564584612846374512e-01 -6.782548427581787109e-01 1.000000000000000000e+00
1.202811717987060547e+00 1.000526189804077148e+00 9.685922861099243164e-01 6.139977574348449707e-01 2.000000000000000000e+00
-9.605942964553833008e-01 -7.028923630714416504e-01 -7.564584612846374512e-01 -6.782548427581787109e-01 1.000000000000000000e+00
1.202811717987060547e+00 1.000526189804077148e+00 9.685922861099243164e-01 6.139977574348449707e-01 2.000000000000000000e+00
1.000104665756225586e+00 1.000000000000000000e+00 1.000000000000000000e+00 1.000000000000000000e+00 0.000000000000000000e+00
1.000085353851318359e+00 1.000000000000000000e+00 1.000000000000000000e+00 1.000000000000000000e+00 0.000000000000000000e+00
1.000010251998901367e+00 1.000000000000000000e+00 1.000000000000000000e+00 1.000000000000000000e+00 0.000000000000000000e+00
1.000099778175354004e+00 1.000000000000000000e+00 1.000000000000000000e+00 1.000000000000000000e+00 0.000000000000000000e+00
1.000209808349609375e+00 1.000000000000000000e+00 1.000000000000000000e+00 1.000000000000000000e+00 0.000000000000000000e+00
1.001245021820068359e+00 1.000000476837158203e+00 1.000000000000000000e+00 1.000000000000000000e+00 0.000000000000000000e+00
1.000442028045654297e+00 1.000000000000000000e+00 1.000000000000000000e+00 1.000000000000000000e+00 0.000000000000000000e+00
1.377879738807678223e+00 1.329972028732299805e+00 1.042649269104003906e+00 1.024057149887084961e+00 0.000000000000000000e+00
2.023975849151611328e+00 1.194579720497131348e+00 1.057209968566894531e+00 1.011876106262207031e+00 0.000000000000000000e+00
1.223181724548339844e+00 2.824531316757202148e+00 1.625817537307739258e+00 6.052635669708251953e+00 0.000000000000000000e+00
2.382862806320190430e+00 1.458697795867919922e+00 1.257961034774780273e+00 1.128530502319335938e+00 0.000000000000000000e+00
1.879614591598510742e+00 1.353898763656616211e+00 1.155891060829162598e+00 1.104784488677978516e+00 0.000000000000000000e+00
6.684134483337402344e+00 3.709927082061767578e+00 1.224332690238952637e+00 1.415587067604064941e+00 0.000000000000000000e+00
-6.185998916625976562e-01 -4.583944678306579590e-01 -6.087483167648315430e-01 8.581286668777465820e-02 0.000000000000000000e+00
1.079243063926696777e+00 1.000958681106567383e+00 1.000092744827270508e+00 1.000011563301086426e+00 0.000000000000000000e+00
1.053042054176330566e+00 1.001717329025268555e+00 1.000031232833862305e+00 1.000011563301086426e+00 0.000000000000000000e+00
1.047902703285217285e+00 1.000556826591491699e+00 1.000062823295593262e+00 1.000003695487976074e+00 0.000000000000000000e+00
1.204060435295104980e+00 1.002807378768920898e+00 1.000220775604248047e+00 1.000020265579223633e+00 0.000000000000000000e+00
2.723994731903076172e+00 1.121731519699096680e+00 1.023459672927856445e+00 1.010758876800537109e+00 0.000000000000000000e+00
2.511052608489990234e+00 1.057573199272155762e+00 1.009021759033203125e+00 1.012732267379760742e+00 0.000000000000000000e+00
1.405591845512390137e+00 1.067123413085937500e+00 1.022159934043884277e+00 1.000081539154052734e+00 0.000000000000000000e+00
1.990237236022949219e+00 1.028125524520874023e+00 1.001948356628417969e+00 1.000275373458862305e+00 0.000000000000000000e+00
2.432780981063842773e+00 1.348500013351440430e+00 1.025185108184814453e+00 1.025939941406250000e+00 0.000000000000000000e+00
7.679992198944091797e+00 1.660678744316101074e+00 2.272523880004882812e+00 1.146186470985412598e+00 0.000000000000000000e+00
-2.932179689407348633e+00 1.134597897529602051e+00 4.463474750518798828e+00 7.158278942108154297e+00 0.000000000000000000e+00
7.207304954528808594e+00 2.258628606796264648e+00 1.081806659698486328e+00 1.400716781616210938e+00 0.000000000000000000e+00
5.062195301055908203e+00 9.676140546798706055e-01 1.668217301368713379e+00 1.773367285728454590e+00 0.000000000000000000e+00
-6.343038082122802734e-01 -6.516364812850952148e-01 -6.017120480537414551e-01 -4.743990898132324219e-01 0.000000000000000000e+00
9.320452690124511719e+00 -1.458805561065673828e+00 1.368024826049804688e+00 2.877433300018310547e+00 0.000000000000000000e+00
1.162189126014709473e+00 1.010659933090209961e+00 1.001825809478759766e+00 1.000189781188964844e+00 0.000000000000000000e+00
1.059404492378234863e+00 1.000213623046875000e+00 1.000002622604370117e+00 1.000000476837158203e+00 0.000000000000000000e+00
1.239391326904296875e+00 1.003911972045898438e+00 1.000311851501464844e+00 1.000011682510375977e+00 0.000000000000000000e+00
3.308688640594482422e+00 1.496039867401123047e+00 1.602916121482849121e+00 1.047334074974060059e+00 0.000000000000000000e+00
1.451985239982604980e-01 6.907358646392822266e+00 6.123951911926269531e+00 1.463031291961669922e+00 0.000000000000000000e+00
-7.238535881042480469e-01 -5.303574800491333008e-01 -5.536488294601440430e-01 -5.545700788497924805e-01 0.000000000000000000e+00
1.001033067703247070e+00 1.000000476837158203e+00 1.000000000000000000e+00 1.000000000000000000e+00 0.000000000000000000e+00
1.001375913619995117e+00 1.000001072883605957e+00 1.000000000000000000e+00 1.000000000000000000e+00 0.000000000000000000e+00
1.001251459121704102e+00 1.000000476837158203e+00 1.000000000000000000e+00 1.000000000000000000e+00 0.000000000000000000e+00
1.001315832138061523e+00 1.000001072883605957e+00 1.000000000000000000e+00 1.000000000000000000e+00 0.000000000000000000e+00
1.001359224319458008e+00 1.000001668930053711e+00 1.000000000000000000e+00 1.000000000000000000e+00 0.000000000000000000e+00
1.000879764556884766e+00 1.000000476837158203e+00 1.000000000000000000e+00 1.000000000000000000e+00 0.000000000000000000e+00
1.003644943237304688e+00 1.000014901161193848e+00 1.000001072883605957e+00 1.000000000000000000e+00 0.000000000000000000e+00
1.070073485374450684e+00 1.000685453414916992e+00 1.000054121017456055e+00 1.000000476837158203e+00 0.000000000000000000e+00
1.022758245468139648e+00 1.000775098800659180e+00 1.000035643577575684e+00 1.000007510185241699e+00 0.000000000000000000e+00
1.617021322250366211e+00 1.025796175003051758e+00 1.003033757209777832e+00 1.000056385993957520e+00 0.000000000000000000e+00
1.246248960494995117e+00 1.057236433029174805e+00 1.013220191001892090e+00 1.000993013381958008e+00 0.000000000000000000e+00
1.367055892944335938e+00 1.026186943054199219e+00 1.001819133758544922e+00 1.000414729118347168e+00 0.000000000000000000e+00
2.199575185775756836e+00 1.074994802474975586e+00 1.004745602607727051e+00 1.002197265625000000e+00 0.000000000000000000e+00
1.131308317184448242e+00 1.008333683013916016e+00 1.000884532928466797e+00 9.997087717056274414e-01 0.000000000000000000e+00
2.072197198867797852e+00 1.163400411605834961e+00 9.611259698867797852e-01 1.110430240631103516e+00 0.000000000000000000e+00
7.351844310760498047e+00 1.985968112945556641e+00 1.419114828109741211e+00 1.005723714828491211e+00 0.000000000000000000e+00
6.810184955596923828e+00 1.629376411437988281e+00 1.041651368141174316e+00 1.003198623657226562e+00 0.000000000000000000e+00
8.909632682800292969e+00 2.060240507125854492e+00 1.061105012893676758e+00 1.017879486083984375e+00 0.000000000000000000e+00
1.110571002960205078e+01 2.559868097305297852e-01 1.431081533432006836e+00 1.597770929336547852e+00 0.000000000000000000e+00
-1.194244027137756348e+00 5.392512798309326172e+00 6.759490489959716797e+00 2.347701311111450195e+00 0.000000000000000000e+00
-7.330835461616516113e-01 -6.920260190963745117e-01 -5.424903631210327148e-01 -3.475408554077148438e-01 0.000000000000000000e+00
1.000051975250244141e+00 1.000000000000000000e+00 1.000000000000000000e+00 1.000000000000000000e+00 0.000000000000000000e+00
1.000021934509277344e+00 1.000000000000000000e+00 1.000000000000000000e+00 1.000000000000000000e+00 0.000000000000000000e+00
1.000025749206542969e+00 1.000000000000000000e+00 1.000000000000000000e+00 1.000000000000000000e+00 0.000000000000000000e+00
1.000099778175354004e+00 1.000000000000000000e+00 1.000000000000000000e+00 1.000000000000000000e+00 0.000000000000000000e+00
1.000095486640930176e+00 1.000000000000000000e+00 1.000000000000000000e+00 1.000000000000000000e+00 0.000000000000000000e+00
1.000040769577026367e+00 1.000000000000000000e+00 1.000000000000000000e+00 1.000000000000000000e+00 0.000000000000000000e+00
1.000154018402099609e+00 1.000000000000000000e+00 1.000000000000000000e+00 1.000000000000000000e+00 0.000000000000000000e+00
1.294085621833801270e+00 1.023498415946960449e+00 1.003165721893310547e+00 1.001870632171630859e+00 0.000000000000000000e+00
1.340482473373413086e+00 1.038814783096313477e+00 1.007104158401489258e+00 1.001511454582214355e+00 0.000000000000000000e+00
1.291687965393066406e+00 1.029334783554077148e+00 1.004061460494995117e+00 1.000623226165771484e+00 0.000000000000000000e+00
1.263176679611206055e+00 1.021400213241577148e+00 1.004853725433349609e+00 1.001979112625122070e+00 0.000000000000000000e+00
1.321726799011230469e+00 1.049849152565002441e+00 1.009935140609741211e+00 1.001349210739135742e+00 0.000000000000000000e+00
2.103309869766235352e+00 1.107637405395507812e+00 1.032305598258972168e+00 1.009414196014404297e+00 0.000000000000000000e+00
1.235383391380310059e+00 1.016646385192871094e+00 1.003570556640625000e+00 1.002305269241333008e+00 0.000000000000000000e+00
1.002759218215942383e+00 1.000001668930053711e+00 1.000000000000000000e+00 1.000000000000000000e+00 0.000000000000000000e+00
1.003886699676513672e+00 1.000003218650817871e+00 1.000000000000000000e+00 1.000000000000000000e+00 0.000000000000000000e+00
1.000646829605102539e+00 1.000000476837158203e+00 1.000000000000000000e+00 1.000000000000000000e+00 0.000000000000000000e+00
1.002673625946044922e+00 1.000000476837158203e+00 1.000000000000000000e+00 1.000000000000000000e+00 0.000000000000000000e+00
2.162715911865234375e+00 1.000529527664184570e+00 1.000004291534423828e+00 1.000000000000000000e+00 0.000000000000000000e+00
1.361572504043579102e+00 9.764511585235595703e-01 1.025829434394836426e+00 9.887802600860595703e-01 0.000000000000000000e+00
-6.596323847770690918e-02 5.318049430847167969e+00 6.548054695129394531e+00 2.655741930007934570e+00 0.000000000000000000e+00
1.519244670867919922e+00 1.015487432479858398e+00 1.001134634017944336e+00 1.000216841697692871e+00 0.000000000000000000e+00
5.728190898895263672e+00 6.606507301330566406e+00 1.368966221809387207e+00 1.095194697380065918e+00 0.000000000000000000e+00
6.102684020996093750e+00 1.420552134513854980e+00 7.362489104270935059e-01 6.600427627563476562e-02 0.000000000000000000e+00
-2.655481994152069092e-01 -8.194624185562133789e-01 -1.467112302780151367e-01 7.059284687042236328e+00 0.000000000000000000e+00
-5.389499664306640625e-01 -3.507787585258483887e-01 -4.182479381561279297e-01 -5.554053783416748047e-01 0.000000000000000000e+00
7.736474275588989258e-02 -1.649757742881774902e+00 -4.924391806125640869e-01 -6.267954111099243164e-01 0.000000000000000000e+00
5.687113285064697266e+00 1.325184106826782227e+00 1.032368183135986328e+00 1.005179643630981445e+00 0.000000000000000000e+00
1.241064548492431641e+00 1.015495061874389648e+00 1.001947879791259766e+00 1.000103235244750977e+00 0.000000000000000000e+00
1.641234397888183594e+00 1.152005672454833984e+00 1.058147430419921875e+00 1.010467529296875000e+00 0.000000000000000000e+00
2.156947135925292969e+00 1.118030786514282227e+00 1.025511026382446289e+00 1.010100007057189941e+00 0.000000000000000000e+00
1.226245284080505371e+00 1.023080587387084961e+00 1.006201028823852539e+00 1.001348376274108887e+00 0.000000000000000000e+00
1.383527755737304688e+00 1.043400764465332031e+00 1.005139350891113281e+00 1.001718640327453613e+00 0.000000000000000000e+00
3.511816024780273438e+00 1.082285404205322266e+00 1.001418352127075195e+00 1.000328302383422852e+00 0.000000000000000000e+00
-1.011099457740783691e+00 -7.933415770530700684e-01 -6.784394383430480957e-01 5.919694900512695312e-03 0.000000000000000000e+00
1.082602381706237793e+00 1.001591205596923828e+00 1.000057458877563477e+00 1.000007390975952148e+00 0.000000000000000000e+00
1.019150614738464355e+00 1.000168919563293457e+00 1.000016331672668457e+00 1.000006318092346191e+00 0.000000000000000000e+00
1.077363848686218262e+00 1.001534223556518555e+00 1.000101566314697266e+00 1.000007987022399902e+00 0.000000000000000000e+00
1.289931774139404297e+00 1.004087567329406738e+00 1.000458717346191406e+00 1.000111579895019531e+00 0.000000000000000000e+00
1.700778722763061523e+00 1.034632205963134766e+00 1.022448301315307617e+00 1.001021862030029297e+00 0.000000000000000000e+00
2.584990978240966797e+00 8.190653324127197266e-01 -6.379417777061462402e-01 1.041220426559448242e+00 0.000000000000000000e+00
1.743741989135742188e+00 1.013034582138061523e+00 1.003414869308471680e+00 1.000117778778076172e+00 0.000000000000000000e+00
1.012285947799682617e+00 1.000043869018554688e+00 1.000001072883605957e+00 1.000000000000000000e+00 0.000000000000000000e+00
1.003866076469421387e+00 1.000010251998901367e+00 1.000000000000000000e+00 1.000000000000000000e+00 0.000000000000000000e+00
1.001219749450683594e+00 1.000001072883605957e+00 1.000000000000000000e+00 1.000000000000000000e+00 0.000000000000000000e+00
1.000898361206054688e+00 1.000001072883605957e+00 1.000000000000000000e+00 1.000000000000000000e+00 0.000000000000000000e+00
1.001105546951293945e+00 1.000001072883605957e+00 1.000000000000000000e+00 1.000000000000000000e+00 0.000000000000000000e+00
1.000505208969116211e+00 1.000000476837158203e+00 1.000000000000000000e+00 1.000000000000000000e+00 0.000000000000000000e+00
1.000474691390991211e+00 1.000000476837158203e+00 1.000000000000000000e+00 1.000000000000000000e+00 0.000000000000000000e+00
5.979257106781005859e+00 8.326874732971191406e+00 1.042098999023437500e+00 1.000168800354003906e+00 0.000000000000000000e+00
-9.775824546813964844e-01 -5.217288136482238770e-01 -5.790268182754516602e-01 -5.262466669082641602e-01 0.000000000000000000e+00
1.321682691574096680e+00 -2.299854040145874023e+00 -6.931828260421752930e-01 -4.843031764030456543e-01 0.000000000000000000e+00
1.360740780830383301e+00 1.006199121475219727e+00 1.000023603439331055e+00 1.000000000000000000e+00 0.000000000000000000e+00
1.057030010223388672e+01 3.696345329284667969e+00 1.050603747367858887e+00 1.001810789108276367e+00 0.000000000000000000e+00
1.227565884590148926e+00 1.002355575561523438e+00 1.000191926956176758e+00 1.000884771347045898e+00 0.000000000000000000e+00
1.064481019973754883e+00 1.001209020614624023e+00 1.000374794006347656e+00 1.000076055526733398e+00 0.000000000000000000e+00
4.556394100189208984e+00 2.121686935424804688e-03 2.098843574523925781e+00 1.010459065437316895e+00 1.000000000000000000e+00
-8.958638906478881836e-01 3.034148216247558594e-01 1.311374187469482422e+01 1.511767148971557617e+00 2.000000000000000000e+00
4.556394100189208984e+00 2.121686935424804688e-03 2.098843574523925781e+00 1.010459065437316895e+00 1.000000000000000000e+00
-8.958638906478881836e-01 3.034148216247558594e-01 1.311374187469482422e+01 1.511767148971557617e+00 2.000000000000000000e+00
4.556394100189208984e+00 2.121686935424804688e-03 2.098843574523925781e+00 1.010459065437316895e+00 1.000000000000000000e+00
-8.958638906478881836e-01 3.034148216247558594e-01 1.311374187469482422e+01 1.511767148971557617e+00 2.000000000000000000e+00
4.556394100189208984e+00 2.121686935424804688e-03 2.098843574523925781e+00 1.010459065437316895e+00 1.000000000000000000e+00
-8.958638906478881836e-01 3.034148216247558594e-01 1.311374187469482422e+01 1.511767148971557617e+00 2.000000000000000000e+00
4.556394100189208984e+00 2.121686935424804688e-03 2.098843574523925781e+00 1.010459065437316895e+00 1.000000000000000000e+00
-8.958638906478881836e-01 3.034148216247558594e-01 1.311374187469482422e+01 1.511767148971557617e+00 2.000000000000000000e+00
4.556394100189208984e+00 2.121686935424804688e-03 2.098843574523925781e+00 1.010459065437316895e+00 1.000000000000000000e+00
-8.958638906478881836e-01 3.034148216247558594e-01 1.311374187469482422e+01 1.511767148971557617e+00 2.000000000000000000e+00
4.556394100189208984e+00 2.121686935424804688e-03 2.098843574523925781e+00 1.010459065437316895e+00 1.000000000000000000e+00
-8.958638906478881836e-01 3.034148216247558594e-01 1.311374187469482422e+01 1.511767148971557617e+00 2.000000000000000000e+00
4.556394100189208984e+00 2.121686935424804688e-03 2.098843574523925781e+00 1.010459065437316895e+00 1.000000000000000000e+00
-8.958638906478881836e-01 3.034148216247558594e-01 1.311374187469482422e+01 1.511767148971557617e+00 2.000000000000000000e+00
4.556394100189208984e+00 2.121686935424804688e-03 2.098843574523925781e+00 1.010459065437316895e+00 1.000000000000000000e+00
-8.958638906478881836e-01 3.034148216247558594e-01 1.311374187469482422e+01 1.511767148971557617e+00 2.000000000000000000e+00
4.556394100189208984e+00 2.121686935424804688e-03 2.098843574523925781e+00 1.010459065437316895e+00 1.000000000000000000e+00
-8.958638906478881836e-01 3.034148216247558594e-01 1.311374187469482422e+01 1.511767148971557617e+00 2.000000000000000000e+00
2.082159519195556641e+00 1.283747315406799316e+00 1.050199508666992188e+00 1.038683414459228516e+00 0.000000000000000000e+00
2.273523092269897461e+00 1.401483774185180664e+00 1.044932842254638672e+00 1.036948323249816895e+00 0.000000000000000000e+00
1.904206991195678711e+00 1.398608684539794922e+00 1.099991559982299805e+00 1.031642436981201172e+00 0.000000000000000000e+00
3.864973068237304688e+00 2.016404151916503906e+00 1.389396905899047852e+00 1.098594665527343750e+00 0.000000000000000000e+00
2.996187686920166016e+00 2.280246019363403320e-01 -1.102334260940551758e+00 1.537795543670654297e+00 0.000000000000000000e+00
1.742414236068725586e+00 1.075199842453002930e+00 1.014501333236694336e+00 1.000461101531982422e+00 0.000000000000000000e+00
3.887012004852294922e+00 1.457976698875427246e+00 1.032098531723022461e+00 1.016123533248901367e+00 0.000000000000000000e+00
1.043580174446105957e+00 1.000763416290283203e+00 1.000021696090698242e+00 1.000001549720764160e+00 0.000000000000000000e+00
1.057118296623229980e+00 1.000883936882019043e+00 1.000176310539245605e+00 1.000013113021850586e+00 0.000000000000000000e+00
1.378609061241149902e+00 1.015395641326904297e+00 1.000581264495849609e+00 1.000021576881408691e+00 0.000000000000000000e+00
5.486244678497314453e+00 1.954465150833129883e+00 1.117622971534729004e+00 1.017167329788208008e+00 0.000000000000000000e+00
1.542726278305053711e+00 1.013179063796997070e+00 9.583509564399719238e-01 1.019975185394287109e+00 0.000000000000000000e+00
2.235301017761230469e+00 2.562471866607666016e+00 1.053146004676818848e+00 1.152273178100585938e+00 0.000000000000000000e+00
6.120726108551025391e+00 4.995471477508544922e+00 -3.562795519828796387e-01 -6.787535667419433594e+00 0.000000000000000000e+00
1.015298962593078613e+00 1.000289082527160645e+00 1.000110387802124023e+00 1.000033855438232422e+00 0.000000000000000000e+00
1.073372721672058105e+00 1.004951119422912598e+00 1.000706434249877930e+00 1.000004768371582031e+00 0.000000000000000000e+00
1.068376660346984863e+00 1.001262426376342773e+00 1.000064373016357422e+00 1.000004768371582031e+00 0.000000000000000000e+00
1.020541548728942871e+00 1.000155925750732422e+00 1.000010132789611816e+00 1.000000476837158203e+00 0.000000000000000000e+00
1.085224866867065430e+00 1.001871705055236816e+00 1.000030994415283203e+00 1.000005245208740234e+00 0.000000000000000000e+00
1.142740249633789062e+00 1.001023769378662109e+00 1.000056505203247070e+00 1.000002622604370117e+00 0.000000000000000000e+00
1.065634250640869141e+00 1.001611232757568359e+00 1.000014543533325195e+00 1.000010251998901367e+00 0.000000000000000000e+00
1.035473346710205078e+00 1.000066995620727539e+00 1.000000000000000000e+00 1.000000000000000000e+00 0.000000000000000000e+00
1.032876253128051758e+00 1.000010728836059570e+00 1.000000000000000000e+00 1.000000000000000000e+00 0.000000000000000000e+00
1.001049041748046875e+00 1.000001668930053711e+00 1.000000000000000000e+00 1.000000000000000000e+00 0.000000000000000000e+00
1.000187754631042480e+00 1.000000000000000000e+00 1.000000000000000000e+00 1.000000000000000000e+00 0.000000000000000000e+00
1.004799842834472656e+00 1.000006437301635742e+00 1.000000000000000000e+00 1.000000000000000000e+00 0.000000000000000000e+00
1.018216609954833984e+00 1.000090003013610840e+00 1.000001072883605957e+00 1.000000000000000000e+00 0.000000000000000000e+00
1.017965793609619141e+00 1.000026226043701172e+00 1.000000000000000000e+00 1.000000000000000000e+00 0.000000000000000000e+00
1.642081975936889648e+00 1.079790949821472168e+00 1.006040334701538086e+00 1.002210378646850586e+00 0.000000000000000000e+00
2.600137233734130859e+00 1.228591918945312500e+00 1.095582008361816406e+00 1.013271570205688477e+00 0.000000000000000000e+00
4.366704940795898438e+00 1.186676025390625000e+00 1.054974794387817383e+00 1.003891825675964355e+00 0.000000000000000000e+00
1.064522743225097656e+00 1.003763198852539062e+00 1.000410199165344238e+00 1.000029325485229492e+00 0.000000000000000000e+00
1.133171916007995605e+00 1.002709388732910156e+00 1.000039815902709961e+00 1.000007987022399902e+00 0.000000000000000000e+00
1.024936437606811523e+00 1.000207066535949707e+00 1.000008463859558105e+00 1.000001072883605957e+00 0.000000000000000000e+00
1.638083338737487793e+00 1.016169786453247070e+00 1.000200748443603516e+00 1.000006914138793945e+00 0.000000000000000000e+00
1.641622066497802734e+00 1.015491247177124023e+00 1.001029968261718750e+00 1.002772331237792969e+00 1.000000000000000000e+00
2.437755346298217773e+00 1.059340953826904297e+00 1.014578819274902344e+00 1.004392623901367188e+00 2.000000000000000000e+00
1.641622066497802734e+00 1.015491247177124023e+00 1.001029968261718750e+00 1.002772331237792969e+00 1.000000000000000000e+00
2.437755346298217773e+00 1.059340953826904297e+00 1.014578819274902344e+00 1.004392623901367188e+00 2.000000000000000000e+00
1.641622066497802734e+00 1.015491247177124023e+00 1.001029968261718750e+00 1.002772331237792969e+00 1.000000000000000000e+00
2.437755346298217773e+00 1.059340953826904297e+00 1.014578819274902344e+00 1.004392623901367188e+00 2.000000000000000000e+00
1.641622066497802734e+00 1.015491247177124023e+00 1.001029968261718750e+00 1.002772331237792969e+00 1.000000000000000000e+00
2.437755346298217773e+00 1.059340953826904297e+00 1.014578819274902344e+00 1.004392623901367188e+00 2.000000000000000000e+00
1.641622066497802734e+00 1.015491247177124023e+00 1.001029968261718750e+00 1.002772331237792969e+00 1.000000000000000000e+00
2.437755346298217773e+00 1.059340953826904297e+00 1.014578819274902344e+00 1.004392623901367188e+00 2.000000000000000000e+00
1.641622066497802734e+00 1.015491247177124023e+00 1.001029968261718750e+00 1.002772331237792969e+00 1.000000000000000000e+00
2.437755346298217773e+00 1.059340953826904297e+00 1.014578819274902344e+00 1.004392623901367188e+00 2.000000000000000000e+00
1.641622066497802734e+00 1.015491247177124023e+00 1.001029968261718750e+00 1.002772331237792969e+00 1.000000000000000000e+00
2.437755346298217773e+00 1.059340953826904297e+00 1.014578819274902344e+00 1.004392623901367188e+00 2.000000000000000000e+00
1.641622066497802734e+00 1.015491247177124023e+00 1.001029968261718750e+00 1.002772331237792969e+00 1.000000000000000000e+00
2.437755346298217773e+00 1.059340953826904297e+00 1.014578819274902344e+00 1.004392623901367188e+00 2.000000000000000000e+00
1.641622066497802734e+00 1.015491247177124023e+00 1.001029968261718750e+00 1.002772331237792969e+00 1.000000000000000000e+00
2.437755346298217773e+00 1.059340953826904297e+00 1.014578819274902344e+00 1.004392623901367188e+00 2.000000000000000000e+00
1.641622066497802734e+00 1.015491247177124023e+00 1.001029968261718750e+00 1.002772331237792969e+00 1.000000000000000000e+00
2.437755346298217773e+00 1.059340953826904297e+00 1.014578819274902344e+00 1.004392623901367188e+00 2.000000000000000000e+00
1.631641983985900879e+00 1.050472378730773926e+00 1.009084105491638184e+00 9.992074966430664062e-01 0.000000000000000000e+00
3.656394004821777344e+00 1.448178768157958984e+00 1.225124239921569824e+00 1.040110111236572266e+00 0.000000000000000000e+00
-4.669417381286621094e+00 -6.778009533882141113e-01 -5.832090377807617188e-01 -3.552142381668090820e-01 0.000000000000000000e+00
-8.774088025093078613e-01 1.328576087951660156e+00 7.320441246032714844e+00 4.296673774719238281e+00 0.000000000000000000e+00
-5.011813640594482422e-01 -5.379027128219604492e-01 -4.894385337829589844e-01 -2.424693703651428223e-01 0.000000000000000000e+00
-7.782294750213623047e-01 -6.031820774078369141e-01 -6.384480595588684082e-01 -6.808638572692871094e-01 0.000000000000000000e+00
-9.182304143905639648e-01 -7.090526223182678223e-01 -5.494719743728637695e-01 -6.713691949844360352e-01 0.000000000000000000e+00
1.735301017761230469e+00 1.078583002090454102e+00 1.012673258781433105e+00 1.000768661499023438e+00 0.000000000000000000e+00
-5.639764070510864258e-01 -4.909881949424743652e-01 8.989834785461425781e-01 1.225231742858886719e+01 0.000000000000000000e+00
-8.927638530731201172e-01 -6.020259857177734375e-01 -4.387005567550659180e-01 -3.293039798736572266e-01 0.000000000000000000e+00
1.121929883956909180e+00 1.028047800064086914e+00 1.002137184143066406e+00 9.997391104698181152e-01 0.000000000000000000e+00
1.142857909202575684e+00 1.002643823623657227e+00 1.000181436538696289e+00 1.000007390975952148e+00 0.000000000000000000e+00
1.130909681320190430e+00 1.007807374000549316e+00 1.001351952552795410e+00 1.000239849090576172e+00 1.000000000000000000e+00
1.088931083679199219e+00 1.005296349525451660e+00 1.000790715217590332e+00 1.000062465667724609e+00 2.000000000000000000e+00
1.130909681320190430e+00 1.007807374000549316e+00 1.001351952552795410e+00 1.000239849090576172e+00 1.000000000000000000e+00
1.088931083679199219e+00 1.005296349525451660e+00 1.000790715217590332e+00 1.000062465667724609e+00 2.000000000000000000e+00
1.130909681320190430e+00 1.007807374000549316e+00 1.001351952552795410e+00 1.000239849090576172e+00 1.000000000000000000e+00
1.088931083679199219e+00 1.005296349525451660e+00 1.000790715217590332e+00 1.000062465667724609e+00 2.000000000000000000e+00
1.130909681320190430e+00 1.007807374000549316e+00 1.001351952552795410e+00 1.000239849090576172e+00 1.000000000000000000e+00
1.088931083679199219e+00 1.005296349525451660e+00 1.000790715217590332e+00 1.000062465667724609e+00 2.000000000000000000e+00
1.130909681320190430e+00 1.007807374000549316e+00 1.001351952552795410e+00 1.000239849090576172e+00 1.000000000000000000e+00
1.088931083679199219e+00 1.005296349525451660e+00 1.000790715217590332e+00 1.000062465667724609e+00 2.000000000000000000e+00
1.130909681320190430e+00 1.007807374000549316e+00 1.001351952552795410e+00 1.000239849090576172e+00 1.000000000000000000e+00
1.088931083679199219e+00 1.005296349525451660e+00 1.000790715217590332e+00 1.000062465667724609e+00 2.000000000000000000e+00
1.130909681320190430e+00 1.007807374000549316e+00 1.001351952552795410e+00 1.000239849090576172e+00 1.000000000000000000e+00
1.088931083679199219e+00 1.005296349525451660e+00 1.000790715217590332e+00 1.000062465667724609e+00 2.000000000000000000e+00
1.130909681320190430e+00 1.007807374000549316e+00 1.001351952552795410e+00 1.000239849090576172e+00 1.000000000000000000e+00
1.088931083679199219e+00 1.005296349525451660e+00 1.000790715217590332e+00 1.000062465667724609e+00 2.000000000000000000e+00
1.130909681320190430e+00 1.007807374000549316e+00 1.001351952552795410e+00 1.000239849090576172e+00 1.000000000000000000e+00
1.088931083679199219e+00 1.005296349525451660e+00 1.000790715217590332e+00 1.000062465667724609e+00 2.000000000000000000e+00
1.130909681320190430e+00 1.007807374000549316e+00 1.001351952552795410e+00 1.000239849090576172e+00 1.000000000000000000e+00
1.088931083679199219e+00 1.005296349525451660e+00 1.000790715217590332e+00 1.000062465667724609e+00 2.000000000000000000e+00
-5.093182325363159180e-01 -2.111699283123016357e-01 8.228681564331054688e+00 2.526518583297729492e+00 0.000000000000000000e+00
1.375084042549133301e+00 1.012131452560424805e+00 9.967784881591796875e-01 9.852141141891479492e-01 0.000000000000000000e+00
1.269422769546508789e+00 1.014715671539306641e+00 1.001291275024414062e+00 1.000502228736877441e+00 0.000000000000000000e+00
1.117967605590820312e+00 1.014049410820007324e+00 1.002182602882385254e+00 1.000856399536132812e+00 0.000000000000000000e+00
1.231241941452026367e+00 1.002160787582397461e+00 1.000042915344238281e+00 1.000003576278686523e+00 0.000000000000000000e+00
6.433831214904785156e+00 -7.615093231201171875e+00 -9.900618791580200195e-01 -5.166370868682861328e-01 1.000000000000000000e+00
7.562764644622802734e+00 -3.609058856964111328e-01 -1.288049221038818359e-01 3.531375169754028320e+00 2.000000000000000000e+00
6.433831214904785156e+00 -7.615093231201171875e+00 -9.900618791580200195e-01 -5.166370868682861328e-01 1.000000000000000000e+00
7.562764644622802734e+00 -3.609058856964111328e-01 -1.288049221038818359e-01 3.531375169754028320e+00 2.000000000000000000e+00
6.433831214904785156e+00 -7.615093231201171875e+00 -9.900618791580200195e-01 -5.166370868682861328e-01 1.000000000000000000e+00
7.562764644622802734e+00 -3.609058856964111328e-01 -1.288049221038818359e-01 3.531375169754028320e+00 2.000000000000000000e+00
6.433831214904785156e+00 -7.615093231201171875e+00 -9.900618791580200195e-01 -5.166370868682861328e-01 1.000000000000000000e+00
7.562764644622802734e+00 -3.609058856964111328e-01 -1.288049221038818359e-01 3.531375169754028320e+00 2.000000000000000000e+00
6.433831214904785156e+00 -7.615093231201171875e+00 -9.900618791580200195e-01 -5.166370868682861328e-01 1.000000000000000000e+00
7.562764644622802734e+00 -3.609058856964111328e-01 -1.288049221038818359e-01 3.531375169754028320e+00 2.000000000000000000e+00
6.433831214904785156e+00 -7.615093231201171875e+00 -9.900618791580200195e-01 -5.166370868682861328e-01 1.000000000000000000e+00
7.562764644622802734e+00 -3.609058856964111328e-01 -1.288049221038818359e-01 3.531375169754028320e+00 2.000000000000000000e+00
6.433831214904785156e+00 -7.615093231201171875e+00 -9.900618791580200195e-01 -5.166370868682861328e-01 1.000000000000000000e+00
7.562764644622802734e+00 -3.609058856964111328e-01 -1.288049221038818359e-01 3.531375169754028320e+00 2.000000000000000000e+00
6.433831214904785156e+00 -7.615093231201171875e+00 -9.900618791580200195e-01 -5.166370868682861328e-01 1.000000000000000000e+00
7.562764644622802734e+00 -3.609058856964111328e-01 -1.288049221038818359e-01 3.531375169754028320e+00 2.000000000000000000e+00
6.433831214904785156e+00 -7.615093231201171875e+00 -9.900618791580200195e-01 -5.166370868682861328e-01 1.000000000000000000e+00
7.562764644622802734e+00 -3.609058856964111328e-01 -1.288049221038818359e-01 3.531375169754028320e+00 2.000000000000000000e+00
6.433831214904785156e+00 -7.615093231201171875e+00 -9.900618791580200195e-01 -5.166370868682861328e-01 1.000000000000000000e+00
7.562764644622802734e+00 -3.609058856964111328e-01 -1.288049221038818359e-01 3.531375169754028320e+00 2.000000000000000000e+00
4.004884719848632812e+00 2.522015810012817383e+00 1.335120439529418945e+00 1.127240180969238281e+00 0.000000000000000000e+00
-1.232590556144714355e+00 -4.601259529590606689e-01 -4.616748690605163574e-01 -4.693858921527862549e-01 0.000000000000000000e+00
-3.571656048297882080e-01 -5.255393028259277344e+00 -1.839592337608337402e+00 -4.567225873470306396e-01 0.000000000000000000e+00
1.486968755722045898e+00 1.035359025001525879e+00 1.037518382072448730e+00 9.100534915924072266e-01 0.000000000000000000e+00
2.118125200271606445e+00 1.040700554847717285e+00 9.968856573104858398e-01 8.908783197402954102e-01 0.000000000000000000e+00
1.092359733581542969e+01 2.350939273834228516e+00 1.272536516189575195e+00 1.055892944335937500e+00 0.000000000000000000e+00
-5.441063642501831055e-01 -4.285497665405273438e-01 -3.880594968795776367e-01 -5.818872451782226562e-01 0.000000000000000000e+00
1.731893897056579590e+00 1.551864862442016602e+00 8.079663515090942383e-01 1.190450549125671387e+00 0.000000000000000000e+00
2.388685226440429688e+00 1.407451629638671875e+00 1.158668041229248047e+00 1.051661968231201172e+00 0.000000000000000000e+00
-5.380246043205261230e-01 -3.914052844047546387e-01 2.457161903381347656e+00 1.063646125793457031e+01 0.000000000000000000e+00
5.196441411972045898e-01 -1.827540040016174316e+00 -5.500185489654541016e-01 -3.258633613586425781e-01 0.000000000000000000e+00
-5.192497372627258301e-01 -3.733180165290832520e-01 -3.043512105941772461e-01 -2.791912853717803955e-01 0.000000000000000000e+00
-6.911485195159912109e-01 -4.789115190505981445e-01 -4.453673362731933594e-01 -4.964346885681152344e-01 0.000000000000000000e+00
3.863808155059814453e+00 1.242154359817504883e+00 -9.273652434349060059e-01 -1.078406715393066406e+01 0.000000000000000000e+00
1.000197887420654297e+00 1.000000000000000000e+00 1.000000000000000000e+00 1.000000000000000000e+00 0.000000000000000000e+00
1.000200629234313965e+00 1.000000000000000000e+00 1.000000000000000000e+00 1.000000000000000000e+00 0.000000000000000000e+00
1.000033855438232422e+00 1.000000000000000000e+00 1.000000000000000000e+00 1.000000000000000000e+00 0.000000000000000000e+00
1.000016689300537109e+00 1.000000000000000000e+00 1.000000000000000000e+00 1.000000000000000000e+00 0.000000000000000000e+00
1.000001668930053711e+00 1.000000000000000000e+00 1.000000000000000000e+00 1.000000000000000000e+00 0.000000000000000000e+00
1.000002622604370117e+00 1.000000000000000000e+00 1.000000000000000000e+00 1.000000000000000000e+00 0.000000000000000000e+00
1.000023126602172852e+00 1.000000000000000000e+00 1.000000000000000000e+00 1.000000000000000000e+00 0.000000000000000000e+00
4.032922744750976562e+00 1.091136574745178223e+00 1.022856950759887695e+00 9.988986253738403320e-01 0.000000000000000000e+00
4.740438938140869141e+00 2.124658107757568359e+00 1.118426918983459473e+00 1.028726458549499512e+00 0.000000000000000000e+00
2.569321155548095703e+00 1.084903001785278320e+00 1.021897435188293457e+00 1.001401424407958984e+00 0.000000000000000000e+00
1.419357299804687500e+00 1.036555290222167969e+00 1.006383657455444336e+00 1.008470416069030762e+00 0.000000000000000000e+00
1.938229560852050781e+00 1.254537343978881836e+00 1.085015535354614258e+00 1.025973796844482422e+00 0.000000000000000000e+00
1.842830300331115723e+00 1.261539459228515625e+00 1.069118976593017578e+00 1.062752366065979004e+00 0.000000000000000000e+00
5.460113048553466797e+00 1.605048179626464844e+00 1.381370544433593750e+00 1.087346076965332031e+00 0.000000000000000000e+00
-8.873597383499145508e-01 -5.651423931121826172e-01 -6.361685991287231445e-01 -6.168129444122314453e-01 0.000000000000000000e+00
-6.095684766769409180e-01 -5.554987192153930664e-01 -7.037234306335449219e-01 -7.125580310821533203e-01 0.000000000000000000e+00
-6.184734702110290527e-01 -4.661694169044494629e-01 -4.606401324272155762e-01 -3.134832978248596191e-01 0.000000000000000000e+00
8.877725601196289062e+00 -5.411898136138916016e+00 -2.863537073135375977e+00 8.541798591613769531e+00 0.000000000000000000e+00
1.330877590179443359e+01 6.883212924003601074e-01 1.353303670883178711e+00 1.172384500503540039e+00 0.000000000000000000e+00
3.798644065856933594e+00 1.309484720230102539e+00 9.789127111434936523e-01 1.032655477523803711e+00 0.000000000000000000e+00
3.554011106491088867e+00 1.735037922859191895e+00 1.152176618576049805e+00 1.040903568267822266e+00 0.000000000000000000e+00
-9.243247509002685547e-01 -4.663230180740356445e-01 -6.470181345939636230e-01 -6.402249932289123535e-01 0.000000000000000000e+00
-7.689118385314941406e-01 -5.305172801017761230e-01 -7.443494200706481934e-01 -8.081753253936767578e-01 0.000000000000000000e+00
-7.627611160278320312e-01 -5.105338692665100098e-01 3.223866820335388184e-01 9.285968780517578125e+00 0.000000000000000000e+00
4.631353378295898438e+00 1.755817651748657227e+00 1.022858142852783203e+00 9.659590721130371094e-01 0.000000000000000000e+00
1.644821405410766602e+00 1.227535963058471680e+00 1.126231193542480469e+00 1.008406639099121094e+00 0.000000000000000000e+00
1.190675497055053711e+00 1.034336328506469727e+00 1.002603650093078613e+00 9.988652467727661133e-01 0.000000000000000000e+00
-8.995831012725830078e-01 -5.315548181533813477e-01 -7.408210039138793945e-01 -6.771459579467773438e-01 1.000000000000000000e+00
-9.078813195228576660e-01 -4.979069828987121582e-01 -6.930136680603027344e-01 -7.177666425704956055e-01 2.000000000000000000e+00
-8.995831012725830078e-01 -5.315548181533813477e-01 -7.408210039138793945e-01 -6.771459579467773438e-01 1.000000000000000000e+00
-9.078813195228576660e-01 -4.979069828987121582e-01 -6.930136680603027344e-01 -7.177666425704956055e-01 2.000000000000000000e+00
-8.995831012725830078e-01 -5.315548181533813477e-01 -7.408210039138793945e-01 -6.771459579467773438e-01 1.000000000000000000e+00
-9.078813195228576660e-01 -4.979069828987121582e-01 -6.930136680603027344e-01 -7.177666425704956055e-01 2.000000000000000000e+00
-8.995831012725830078e-01 -5.315548181533813477e-01 -7.408210039138793945e-01 -6.771459579467773438e-01 1.000000000000000000e+00
-9.078813195228576660e-01 -4.979069828987121582e-01 -6.930136680603027344e-01 -7.177666425704956055e-01 2.000000000000000000e+00
-8.995831012725830078e-01 -5.315548181533813477e-01 -7.408210039138793945e-01 -6.771459579467773438e-01 1.000000000000000000e+00
-9.078813195228576660e-01 -4.979069828987121582e-01 -6.930136680603027344e-01 -7.177666425704956055e-01 2.000000000000000000e+00
-8.995831012725830078e-01 -5.315548181533813477e-01 -7.408210039138793945e-01 -6.771459579467773438e-01 1.000000000000000000e+00
-9.078813195228576660e-01 -4.979069828987121582e-01 -6.930136680603027344e-01 -7.177666425704956055e-01 2.000000000000000000e+00
-8.995831012725830078e-01 -5.315548181533813477e-01 -7.408210039138793945e-01 -6.771459579467773438e-01 1.000000000000000000e+00
-9.078813195228576660e-01 -4.979069828987121582e-01 -6.930136680603027344e-01 -7.177666425704956055e-01 2.000000000000000000e+00
-8.995831012725830078e-01 -5.315548181533813477e-01 -7.408210039138793945e-01 -6.771459579467773438e-01 1.000000000000000000e+00
-9.078813195228576660e-01 -4.979069828987121582e-01 -6.930136680603027344e-01 -7.177666425704956055e-01 2.000000000000000000e+00
-8.995831012725830078e-01 -5.315548181533813477e-01 -7.408210039138793945e-01 -6.771459579467773438e-01 1.000000000000000000e+00
-9.078813195228576660e-01 -4.979069828987121582e-01 -6.930136680603027344e-01 -7.177666425704956055e-01 2.000000000000000000e+00
-8.995831012725830078e-01 -5.315548181533813477e-01 -7.408210039138793945e-01 -6.771459579467773438e-01 1.000000000000000000e+00
-9.078813195228576660e-01 -4.979069828987121582e-01 -6.930136680603027344e-01 -7.177666425704956055e-01 2.000000000000000000e+00
1.076688528060913086e+00 1.001253724098205566e+00 1.000153422355651855e+00 1.000008344650268555e+00 0.000000000000000000e+00
1.052877664566040039e+00 1.001339077949523926e+00 1.000095725059509277e+00 1.000013589859008789e+00 0.000000000000000000e+00
1.080222964286804199e+00 1.004148483276367188e+00 1.000167846679687500e+00 1.000030279159545898e+00 0.000000000000000000e+00
1.107270240783691406e+00 1.004191160202026367e+00 1.000298500061035156e+00 1.000025033950805664e+00 0.000000000000000000e+00
1.207403659820556641e+00 1.005256772041320801e+00 1.001325607299804688e+00 1.000069856643676758e+00 0.000000000000000000e+00
1.058507680892944336e+00 1.000712275505065918e+00 1.000042796134948730e+00 1.000004053115844727e+00 0.000000000000000000e+00
1.102992415428161621e+00 1.000718951225280762e+00 1.000021219253540039e+00 1.000001668930053711e+00 0.000000000000000000e+00
1.005553960800170898e+00 1.000026822090148926e+00 1.000000000000000000e+00 1.000000000000000000e+00 0.000000000000000000e+00
1.026291370391845703e+00 1.000058412551879883e+00 1.000000476837158203e+00 1.000000000000000000e+00 0.000000000000000000e+00
1.019418120384216309e+00 1.000082015991210938e+00 1.000000000000000000e+00 1.000000000000000000e+00 0.000000000000000000e+00
1.280882954597473145e+00 1.015828371047973633e+00 1.002240061759948730e+00 1.000241994857788086e+00 0.000000000000000000e+00
3.592284917831420898e+00 3.666422605514526367e+00 1.661472201347351074e+00 1.210038185119628906e+00 0.000000000000000000e+00
5.110891342163085938e+00 1.466857671737670898e+00 1.045496463775634766e+00 -3.271259069442749023e-01 0.000000000000000000e+00
1.758138775825500488e+00 1.081237554550170898e+00 1.011893749237060547e+00 1.005033254623413086e+00 0.000000000000000000e+00
5.936246395111083984e+00 2.335701465606689453e+00 1.274414062500000000e+00 1.057790517807006836e+00 0.000000000000000000e+00
2.708714485168457031e+00 1.185297012329101562e+00 1.021809339523315430e+00 1.010492682456970215e+00 0.000000000000000000e+00
1.183199405670166016e+00 1.049762248992919922e+00 1.011453270912170410e+00 1.004136323928833008e+00 0.000000000000000000e+00
1.215739727020263672e+00 1.011953115463256836e+00 1.002860188484191895e+00 1.000502586364746094e+00 0.000000000000000000e+00
1.278994560241699219e+00 1.054488182067871094e+00 1.010414958000183105e+00 1.007352352142333984e+00 0.000000000000000000e+00
6.123524665832519531e+00 1.082324981689453125e+00 1.041114091873168945e+00 1.015927076339721680e+00 0.000000000000000000e+00
2.425421237945556641e+00 2.434337139129638672e+00 -1.612364292144775391e+00 3.431447505950927734e+00 0.000000000000000000e+00
1.593771934509277344e+00 1.349003314971923828e+00 9.919612407684326172e-01 9.452968239784240723e-01 0.000000000000000000e+00
2.802331686019897461e+00 1.727550983428955078e+00 1.715131521224975586e+00 1.044692277908325195e+00 0.000000000000000000e+00
1.769441008567810059e+00 1.164921045303344727e+00 1.057585716247558594e+00 1.009612917900085449e+00 0.000000000000000000e+00
2.175866365432739258e+00 1.254412293434143066e+00 1.137334346771240234e+00 1.001073122024536133e+00 0.000000000000000000e+00
1.517786502838134766e+00 1.120502710342407227e+00 1.017725706100463867e+00 1.001954555511474609e+00 0.000000000000000000e+00
3.939471244812011719e+00 2.684038639068603516e+00 7.153363823890686035e-01 1.522342920303344727e+00 0.000000000000000000e+00
3.949893712997436523e+00 2.667792558670043945e+00 3.492339849472045898e-01 7.107580304145812988e-01 0.000000000000000000e+00
1.630798220634460449e+00 1.052655458450317383e+00 1.009963035583496094e+00 1.000972747802734375e+00 0.000000000000000000e+00
1.073541402816772461e+00 1.002010345458984375e+00 1.000219583511352539e+00 1.000055670738220215e+00 0.000000000000000000e+00
1.055757641792297363e+00 1.002826929092407227e+00 1.000094175338745117e+00 1.000009417533874512e+00 0.000000000000000000e+00
1.107372760772705078e+00 1.004222631454467773e+00 1.000483274459838867e+00 1.000049471855163574e+00 0.000000000000000000e+00
1.460634708404541016e+00 1.012917518615722656e+00 1.000412940979003906e+00 1.000131607055664062e+00 0.000000000000000000e+00
1.627726316452026367e+00 1.015565395355224609e+00 1.000979185104370117e+00 1.000021457672119141e+00 0.000000000000000000e+00
1.004565715789794922e+00 1.000033140182495117e+00 1.000000476837158203e+00 1.000000000000000000e+00 0.000000000000000000e+00
2.187812089920043945e+00 2.789044976234436035e-01 2.151632785797119141e+00 1.247949242591857910e+00 0.000000000000000000e+00
1.167138934135437012e+00 1.003610610961914062e+00 1.000336408615112305e+00 1.000018119812011719e+00 0.000000000000000000e+00
1.037961483001708984e+00 1.000710129737854004e+00 1.000056028366088867e+00 1.000006437301635742e+00 0.000000000000000000e+00
1.021121382713317871e+00 1.000059247016906738e+00 1.000002622604370117e+00 1.000000000000000000e+00 0.000000000000000000e+00
1.024303913116455078e+00 1.000178575515747070e+00 1.000001072883605957e+00 1.000000000000000000e+00 0.000000000000000000e+00
1.000659108161926270e+00 1.000001668930053711e+00 1.000000000000000000e+00 1.000000000000000000e+00 0.000000000000000000e+00
1.002137422561645508e+00 1.000002622604370117e+00 1.000000000000000000e+00 1.000000000000000000e+00 0.000000000000000000e+00
8.578647613525390625e+00 1.092012524604797363e+00 1.196356296539306641e+00 1.082165479660034180e+00 1.000000000000000000e+00
-4.153841137886047363e-01 1.178248524665832520e-01 2.477264165878295898e+00 8.439228057861328125e+00 2.000000000000000000e+00
8.578647613525390625e+00 1.092012524604797363e+00 1.196356296539306641e+00 1.082165479660034180e+00 1.000000000000000000e+00
-4.153841137886047363e-01 1.178248524665832520e-01 2.477264165878295898e+00 8.439228057861328125e+00 2.000000000000000000e+00
8.578647613525390625e+00 1.092012524604797363e+00 1.196356296539306641e+00 1.082165479660034180e+00 1.000000000000000000e+00
-4.153841137886047363e-01 1.178248524665832520e-01 2.477264165878295898e+00 8.439228057861328125e+00 2.000000000000000000e+00
8.578647613525390625e+00 1.092012524604797363e+00 1.196356296539306641e+00 1.082165479660034180e+00 1.000000000000000000e+00
-4.153841137886047363e-01 1.178248524665832520e-01 2.477264165878295898e+00 8.439228057861328125e+00 2.000000000000000000e+00
8.578647613525390625e+00 1.092012524604797363e+00 1.196356296539306641e+00 1.082165479660034180e+00 1.000000000000000000e+00
-4.153841137886047363e-01 1.178248524665832520e-01 2.477264165878295898e+00 8.439228057861328125e+00 2.000000000000000000e+00
8.578647613525390625e+00 1.092012524604797363e+00 1.196356296539306641e+00 1.082165479660034180e+00 1.000000000000000000e+00
-4.153841137886047363e-01 1.178248524665832520e-01 2.477264165878295898e+00 8.439228057861328125e+00 2.000000000000000000e+00
8.578647613525390625e+00 1.092012524604797363e+00 1.196356296539306641e+00 1.082165479660034180e+00 1.000000000000000000e+00
-4.153841137886047363e-01 1.178248524665832520e-01 2.477264165878295898e+00 8.439228057861328125e+00 2.000000000000000000e+00
8.578647613525390625e+00 1.092012524604797363e+00 1.196356296539306641e+00 1.082165479660034180e+00 1.000000000000000000e+00
-4.153841137886047363e-01 1.178248524665832520e-01 2.477264165878295898e+00 8.439228057861328125e+00 2.000000000000000000e+00
8.578647613525390625e+00 1.092012524604797363e+00 1.196356296539306641e+00 1.082165479660034180e+00 1.000000000000000000e+00
-4.153841137886047363e-01 1.178248524665832520e-01 2.477264165878295898e+00 8.439228057861328125e+00 2.000000000000000000e+00
8.578647613525390625e+00 1.092012524604797363e+00 1.196356296539306641e+00 1.082165479660034180e+00 1.000000000000000000e+00
-4.153841137886047363e-01 1.178248524665832520e-01 2.477264165878295898e+00 8.439228057861328125e+00 2.000000000000000000e+00
-5.720715522766113281e-01 -4.768067002296447754e-01 2.315947413444519043e-01 -9.042208194732666016e-01 0.000000000000000000e+00
6.873621791601181030e-02 6.429293155670166016e-01 -5.787440776824951172e+00 -8.028639554977416992e-01 0.000000000000000000e+00
1.953157782554626465e+00 1.217710256576538086e+00 1.061179995536804199e+00 1.015270352363586426e+00 0.000000000000000000e+00
2.286234378814697266e+00 1.016777992248535156e+00 1.000349044799804688e+00 1.000041484832763672e+00 0.000000000000000000e+00
3.872264862060546875e+00 1.203531026840209961e+00 1.046804428100585938e+00 1.014412045478820801e+00 0.000000000000000000e+00
1.174837470054626465e+00 3.978425264358520508e+00 -1.497331738471984863e+00 2.677389383316040039e+00 0.000000000000000000e+00
2.327734708786010742e+00 1.422084808349609375e+00 7.080070376396179199e-01 1.206921577453613281e+00 0.000000000000000000e+00
-6.344618797302246094e-01 -6.062133908271789551e-01 -6.770017147064208984e-01 -5.665876865386962891e-01 1.000000000000000000e+00
-5.109114050865173340e-01 -1.894997358322143555e-01 -6.428226232528686523e-01 -7.383512258529663086e-01 2.000000000000000000e+00
-6.344618797302246094e-01 -6.062133908271789551e-01 -6.770017147064208984e-01 -5.665876865386962891e-01 1.000000000000000000e+00
-5.109114050865173340e-01 -1.894997358322143555e-01 -6.428226232528686523e-01 -7.383512258529663086e-01 2.000000000000000000e+00
-6.344618797302246094e-01 -6.062133908271789551e-01 -6.770017147064208984e-01 -5.665876865386962891e-01 1.000000000000000000e+00
-5.109114050865173340e-01 -1.894997358322143555e-01 -6.428226232528686523e-01 -7.383512258529663086e-01 2.000000000000000000e+00
-6.344618797302246094e-01 -6.062133908271789551e-01 -6.770017147064208984e-01 -5.665876865386962891e-01 1.000000000000000000e+00
-5.109114050865173340e-01 -1.894997358322143555e-01 -6.428226232528686523e-01 -7.383512258529663086e-01 2.000000000000000000e+00
-6.344618797302246094e-01 -6.062133908271789551e-01 -6.770017147064208984e-01 -5.665876865386962891e-01 1.000000000000000000e+00
-5.109114050865173340e-01 -1.894997358322143555e-01 -6.428226232528686523e-01 -7.383512258529663086e-01 2.000000000000000000e+00
-6.344618797302246094e-01 -6.062133908271789551e-01 -6.770017147064208984e-01 -5.665876865386962891e-01 1.000000000000000000e+00
-5.109114050865173340e-01 -1.894997358322143555e-01 -6.428226232528686523e-01 -7.383512258529663086e-01 2.000000000000000000e+00
-6.344618797302246094e-01 -6.062133908271789551e-01 -6.770017147064208984e-01 -5.665876865386962891e-01 1.000000000000000000e+00
-5.109114050865173340e-01 -1.894997358322143555e-01 -6.428226232528686523e-01 -7.383512258529663086e-01 2.000000000000000000e+00
-6.344618797302246094e-01 -6.062133908271789551e-01 -6.770017147064208984e-01 -5.665876865386962891e-01 1.000000000000000000e+00
-5.109114050865173340e-01 -1.894997358322143555e-01 -6.428226232528686523e-01 -7.383512258529663086e-01 2.000000000000000000e+00
-6.344618797302246094e-01 -6.062133908271789551e-01 -6.770017147064208984e-01 -5.665876865386962891e-01 1.000000000000000000e+00
-5.109114050865173340e-01 -1.894997358322143555e-01 -6.428226232528686523e-01 -7.383512258529663086e-01 2.000000000000000000e+00
-6.344618797302246094e-01 -6.062133908271789551e-01 -6.770017147064208984e-01 -5.665876865386962891e-01 1.000000000000000000e+00
-5.109114050865173340e-01 -1.894997358322143555e-01 -6.428226232528686523e-01 -7.383512258529663086e-01 2.000000000000000000e+00
2.279567241668701172e+00 1.140780091285705566e+00 9.761393666267395020e-01 1.065051078796386719e+00 0.000000000000000000e+00
3.666217327117919922e+00 1.076096296310424805e+00 1.022374987602233887e+00 1.001754283905029297e+00 0.000000000000000000e+00
1.674803376197814941e+00 1.032261133193969727e+00 1.017082691192626953e+00 1.004729509353637695e+00 0.000000000000000000e+00
4.275465965270996094e+00 4.848176956176757812e+00 2.095660924911499023e+00 1.580665826797485352e+00 0.000000000000000000e+00
-4.768956303596496582e-01 3.146789669990539551e-01 6.556947231292724609e+00 3.947551488876342773e+00 0.000000000000000000e+00
-5.139760375022888184e-01 -3.774140477180480957e-01 -6.273061037063598633e-01 -6.649480462074279785e-01 0.000000000000000000e+00
-4.625890254974365234e-01 -5.774834156036376953e-01 -5.727926492691040039e-01 -5.831457972526550293e-01 0.000000000000000000e+00
1.169643998146057129e+00 1.004206180572509766e+00 1.000057458877563477e+00 1.000004768371582031e+00 0.000000000000000000e+00
2.011464595794677734e+00 1.028365135192871094e+00 1.001318454742431641e+00 1.000048160552978516e+00 0.000000000000000000e+00
1.563255786895751953e+00 1.055958986282348633e+00 1.069881439208984375e+00 1.004524350166320801e+00 0.000000000000000000e+00
2.790049314498901367e+00 1.331223130226135254e+00 1.157904386520385742e+00 1.053367614746093750e+00 0.000000000000000000e+00
1.064517974853515625e+00 1.004393100738525391e+00 1.000089406967163086e+00 1.000003218650817871e+00 0.000000000000000000e+00
1.011551976203918457e+00 1.000063657760620117e+00 1.000001668930053711e+00 1.000000000000000000e+00 0.000000000000000000e+00
1.000836014747619629e+00 1.000002622604370117e+00 1.000000000000000000e+00 1.000000000000000000e+00 0.000000000000000000e+00
-7.435361146926879883e-01 -4.435862302780151367e-01 -8.087879419326782227e-02 1.353174495697021484e+01 0.000000000000000000e+00
1.293198466300964355e+00 9.929367303848266602e-01 9.789521098136901855e-01 9.961038827896118164e-01 0.000000000000000000e+00
1.280411243438720703e+00 1.024819374084472656e+00 1.003333568572998047e+00 1.000087857246398926e+00 0.000000000000000000e+00
1.044351100921630859e+00 1.000888824462890625e+00 1.000021696090698242e+00 1.000001549720764160e+00 0.000000000000000000e+00
1.008319973945617676e+00 1.000092267990112305e+00 1.000009536743164062e+00 1.000000476837158203e+00 0.000000000000000000e+00
1.015612840652465820e+00 1.000202536582946777e+00 1.000002145767211914e+00 1.000000000000000000e+00 0.000000000000000000e+00
1.005606174468994141e+00 1.000080823898315430e+00 1.000005841255187988e+00 1.000000476837158203e+00 0.000000000000000000e+00
3.241805315017700195e+00 1.006579279899597168e+00 1.000256776809692383e+00 9.999782443046569824e-01 0.000000000000000000e+00
1.058708190917968750e+01 2.287033796310424805e+00 1.286702990531921387e+00 1.092851161956787109e+00 0.000000000000000000e+00
-7.772948145866394043e-01 -6.770136356353759766e-01 7.547079324722290039e-01 1.327416133880615234e+01 0.000000000000000000e+00
3.893279314041137695e+00 -2.384642124176025391e+00 3.134330034255981445e+00 8.095222711563110352e-01 0.000000000000000000e+00
1.340964555740356445e+00 1.139432787895202637e+00 1.052622675895690918e+00 1.035002589225769043e+00 0.000000000000000000e+00
1.173702120780944824e+00 1.056306838989257812e+00 1.001851081848144531e+00 1.000554800033569336e+00 0.000000000000000000e+00
1.229023218154907227e+00 1.007469058036804199e+00 1.002287387847900391e+00 1.000471353530883789e+00 0.000000000000000000e+00
1.004266023635864258e+00 1.000012278556823730e+00 1.000000476837158203e+00 1.000000000000000000e+00 0.000000000000000000e+00
1.018598794937133789e+00 1.000140428543090820e+00 1.000000476837158203e+00 1.000000000000000000e+00 0.000000000000000000e+00
1.010991811752319336e+00 1.000211358070373535e+00 1.000004291534423828e+00 1.000000476837158203e+00 0.000000000000000000e+00
1.055188417434692383e+00 1.000477313995361328e+00 1.000005960464477539e+00 1.000000000000000000e+00 0.000000000000000000e+00
3.190869808197021484e+00 1.126387476921081543e+00 1.004092931747436523e+00 1.000066280364990234e+00 0.000000000000000000e+00
5.457451343536376953e+00 1.085474252700805664e+00 1.011829137802124023e+00 1.005058050155639648e+00 0.000000000000000000e+00
1.779410600662231445e+00 1.021585702896118164e+00 9.987155199050903320e-01 1.007254958152770996e+00 0.000000000000000000e+00
1.094247102737426758e+00 1.004583716392517090e+00 1.000132799148559570e+00 9.985306859016418457e-01 0.000000000000000000e+00
1.047669291496276855e+00 1.001484751701354980e+00 1.000089883804321289e+00 1.000005245208740234e+00 0.000000000000000000e+00
1.041973352432250977e+00 1.000698447227478027e+00 1.000018119812011719e+00 1.000001072883605957e+00 0.000000000000000000e+00
1.119354248046875000e+00 1.003882884979248047e+00 1.000214695930480957e+00 1.000018358230590820e+00 0.000000000000000000e+00
2.156126022338867188e+00 1.388888597488403320e+00 1.142477631568908691e+00 1.020323038101196289e+00 0.000000000000000000e+00
1.082001686096191406e+00 1.002775907516479492e+00 1.000744342803955078e+00 1.000057935714721680e+00 0.000000000000000000e+00
