2.433999180793762207e-01 2.953701615333557129e-01 3.237746059894561768e-01 3.327976763248443604e-01 2.955937087535858154e-01 0.000000000000000000e+00
-4.736291244626045227e-03 9.878302365541458130e-02 -9.988984093070030212e-03 5.338769406080245972e-02 1.022164523601531982e-01 0.000000000000000000e+00
-8.878636360168457031e-02 -1.344938669353723526e-02 -3.803903469815850258e-03 8.416473120450973511e-02 1.783718317747116089e-01 0.000000000000000000e+00
1.715274453163146973e-01 1.050749272108078003e-01 8.776662498712539673e-02 2.010864205658435822e-02 2.226292155683040619e-02 0.000000000000000000e+00
1.884192079305648804e-01 3.061333596706390381e-01 3.604242801666259766e-01 3.579268753528594971e-01 4.406215548515319824e-01 0.000000000000000000e+00
2.230129987001419067e-01 2.784246802330017090e-01 2.228953689336776733e-01 2.016663849353790283e-01 2.784689366817474365e-01 0.000000000000000000e+00
3.695615828037261963e-01 3.679817020893096924e-01 3.189622759819030762e-01 2.673839032649993896e-01 2.173517942428588867e-01 0.000000000000000000e+00
1.942507177591323853e-01 1.385443210601806641e-01 1.619620621204376221e-01 1.331861019134521484e-01 1.694929301738739014e-01 0.000000000000000000e+00
2.561269700527191162e-01 2.847169935703277588e-01 2.828353047370910645e-01 2.689188718795776367e-01 2.239274382591247559e-01 0.000000000000000000e+00
2.734824717044830322e-01 2.830813825130462646e-01 2.653118669986724854e-01 2.195302993059158325e-01 2.321624010801315308e-01 0.000000000000000000e+00
3.382884860038757324e-01 3.401856422424316406e-01 3.330994844436645508e-01 3.335086703300476074e-01 3.179490268230438232e-01 0.000000000000000000e+00
3.711708486080169678e-01 3.547158837318420410e-01 3.789644539356231689e-01 3.913054168224334717e-01 3.479136824607849121e-01 0.000000000000000000e+00
3.629418611526489258e-01 4.399088919162750244e-01 4.969569444656372070e-01 4.939480721950531006e-01 5.359343886375427246e-01 0.000000000000000000e+00
3.337954878807067871e-01 3.681142926216125488e-01 4.584417343139648438e-01 4.418325126171112061e-01 4.656476378440856934e-01 0.000000000000000000e+00
1.017263904213905334e-01 1.471395641565322876e-01 3.125832676887512207e-01 3.575338721275329590e-01 4.929136037826538086e-01 0.000000000000000000e+00
1.555923670530319214e-01 2.563769817352294922e-01 3.047533333301544189e-01 2.916164398193359375e-01 2.803778648376464844e-01 0.000000000000000000e+00
1.986461728811264038e-01 2.470330595970153809e-01 2.715217471122741699e-01 2.830853760242462158e-01 3.484615087509155273e-01 0.000000000000000000e+00
-5.748379975557327271e-02 4.749530926346778870e-02 8.820218592882156372e-02 7.279022037982940674e-02 1.161041334271430969e-01 0.000000000000000000e+00
5.945773050189018250e-02 1.746457815170288086e-01 2.992341220378875732e-01 3.456240594387054443e-01 3.235634267330169678e-01 0.000000000000000000e+00
3.337512165307998657e-02 1.934640407562255859e-01 2.983507215976715088e-01 3.235795199871063232e-01 3.116814494132995605e-01 0.000000000000000000e+00
-5.850157141685485840e-02 -4.352620616555213928e-02 1.468164324760437012e-01 2.546409368515014648e-01 3.022334873676300049e-01 0.000000000000000000e+00
3.545677959918975830e-01 4.788274466991424561e-01 4.947171509265899658e-01 4.851194024085998535e-01 4.172970950603485107e-01 0.000000000000000000e+00
1.489523202180862427e-01 2.615403234958648682e-01 4.134418070316314697e-01 5.509555339813232422e-01 4.552934169769287109e-01 0.000000000000000000e+00
-1.159578189253807068e-01 -1.152193769812583923e-01 -5.990214273333549500e-02 -3.477074205875396729e-02 6.641635298728942871e-02 0.000000000000000000e+00
-1.380004882812500000e-01 -1.443159133195877075e-01 -1.386218965053558350e-01 -1.355092227458953857e-01 -1.272308230400085449e-01 0.000000000000000000e+00
-1.036719083786010742e-01 -1.282299607992172241e-01 -1.328908205032348633e-01 -1.523314863443374634e-01 -1.538727581501007080e-01 0.000000000000000000e+00
2.187935262918472290e-01 1.925923377275466919e-01 2.336825281381607056e-01 2.732431888580322266e-01 1.540320217609405518e-01 0.000000000000000000e+00
2.631963193416595459e-01 3.743291795253753662e-01 4.191279113292694092e-01 4.157830178737640381e-01 3.683350682258605957e-01 0.000000000000000000e+00
-9.683736413717269897e-02 2.262156456708908081e-01 5.075305700302124023e-01 6.212395429611206055e-01 6.930000782012939453e-01 0.000000000000000000e+00
-1.357427984476089478e-01 -1.386654227972030640e-01 -1.005031242966651917e-01 5.499995127320289612e-02 1.739796102046966553e-01 0.000000000000000000e+00
-8.524291962385177612e-02 -6.993009150028228760e-02 5.342238023877143860e-02 -8.241282403469085693e-02 -7.911500334739685059e-02 0.000000000000000000e+00
-7.425250951200723648e-03 2.381615042686462402e-01 3.537099361419677734e-01 2.057719677686691284e-01 1.160541996359825134e-01 0.000000000000000000e+00
-5.156109854578971863e-02 -3.310186415910720825e-02 3.478872776031494141e-02 1.435496062040328979e-01 2.947810590267181396e-01 0.000000000000000000e+00
2.612978816032409668e-01 5.018618106842041016e-01 5.447465181350708008e-01 4.778006076812744141e-01 3.658446669578552246e-01 0.000000000000000000e+00
4.798094332218170166e-01 6.466827988624572754e-01 7.775987386703491211e-01 7.254040837287902832e-01 6.833620667457580566e-01 0.000000000000000000e+00
3.819456398487091064e-01 6.819581985473632812e-01 7.765263319015502930e-01 8.280398845672607422e-01 8.451678752899169922e-01 0.000000000000000000e+00
4.285329580307006836e-01 6.300319433212280273e-01 7.003827691078186035e-01 7.438833713531494141e-01 6.618281602859497070e-01 0.000000000000000000e+00
6.197528839111328125e-01 7.654036283493041992e-01 8.099549412727355957e-01 6.889375448226928711e-01 7.953484654426574707e-01 0.000000000000000000e+00
6.121333241462707520e-01 7.715407609939575195e-01 8.528633117675781250e-01 8.677093386650085449e-01 8.837423324584960938e-01 0.000000000000000000e+00
6.439750194549560547e-01 7.799735069274902344e-01 8.338174223899841309e-01 8.918749690055847168e-01 8.931085467338562012e-01 0.000000000000000000e+00
7.198590040206909180e-01 8.243532776832580566e-01 8.611717224121093750e-01 8.928171396255493164e-01 9.348413348197937012e-01 0.000000000000000000e+00
5.244065523147583008e-01 7.150328159332275391e-01 8.193844556808471680e-01 8.619314432144165039e-01 8.894581794738769531e-01 0.000000000000000000e+00
1.032150909304618835e-01 -1.010790914297103882e-01 -1.209073215723037720e-01 -1.653006672859191895e-01 -1.539597362279891968e-01 1.000000000000000000e+00
2.315088510513305664e-01 3.210137188434600830e-01 3.337832689285278320e-01 5.468897819519042969e-01 2.613986432552337646e-01 2.000000000000000000e+00
1.032150909304618835e-01 -1.010790914297103882e-01 -1.209073215723037720e-01 -1.653006672859191895e-01 -1.539597362279891968e-01 1.000000000000000000e+00
2.315088510513305664e-01 3.210137188434600830e-01 3.337832689285278320e-01 5.468897819519042969e-01 2.613986432552337646e-01 2.000000000000000000e+00
1.032150909304618835e-01 -1.010790914297103882e-01 -1.209073215723037720e-01 -1.653006672859191895e-01 -1.539597362279891968e-01 1.000000000000000000e+00
2.315088510513305664e-01 3.210137188434600830e-01 3.337832689285278320e-01 5.468897819519042969e-01 2.613986432552337646e-01 2.000000000000000000e+00
1.032150909304618835e-01 -1.010790914297103882e-01 -1.209073215723037720e-01 -1.653006672859191895e-01 -1.539597362279891968e-01 1.000000000000000000e+00
2.315088510513305664e-01 3.210137188434600830e-01 3.337832689285278320e-01 5.468897819519042969e-01 2.613986432552337646e-01 2.000000000000000000e+00
1.032150909304618835e-01 -1.010790914297103882e-01 -1.209073215723037720e-01 -1.653006672859191895e-01 -1.539597362279891968e-01 1.000000000000000000e+00
2.315088510513305664e-01 3.210137188434600830e-01 3.337832689285278320e-01 5.468897819519042969e-01 2.613986432552337646e-01 2.000000000000000000e+00
1.032150909304618835e-01 -1.010790914297103882e-01 -1.209073215723037720e-01 -1.653006672859191895e-01 -1.539597362279891968e-01 1.000000000000000000e+00
2.315088510513305664e-01 3.210137188434600830e-01 3.337832689285278320e-01 5.468897819519042969e-01 2.613986432552337646e-01 2.000000000000000000e+00
1.032150909304618835e-01 -1.010790914297103882e-01 -1.209073215723037720e-01 -1.653006672859191895e-01 -1.539597362279891968e-01 1.000000000000000000e+00
2.315088510513305664e-01 3.210137188434600830e-01 3.337832689285278320e-01 5.468897819519042969e-01 2.613986432552337646e-01 2.000000000000000000e+00
1.032150909304618835e-01 -1.010790914297103882e-01 -1.209073215723037720e-01 -1.653006672859191895e-01 -1.539597362279891968e-01 1.000000000000000000e+00
2.315088510513305664e-01 3.210137188434600830e-01 3.337832689285278320e-01 5.468897819519042969e-01 2.613986432552337646e-01 2.000000000000000000e+00
1.032150909304618835e-01 -1.010790914297103882e-01 -1.209073215723037720e-01 -1.653006672859191895e-01 -1.539597362279891968e-01 1.000000000000000000e+00
2.315088510513305664e-01 3.210137188434600830e-01 3.337832689285278320e-01 5.468897819519042969e-01 2.613986432552337646e-01 2.000000000000000000e+00
1.032150909304618835e-01 -1.010790914297103882e-01 -1.209073215723037720e-01 -1.653006672859191895e-01 -1.539597362279891968e-01 1.000000000000000000e+00
2.315088510513305664e-01 3.210137188434600830e-01 3.337832689285278320e-01 5.468897819519042969e-01 2.613986432552337646e-01 2.000000000000000000e+00
6.246473789215087891e-01 8.116397857666015625e-01 8.089857697486877441e-01 8.589428663253784180e-01 9.032082557678222656e-01 0.000000000000000000e+00
5.766016244888305664e-01 7.060021162033081055e-01 7.561213374137878418e-01 8.498154282569885254e-01 8.768609166145324707e-01 0.000000000000000000e+00
4.219682514667510986e-01 5.969917774200439453e-01 6.765213012695312500e-01 7.171909809112548828e-01 8.050578832626342773e-01 0.000000000000000000e+00
3.201375305652618408e-01 4.776446223258972168e-01 6.140126585960388184e-01 6.997442245483398438e-01 6.822219491004943848e-01 0.000000000000000000e+00
2.888307869434356689e-01 4.038266539573669434e-01 4.727689325809478760e-01 4.383253753185272217e-01 5.433415174484252930e-01 0.000000000000000000e+00
5.212663412094116211e-01 7.288452386856079102e-01 7.875870466232299805e-01 7.289843559265136719e-01 7.249159812927246094e-01 0.000000000000000000e+00
4.396677017211914062e-01 5.515285134315490723e-01 6.777983903884887695e-01 7.037576436996459961e-01 7.253482341766357422e-01 0.000000000000000000e+00
2.878997325897216797e-01 4.005784988403320312e-01 4.731153547763824463e-01 5.485454797744750977e-01 5.459719300270080566e-01 0.000000000000000000e+00
3.590398132801055908e-01 5.136483907699584961e-01 5.680180788040161133e-01 5.174739956855773926e-01 5.374995470046997070e-01 0.000000000000000000e+00
3.448685407638549805e-01 4.091573953628540039e-01 4.604023993015289307e-01 4.798145592212677002e-01 5.120553374290466309e-01 0.000000000000000000e+00
3.595154881477355957e-01 4.356769323348999023e-01 4.843776524066925049e-01 5.022749304771423340e-01 5.105803608894348145e-01 0.000000000000000000e+00
3.637038469314575195e-01 4.256477057933807373e-01 4.616853296756744385e-01 4.959134459495544434e-01 4.981952905654907227e-01 0.000000000000000000e+00
3.546966314315795898e-01 4.155710339546203613e-01 4.459190368652343750e-01 4.695300161838531494e-01 4.789924323558807373e-01 0.000000000000000000e+00
3.422121703624725342e-01 4.052148163318634033e-01 4.351298213005065918e-01 4.548003673553466797e-01 4.623466730117797852e-01 0.000000000000000000e+00
2.426036149263381958e-01 5.080207586288452148e-01 4.940667450428009033e-01 4.597015082836151123e-01 3.378290534019470215e-01 0.000000000000000000e+00
1.181621775031089783e-01 3.253156840801239014e-01 4.669166803359985352e-01 4.524025022983551025e-01 5.678023695945739746e-01 0.000000000000000000e+00
1.888568997383117676e-01 2.422990202903747559e-01 9.747216850519180298e-02 3.763740360736846924e-01 2.507878541946411133e-01 0.000000000000000000e+00
5.629132986068725586e-01 6.581755876541137695e-01 6.880905628204345703e-01 7.199854850769042969e-01 6.233258247375488281e-01 0.000000000000000000e+00
4.829213619232177734e-01 6.008055210113525391e-01 6.109130382537841797e-01 6.094908714294433594e-01 6.210619211196899414e-01 0.000000000000000000e+00
-7.821744680404663086e-02 -1.155982837080955505e-01 -1.334741413593292236e-01 -1.388026177883148193e-01 -1.366944611072540283e-01 1.000000000000000000e+00
1.657006293535232544e-01 2.121373265981674194e-01 2.016998380422592163e-01 3.198761045932769775e-01 1.557770669460296631e-01 2.000000000000000000e+00
-7.821744680404663086e-02 -1.155982837080955505e-01 -1.334741413593292236e-01 -1.388026177883148193e-01 -1.366944611072540283e-01 1.000000000000000000e+00
1.657006293535232544e-01 2.121373265981674194e-01 2.016998380422592163e-01 3.198761045932769775e-01 1.557770669460296631e-01 2.000000000000000000e+00
-7.821744680404663086e-02 -1.155982837080955505e-01 -1.334741413593292236e-01 -1.388026177883148193e-01 -1.366944611072540283e-01 1.000000000000000000e+00
1.657006293535232544e-01 2.121373265981674194e-01 2.016998380422592163e-01 3.198761045932769775e-01 1.557770669460296631e-01 2.000000000000000000e+00
-7.821744680404663086e-02 -1.155982837080955505e-01 -1.334741413593292236e-01 -1.388026177883148193e-01 -1.366944611072540283e-01 1.000000000000000000e+00
1.657006293535232544e-01 2.121373265981674194e-01 2.016998380422592163e-01 3.198761045932769775e-01 1.557770669460296631e-01 2.000000000000000000e+00
-7.821744680404663086e-02 -1.155982837080955505e-01 -1.334741413593292236e-01 -1.388026177883148193e-01 -1.366944611072540283e-01 1.000000000000000000e+00
1.657006293535232544e-01 2.121373265981674194e-01 2.016998380422592163e-01 3.198761045932769775e-01 1.557770669460296631e-01 2.000000000000000000e+00
-7.821744680404663086e-02 -1.155982837080955505e-01 -1.334741413593292236e-01 -1.388026177883148193e-01 -1.366944611072540283e-01 1.000000000000000000e+00
1.657006293535232544e-01 2.121373265981674194e-01 2.016998380422592163e-01 3.198761045932769775e-01 1.557770669460296631e-01 2.000000000000000000e+00
-7.821744680404663086e-02 -1.155982837080955505e-01 -1.334741413593292236e-01 -1.388026177883148193e-01 -1.366944611072540283e-01 1.000000000000000000e+00
1.657006293535232544e-01 2.121373265981674194e-01 2.016998380422592163e-01 3.198761045932769775e-01 1.557770669460296631e-01 2.000000000000000000e+00
-7.821744680404663086e-02 -1.155982837080955505e-01 -1.334741413593292236e-01 -1.388026177883148193e-01 -1.366944611072540283e-01 1.000000000000000000e+00
1.657006293535232544e-01 2.121373265981674194e-01 2.016998380422592163e-01 3.198761045932769775e-01 1.557770669460296631e-01 2.000000000000000000e+00
-7.821744680404663086e-02 -1.155982837080955505e-01 -1.334741413593292236e-01 -1.388026177883148193e-01 -1.366944611072540283e-01 1.000000000000000000e+00
1.657006293535232544e-01 2.121373265981674194e-01 2.016998380422592163e-01 3.198761045932769775e-01 1.557770669460296631e-01 2.000000000000000000e+00
-7.821744680404663086e-02 -1.155982837080955505e-01 -1.334741413593292236e-01 -1.388026177883148193e-01 -1.366944611072540283e-01 1.000000000000000000e+00
1.657006293535232544e-01 2.121373265981674194e-01 2.016998380422592163e-01 3.198761045932769775e-01 1.557770669460296631e-01 2.000000000000000000e+00
2.422654181718826294e-01 5.444506406784057617e-01 6.444237828254699707e-01 6.754907369613647461e-01 5.901289582252502441e-01 0.000000000000000000e+00
1.612799167633056641e-01 5.899684429168701172e-01 4.909167587757110596e-01 6.170744895935058594e-01 6.482808589935302734e-01 0.000000000000000000e+00
3.768008649349212646e-01 5.619441270828247070e-01 6.721132397651672363e-01 6.119167208671569824e-01 5.697774291038513184e-01 0.000000000000000000e+00
6.600790619850158691e-01 7.758703231811523438e-01 8.217560648918151855e-01 8.228508830070495605e-01 7.868719696998596191e-01 0.000000000000000000e+00
5.825997591018676758e-01 7.341086864471435547e-01 7.821592688560485840e-01 8.008819222450256348e-01 8.154056072235107422e-01 0.000000000000000000e+00
-7.459974288940429688e-02 -1.051337867975234985e-01 -1.052740141749382019e-01 -1.108490675687789917e-01 -1.052068471908569336e-01 1.000000000000000000e+00
1.031010895967483521e-01 2.171234935522079468e-01 5.287886261940002441e-01 5.472883582115173340e-01 1.393328011035919189e-01 2.000000000000000000e+00
-7.459974288940429688e-02 -1.051337867975234985e-01 -1.052740141749382019e-01 -1.108490675687789917e-01 -1.052068471908569336e-01 1.000000000000000000e+00
1.031010895967483521e-01 2.171234935522079468e-01 5.287886261940002441e-01 5.472883582115173340e-01 1.393328011035919189e-01 2.000000000000000000e+00
-7.459974288940429688e-02 -1.051337867975234985e-01 -1.052740141749382019e-01 -1.108490675687789917e-01 -1.052068471908569336e-01 1.000000000000000000e+00
1.031010895967483521e-01 2.171234935522079468e-01 5.287886261940002441e-01 5.472883582115173340e-01 1.393328011035919189e-01 2.000000000000000000e+00
-7.459974288940429688e-02 -1.051337867975234985e-01 -1.052740141749382019e-01 -1.108490675687789917e-01 -1.052068471908569336e-01 1.000000000000000000e+00
1.031010895967483521e-01 2.171234935522079468e-01 5.287886261940002441e-01 5.472883582115173340e-01 1.393328011035919189e-01 2.000000000000000000e+00
-7.459974288940429688e-02 -1.051337867975234985e-01 -1.052740141749382019e-01 -1.108490675687789917e-01 -1.052068471908569336e-01 1.000000000000000000e+00
1.031010895967483521e-01 2.171234935522079468e-01 5.287886261940002441e-01 5.472883582115173340e-01 1.393328011035919189e-01 2.000000000000000000e+00
-7.459974288940429688e-02 -1.051337867975234985e-01 -1.052740141749382019e-01 -1.108490675687789917e-01 -1.052068471908569336e-01 1.000000000000000000e+00
1.031010895967483521e-01 2.171234935522079468e-01 5.287886261940002441e-01 5.472883582115173340e-01 1.393328011035919189e-01 2.000000000000000000e+00
-7.459974288940429688e-02 -1.051337867975234985e-01 -1.052740141749382019e-01 -1.108490675687789917e-01 -1.052068471908569336e-01 1.000000000000000000e+00
1.031010895967483521e-01 2.171234935522079468e-01 5.287886261940002441e-01 5.472883582115173340e-01 1.393328011035919189e-01 2.000000000000000000e+00
-7.459974288940429688e-02 -1.051337867975234985e-01 -1.052740141749382019e-01 -1.108490675687789917e-01 -1.052068471908569336e-01 1.000000000000000000e+00
1.031010895967483521e-01 2.171234935522079468e-01 5.287886261940002441e-01 5.472883582115173340e-01 1.393328011035919189e-01 2.000000000000000000e+00
-7.459974288940429688e-02 -1.051337867975234985e-01 -1.052740141749382019e-01 -1.108490675687789917e-01 -1.052068471908569336e-01 1.000000000000000000e+00
1.031010895967483521e-01 2.171234935522079468e-01 5.287886261940002441e-01 5.472883582115173340e-01 1.393328011035919189e-01 2.000000000000000000e+00
-7.459974288940429688e-02 -1.051337867975234985e-01 -1.052740141749382019e-01 -1.108490675687789917e-01 -1.052068471908569336e-01 1.000000000000000000e+00
1.031010895967483521e-01 2.171234935522079468e-01 5.287886261940002441e-01 5.472883582115173340e-01 1.393328011035919189e-01 2.000000000000000000e+00
5.583977699279785156e-01 6.754380464553833008e-01 7.115828990936279297e-01 7.744845151901245117e-01 8.507859706878662109e-01 0.000000000000000000e+00
4.161173105239868164e-01 5.407145023345947266e-01 6.796897649765014648e-01 7.369369268417358398e-01 7.683736681938171387e-01 0.000000000000000000e+00
4.581971764564514160e-01 5.715048313140869141e-01 5.979139804840087891e-01 5.810108780860900879e-01 6.433385610580444336e-01 0.000000000000000000e+00
4.437013268470764160e-01 5.791933536529541016e-01 6.462804079055786133e-01 5.897679328918457031e-01 6.068418025970458984e-01 0.000000000000000000e+00
5.846284627914428711e-01 5.770008563995361328e-01 6.725776195526123047e-01 6.372548937797546387e-01 6.489918231964111328e-01 0.000000000000000000e+00
6.207840442657470703e-01 7.070884704589843750e-01 7.770659923553466797e-01 7.850830554962158203e-01 8.073527812957763672e-01 0.000000000000000000e+00
5.257011651992797852e-01 6.743077039718627930e-01 7.024097442626953125e-01 8.058636784553527832e-01 8.316278457641601562e-01 0.000000000000000000e+00
3.890435695648193359e-01 6.481328010559082031e-01 6.843050718307495117e-01 8.132747411727905273e-01 8.566604852676391602e-01 0.000000000000000000e+00
7.120203375816345215e-01 8.587585091590881348e-01 8.426489233970642090e-01 7.789192795753479004e-01 7.907644510269165039e-01 0.000000000000000000e+00
3.262872993946075439e-01 6.724979281425476074e-01 8.158016800880432129e-01 8.971804976463317871e-01 8.957161903381347656e-01 0.000000000000000000e+00
9.706945158541202545e-03 -7.469032704830169678e-02 -1.127606779336929321e-01 4.205396473407745361e-01 4.013172686100006104e-01 0.000000000000000000e+00
3.844992816448211670e-01 6.570607423782348633e-01 4.930453002452850342e-01 4.650392830371856689e-01 4.127961397171020508e-01 0.000000000000000000e+00
3.532679378986358643e-01 6.067735552787780762e-01 6.086646318435668945e-01 6.677280664443969727e-01 6.824377775192260742e-01 0.000000000000000000e+00
4.873259663581848145e-01 5.817855000495910645e-01 6.575908660888671875e-01 7.352719306945800781e-01 6.331130266189575195e-01 0.000000000000000000e+00
4.569772779941558838e-01 6.063721179962158203e-01 6.450191140174865723e-01 6.853789091110229492e-01 6.953888535499572754e-01 0.000000000000000000e+00
4.481133818626403809e-01 6.045820713043212891e-01 6.424399018287658691e-01 6.754552721977233887e-01 7.055082917213439941e-01 0.000000000000000000e+00
3.875069916248321533e-01 5.780074596405029297e-01 6.079061031341552734e-01 6.589714884757995605e-01 6.473917961120605469e-01 0.000000000000000000e+00
3.692938387393951416e-01 4.735337495803833008e-01 5.528431534767150879e-01 5.493319034576416016e-01 5.616621971130371094e-01 0.000000000000000000e+00
2.641419768333435059e-01 2.942762076854705811e-01 4.650047421455383301e-01 5.462702512741088867e-01 6.076431274414062500e-01 0.000000000000000000e+00
2.356967031955718994e-01 3.685886859893798828e-01 4.333478212356567383e-01 4.364957511425018311e-01 4.832512140274047852e-01 0.000000000000000000e+00
2.133066803216934204e-01 2.940451204776763916e-01 3.609906733036041260e-01 4.326378405094146729e-01 4.353843033313751221e-01 0.000000000000000000e+00
-2.395491860806941986e-02 9.378224611282348633e-02 1.214074343442916870e-01 2.130667306482791901e-02 2.901889570057392120e-02 0.000000000000000000e+00
1.601691395044326782e-01 3.978408575057983398e-01 4.811315536499023438e-01 4.684156775474548340e-01 4.642892181873321533e-01 0.000000000000000000e+00
8.639909327030181885e-02 2.541224360466003418e-01 3.347851634025573730e-01 3.760518431663513184e-01 3.689645528793334961e-01 0.000000000000000000e+00
7.462029904127120972e-02 1.615848392248153687e-01 2.948448359966278076e-01 2.938245236873626709e-01 3.337283730506896973e-01 0.000000000000000000e+00
3.707423508167266846e-01 5.222071409225463867e-01 4.389318525791168213e-01 5.189867615699768066e-01 5.135698318481445312e-01 0.000000000000000000e+00
5.484356880187988281e-01 6.894754171371459961e-01 7.530237436294555664e-01 7.737796306610107422e-01 7.780770659446716309e-01 0.000000000000000000e+00
-8.358607441186904907e-02 -9.290656447410583496e-02 -1.086189448833465576e-01 -1.049703210592269897e-01 -1.051742956042289734e-01 1.000000000000000000e+00
1.075188145041465759e-01 2.326845526695251465e-01 1.463518887758255005e-01 2.180621176958084106e-01 7.191073894500732422e-02 2.000000000000000000e+00
-8.358607441186904907e-02 -9.290656447410583496e-02 -1.086189448833465576e-01 -1.049703210592269897e-01 -1.051742956042289734e-01 1.000000000000000000e+00
1.075188145041465759e-01 2.326845526695251465e-01 1.463518887758255005e-01 2.180621176958084106e-01 7.191073894500732422e-02 2.000000000000000000e+00
-8.358607441186904907e-02 -9.290656447410583496e-02 -1.086189448833465576e-01 -1.049703210592269897e-01 -1.051742956042289734e-01 1.000000000000000000e+00
1.075188145041465759e-01 2.326845526695251465e-01 1.463518887758255005e-01 2.180621176958084106e-01 7.191073894500732422e-02 2.000000000000000000e+00
-8.358607441186904907e-02 -9.290656447410583496e-02 -1.086189448833465576e-01 -1.049703210592269897e-01 -1.051742956042289734e-01 1.000000000000000000e+00
1.075188145041465759e-01 2.326845526695251465e-01 1.463518887758255005e-01 2.180621176958084106e-01 7.191073894500732422e-02 2.000000000000000000e+00
-8.358607441186904907e-02 -9.290656447410583496e-02 -1.086189448833465576e-01 -1.049703210592269897e-01 -1.051742956042289734e-01 1.000000000000000000e+00
1.075188145041465759e-01 2.326845526695251465e-01 1.463518887758255005e-01 2.180621176958084106e-01 7.191073894500732422e-02 2.000000000000000000e+00
-8.358607441186904907e-02 -9.290656447410583496e-02 -1.086189448833465576e-01 -1.049703210592269897e-01 -1.051742956042289734e-01 1.000000000000000000e+00
1.075188145041465759e-01 2.326845526695251465e-01 1.463518887758255005e-01 2.180621176958084106e-01 7.191073894500732422e-02 2.000000000000000000e+00
-8.358607441186904907e-02 -9.290656447410583496e-02 -1.086189448833465576e-01 -1.049703210592269897e-01 -1.051742956042289734e-01 1.000000000000000000e+00
1.075188145041465759e-01 2.326845526695251465e-01 1.463518887758255005e-01 2.180621176958084106e-01 7.191073894500732422e-02 2.000000000000000000e+00
-8.358607441186904907e-02 -9.290656447410583496e-02 -1.086189448833465576e-01 -1.049703210592269897e-01 -1.051742956042289734e-01 1.000000000000000000e+00
1.075188145041465759e-01 2.326845526695251465e-01 1.463518887758255005e-01 2.180621176958084106e-01 7.191073894500732422e-02 2.000000000000000000e+00
-8.358607441186904907e-02 -9.290656447410583496e-02 -1.086189448833465576e-01 -1.049703210592269897e-01 -1.051742956042289734e-01 1.000000000000000000e+00
1.075188145041465759e-01 2.326845526695251465e-01 1.463518887758255005e-01 2.180621176958084106e-01 7.191073894500732422e-02 2.000000000000000000e+00
-8.358607441186904907e-02 -9.290656447410583496e-02 -1.086189448833465576e-01 -1.049703210592269897e-01 -1.051742956042289734e-01 1.000000000000000000e+00
1.075188145041465759e-01 2.326845526695251465e-01 1.463518887758255005e-01 2.180621176958084106e-01 7.191073894500732422e-02 2.000000000000000000e+00
8.854820132255554199e-01 9.618349075317382812e-01 9.853109717369079590e-01 9.888529777526855469e-01 9.877669811248779297e-01 0.000000000000000000e+00
9.094373583793640137e-01 9.722380638122558594e-01 9.806642532348632812e-01 9.842284321784973145e-01 9.894979000091552734e-01 0.000000000000000000e+00
9.089563488960266113e-01 9.773318171501159668e-01 9.845781922340393066e-01 9.877044558525085449e-01 9.937758445739746094e-01 0.000000000000000000e+00
9.095152020454406738e-01 9.717149138450622559e-01 9.824745655059814453e-01 9.890603423118591309e-01 9.903980493545532227e-01 0.000000000000000000e+00
8.162528872489929199e-01 9.559546113014221191e-01 9.817852377891540527e-01 9.878353476524353027e-01 9.876492023468017578e-01 0.000000000000000000e+00
8.623815774917602539e-01 9.652954339981079102e-01 9.826149344444274902e-01 9.860113263130187988e-01 9.866628646850585938e-01 0.000000000000000000e+00
8.527039885520935059e-01 9.450337886810302734e-01 9.743560552597045898e-01 9.870716929435729980e-01 9.910032153129577637e-01 0.000000000000000000e+00
3.154865801334381104e-01 2.742760777473449707e-01 2.443822920322418213e-01 1.962472647428512573e-01 1.395611166954040527e-01 0.000000000000000000e+00
1.432728767395019531e-01 1.998594701290130615e-01 2.179796546697616577e-01 1.958645582199096680e-01 2.002194225788116455e-01 0.000000000000000000e+00
1.065019667148590088e-01 1.819729357957839966e-01 1.254505515098571777e-01 1.020979732275009155e-01 2.714869081974029541e-01 0.000000000000000000e+00
2.441567927598953247e-01 2.850081622600555420e-01 3.005686402320861816e-01 3.185525536537170410e-01 3.399491608142852783e-01 0.000000000000000000e+00
3.108437359333038330e-01 3.308827579021453857e-01 3.011305630207061768e-01 3.360765874385833740e-01 3.646914660930633545e-01 0.000000000000000000e+00
2.535768039524555206e-02 1.962578445672988892e-01 2.622099518775939941e-01 2.764285504817962646e-01 4.133105576038360596e-01 0.000000000000000000e+00
-7.197948545217514038e-02 -2.930642105638980865e-02 -4.020911827683448792e-02 2.050013840198516846e-01 2.322870492935180664e-01 0.000000000000000000e+00
3.465792536735534668e-01 5.140091776847839355e-01 6.028594970703125000e-01 6.602611541748046875e-01 7.079288959503173828e-01 0.000000000000000000e+00
3.386312425136566162e-01 4.332816600799560547e-01 5.130359530448913574e-01 5.276544690132141113e-01 5.383882522583007812e-01 0.000000000000000000e+00
2.846884727478027344e-01 3.830541968345642090e-01 4.490850865840911865e-01 5.285130739212036133e-01 5.964578390121459961e-01 0.000000000000000000e+00
2.836277186870574951e-01 4.308884441852569580e-01 4.920280575752258301e-01 4.871671199798583984e-01 5.678935050964355469e-01 0.000000000000000000e+00
1.689888387918472290e-01 2.297464311122894287e-01 3.643318414688110352e-01 3.757936060428619385e-01 3.608513474464416504e-01 0.000000000000000000e+00
7.842746376991271973e-02 1.849983334541320801e-01 1.977380812168121338e-01 2.862422764301300049e-01 3.348536491394042969e-01 0.000000000000000000e+00
2.175043672323226929e-01 2.133751958608627319e-01 2.609470784664154053e-01 2.609425783157348633e-01 1.461820155382156372e-01 0.000000000000000000e+00
6.690267473459243774e-02 2.654339075088500977e-01 3.567788004875183105e-01 2.815067768096923828e-01 2.524907886981964111e-01 0.000000000000000000e+00
-7.446123659610748291e-02 -3.776045143604278564e-02 1.271154638379812241e-02 4.248171299695968628e-02 6.245852634310722351e-02 0.000000000000000000e+00
-1.218625903129577637e-01 -9.242279827594757080e-02 -7.152722775936126709e-02 -1.299877464771270752e-02 1.171362176537513733e-01 0.000000000000000000e+00
-1.221131980419158936e-01 -1.305655539035797119e-01 -1.267140060663223267e-01 -1.223093196749687195e-01 -1.222757622599601746e-01 0.000000000000000000e+00
-1.153647527098655701e-01 -9.784439206123352051e-02 -1.019607335329055786e-01 -1.003386378288269043e-01 -1.168515980243682861e-01 0.000000000000000000e+00
-1.278625875711441040e-01 -1.251046359539031982e-01 -1.225397288799285889e-01 -1.211735308170318604e-01 -1.169183924794197083e-01 0.000000000000000000e+00
-1.383112519979476929e-01 -1.312530040740966797e-01 -1.340867131948471069e-01 -1.333407163619995117e-01 -1.268132477998733521e-01 0.000000000000000000e+00
3.663953859359025955e-03 1.214465573430061340e-01 1.332605183124542236e-01 1.899844557046890259e-01 1.229464486241340637e-01 0.000000000000000000e+00
3.913170099258422852e-01 5.124763846397399902e-01 5.425966978073120117e-01 5.861188173294067383e-01 5.242924690246582031e-01 0.000000000000000000e+00
4.362495541572570801e-01 6.486070156097412109e-01 7.289649248123168945e-01 7.127054929733276367e-01 7.251595258712768555e-01 0.000000000000000000e+00
3.377601206302642822e-01 5.453962683677673340e-01 6.649727821350097656e-01 7.304949760437011719e-01 7.404717206954956055e-01 0.000000000000000000e+00
5.227575451135635376e-02 1.637387275695800781e-01 3.453713655471801758e-01 4.480036199092864990e-01 5.003533959388732910e-01 0.000000000000000000e+00
-7.398864254355430603e-03 5.185173079371452332e-02 1.898720711469650269e-01 2.245630174875259399e-01 2.518642842769622803e-01 0.000000000000000000e+00
-9.484150260686874390e-02 1.526067219674587250e-02 -8.679316937923431396e-02 -1.104215905070304871e-01 -4.957542195916175842e-02 0.000000000000000000e+00
6.934694051742553711e-01 8.177026510238647461e-01 8.751188516616821289e-01 8.884044289588928223e-01 8.979320526123046875e-01 0.000000000000000000e+00
6.755306124687194824e-01 7.874523401260375977e-01 8.470668792724609375e-01 8.779550790786743164e-01 8.885101675987243652e-01 0.000000000000000000e+00
6.876384019851684570e-01 8.124818205833435059e-01 8.594363927841186523e-01 8.926834464073181152e-01 8.970240354537963867e-01 0.000000000000000000e+00
6.631733179092407227e-01 7.989444732666015625e-01 8.576610684394836426e-01 8.841115236282348633e-01 8.884946107864379883e-01 0.000000000000000000e+00
6.866789460182189941e-01 7.982780337333679199e-01 8.597314953804016113e-01 8.789116144180297852e-01 8.945110440254211426e-01 0.000000000000000000e+00
6.766459941864013672e-01 7.867858409881591797e-01 8.533264994621276855e-01 8.831754922866821289e-01 8.826392889022827148e-01 0.000000000000000000e+00
6.160038709640502930e-01 7.692019343376159668e-01 8.072943091392517090e-01 8.580850958824157715e-01 8.773885369300842285e-01 0.000000000000000000e+00
5.630680322647094727e-01 6.465606689453125000e-01 6.971485018730163574e-01 7.983407974243164062e-01 8.092119097709655762e-01 0.000000000000000000e+00
5.108472108840942383e-01 7.155237197875976562e-01 7.831293344497680664e-01 8.014540672302246094e-01 8.179286122322082520e-01 0.000000000000000000e+00
2.872700393199920654e-01 4.477128386497497559e-01 5.302351713180541992e-01 6.699972152709960938e-01 6.860905289649963379e-01 0.000000000000000000e+00
4.834426343441009521e-01 5.845909118652343750e-01 6.146379709243774414e-01 7.024461030960083008e-01 6.842616796493530273e-01 0.000000000000000000e+00
4.435186386108398438e-01 5.563915967941284180e-01 6.800571680068969727e-01 6.005935668945312500e-01 6.562283039093017578e-01 0.000000000000000000e+00
4.933106601238250732e-01 6.630260348320007324e-01 7.333707213401794434e-01 6.905403137207031250e-01 7.596408724784851074e-01 0.000000000000000000e+00
4.817092418670654297e-01 5.590448379516601562e-01 6.445198655128479004e-01 5.709395408630371094e-01 5.403591990470886230e-01 0.000000000000000000e+00
3.233430683612823486e-01 4.145503640174865723e-01 4.936362802982330322e-01 4.506788551807403564e-01 5.638757348060607910e-01 0.000000000000000000e+00
2.430880963802337646e-01 5.436532497406005859e-01 5.820248126983642578e-01 7.446315884590148926e-01 6.420071125030517578e-01 0.000000000000000000e+00
1.174981668591499329e-01 5.094875693321228027e-01 7.112814188003540039e-01 7.601474523544311523e-01 7.907291650772094727e-01 0.000000000000000000e+00
5.223710834980010986e-02 4.000922143459320068e-01 6.238262653350830078e-01 6.725720763206481934e-01 6.439198255538940430e-01 0.000000000000000000e+00
-9.164783358573913574e-02 6.629231572151184082e-02 1.851576864719390869e-01 2.493140399456024170e-01 2.904398441314697266e-01 0.000000000000000000e+00
1.924052648246288300e-02 -7.751318067312240601e-02 1.020513325929641724e-01 2.077841907739639282e-01 3.499630391597747803e-01 0.000000000000000000e+00
1.387317292392253876e-02 1.086919233202934265e-01 -5.203333869576454163e-02 4.317801073193550110e-02 2.221445143222808838e-01 0.000000000000000000e+00
8.740167617797851562e-01 9.682117104530334473e-01 9.814997911453247070e-01 9.832405447959899902e-01 9.896715879440307617e-01 0.000000000000000000e+00
9.255721569061279297e-01 9.674448966979980469e-01 9.862731695175170898e-01 9.900953769683837891e-01 9.899443387985229492e-01 0.000000000000000000e+00
8.952345252037048340e-01 9.719423651695251465e-01 9.863682985305786133e-01 9.913846254348754883e-01 9.924708604812622070e-01 0.000000000000000000e+00
8.991967439651489258e-01 9.783189296722412109e-01 9.866677522659301758e-01 9.891855120658874512e-01 9.921026825904846191e-01 0.000000000000000000e+00
8.890721797943115234e-01 9.587384462356567383e-01 9.800456166267395020e-01 9.906393885612487793e-01 9.922299981117248535e-01 0.000000000000000000e+00
9.131386280059814453e-01 9.704564213752746582e-01 9.827116131782531738e-01 9.884549379348754883e-01 9.907696247100830078e-01 0.000000000000000000e+00
8.915701508522033691e-01 9.594864249229431152e-01 9.685881733894348145e-01 9.847587347030639648e-01 9.904158711433410645e-01 0.000000000000000000e+00
3.957955241203308105e-01 4.759820401668548584e-01 4.876192212104797363e-01 4.570115208625793457e-01 4.515544772148132324e-01 0.000000000000000000e+00
4.068636596202850342e-01 4.698074162006378174e-01 5.111814141273498535e-01 5.419380664825439453e-01 5.427303314208984375e-01 0.000000000000000000e+00
3.754724562168121338e-01 4.361718595027923584e-01 4.835909903049468994e-01 5.069068670272827148e-01 4.880082309246063232e-01 0.000000000000000000e+00
4.092520475387573242e-01 4.439408779144287109e-01 4.520281553268432617e-01 4.595050513744354248e-01 4.860204160213470459e-01 0.000000000000000000e+00
3.521395921707153320e-01 4.178272783756256104e-01 4.591577649116516113e-01 5.096151828765869141e-01 5.435786247253417969e-01 0.000000000000000000e+00
2.774884998798370361e-01 3.741047978401184082e-01 4.075666964054107666e-01 4.112603962421417236e-01 4.359486997127532959e-01 0.000000000000000000e+00
3.998416662216186523e-01 4.634846746921539307e-01 4.637711942195892334e-01 4.250565767288208008e-01 3.833913803100585938e-01 0.000000000000000000e+00
5.668910741806030273e-01 7.843583226203918457e-01 8.818950653076171875e-01 8.759253025054931641e-01 8.714948892593383789e-01 0.000000000000000000e+00
4.836009442806243896e-01 7.008197903633117676e-01 7.904085516929626465e-01 7.678259611129760742e-01 7.972245216369628906e-01 0.000000000000000000e+00
6.371948719024658203e-01 8.417186141014099121e-01 8.884445428848266602e-01 8.916608095169067383e-01 8.984731435775756836e-01 0.000000000000000000e+00
5.581518411636352539e-01 8.160646557807922363e-01 9.033606648445129395e-01 8.675595521926879883e-01 9.180941581726074219e-01 0.000000000000000000e+00
2.975764274597167969e-01 5.991481542587280273e-01 7.226119041442871094e-01 8.088551163673400879e-01 8.037978410720825195e-01 0.000000000000000000e+00
1.733185946941375732e-01 2.541624903678894043e-01 2.807787656784057617e-01 3.073017895221710205e-01 4.521474838256835938e-01 0.000000000000000000e+00
2.730258703231811523e-01 3.979508876800537109e-01 4.389680922031402588e-01 4.129045307636260986e-01 4.882009625434875488e-01 0.000000000000000000e+00
1.775513291358947754e-01 4.681147336959838867e-01 5.162410140037536621e-01 5.360923409461975098e-01 5.332690477371215820e-01 0.000000000000000000e+00
1.859907209873199463e-01 2.967825829982757568e-01 3.642470538616180420e-01 3.909036219120025635e-01 3.805616796016693115e-01 0.000000000000000000e+00
2.567709982395172119e-01 4.399362504482269287e-01 4.659810662269592285e-01 4.860391616821289062e-01 4.738794565200805664e-01 0.000000000000000000e+00
1.689219027757644653e-01 2.806707620620727539e-01 2.485977709293365479e-01 2.598414123058319092e-01 4.676777124404907227e-01 0.000000000000000000e+00
-1.480451375246047974e-01 2.632709033787250519e-02 2.371551543474197388e-01 4.169806540012359619e-01 4.426125586032867432e-01 0.000000000000000000e+00
2.335565723478794098e-02 1.703213602304458618e-01 1.110094934701919556e-01 2.426981478929519653e-01 2.631435394287109375e-01 0.000000000000000000e+00
7.800254970788955688e-02 2.254686504602432251e-01 3.340328335762023926e-01 4.495269358158111572e-01 4.155760705471038818e-01 0.000000000000000000e+00
3.859969675540924072e-01 4.405834972858428955e-01 5.206618905067443848e-01 5.992873311042785645e-01 6.107573509216308594e-01 0.000000000000000000e+00
2.457810342311859131e-01 1.968897879123687744e-01 2.471310943365097046e-01 3.230038583278656006e-01 3.626754581928253174e-01 0.000000000000000000e+00
3.483715057373046875e-01 4.092617332935333252e-01 3.555816113948822021e-01 2.681035697460174561e-01 2.663316428661346436e-01 0.000000000000000000e+00
1.931436359882354736e-01 2.087024599313735962e-01 2.245405316352844238e-01 3.009145259857177734e-01 4.295559823513031006e-01 0.000000000000000000e+00
2.219994068145751953e-01 3.576577007770538330e-01 2.964847683906555176e-01 2.634886205196380615e-01 3.107604086399078369e-01 0.000000000000000000e+00
-1.023763343691825867e-01 1.308461725711822510e-01 3.035400807857513428e-01 1.966780424118041992e-01 2.046962976455688477e-01 0.000000000000000000e+00
-1.531217396259307861e-01 -1.468263864517211914e-01 -1.354991942644119263e-01 -1.397647410631179810e-01 -1.039126217365264893e-01 0.000000000000000000e+00
5.163111686706542969e-01 6.952164173126220703e-01 8.346405029296875000e-01 8.523807525634765625e-01 8.807444572448730469e-01 0.000000000000000000e+00
6.316754817962646484e-01 7.399183511734008789e-01 7.956569790840148926e-01 8.192232847213745117e-01 8.189663887023925781e-01 0.000000000000000000e+00
5.629022121429443359e-01 7.197350263595581055e-01 7.715907692909240723e-01 8.480590581893920898e-01 8.900252580642700195e-01 0.000000000000000000e+00
4.374101161956787109e-01 6.411877870559692383e-01 6.662710905075073242e-01 7.132035493850708008e-01 8.167443275451660156e-01 0.000000000000000000e+00
3.264326751232147217e-01 4.475634396076202393e-01 4.064717292785644531e-01 5.244965553283691406e-01 5.180774331092834473e-01 0.000000000000000000e+00
2.527050971984863281e-01 3.524552285671234131e-01 3.022049665451049805e-01 3.271659314632415771e-01 3.209725320339202881e-01 0.000000000000000000e+00
3.851377069950103760e-01 5.764428377151489258e-01 6.119529604911804199e-01 6.688010692596435547e-01 6.290259361267089844e-01 0.000000000000000000e+00
5.103175044059753418e-01 6.462045907974243164e-01 7.058110237121582031e-01 7.314060926437377930e-01 7.479562163352966309e-01 0.000000000000000000e+00
5.680481195449829102e-01 6.630904674530029297e-01 7.396802902221679688e-01 7.562375664710998535e-01 7.730199098587036133e-01 0.000000000000000000e+00
5.894545912742614746e-01 7.092748880386352539e-01 7.493855357170104980e-01 7.856752872467041016e-01 7.962775230407714844e-01 0.000000000000000000e+00
5.957989692687988281e-01 7.117421627044677734e-01 7.602838277816772461e-01 7.935774922370910645e-01 8.068882226943969727e-01 0.000000000000000000e+00
5.983021259307861328e-01 7.160831689834594727e-01 7.779625058174133301e-01 8.185675144195556641e-01 8.321619629859924316e-01 0.000000000000000000e+00
6.300679445266723633e-01 7.453776001930236816e-01 7.979417443275451660e-01 8.249974846839904785e-01 8.336971402168273926e-01 0.000000000000000000e+00
6.149216890335083008e-01 7.284856438636779785e-01 7.909784913063049316e-01 8.092105984687805176e-01 8.253045678138732910e-01 0.000000000000000000e+00
7.613906264305114746e-02 2.704641222953796387e-01 4.344212412834167480e-01 6.488748192787170410e-01 6.550723314285278320e-01 0.000000000000000000e+00
-9.304872900247573853e-02 1.056992337107658386e-01 1.125395670533180237e-01 2.609656453132629395e-01 2.252665907144546509e-01 0.000000000000000000e+00
2.213853895664215088e-01 2.878252565860748291e-01 1.089546158909797668e-01 -3.718817140907049179e-03 2.346106767654418945e-01 0.000000000000000000e+00
5.406841635704040527e-01 7.532981634140014648e-01 8.649674654006958008e-01 9.145581126213073730e-01 9.159458279609680176e-01 0.000000000000000000e+00
1.872557997703552246e-01 3.778091669082641602e-01 6.648966073989868164e-01 7.560665607452392578e-01 7.519097328186035156e-01 0.000000000000000000e+00
1.672729253768920898e-01 4.370858669281005859e-01 4.298610985279083252e-01 4.645268917083740234e-01 5.806224346160888672e-01 0.000000000000000000e+00
6.539782881736755371e-01 7.505144476890563965e-01 7.178437113761901855e-01 6.437482833862304688e-01 6.576646566390991211e-01 0.000000000000000000e+00
1.216630414128303528e-01 3.123809695243835449e-01 2.157048285007476807e-01 2.428547143936157227e-01 1.138907000422477722e-01 1.000000000000000000e+00
3.325944393873214722e-02 5.284222960472106934e-02 3.462767004966735840e-01 4.016336500644683838e-01 5.224052071571350098e-01 2.000000000000000000e+00
1.216630414128303528e-01 3.123809695243835449e-01 2.157048285007476807e-01 2.428547143936157227e-01 1.138907000422477722e-01 1.000000000000000000e+00
3.325944393873214722e-02 5.284222960472106934e-02 3.462767004966735840e-01 4.016336500644683838e-01 5.224052071571350098e-01 2.000000000000000000e+00
1.216630414128303528e-01 3.123809695243835449e-01 2.157048285007476807e-01 2.428547143936157227e-01 1.138907000422477722e-01 1.000000000000000000e+00
3.325944393873214722e-02 5.284222960472106934e-02 3.462767004966735840e-01 4.016336500644683838e-01 5.224052071571350098e-01 2.000000000000000000e+00
1.216630414128303528e-01 3.123809695243835449e-01 2.157048285007476807e-01 2.428547143936157227e-01 1.138907000422477722e-01 1.000000000000000000e+00
3.325944393873214722e-02 5.284222960472106934e-02 3.462767004966735840e-01 4.016336500644683838e-01 5.224052071571350098e-01 2.000000000000000000e+00
1.216630414128303528e-01 3.123809695243835449e-01 2.157048285007476807e-01 2.428547143936157227e-01 1.138907000422477722e-01 1.000000000000000000e+00
3.325944393873214722e-02 5.284222960472106934e-02 3.462767004966735840e-01 4.016336500644683838e-01 5.224052071571350098e-01 2.000000000000000000e+00
1.216630414128303528e-01 3.123809695243835449e-01 2.157048285007476807e-01 2.428547143936157227e-01 1.138907000422477722e-01 1.000000000000000000e+00
3.325944393873214722e-02 5.284222960472106934e-02 3.462767004966735840e-01 4.016336500644683838e-01 5.224052071571350098e-01 2.000000000000000000e+00
1.216630414128303528e-01 3.123809695243835449e-01 2.157048285007476807e-01 2.428547143936157227e-01 1.138907000422477722e-01 1.000000000000000000e+00
3.325944393873214722e-02 5.284222960472106934e-02 3.462767004966735840e-01 4.016336500644683838e-01 5.224052071571350098e-01 2.000000000000000000e+00
1.216630414128303528e-01 3.123809695243835449e-01 2.157048285007476807e-01 2.428547143936157227e-01 1.138907000422477722e-01 1.000000000000000000e+00
3.325944393873214722e-02 5.284222960472106934e-02 3.462767004966735840e-01 4.016336500644683838e-01 5.224052071571350098e-01 2.000000000000000000e+00
1.216630414128303528e-01 3.123809695243835449e-01 2.157048285007476807e-01 2.428547143936157227e-01 1.138907000422477722e-01 1.000000000000000000e+00
3.325944393873214722e-02 5.284222960472106934e-02 3.462767004966735840e-01 4.016336500644683838e-01 5.224052071571350098e-01 2.000000000000000000e+00
1.216630414128303528e-01 3.123809695243835449e-01 2.157048285007476807e-01 2.428547143936157227e-01 1.138907000422477722e-01 1.000000000000000000e+00
3.325944393873214722e-02 5.284222960472106934e-02 3.462767004966735840e-01 4.016336500644683838e-01 5.224052071571350098e-01 2.000000000000000000e+00
3.999214172363281250e-01 4.464906156063079834e-01 5.083710551261901855e-01 5.030553340911865234e-01 5.422420501708984375e-01 0.000000000000000000e+00
3.614019155502319336e-01 3.871436417102813721e-01 4.487383067607879639e-01 4.417094588279724121e-01 4.926545023918151855e-01 0.000000000000000000e+00
3.681627213954925537e-01 4.038775861263275146e-01 4.536965191364288330e-01 4.614470005035400391e-01 4.978747367858886719e-01 0.000000000000000000e+00
3.325416445732116699e-01 3.500344753265380859e-01 3.694030642509460449e-01 4.585686922073364258e-01 4.943354725837707520e-01 0.000000000000000000e+00
3.372724652290344238e-01 3.702266812324523926e-01 3.060927093029022217e-01 2.256277352571487427e-01 2.350618392229080200e-01 0.000000000000000000e+00
4.298728406429290771e-01 4.690515697002410889e-01 4.752712845802307129e-01 4.876825809478759766e-01 4.794631302356719971e-01 0.000000000000000000e+00
3.333199024200439453e-01 4.554412662982940674e-01 5.752918720245361328e-01 5.677375793457031250e-01 5.956136584281921387e-01 0.000000000000000000e+00
4.632152616977691650e-01 6.398229002952575684e-01 7.419474124908447266e-01 7.758100032806396484e-01 7.453224658966064453e-01 0.000000000000000000e+00
4.600360691547393799e-01 6.014201045036315918e-01 6.515998840332031250e-01 7.010631561279296875e-01 6.885783672332763672e-01 0.000000000000000000e+00
3.138062059879302979e-01 4.569566845893859863e-01 5.565164089202880859e-01 6.262044906616210938e-01 6.653676629066467285e-01 0.000000000000000000e+00
4.303504526615142822e-02 1.680876314640045166e-01 1.699201464653015137e-01 2.768810093402862549e-01 3.071879446506500244e-01 0.000000000000000000e+00
2.012361586093902588e-01 3.144421875476837158e-01 3.050086796283721924e-01 3.331918418407440186e-01 3.071637153625488281e-01 0.000000000000000000e+00
6.391739100217819214e-02 9.807047247886657715e-02 2.165837883949279785e-01 1.273985654115676880e-01 3.108087778091430664e-01 0.000000000000000000e+00
-8.648633956909179688e-05 1.556609570980072021e-01 2.785785794258117676e-01 1.978962868452072144e-01 1.010715812444686890e-01 0.000000000000000000e+00
5.121303796768188477e-01 6.915212273597717285e-01 5.687684416770935059e-01 5.833457708358764648e-01 5.654685497283935547e-01 0.000000000000000000e+00
5.018485188484191895e-01 5.651856064796447754e-01 5.938028097152709961e-01 7.102630138397216797e-01 7.548782229423522949e-01 0.000000000000000000e+00
4.505326449871063232e-01 5.397518873214721680e-01 5.480644702911376953e-01 6.094591617584228516e-01 5.970856547355651855e-01 0.000000000000000000e+00
3.656825423240661621e-01 4.773138463497161865e-01 4.881298840045928955e-01 5.292129516601562500e-01 6.094349622726440430e-01 0.000000000000000000e+00
4.131507575511932373e-01 5.109041333198547363e-01 5.705068111419677734e-01 5.249120593070983887e-01 5.123016238212585449e-01 0.000000000000000000e+00
4.737921357154846191e-01 5.626795887947082520e-01 6.133814454078674316e-01 6.830527186393737793e-01 6.461357474327087402e-01 0.000000000000000000e+00
6.190261840820312500e-01 6.891968250274658203e-01 7.130851149559020996e-01 7.108159661293029785e-01 6.814504861831665039e-01 0.000000000000000000e+00
8.420497179031372070e-02 3.674048483371734619e-01 4.605670273303985596e-01 5.930451154708862305e-01 6.765625476837158203e-01 0.000000000000000000e+00
2.105993926525115967e-01 5.035571455955505371e-01 6.441779136657714844e-01 6.570927500724792480e-01 5.804982185363769531e-01 0.000000000000000000e+00
4.785989224910736084e-01 6.574144363403320312e-01 7.386507987976074219e-01 7.822539210319519043e-01 8.106405735015869141e-01 0.000000000000000000e+00
5.354704260826110840e-01 7.060730457305908203e-01 7.507742643356323242e-01 8.354229927062988281e-01 8.493626117706298828e-01 0.000000000000000000e+00
4.478050470352172852e-01 6.235978603363037109e-01 7.097875475883483887e-01 7.652638554573059082e-01 7.950739860534667969e-01 0.000000000000000000e+00
3.819744288921356201e-01 5.369383096694946289e-01 5.973787307739257812e-01 6.793090105056762695e-01 7.066342234611511230e-01 0.000000000000000000e+00
3.210632205009460449e-01 5.386879444122314453e-01 6.293833851814270020e-01 7.046368718147277832e-01 7.125025987625122070e-01 0.000000000000000000e+00
8.882181346416473389e-02 1.920055896043777466e-01 3.304290771484375000e-01 3.038634955883026123e-01 3.070167005062103271e-01 0.000000000000000000e+00
1.195749863982200623e-01 1.993322670459747314e-01 2.583723664283752441e-01 3.357804715633392334e-01 2.804352343082427979e-01 0.000000000000000000e+00
2.943641878664493561e-02 2.225932776927947998e-01 2.401369214057922363e-01 2.721465229988098145e-01 3.037184476852416992e-01 0.000000000000000000e+00
2.391989082098007202e-01 3.551886379718780518e-01 3.893566429615020752e-01 4.110694825649261475e-01 3.328800499439239502e-01 0.000000000000000000e+00
2.327336817979812622e-01 4.217697978019714355e-01 4.913797676563262939e-01 4.981247484683990479e-01 5.403611660003662109e-01 0.000000000000000000e+00
3.519929647445678711e-01 4.759579300880432129e-01 5.390041470527648926e-01 5.581570267677307129e-01 5.382852554321289062e-01 0.000000000000000000e+00
2.664021253585815430e-01 3.808985650539398193e-01 4.815278053283691406e-01 5.623781681060791016e-01 5.405921936035156250e-01 0.000000000000000000e+00
9.308181703090667725e-02 3.966343402862548828e-01 4.364084005355834961e-01 3.231028616428375244e-01 3.799383342266082764e-01 1.000000000000000000e+00
1.728801876306533813e-01 2.801989614963531494e-01 3.241938650608062744e-01 3.514863550662994385e-01 3.941101133823394775e-01 2.000000000000000000e+00
9.308181703090667725e-02 3.966343402862548828e-01 4.364084005355834961e-01 3.231028616428375244e-01 3.799383342266082764e-01 1.000000000000000000e+00
1.728801876306533813e-01 2.801989614963531494e-01 3.241938650608062744e-01 3.514863550662994385e-01 3.941101133823394775e-01 2.000000000000000000e+00
9.308181703090667725e-02 3.966343402862548828e-01 4.364084005355834961e-01 3.231028616428375244e-01 3.799383342266082764e-01 1.000000000000000000e+00
1.728801876306533813e-01 2.801989614963531494e-01 3.241938650608062744e-01 3.514863550662994385e-01 3.941101133823394775e-01 2.000000000000000000e+00
9.308181703090667725e-02 3.966343402862548828e-01 4.364084005355834961e-01 3.231028616428375244e-01 3.799383342266082764e-01 1.000000000000000000e+00
1.728801876306533813e-01 2.801989614963531494e-01 3.241938650608062744e-01 3.514863550662994385e-01 3.941101133823394775e-01 2.000000000000000000e+00
9.308181703090667725e-02 3.966343402862548828e-01 4.364084005355834961e-01 3.231028616428375244e-01 3.799383342266082764e-01 1.000000000000000000e+00
1.728801876306533813e-01 2.801989614963531494e-01 3.241938650608062744e-01 3.514863550662994385e-01 3.941101133823394775e-01 2.000000000000000000e+00
9.308181703090667725e-02 3.966343402862548828e-01 4.364084005355834961e-01 3.231028616428375244e-01 3.799383342266082764e-01 1.000000000000000000e+00
1.728801876306533813e-01 2.801989614963531494e-01 3.241938650608062744e-01 3.514863550662994385e-01 3.941101133823394775e-01 2.000000000000000000e+00
9.308181703090667725e-02 3.966343402862548828e-01 4.364084005355834961e-01 3.231028616428375244e-01 3.799383342266082764e-01 1.000000000000000000e+00
1.728801876306533813e-01 2.801989614963531494e-01 3.241938650608062744e-01 3.514863550662994385e-01 3.941101133823394775e-01 2.000000000000000000e+00
9.308181703090667725e-02 3.966343402862548828e-01 4.364084005355834961e-01 3.231028616428375244e-01 3.799383342266082764e-01 1.000000000000000000e+00
1.728801876306533813e-01 2.801989614963531494e-01 3.241938650608062744e-01 3.514863550662994385e-01 3.941101133823394775e-01 2.000000000000000000e+00
9.308181703090667725e-02 3.966343402862548828e-01 4.364084005355834961e-01 3.231028616428375244e-01 3.799383342266082764e-01 1.000000000000000000e+00
1.728801876306533813e-01 2.801989614963531494e-01 3.241938650608062744e-01 3.514863550662994385e-01 3.941101133823394775e-01 2.000000000000000000e+00
9.308181703090667725e-02 3.966343402862548828e-01 4.364084005355834961e-01 3.231028616428375244e-01 3.799383342266082764e-01 1.000000000000000000e+00
1.728801876306533813e-01 2.801989614963531494e-01 3.241938650608062744e-01 3.514863550662994385e-01 3.941101133823394775e-01 2.000000000000000000e+00
4.064826667308807373e-01 4.575464725494384766e-01 5.288007259368896484e-01 5.778076648712158203e-01 5.537943243980407715e-01 0.000000000000000000e+00
2.878628373146057129e-01 3.167830705642700195e-01 3.756294548511505127e-01 4.639646112918853760e-01 5.495957136154174805e-01 0.000000000000000000e+00
6.599345803260803223e-02 -3.902814164757728577e-02 -4.393386095762252808e-02 1.548765040934085846e-02 1.447101235389709473e-01 0.000000000000000000e+00
-1.510113943368196487e-02 5.340463295578956604e-02 2.998524010181427002e-01 3.037038743495941162e-01 2.631202340126037598e-01 0.000000000000000000e+00
-1.022356525063514709e-01 6.614236533641815186e-02 2.000290453433990479e-01 1.798231005668640137e-01 1.738672405481338501e-01 0.000000000000000000e+00
-6.715958565473556519e-02 -2.849660255014896393e-02 7.739510387182235718e-03 7.476145029067993164e-02 7.622112333774566650e-02 0.000000000000000000e+00
-1.290588527917861938e-01 -1.318841427564620972e-01 -1.218055337667465210e-01 -7.975578308105468750e-02 1.788911782205104828e-02 0.000000000000000000e+00
2.516568303108215332e-01 1.823378205299377441e-01 3.455804288387298584e-01 3.684550225734710693e-01 3.985563814640045166e-01 0.000000000000000000e+00
-1.046271324157714844e-01 -9.207139164209365845e-02 -9.646900743246078491e-02 2.582430280745029449e-02 1.484821289777755737e-01 0.000000000000000000e+00
-1.517203748226165771e-01 -1.467724889516830444e-01 -1.439277529716491699e-01 -1.346825063228607178e-01 -1.199445351958274841e-01 0.000000000000000000e+00
3.618906140327453613e-01 3.981083035469055176e-01 5.187304615974426270e-01 5.299819707870483398e-01 3.718489408493041992e-01 0.000000000000000000e+00
4.870658814907073975e-01 6.564182043075561523e-01 6.943033933639526367e-01 7.487497925758361816e-01 6.938936710357666016e-01 0.000000000000000000e+00
4.205442965030670166e-01 4.729195535182952881e-01 5.112360715866088867e-01 5.074293613433837891e-01 4.543969035148620605e-01 1.000000000000000000e+00
4.466949403285980225e-01 4.659554958343505859e-01 4.951108694076538086e-01 5.863233208656311035e-01 6.358795166015625000e-01 2.000000000000000000e+00
4.205442965030670166e-01 4.729195535182952881e-01 5.112360715866088867e-01 5.074293613433837891e-01 4.543969035148620605e-01 1.000000000000000000e+00
4.466949403285980225e-01 4.659554958343505859e-01 4.951108694076538086e-01 5.863233208656311035e-01 6.358795166015625000e-01 2.000000000000000000e+00
4.205442965030670166e-01 4.729195535182952881e-01 5.112360715866088867e-01 5.074293613433837891e-01 4.543969035148620605e-01 1.000000000000000000e+00
4.466949403285980225e-01 4.659554958343505859e-01 4.951108694076538086e-01 5.863233208656311035e-01 6.358795166015625000e-01 2.000000000000000000e+00
4.205442965030670166e-01 4.729195535182952881e-01 5.112360715866088867e-01 5.074293613433837891e-01 4.543969035148620605e-01 1.000000000000000000e+00
4.466949403285980225e-01 4.659554958343505859e-01 4.951108694076538086e-01 5.863233208656311035e-01 6.358795166015625000e-01 2.000000000000000000e+00
4.205442965030670166e-01 4.729195535182952881e-01 5.112360715866088867e-01 5.074293613433837891e-01 4.543969035148620605e-01 1.000000000000000000e+00
4.466949403285980225e-01 4.659554958343505859e-01 4.951108694076538086e-01 5.863233208656311035e-01 6.358795166015625000e-01 2.000000000000000000e+00
4.205442965030670166e-01 4.729195535182952881e-01 5.112360715866088867e-01 5.074293613433837891e-01 4.543969035148620605e-01 1.000000000000000000e+00
4.466949403285980225e-01 4.659554958343505859e-01 4.951108694076538086e-01 5.863233208656311035e-01 6.358795166015625000e-01 2.000000000000000000e+00
4.205442965030670166e-01 4.729195535182952881e-01 5.112360715866088867e-01 5.074293613433837891e-01 4.543969035148620605e-01 1.000000000000000000e+00
4.466949403285980225e-01 4.659554958343505859e-01 4.951108694076538086e-01 5.863233208656311035e-01 6.358795166015625000e-01 2.000000000000000000e+00
4.205442965030670166e-01 4.729195535182952881e-01 5.112360715866088867e-01 5.074293613433837891e-01 4.543969035148620605e-01 1.000000000000000000e+00
4.466949403285980225e-01 4.659554958343505859e-01 4.951108694076538086e-01 5.863233208656311035e-01 6.358795166015625000e-01 2.000000000000000000e+00
4.205442965030670166e-01 4.729195535182952881e-01 5.112360715866088867e-01 5.074293613433837891e-01 4.543969035148620605e-01 1.000000000000000000e+00
4.466949403285980225e-01 4.659554958343505859e-01 4.951108694076538086e-01 5.863233208656311035e-01 6.358795166015625000e-01 2.000000000000000000e+00
4.205442965030670166e-01 4.729195535182952881e-01 5.112360715866088867e-01 5.074293613433837891e-01 4.543969035148620605e-01 1.000000000000000000e+00
4.466949403285980225e-01 4.659554958343505859e-01 4.951108694076538086e-01 5.863233208656311035e-01 6.358795166015625000e-01 2.000000000000000000e+00
1.571868658065795898e-01 2.431477904319763184e-01 3.124673664569854736e-01 4.252663254737854004e-01 4.371745288372039795e-01 0.000000000000000000e+00
3.620392829179763794e-02 2.311367988586425781e-01 3.179125785827636719e-01 2.614201009273529053e-01 3.477552235126495361e-01 0.000000000000000000e+00
2.628989219665527344e-01 1.925934106111526489e-01 1.714881658554077148e-01 2.158573865890502930e-01 2.925823330879211426e-01 0.000000000000000000e+00
3.860448300838470459e-01 4.447347819805145264e-01 4.581408500671386719e-01 4.700081348419189453e-01 3.961881101131439209e-01 0.000000000000000000e+00
4.256204962730407715e-01 5.352955460548400879e-01 6.003181934356689453e-01 5.850448608398437500e-01 5.872356295585632324e-01 0.000000000000000000e+00
-3.866689279675483704e-02 3.938127309083938599e-03 1.410729140043258667e-01 2.046846784651279449e-02 -1.410552859306335449e-01 1.000000000000000000e+00
1.481216251850128174e-01 2.887895703315734863e-01 3.617096543312072754e-01 3.508170247077941895e-01 3.552587628364562988e-01 2.000000000000000000e+00
-3.866689279675483704e-02 3.938127309083938599e-03 1.410729140043258667e-01 2.046846784651279449e-02 -1.410552859306335449e-01 1.000000000000000000e+00
1.481216251850128174e-01 2.887895703315734863e-01 3.617096543312072754e-01 3.508170247077941895e-01 3.552587628364562988e-01 2.000000000000000000e+00
-3.866689279675483704e-02 3.938127309083938599e-03 1.410729140043258667e-01 2.046846784651279449e-02 -1.410552859306335449e-01 1.000000000000000000e+00
1.481216251850128174e-01 2.887895703315734863e-01 3.617096543312072754e-01 3.508170247077941895e-01 3.552587628364562988e-01 2.000000000000000000e+00
-3.866689279675483704e-02 3.938127309083938599e-03 1.410729140043258667e-01 2.046846784651279449e-02 -1.410552859306335449e-01 1.000000000000000000e+00
1.481216251850128174e-01 2.887895703315734863e-01 3.617096543312072754e-01 3.508170247077941895e-01 3.552587628364562988e-01 2.000000000000000000e+00
-3.866689279675483704e-02 3.938127309083938599e-03 1.410729140043258667e-01 2.046846784651279449e-02 -1.410552859306335449e-01 1.000000000000000000e+00
1.481216251850128174e-01 2.887895703315734863e-01 3.617096543312072754e-01 3.508170247077941895e-01 3.552587628364562988e-01 2.000000000000000000e+00
-3.866689279675483704e-02 3.938127309083938599e-03 1.410729140043258667e-01 2.046846784651279449e-02 -1.410552859306335449e-01 1.000000000000000000e+00
1.481216251850128174e-01 2.887895703315734863e-01 3.617096543312072754e-01 3.508170247077941895e-01 3.552587628364562988e-01 2.000000000000000000e+00
-3.866689279675483704e-02 3.938127309083938599e-03 1.410729140043258667e-01 2.046846784651279449e-02 -1.410552859306335449e-01 1.000000000000000000e+00
1.481216251850128174e-01 2.887895703315734863e-01 3.617096543312072754e-01 3.508170247077941895e-01 3.552587628364562988e-01 2.000000000000000000e+00
-3.866689279675483704e-02 3.938127309083938599e-03 1.410729140043258667e-01 2.046846784651279449e-02 -1.410552859306335449e-01 1.000000000000000000e+00
1.481216251850128174e-01 2.887895703315734863e-01 3.617096543312072754e-01 3.508170247077941895e-01 3.552587628364562988e-01 2.000000000000000000e+00
-3.866689279675483704e-02 3.938127309083938599e-03 1.410729140043258667e-01 2.046846784651279449e-02 -1.410552859306335449e-01 1.000000000000000000e+00
1.481216251850128174e-01 2.887895703315734863e-01 3.617096543312072754e-01 3.508170247077941895e-01 3.552587628364562988e-01 2.000000000000000000e+00
-3.866689279675483704e-02 3.938127309083938599e-03 1.410729140043258667e-01 2.046846784651279449e-02 -1.410552859306335449e-01 1.000000000000000000e+00
1.481216251850128174e-01 2.887895703315734863e-01 3.617096543312072754e-01 3.508170247077941895e-01 3.552587628364562988e-01 2.000000000000000000e+00
-6.745368242263793945e-02 -7.762325555086135864e-02 -7.703773677349090576e-02 -7.784612476825714111e-02 -7.099621742963790894e-02 0.000000000000000000e+00
-1.000090762972831726e-01 -1.155256256461143494e-01 -1.085090637207031250e-01 -1.012166962027549744e-01 -9.245771914720535278e-02 0.000000000000000000e+00
-5.326225236058235168e-02 -1.180162131786346436e-01 -1.139684766530990601e-01 -1.065460890531539917e-01 -9.968445450067520142e-02 0.000000000000000000e+00
6.114058569073677063e-02 -8.143745362758636475e-02 -9.366089850664138794e-02 -1.109382137656211853e-01 -1.149833723902702332e-01 0.000000000000000000e+00
-1.087960898876190186e-01 -1.173320487141609192e-01 -1.206362992525100708e-01 -1.247636526823043823e-01 -1.279159635305404663e-01 0.000000000000000000e+00
-9.370392560958862305e-02 -9.719644673168659210e-03 1.190522164106369019e-01 -4.322730749845504761e-02 6.989708170294761658e-03 0.000000000000000000e+00
-7.107745110988616943e-02 -1.149670314043760300e-02 1.580207236111164093e-02 7.076828181743621826e-02 -9.385463595390319824e-02 0.000000000000000000e+00
2.471881508827209473e-01 2.588499188423156738e-01 2.517494261264801025e-01 1.978624016046524048e-01 2.131194621324539185e-01 0.000000000000000000e+00
2.563759684562683105e-01 2.629018127918243408e-01 2.488797307014465332e-01 2.596642971038818359e-01 2.507802546024322510e-01 0.000000000000000000e+00
-5.432939901947975159e-02 -5.255642533302307129e-02 -1.903286203742027283e-02 9.968437999486923218e-02 2.226305752992630005e-01 0.000000000000000000e+00
-8.166722953319549561e-02 -8.364000916481018066e-02 -8.335399627685546875e-02 -8.211289346218109131e-02 -8.323312550783157349e-02 0.000000000000000000e+00
-7.978597283363342285e-02 -8.572492748498916626e-02 -8.410900831222534180e-02 -8.088302612304687500e-02 -7.176376879215240479e-02 0.000000000000000000e+00
-9.795285016298294067e-02 -1.067709848284721375e-01 -1.072238907217979431e-01 -1.030281558632850647e-01 -9.722963720560073853e-02 0.000000000000000000e+00
1.548849344253540039e-01 8.582606911659240723e-02 -5.523536726832389832e-02 -9.068033844232559204e-02 -1.057927682995796204e-01 0.000000000000000000e+00
7.583776116371154785e-01 8.670610189437866211e-01 9.285231828689575195e-01 9.091894626617431641e-01 9.085359573364257812e-01 0.000000000000000000e+00
7.845039367675781250e-01 8.928422331809997559e-01 9.248750805854797363e-01 9.166166186332702637e-01 9.304836988449096680e-01 0.000000000000000000e+00
8.204991817474365234e-01 8.792021274566650391e-01 9.310761690139770508e-01 9.388298392295837402e-01 9.380161166191101074e-01 0.000000000000000000e+00
7.926923036575317383e-01 8.844440579414367676e-01 9.286077618598937988e-01 9.353640079498291016e-01 9.484226107597351074e-01 0.000000000000000000e+00
8.949794769287109375e-01 9.503315687179565430e-01 9.465600252151489258e-01 9.473844766616821289e-01 9.440632462501525879e-01 0.000000000000000000e+00
8.635867834091186523e-01 9.509483575820922852e-01 9.709458947181701660e-01 9.873582124710083008e-01 9.879406094551086426e-01 0.000000000000000000e+00
7.602270841598510742e-01 9.269618988037109375e-01 9.526448845863342285e-01 9.670208692550659180e-01 9.703480005264282227e-01 0.000000000000000000e+00
4.453154206275939941e-01 6.220324635505676270e-01 6.843608617782592773e-01 7.105017900466918945e-01 6.548484563827514648e-01 0.000000000000000000e+00
5.050533413887023926e-01 6.180914640426635742e-01 7.216976284980773926e-01 7.360303401947021484e-01 7.773647308349609375e-01 0.000000000000000000e+00
4.977514743804931641e-01 6.687785387039184570e-01 6.552415490150451660e-01 7.046822309494018555e-01 7.309093475341796875e-01 0.000000000000000000e+00
5.304808020591735840e-01 6.525995731353759766e-01 6.765450239181518555e-01 6.642894148826599121e-01 7.079982757568359375e-01 0.000000000000000000e+00
4.035138487815856934e-01 5.237431526184082031e-01 5.574098229408264160e-01 6.185942292213439941e-01 6.458677053451538086e-01 0.000000000000000000e+00
4.468449354171752930e-01 5.023477077484130859e-01 5.980651378631591797e-01 6.350711584091186523e-01 6.499332785606384277e-01 0.000000000000000000e+00
4.034213721752166748e-01 5.287124514579772949e-01 5.461146831512451172e-01 6.091651916503906250e-01 6.375881433486938477e-01 0.000000000000000000e+00
-1.424298733472824097e-01 -1.384974718093872070e-01 -1.107011511921882629e-01 -1.013769358396530151e-01 -1.234886199235916138e-01 0.000000000000000000e+00
-1.345614939928054810e-01 -1.328010559082031250e-01 -1.377134472131729126e-01 -1.328579783439636230e-01 -1.328617483377456665e-01 0.000000000000000000e+00
-1.208238899707794189e-01 -3.067266009747982025e-02 1.555404514074325562e-01 2.931119799613952637e-01 2.449399977922439575e-01 0.000000000000000000e+00
-1.098754331469535828e-01 1.169864609837532043e-01 9.853020310401916504e-02 1.863513886928558350e-01 2.497299909591674805e-01 0.000000000000000000e+00
-8.292648941278457642e-02 -1.054712533950805664e-01 -1.118165254592895508e-01 -1.069878339767456055e-01 4.459806159138679504e-02 0.000000000000000000e+00
1.574050635099411011e-01 2.052007019519805908e-01 5.513656139373779297e-02 -1.069776117801666260e-01 -8.632126450538635254e-02 0.000000000000000000e+00
1.581951230764389038e-01 1.122396737337112427e-01 5.041966214776039124e-02 1.139518246054649353e-01 1.939389407634735107e-01 0.000000000000000000e+00
-1.379041522741317749e-01 -1.375419646501541138e-01 -1.379608511924743652e-01 -1.381607800722122192e-01 -1.396051198244094849e-01 0.000000000000000000e+00
-8.579836785793304443e-02 -5.781999602913856506e-02 3.003138303756713867e-02 -1.039265543222427368e-01 -1.129812598228454590e-01 0.000000000000000000e+00
-7.648420333862304688e-02 -1.062394604086875916e-01 -9.593629091978073120e-02 1.798958182334899902e-01 1.826841831207275391e-01 0.000000000000000000e+00
7.841474562883377075e-02 3.298209011554718018e-01 4.009696543216705322e-01 4.877637028694152832e-01 3.624434769153594971e-01 0.000000000000000000e+00
1.767354086041450500e-02 -1.187546178698539734e-01 -1.194327324628829956e-01 -1.195011809468269348e-01 -1.187445372343063354e-01 0.000000000000000000e+00
4.530812799930572510e-01 4.325336217880249023e-01 4.983817040920257568e-01 5.152022242546081543e-01 1.904945075511932373e-01 0.000000000000000000e+00
-1.430239081382751465e-01 -1.455601304769515991e-01 -1.441660970449447632e-01 -1.428748965263366699e-01 -1.448794454336166382e-01 1.000000000000000000e+00
-1.384145468473434448e-01 -1.390143334865570068e-01 -1.418696939945220947e-01 -1.425044238567352295e-01 -1.405979543924331665e-01 2.000000000000000000e+00
-1.430239081382751465e-01 -1.455601304769515991e-01 -1.441660970449447632e-01 -1.428748965263366699e-01 -1.448794454336166382e-01 1.000000000000000000e+00
-1.384145468473434448e-01 -1.390143334865570068e-01 -1.418696939945220947e-01 -1.425044238567352295e-01 -1.405979543924331665e-01 2.000000000000000000e+00
-1.430239081382751465e-01 -1.455601304769515991e-01 -1.441660970449447632e-01 -1.428748965263366699e-01 -1.448794454336166382e-01 1.000000000000000000e+00
-1.384145468473434448e-01 -1.390143334865570068e-01 -1.418696939945220947e-01 -1.425044238567352295e-01 -1.405979543924331665e-01 2.000000000000000000e+00
-1.430239081382751465e-01 -1.455601304769515991e-01 -1.441660970449447632e-01 -1.428748965263366699e-01 -1.448794454336166382e-01 1.000000000000000000e+00
-1.384145468473434448e-01 -1.390143334865570068e-01 -1.418696939945220947e-01 -1.425044238567352295e-01 -1.405979543924331665e-01 2.000000000000000000e+00
-1.430239081382751465e-01 -1.455601304769515991e-01 -1.441660970449447632e-01 -1.428748965263366699e-01 -1.448794454336166382e-01 1.000000000000000000e+00
-1.384145468473434448e-01 -1.390143334865570068e-01 -1.418696939945220947e-01 -1.425044238567352295e-01 -1.405979543924331665e-01 2.000000000000000000e+00
-1.430239081382751465e-01 -1.455601304769515991e-01 -1.441660970449447632e-01 -1.428748965263366699e-01 -1.448794454336166382e-01 1.000000000000000000e+00
-1.384145468473434448e-01 -1.390143334865570068e-01 -1.418696939945220947e-01 -1.425044238567352295e-01 -1.405979543924331665e-01 2.000000000000000000e+00
-1.430239081382751465e-01 -1.455601304769515991e-01 -1.441660970449447632e-01 -1.428748965263366699e-01 -1.448794454336166382e-01 1.000000000000000000e+00
-1.384145468473434448e-01 -1.390143334865570068e-01 -1.418696939945220947e-01 -1.425044238567352295e-01 -1.405979543924331665e-01 2.000000000000000000e+00
-1.430239081382751465e-01 -1.455601304769515991e-01 -1.441660970449447632e-01 -1.428748965263366699e-01 -1.448794454336166382e-01 1.000000000000000000e+00
-1.384145468473434448e-01 -1.390143334865570068e-01 -1.418696939945220947e-01 -1.425044238567352295e-01 -1.405979543924331665e-01 2.000000000000000000e+00
-1.430239081382751465e-01 -1.455601304769515991e-01 -1.441660970449447632e-01 -1.428748965263366699e-01 -1.448794454336166382e-01 1.000000000000000000e+00
-1.384145468473434448e-01 -1.390143334865570068e-01 -1.418696939945220947e-01 -1.425044238567352295e-01 -1.405979543924331665e-01 2.000000000000000000e+00
-1.430239081382751465e-01 -1.455601304769515991e-01 -1.441660970449447632e-01 -1.428748965263366699e-01 -1.448794454336166382e-01 1.000000000000000000e+00
-1.384145468473434448e-01 -1.390143334865570068e-01 -1.418696939945220947e-01 -1.425044238567352295e-01 -1.405979543924331665e-01 2.000000000000000000e+00
4.274553358554840088e-01 5.200386643409729004e-01 5.398578643798828125e-01 5.743911266326904297e-01 5.745628476142883301e-01 0.000000000000000000e+00
4.286568462848663330e-01 4.938308596611022949e-01 5.544136762619018555e-01 5.858315229415893555e-01 6.006816625595092773e-01 0.000000000000000000e+00
4.899068474769592285e-01 5.723874568939208984e-01 6.283265352249145508e-01 6.172690391540527344e-01 6.201905012130737305e-01 0.000000000000000000e+00
4.527341723442077637e-01 5.202034115791320801e-01 5.662779211997985840e-01 6.200338602066040039e-01 6.478983163833618164e-01 0.000000000000000000e+00
4.116082191467285156e-01 5.012642145156860352e-01 5.206644535064697266e-01 5.621531009674072266e-01 5.557386875152587891e-01 0.000000000000000000e+00
4.483982324600219727e-01 5.309234261512756348e-01 5.552924275398254395e-01 5.941636562347412109e-01 5.974527597427368164e-01 0.000000000000000000e+00
2.897368967533111572e-01 4.957869052886962891e-01 6.292847990989685059e-01 6.501532793045043945e-01 6.298624277114868164e-01 0.000000000000000000e+00
6.210873723030090332e-01 7.499339580535888672e-01 8.462013602256774902e-01 8.738741278648376465e-01 8.946378827095031738e-01 0.000000000000000000e+00
4.779461920261383057e-01 7.402039766311645508e-01 8.297640681266784668e-01 8.384324312210083008e-01 8.378903269767761230e-01 0.000000000000000000e+00
6.231828927993774414e-01 7.228406667709350586e-01 8.674799799919128418e-01 9.069059491157531738e-01 9.146198630332946777e-01 0.000000000000000000e+00
3.239439725875854492e-01 4.107801318168640137e-01 4.216162562370300293e-01 5.898643732070922852e-01 7.238650321960449219e-01 0.000000000000000000e+00
1.750427037477493286e-01 2.682809345424175262e-02 7.905070483684539795e-02 1.778341382741928101e-01 2.308693081140518188e-01 0.000000000000000000e+00
1.535247117280960083e-01 2.214570492506027222e-01 1.616079509258270264e-01 8.388357609510421753e-02 -5.167414620518684387e-02 0.000000000000000000e+00
3.005305826663970947e-01 3.371849954128265381e-01 3.750655055046081543e-01 3.427284359931945801e-01 3.811787962913513184e-01 0.000000000000000000e+00
1.105866208672523499e-01 2.453180104494094849e-01 2.907327115535736084e-01 3.867289125919342041e-01 5.246129631996154785e-01 0.000000000000000000e+00
2.218002080917358398e-01 3.696748912334442139e-01 4.530025422573089600e-01 4.225513637065887451e-01 4.349897205829620361e-01 0.000000000000000000e+00
3.458946347236633301e-01 3.991381824016571045e-01 3.977760076522827148e-01 4.216578602790832520e-01 4.329232573509216309e-01 0.000000000000000000e+00
4.060885310173034668e-01 4.710212945938110352e-01 4.880210161209106445e-01 4.596169888973236084e-01 5.137519240379333496e-01 0.000000000000000000e+00
2.276940345764160156e-01 2.523054778575897217e-01 3.353663682937622070e-01 3.350264728069305420e-01 4.629822671413421631e-01 0.000000000000000000e+00
2.385281212627887726e-02 2.382262498140335083e-01 2.458979636430740356e-01 3.443454205989837646e-01 4.126806557178497314e-01 0.000000000000000000e+00
-1.161632779985666275e-02 9.495385736227035522e-02 5.328094214200973511e-02 3.223608061671257019e-02 8.184154331684112549e-02 0.000000000000000000e+00
5.312659740447998047e-01 4.875949025154113770e-01 4.579744637012481689e-01 4.200534522533416748e-01 3.695161342620849609e-01 0.000000000000000000e+00
5.332332849502563477e-01 5.474102497100830078e-01 5.774860382080078125e-01 7.382379770278930664e-01 7.337049245834350586e-01 0.000000000000000000e+00
4.437275230884552002e-01 4.845678210258483887e-01 5.311842560768127441e-01 6.359776258468627930e-01 6.801288723945617676e-01 0.000000000000000000e+00
5.242388844490051270e-01 5.339469909667968750e-01 6.201635599136352539e-01 6.721838116645812988e-01 5.516418218612670898e-01 0.000000000000000000e+00
5.539730191230773926e-01 6.079974174499511719e-01 7.221939563751220703e-01 7.913597226142883301e-01 7.445628643035888672e-01 0.000000000000000000e+00
3.462280333042144775e-01 3.739957213401794434e-01 5.805783271789550781e-01 4.868171513080596924e-01 5.743173956871032715e-01 0.000000000000000000e+00
3.685834109783172607e-01 3.259185850620269775e-01 3.951018154621124268e-01 2.999366521835327148e-01 2.938999533653259277e-01 0.000000000000000000e+00
2.878157198429107666e-01 4.217814505100250244e-01 3.888451457023620605e-01 4.618986845016479492e-01 4.520560503005981445e-01 0.000000000000000000e+00
4.560647904872894287e-01 5.736662149429321289e-01 5.992629528045654297e-01 6.126573085784912109e-01 5.777961015701293945e-01 0.000000000000000000e+00
4.472070932388305664e-01 5.485199689865112305e-01 6.089117527008056641e-01 6.482627391815185547e-01 6.663671135902404785e-01 0.000000000000000000e+00
4.012434184551239014e-01 4.501550793647766113e-01 5.240732431411743164e-01 5.878697633743286133e-01 6.188179254531860352e-01 0.000000000000000000e+00
3.597656488418579102e-01 5.725806951522827148e-01 6.644386649131774902e-01 6.424987316131591797e-01 6.691353917121887207e-01 0.000000000000000000e+00
4.098530393093824387e-03 1.085391491651535034e-01 -4.802588082384318113e-04 2.443546354770660400e-01 3.101250529289245605e-01 0.000000000000000000e+00
4.401085376739501953e-01 5.580796003341674805e-01 5.731421709060668945e-01 5.386680364608764648e-01 4.466198980808258057e-01 0.000000000000000000e+00
3.106180131435394287e-01 3.916438519954681396e-01 4.841209650039672852e-01 4.601072371006011963e-01 4.250879883766174316e-01 0.000000000000000000e+00
4.384286105632781982e-01 5.596238970756530762e-01 5.848841667175292969e-01 6.708072423934936523e-01 6.892825961112976074e-01 0.000000000000000000e+00
5.337129831314086914e-01 5.904108285903930664e-01 6.500404477119445801e-01 6.386743187904357910e-01 6.806056499481201172e-01 0.000000000000000000e+00
5.097271203994750977e-01 6.985611915588378906e-01 7.335499525070190430e-01 7.556391954421997070e-01 7.926326394081115723e-01 0.000000000000000000e+00
5.889917612075805664e-01 6.820328235626220703e-01 7.305788993835449219e-01 7.346531152725219727e-01 7.765758037567138672e-01 0.000000000000000000e+00
7.260599136352539062e-01 7.926800251007080078e-01 8.515911102294921875e-01 8.558660149574279785e-01 8.446575999259948730e-01 0.000000000000000000e+00
7.042914628982543945e-01 8.331709504127502441e-01 8.644622564315795898e-01 8.825918436050415039e-01 8.834765553474426270e-01 0.000000000000000000e+00
2.955665886402130127e-01 5.173742175102233887e-01 5.409493446350097656e-01 5.744426250457763672e-01 6.361544132232666016e-01 1.000000000000000000e+00
2.100835293531417847e-01 2.820982038974761963e-01 3.489300608634948730e-01 3.083069622516632080e-01 3.233269453048706055e-01 2.000000000000000000e+00
2.955665886402130127e-01 5.173742175102233887e-01 5.409493446350097656e-01 5.744426250457763672e-01 6.361544132232666016e-01 1.000000000000000000e+00
2.100835293531417847e-01 2.820982038974761963e-01 3.489300608634948730e-01 3.083069622516632080e-01 3.233269453048706055e-01 2.000000000000000000e+00
2.955665886402130127e-01 5.173742175102233887e-01 5.409493446350097656e-01 5.744426250457763672e-01 6.361544132232666016e-01 1.000000000000000000e+00
2.100835293531417847e-01 2.820982038974761963e-01 3.489300608634948730e-01 3.083069622516632080e-01 3.233269453048706055e-01 2.000000000000000000e+00
2.955665886402130127e-01 5.173742175102233887e-01 5.409493446350097656e-01 5.744426250457763672e-01 6.361544132232666016e-01 1.000000000000000000e+00
2.100835293531417847e-01 2.820982038974761963e-01 3.489300608634948730e-01 3.083069622516632080e-01 3.233269453048706055e-01 2.000000000000000000e+00
2.955665886402130127e-01 5.173742175102233887e-01 5.409493446350097656e-01 5.744426250457763672e-01 6.361544132232666016e-01 1.000000000000000000e+00
2.100835293531417847e-01 2.820982038974761963e-01 3.489300608634948730e-01 3.083069622516632080e-01 3.233269453048706055e-01 2.000000000000000000e+00
2.955665886402130127e-01 5.173742175102233887e-01 5.409493446350097656e-01 5.744426250457763672e-01 6.361544132232666016e-01 1.000000000000000000e+00
2.100835293531417847e-01 2.820982038974761963e-01 3.489300608634948730e-01 3.083069622516632080e-01 3.233269453048706055e-01 2.000000000000000000e+00
2.955665886402130127e-01 5.173742175102233887e-01 5.409493446350097656e-01 5.744426250457763672e-01 6.361544132232666016e-01 1.000000000000000000e+00
2.100835293531417847e-01 2.820982038974761963e-01 3.489300608634948730e-01 3.083069622516632080e-01 3.233269453048706055e-01 2.000000000000000000e+00
2.955665886402130127e-01 5.173742175102233887e-01 5.409493446350097656e-01 5.744426250457763672e-01 6.361544132232666016e-01 1.000000000000000000e+00
2.100835293531417847e-01 2.820982038974761963e-01 3.489300608634948730e-01 3.083069622516632080e-01 3.233269453048706055e-01 2.000000000000000000e+00
2.955665886402130127e-01 5.173742175102233887e-01 5.409493446350097656e-01 5.744426250457763672e-01 6.361544132232666016e-01 1.000000000000000000e+00
2.100835293531417847e-01 2.820982038974761963e-01 3.489300608634948730e-01 3.083069622516632080e-01 3.233269453048706055e-01 2.000000000000000000e+00
2.955665886402130127e-01 5.173742175102233887e-01 5.409493446350097656e-01 5.744426250457763672e-01 6.361544132232666016e-01 1.000000000000000000e+00
2.100835293531417847e-01 2.820982038974761963e-01 3.489300608634948730e-01 3.083069622516632080e-01 3.233269453048706055e-01 2.000000000000000000e+00
1.384116858243942261e-01 1.855565607547760010e-01 2.305498719215393066e-01 2.940821647644042969e-01 1.696781069040298462e-01 0.000000000000000000e+00
-6.427994929254055023e-03 2.493862248957157135e-02 1.513831615447998047e-01 1.407053470611572266e-01 2.581835985183715820e-01 0.000000000000000000e+00
2.338147759437561035e-01 4.520706534385681152e-01 5.203382968902587891e-01 5.127958059310913086e-01 4.662196040153503418e-01 0.000000000000000000e+00
1.275335699319839478e-01 3.699398040771484375e-01 5.522490739822387695e-01 6.173148751258850098e-01 6.683372259140014648e-01 0.000000000000000000e+00
2.231102138757705688e-01 3.842972218990325928e-01 5.105374455451965332e-01 6.179764866828918457e-01 5.762550234794616699e-01 0.000000000000000000e+00
1.206834390759468079e-01 3.454932272434234619e-01 4.680845141410827637e-01 4.166927933692932129e-01 5.689024925231933594e-01 0.000000000000000000e+00
1.461357176303863525e-01 3.925324380397796631e-01 5.518833398818969727e-01 6.035411357879638672e-01 6.106991171836853027e-01 0.000000000000000000e+00
-1.687683314085006714e-01 -1.736092567443847656e-01 -1.683252602815628052e-01 -1.699904501438140869e-01 -1.578209102153778076e-01 1.000000000000000000e+00
-1.734206080436706543e-02 3.310709446668624878e-02 7.355672866106033325e-02 -7.697245478630065918e-02 -1.680238693952560425e-01 2.000000000000000000e+00
-1.687683314085006714e-01 -1.736092567443847656e-01 -1.683252602815628052e-01 -1.699904501438140869e-01 -1.578209102153778076e-01 1.000000000000000000e+00
-1.734206080436706543e-02 3.310709446668624878e-02 7.355672866106033325e-02 -7.697245478630065918e-02 -1.680238693952560425e-01 2.000000000000000000e+00
-1.687683314085006714e-01 -1.736092567443847656e-01 -1.683252602815628052e-01 -1.699904501438140869e-01 -1.578209102153778076e-01 1.000000000000000000e+00
-1.734206080436706543e-02 3.310709446668624878e-02 7.355672866106033325e-02 -7.697245478630065918e-02 -1.680238693952560425e-01 2.000000000000000000e+00
-1.687683314085006714e-01 -1.736092567443847656e-01 -1.683252602815628052e-01 -1.699904501438140869e-01 -1.578209102153778076e-01 1.000000000000000000e+00
-1.734206080436706543e-02 3.310709446668624878e-02 7.355672866106033325e-02 -7.697245478630065918e-02 -1.680238693952560425e-01 2.000000000000000000e+00
-1.687683314085006714e-01 -1.736092567443847656e-01 -1.683252602815628052e-01 -1.699904501438140869e-01 -1.578209102153778076e-01 1.000000000000000000e+00
-1.734206080436706543e-02 3.310709446668624878e-02 7.355672866106033325e-02 -7.697245478630065918e-02 -1.680238693952560425e-01 2.000000000000000000e+00
-1.687683314085006714e-01 -1.736092567443847656e-01 -1.683252602815628052e-01 -1.699904501438140869e-01 -1.578209102153778076e-01 1.000000000000000000e+00
-1.734206080436706543e-02 3.310709446668624878e-02 7.355672866106033325e-02 -7.697245478630065918e-02 -1.680238693952560425e-01 2.000000000000000000e+00
-1.687683314085006714e-01 -1.736092567443847656e-01 -1.683252602815628052e-01 -1.699904501438140869e-01 -1.578209102153778076e-01 1.000000000000000000e+00
-1.734206080436706543e-02 3.310709446668624878e-02 7.355672866106033325e-02 -7.697245478630065918e-02 -1.680238693952560425e-01 2.000000000000000000e+00
-1.687683314085006714e-01 -1.736092567443847656e-01 -1.683252602815628052e-01 -1.699904501438140869e-01 -1.578209102153778076e-01 1.000000000000000000e+00
-1.734206080436706543e-02 3.310709446668624878e-02 7.355672866106033325e-02 -7.697245478630065918e-02 -1.680238693952560425e-01 2.000000000000000000e+00
-1.687683314085006714e-01 -1.736092567443847656e-01 -1.683252602815628052e-01 -1.699904501438140869e-01 -1.578209102153778076e-01 1.000000000000000000e+00
-1.734206080436706543e-02 3.310709446668624878e-02 7.355672866106033325e-02 -7.697245478630065918e-02 -1.680238693952560425e-01 2.000000000000000000e+00
-1.687683314085006714e-01 -1.736092567443847656e-01 -1.683252602815628052e-01 -1.699904501438140869e-01 -1.578209102153778076e-01 1.000000000000000000e+00
-1.734206080436706543e-02 3.310709446668624878e-02 7.355672866106033325e-02 -7.697245478630065918e-02 -1.680238693952560425e-01 2.000000000000000000e+00
8.366454392671585083e-02 1.580765098333358765e-01 1.673704683780670166e-01 4.480843618512153625e-02 9.179808944463729858e-02 0.000000000000000000e+00
1.692333221435546875e-01 2.807806432247161865e-01 2.286339253187179565e-01 1.809879243373870850e-01 1.948338449001312256e-01 0.000000000000000000e+00
4.804416745901107788e-02 1.505313515663146973e-01 1.589289605617523193e-01 2.651353478431701660e-01 3.606162369251251221e-01 0.000000000000000000e+00
-4.086284711956977844e-02 -4.511703923344612122e-02 5.757673829793930054e-02 1.497524827718734741e-01 2.262464314699172974e-01 0.000000000000000000e+00
-1.591343879699707031e-01 -8.585347980260848999e-02 -1.136636361479759216e-01 -1.052797585725784302e-01 -8.168895542621612549e-02 0.000000000000000000e+00
-1.811843216419219971e-01 -1.817237883806228638e-01 -1.929958760738372803e-01 -1.943909078836441040e-01 -1.947180330753326416e-01 0.000000000000000000e+00
-1.536987125873565674e-01 -1.621590405702590942e-01 -1.727488040924072266e-01 -1.738979071378707886e-01 -1.875360459089279175e-01 0.000000000000000000e+00
4.268103241920471191e-01 5.893085002899169922e-01 7.553073763847351074e-01 7.769979834556579590e-01 8.114552497863769531e-01 0.000000000000000000e+00
2.430253028869628906e-01 5.064076185226440430e-01 6.434354782104492188e-01 7.263829708099365234e-01 7.389978170394897461e-01 0.000000000000000000e+00
4.325595796108245850e-01 5.021610856056213379e-01 5.804216861724853516e-01 6.244364976882934570e-01 5.597480535507202148e-01 0.000000000000000000e+00
2.465328723192214966e-01 3.746635019779205322e-01 4.432971775531768799e-01 5.311658382415771484e-01 6.083958148956298828e-01 0.000000000000000000e+00
3.720456659793853760e-01 4.447660148143768311e-01 5.581472516059875488e-01 5.933747887611389160e-01 6.078612208366394043e-01 0.000000000000000000e+00
4.544500708580017090e-01 5.811816453933715820e-01 6.703453660011291504e-01 7.335352897644042969e-01 7.401223778724670410e-01 0.000000000000000000e+00
6.695845127105712891e-01 7.978191375732421875e-01 8.069750666618347168e-01 8.414736986160278320e-01 8.115977048873901367e-01 0.000000000000000000e+00
-2.222935482859611511e-02 -9.858645498752593994e-02 4.010757431387901306e-02 2.072022408246994019e-01 3.584774434566497803e-01 0.000000000000000000e+00
3.040770888328552246e-01 5.205504894256591797e-01 4.932898283004760742e-01 4.792986512184143066e-01 5.055127739906311035e-01 0.000000000000000000e+00
4.021497368812561035e-01 5.174683928489685059e-01 5.786796808242797852e-01 7.187173962593078613e-01 7.470045089721679688e-01 0.000000000000000000e+00
5.316407084465026855e-01 6.238592863082885742e-01 6.417728662490844727e-01 6.895707845687866211e-01 7.011424303054809570e-01 0.000000000000000000e+00
5.777251720428466797e-01 7.153818607330322266e-01 7.159649133682250977e-01 7.194205522537231445e-01 6.991381645202636719e-01 0.000000000000000000e+00
5.250819921493530273e-01 6.096553802490234375e-01 6.909422874450683594e-01 7.836570143699645996e-01 8.230570554733276367e-01 0.000000000000000000e+00
6.979702115058898926e-01 8.054600954055786133e-01 8.404476642608642578e-01 8.337169289588928223e-01 8.217425942420959473e-01 0.000000000000000000e+00
-1.495189070701599121e-01 3.598103672266006470e-02 1.277468949556350708e-01 2.066046148538589478e-01 2.675255239009857178e-01 0.000000000000000000e+00
-9.843181818723678589e-02 -1.825686427764594555e-03 -8.895254880189895630e-02 -1.378620266914367676e-01 -1.433960050344467163e-01 0.000000000000000000e+00
8.588816225528717041e-02 4.713528975844383240e-02 1.463517993688583374e-01 1.631937026977539062e-01 3.256387412548065186e-01 0.000000000000000000e+00
1.038491800427436829e-01 5.232980847358703613e-02 -1.558078080415725708e-02 5.966573208570480347e-02 1.739231348037719727e-01 0.000000000000000000e+00
3.236440420150756836e-01 1.933823525905609131e-01 2.629313170909881592e-01 2.822301089763641357e-01 3.215700387954711914e-01 0.000000000000000000e+00
4.176933467388153076e-01 4.118113219738006592e-01 5.036653876304626465e-01 5.088974833488464355e-01 5.344199538230895996e-01 0.000000000000000000e+00
4.683368802070617676e-01 6.087901592254638672e-01 5.767626166343688965e-01 5.948037505149841309e-01 6.037319898605346680e-01 0.000000000000000000e+00
5.326427817344665527e-01 6.463302373886108398e-01 6.771128773689270020e-01 6.952488422393798828e-01 6.822040081024169922e-01 0.000000000000000000e+00
2.071721702814102173e-01 4.083972275257110596e-01 6.458125114440917969e-01 6.809878349304199219e-01 7.291547060012817383e-01 0.000000000000000000e+00
3.263611197471618652e-01 3.640710711479187012e-01 4.679661989212036133e-01 4.796409308910369873e-01 5.094813108444213867e-01 0.000000000000000000e+00
3.450687229633331299e-01 4.820966720581054688e-01 7.299219369888305664e-01 7.307409048080444336e-01 7.159126996994018555e-01 0.000000000000000000e+00
-1.213761866092681885e-01 5.848651751875877380e-02 2.117257267236709595e-01 3.524672389030456543e-01 4.735017120838165283e-01 0.000000000000000000e+00
1.559610664844512939e-01 2.911969423294067383e-01 4.699970781803131104e-01 4.240294396877288818e-01 4.879279434680938721e-01 0.000000000000000000e+00
2.674540281295776367e-01 4.435336589813232422e-01 3.882761895656585693e-01 2.677685022354125977e-01 3.738984763622283936e-01 0.000000000000000000e+00
1.292281597852706909e-01 2.165641784667968750e-01 2.184709906578063965e-01 2.293953150510787964e-01 1.280262172222137451e-01 0.000000000000000000e+00
3.165126740932464600e-01 3.977018892765045166e-01 4.302743673324584961e-01 4.283574223518371582e-01 3.461447954177856445e-01 0.000000000000000000e+00
4.353536665439605713e-01 4.948250055313110352e-01 5.940505266189575195e-01 5.640118718147277832e-01 5.546429157257080078e-01 0.000000000000000000e+00
3.920820653438568115e-01 4.824750721454620361e-01 5.387535691261291504e-01 5.770826935768127441e-01 5.546998977661132812e-01 0.000000000000000000e+00
2.516373693943023682e-01 2.860578298568725586e-01 3.290145397186279297e-01 4.304509460926055908e-01 5.065367221832275391e-01 0.000000000000000000e+00
4.703700542449951172e-01 5.773565769195556641e-01 5.536031723022460938e-01 6.383797526359558105e-01 6.361957788467407227e-01 0.000000000000000000e+00
