2.875573337078094482e-01 3.031570911407470703e-01 3.193673491477966309e-01 3.190150260925292969e-01 3.161568939685821533e-01 0.000000000000000000e+00
2.171577960252761841e-01 1.875475794076919556e-01 2.135579437017440796e-01 2.121933698654174805e-01 2.388105392456054688e-01 0.000000000000000000e+00
-6.264044344425201416e-02 1.320706307888031006e-01 1.959318108856678009e-02 1.107719764113426208e-01 1.596721410751342773e-01 0.000000000000000000e+00
1.579009294509887695e-01 1.337986588478088379e-01 1.546296924352645874e-01 1.116027086973190308e-01 6.612790375947952271e-02 0.000000000000000000e+00
1.449142098426818848e-01 1.632551401853561401e-01 1.807057261466979980e-01 2.260683774948120117e-01 2.262248694896697998e-01 0.000000000000000000e+00
2.109297364950180054e-01 2.241456806659698486e-01 2.344339340925216675e-01 2.249897867441177368e-01 2.258363068103790283e-01 0.000000000000000000e+00
2.396829873323440552e-01 2.494594305753707886e-01 2.420235276222229004e-01 2.276767343282699585e-01 2.196162641048431396e-01 0.000000000000000000e+00
2.520175278186798096e-01 2.561478316783905029e-01 2.760559022426605225e-01 2.751203179359436035e-01 2.748627364635467529e-01 0.000000000000000000e+00
2.839516997337341309e-01 2.926231920719146729e-01 3.053449988365173340e-01 2.954295277595520020e-01 2.876565158367156982e-01 0.000000000000000000e+00
2.817144095897674561e-01 3.004906773567199707e-01 3.004782199859619141e-01 2.934280931949615479e-01 3.036467432975769043e-01 0.000000000000000000e+00
2.792520225048065186e-01 2.947618067264556885e-01 3.019668161869049072e-01 3.058294057846069336e-01 3.171800076961517334e-01 0.000000000000000000e+00
2.928294837474822998e-01 2.995291054248809814e-01 3.070642054080963135e-01 3.041564524173736572e-01 3.039386570453643799e-01 0.000000000000000000e+00
2.861828804016113281e-01 3.076588809490203857e-01 3.087135553359985352e-01 3.157497644424438477e-01 3.100172579288482666e-01 0.000000000000000000e+00
3.000597357749938965e-01 3.102480173110961914e-01 3.241030573844909668e-01 3.309722244739532471e-01 3.371180593967437744e-01 0.000000000000000000e+00
1.942667067050933838e-01 2.361976802349090576e-01 2.847641110420227051e-01 3.539705574512481689e-01 3.947235345840454102e-01 0.000000000000000000e+00
2.811778187751770020e-01 3.121853768825531006e-01 3.239907622337341309e-01 3.220954239368438721e-01 2.909119129180908203e-01 0.000000000000000000e+00
2.341921180486679077e-01 2.666094303131103516e-01 2.602240443229675293e-01 2.706962525844573975e-01 3.008353412151336670e-01 0.000000000000000000e+00
1.639151424169540405e-01 2.060204893350601196e-01 2.231327444314956665e-01 2.362839877605438232e-01 2.472317963838577271e-01 0.000000000000000000e+00
2.503127455711364746e-01 3.051096498966217041e-01 3.340698480606079102e-01 3.231985270977020264e-01 2.812823355197906494e-01 0.000000000000000000e+00
2.952140569686889648e-01 3.333399295806884766e-01 3.246712386608123779e-01 3.439552783966064453e-01 3.506499826908111572e-01 0.000000000000000000e+00
1.733268499374389648e-01 1.806109100580215454e-01 2.297635823488235474e-01 2.894252538681030273e-01 3.035460710525512695e-01 0.000000000000000000e+00
2.612637579441070557e-01 2.880733907222747803e-01 2.899644076824188232e-01 3.103736042976379395e-01 3.210991322994232178e-01 0.000000000000000000e+00
1.933327913284301758e-01 1.939759552478790283e-01 2.928731143474578857e-01 3.016200065612792969e-01 3.193727731704711914e-01 0.000000000000000000e+00
-6.944654509425163269e-03 1.081802695989608765e-01 1.734677255153656006e-01 2.247270345687866211e-01 2.163691222667694092e-01 0.000000000000000000e+00
-5.641874670982360840e-02 -6.781242787837982178e-02 -6.551762670278549194e-02 -4.789638891816139221e-02 -4.642393440008163452e-03 0.000000000000000000e+00
2.222411781549453735e-01 2.327556163072586060e-01 2.169918417930603027e-01 1.490503102540969849e-01 5.140138044953346252e-02 0.000000000000000000e+00
2.980026900768280029e-01 2.954600155353546143e-01 3.146070539951324463e-01 2.956570982933044434e-01 3.013838231563568115e-01 0.000000000000000000e+00
3.274230062961578369e-01 3.543749749660491943e-01 3.456116020679473877e-01 3.453319072723388672e-01 3.479783535003662109e-01 0.000000000000000000e+00
1.715741902589797974e-01 2.908836603164672852e-01 3.670614659786224365e-01 3.918479084968566895e-01 4.778858423233032227e-01 0.000000000000000000e+00
1.707840710878372192e-01 1.652220785617828369e-01 2.416641712188720703e-01 2.772582173347473145e-01 2.670283913612365723e-01 0.000000000000000000e+00
2.558140158653259277e-01 3.243598341941833496e-01 2.938084304332733154e-01 2.955577373504638672e-01 3.068705797195434570e-01 0.000000000000000000e+00
1.206539645791053772e-01 2.877508401870727539e-01 3.194535970687866211e-01 3.625926971435546875e-01 3.730557560920715332e-01 0.000000000000000000e+00
1.051449030637741089e-01 1.483788192272186279e-01 2.084680199623107910e-01 2.075674384832382202e-01 2.340416163206100464e-01 0.000000000000000000e+00
1.993025988340377808e-01 2.174179255962371826e-01 1.924312710762023926e-01 2.016272395849227905e-01 2.592677474021911621e-01 0.000000000000000000e+00
1.035591289401054382e-01 2.071726024150848389e-01 1.404593288898468018e-01 1.320761740207672119e-01 1.854419559240341187e-01 0.000000000000000000e+00
2.043263763189315796e-01 2.651850283145904541e-01 3.016817271709442139e-01 2.889645099639892578e-01 2.843732237815856934e-01 0.000000000000000000e+00
2.185386419296264648e-01 2.556787729263305664e-01 2.814947366714477539e-01 2.925569415092468262e-01 2.737902402877807617e-01 0.000000000000000000e+00
2.326732724905014038e-01 2.981795966625213623e-01 2.803284525871276855e-01 2.781094610691070557e-01 3.326003551483154297e-01 0.000000000000000000e+00
2.610847949981689453e-01 2.843556106090545654e-01 3.159067928791046143e-01 2.985229492187500000e-01 3.189051151275634766e-01 0.000000000000000000e+00
2.385357022285461426e-01 3.060611188411712646e-01 3.296202123165130615e-01 3.283052146434783936e-01 3.372833430767059326e-01 0.000000000000000000e+00
2.590601146221160889e-01 3.287916183471679688e-01 3.510881662368774414e-01 3.572199642658233643e-01 3.481972217559814453e-01 0.000000000000000000e+00
2.105216830968856812e-01 2.026515156030654907e-01 2.637073695659637451e-01 3.182002007961273193e-01 3.586728274822235107e-01 0.000000000000000000e+00
9.671819210052490234e-02 2.271316573023796082e-02 -6.059185788035392761e-02 -5.748752877116203308e-02 -8.891406655311584473e-02 1.000000000000000000e+00
1.673017144203186035e-01 2.276255935430526733e-01 2.530470490455627441e-01 2.737948298454284668e-01 2.274512350559234619e-01 2.000000000000000000e+00
9.671819210052490234e-02 2.271316573023796082e-02 -6.059185788035392761e-02 -5.748752877116203308e-02 -8.891406655311584473e-02 1.000000000000000000e+00
1.673017144203186035e-01 2.276255935430526733e-01 2.530470490455627441e-01 2.737948298454284668e-01 2.274512350559234619e-01 2.000000000000000000e+00
9.671819210052490234e-02 2.271316573023796082e-02 -6.059185788035392761e-02 -5.748752877116203308e-02 -8.891406655311584473e-02 1.000000000000000000e+00
1.673017144203186035e-01 2.276255935430526733e-01 2.530470490455627441e-01 2.737948298454284668e-01 2.274512350559234619e-01 2.000000000000000000e+00
9.671819210052490234e-02 2.271316573023796082e-02 -6.059185788035392761e-02 -5.748752877116203308e-02 -8.891406655311584473e-02 1.000000000000000000e+00
1.673017144203186035e-01 2.276255935430526733e-01 2.530470490455627441e-01 2.737948298454284668e-01 2.274512350559234619e-01 2.000000000000000000e+00
9.671819210052490234e-02 2.271316573023796082e-02 -6.059185788035392761e-02 -5.748752877116203308e-02 -8.891406655311584473e-02 1.000000000000000000e+00
1.673017144203186035e-01 2.276255935430526733e-01 2.530470490455627441e-01 2.737948298454284668e-01 2.274512350559234619e-01 2.000000000000000000e+00
9.671819210052490234e-02 2.271316573023796082e-02 -6.059185788035392761e-02 -5.748752877116203308e-02 -8.891406655311584473e-02 1.000000000000000000e+00
1.673017144203186035e-01 2.276255935430526733e-01 2.530470490455627441e-01 2.737948298454284668e-01 2.274512350559234619e-01 2.000000000000000000e+00
9.671819210052490234e-02 2.271316573023796082e-02 -6.059185788035392761e-02 -5.748752877116203308e-02 -8.891406655311584473e-02 1.000000000000000000e+00
1.673017144203186035e-01 2.276255935430526733e-01 2.530470490455627441e-01 2.737948298454284668e-01 2.274512350559234619e-01 2.000000000000000000e+00
9.671819210052490234e-02 2.271316573023796082e-02 -6.059185788035392761e-02 -5.748752877116203308e-02 -8.891406655311584473e-02 1.000000000000000000e+00
1.673017144203186035e-01 2.276255935430526733e-01 2.530470490455627441e-01 2.737948298454284668e-01 2.274512350559234619e-01 2.000000000000000000e+00
9.671819210052490234e-02 2.271316573023796082e-02 -6.059185788035392761e-02 -5.748752877116203308e-02 -8.891406655311584473e-02 1.000000000000000000e+00
1.673017144203186035e-01 2.276255935430526733e-01 2.530470490455627441e-01 2.737948298454284668e-01 2.274512350559234619e-01 2.000000000000000000e+00
9.671819210052490234e-02 2.271316573023796082e-02 -6.059185788035392761e-02 -5.748752877116203308e-02 -8.891406655311584473e-02 1.000000000000000000e+00
1.673017144203186035e-01 2.276255935430526733e-01 2.530470490455627441e-01 2.737948298454284668e-01 2.274512350559234619e-01 2.000000000000000000e+00
3.729619681835174561e-01 3.855198621749877930e-01 4.247263967990875244e-01 4.176462590694427490e-01 3.896521627902984619e-01 0.000000000000000000e+00
3.376191556453704834e-01 4.075484275817871094e-01 4.510964751243591309e-01 4.474032521247863770e-01 4.614754617214202881e-01 0.000000000000000000e+00
3.269479572772979736e-01 4.053002893924713135e-01 4.139766693115234375e-01 3.817158937454223633e-01 3.786554634571075439e-01 0.000000000000000000e+00
2.738642692565917969e-01 3.243865966796875000e-01 3.509168922901153564e-01 3.679654002189636230e-01 4.005247652530670166e-01 0.000000000000000000e+00
2.670501768589019775e-01 2.912482023239135742e-01 2.959906756877899170e-01 3.052498996257781982e-01 3.274582624435424805e-01 0.000000000000000000e+00
2.973966002464294434e-01 3.485246598720550537e-01 3.589299321174621582e-01 3.569144904613494873e-01 3.503350615501403809e-01 0.000000000000000000e+00
2.787793576717376709e-01 3.182729184627532959e-01 3.407766222953796387e-01 3.471890389919281006e-01 3.574461936950683594e-01 0.000000000000000000e+00
1.564666479825973511e-01 1.140427589416503906e-01 1.254391968250274658e-01 1.769425719976425171e-01 1.808655261993408203e-01 0.000000000000000000e+00
1.359217315912246704e-01 1.862172186374664307e-01 1.837980151176452637e-01 1.870662569999694824e-01 2.161131054162979126e-01 0.000000000000000000e+00
2.277272641658782959e-01 2.417766600847244263e-01 2.418606728315353394e-01 2.204716950654983521e-01 1.705820858478546143e-01 0.000000000000000000e+00
2.250790596008300781e-01 2.273583710193634033e-01 2.325326949357986450e-01 2.262131422758102417e-01 2.261925041675567627e-01 0.000000000000000000e+00
2.244172990322113037e-01 2.260743230581283569e-01 2.259442359209060669e-01 2.227571755647659302e-01 2.209895104169845581e-01 0.000000000000000000e+00
2.251567244529724121e-01 2.272831052541732788e-01 2.258636653423309326e-01 2.258354127407073975e-01 2.231189012527465820e-01 0.000000000000000000e+00
2.265420407056808472e-01 2.245364785194396973e-01 2.233228385448455811e-01 2.246331721544265747e-01 2.264666259288787842e-01 0.000000000000000000e+00
1.914968341588973999e-01 2.364054471254348755e-01 2.404819279909133911e-01 2.642156779766082764e-01 2.485073953866958618e-01 0.000000000000000000e+00
1.441667377948760986e-01 1.748099774122238159e-01 2.198724746704101562e-01 2.127447426319122314e-01 2.750144302845001221e-01 0.000000000000000000e+00
2.799133658409118652e-01 3.029543459415435791e-01 2.840418219566345215e-01 2.667575180530548096e-01 2.722653746604919434e-01 0.000000000000000000e+00
2.890366613864898682e-01 3.354698717594146729e-01 3.216311633586883545e-01 3.153094351291656494e-01 3.091215491294860840e-01 0.000000000000000000e+00
2.926956117153167725e-01 3.186332583427429199e-01 3.510409593582153320e-01 3.512182235717773438e-01 3.303506076335906982e-01 0.000000000000000000e+00
7.831265777349472046e-02 -6.714380811899900436e-03 -1.874468661844730377e-02 5.629087239503860474e-02 1.928618848323822021e-01 1.000000000000000000e+00
5.833251774311065674e-02 2.083173766732215881e-02 -2.114846371114253998e-02 4.695914685726165771e-02 2.263581752777099609e-02 2.000000000000000000e+00
7.831265777349472046e-02 -6.714380811899900436e-03 -1.874468661844730377e-02 5.629087239503860474e-02 1.928618848323822021e-01 1.000000000000000000e+00
5.833251774311065674e-02 2.083173766732215881e-02 -2.114846371114253998e-02 4.695914685726165771e-02 2.263581752777099609e-02 2.000000000000000000e+00
7.831265777349472046e-02 -6.714380811899900436e-03 -1.874468661844730377e-02 5.629087239503860474e-02 1.928618848323822021e-01 1.000000000000000000e+00
5.833251774311065674e-02 2.083173766732215881e-02 -2.114846371114253998e-02 4.695914685726165771e-02 2.263581752777099609e-02 2.000000000000000000e+00
7.831265777349472046e-02 -6.714380811899900436e-03 -1.874468661844730377e-02 5.629087239503860474e-02 1.928618848323822021e-01 1.000000000000000000e+00
5.833251774311065674e-02 2.083173766732215881e-02 -2.114846371114253998e-02 4.695914685726165771e-02 2.263581752777099609e-02 2.000000000000000000e+00
7.831265777349472046e-02 -6.714380811899900436e-03 -1.874468661844730377e-02 5.629087239503860474e-02 1.928618848323822021e-01 1.000000000000000000e+00
5.833251774311065674e-02 2.083173766732215881e-02 -2.114846371114253998e-02 4.695914685726165771e-02 2.263581752777099609e-02 2.000000000000000000e+00
7.831265777349472046e-02 -6.714380811899900436e-03 -1.874468661844730377e-02 5.629087239503860474e-02 1.928618848323822021e-01 1.000000000000000000e+00
5.833251774311065674e-02 2.083173766732215881e-02 -2.114846371114253998e-02 4.695914685726165771e-02 2.263581752777099609e-02 2.000000000000000000e+00
7.831265777349472046e-02 -6.714380811899900436e-03 -1.874468661844730377e-02 5.629087239503860474e-02 1.928618848323822021e-01 1.000000000000000000e+00
5.833251774311065674e-02 2.083173766732215881e-02 -2.114846371114253998e-02 4.695914685726165771e-02 2.263581752777099609e-02 2.000000000000000000e+00
7.831265777349472046e-02 -6.714380811899900436e-03 -1.874468661844730377e-02 5.629087239503860474e-02 1.928618848323822021e-01 1.000000000000000000e+00
5.833251774311065674e-02 2.083173766732215881e-02 -2.114846371114253998e-02 4.695914685726165771e-02 2.263581752777099609e-02 2.000000000000000000e+00
7.831265777349472046e-02 -6.714380811899900436e-03 -1.874468661844730377e-02 5.629087239503860474e-02 1.928618848323822021e-01 1.000000000000000000e+00
5.833251774311065674e-02 2.083173766732215881e-02 -2.114846371114253998e-02 4.695914685726165771e-02 2.263581752777099609e-02 2.000000000000000000e+00
7.831265777349472046e-02 -6.714380811899900436e-03 -1.874468661844730377e-02 5.629087239503860474e-02 1.928618848323822021e-01 1.000000000000000000e+00
5.833251774311065674e-02 2.083173766732215881e-02 -2.114846371114253998e-02 4.695914685726165771e-02 2.263581752777099609e-02 2.000000000000000000e+00
1.674905866384506226e-01 2.193904668092727661e-01 2.549574375152587891e-01 2.662895321846008301e-01 2.852493226528167725e-01 0.000000000000000000e+00
1.185357347130775452e-01 1.946207582950592041e-01 1.923631876707077026e-01 2.330792993307113647e-01 2.671516239643096924e-01 0.000000000000000000e+00
2.327295392751693726e-01 2.747593820095062256e-01 2.775736153125762939e-01 2.846698164939880371e-01 2.753178775310516357e-01 0.000000000000000000e+00
2.877557277679443359e-01 3.142665028572082520e-01 3.383024632930755615e-01 3.213356137275695801e-01 3.281806707382202148e-01 0.000000000000000000e+00
2.989585399627685547e-01 3.136522173881530762e-01 3.186419904232025146e-01 3.181920647621154785e-01 3.543044328689575195e-01 0.000000000000000000e+00
1.864920407533645630e-01 2.370432913303375244e-01 2.474590688943862915e-01 2.016256898641586304e-01 -1.984018832445144653e-02 1.000000000000000000e+00
2.011823803186416626e-01 2.640388309955596924e-01 2.915036976337432861e-01 3.183758556842803955e-01 3.080360591411590576e-01 2.000000000000000000e+00
1.864920407533645630e-01 2.370432913303375244e-01 2.474590688943862915e-01 2.016256898641586304e-01 -1.984018832445144653e-02 1.000000000000000000e+00
2.011823803186416626e-01 2.640388309955596924e-01 2.915036976337432861e-01 3.183758556842803955e-01 3.080360591411590576e-01 2.000000000000000000e+00
1.864920407533645630e-01 2.370432913303375244e-01 2.474590688943862915e-01 2.016256898641586304e-01 -1.984018832445144653e-02 1.000000000000000000e+00
2.011823803186416626e-01 2.640388309955596924e-01 2.915036976337432861e-01 3.183758556842803955e-01 3.080360591411590576e-01 2.000000000000000000e+00
1.864920407533645630e-01 2.370432913303375244e-01 2.474590688943862915e-01 2.016256898641586304e-01 -1.984018832445144653e-02 1.000000000000000000e+00
2.011823803186416626e-01 2.640388309955596924e-01 2.915036976337432861e-01 3.183758556842803955e-01 3.080360591411590576e-01 2.000000000000000000e+00
1.864920407533645630e-01 2.370432913303375244e-01 2.474590688943862915e-01 2.016256898641586304e-01 -1.984018832445144653e-02 1.000000000000000000e+00
2.011823803186416626e-01 2.640388309955596924e-01 2.915036976337432861e-01 3.183758556842803955e-01 3.080360591411590576e-01 2.000000000000000000e+00
1.864920407533645630e-01 2.370432913303375244e-01 2.474590688943862915e-01 2.016256898641586304e-01 -1.984018832445144653e-02 1.000000000000000000e+00
2.011823803186416626e-01 2.640388309955596924e-01 2.915036976337432861e-01 3.183758556842803955e-01 3.080360591411590576e-01 2.000000000000000000e+00
1.864920407533645630e-01 2.370432913303375244e-01 2.474590688943862915e-01 2.016256898641586304e-01 -1.984018832445144653e-02 1.000000000000000000e+00
2.011823803186416626e-01 2.640388309955596924e-01 2.915036976337432861e-01 3.183758556842803955e-01 3.080360591411590576e-01 2.000000000000000000e+00
1.864920407533645630e-01 2.370432913303375244e-01 2.474590688943862915e-01 2.016256898641586304e-01 -1.984018832445144653e-02 1.000000000000000000e+00
2.011823803186416626e-01 2.640388309955596924e-01 2.915036976337432861e-01 3.183758556842803955e-01 3.080360591411590576e-01 2.000000000000000000e+00
1.864920407533645630e-01 2.370432913303375244e-01 2.474590688943862915e-01 2.016256898641586304e-01 -1.984018832445144653e-02 1.000000000000000000e+00
2.011823803186416626e-01 2.640388309955596924e-01 2.915036976337432861e-01 3.183758556842803955e-01 3.080360591411590576e-01 2.000000000000000000e+00
1.864920407533645630e-01 2.370432913303375244e-01 2.474590688943862915e-01 2.016256898641586304e-01 -1.984018832445144653e-02 1.000000000000000000e+00
2.011823803186416626e-01 2.640388309955596924e-01 2.915036976337432861e-01 3.183758556842803955e-01 3.080360591411590576e-01 2.000000000000000000e+00
1.119677051901817322e-01 9.564904868602752686e-02 8.593536913394927979e-02 1.762562394142150879e-01 2.164375931024551392e-01 0.000000000000000000e+00
1.151516512036323547e-01 1.546618640422821045e-01 1.059712842106819153e-01 1.494858115911483765e-01 1.916195601224899292e-01 0.000000000000000000e+00
1.569346785545349121e-01 1.651737242937088013e-01 1.821560710668563843e-01 1.687808036804199219e-01 9.558328241109848022e-02 0.000000000000000000e+00
1.958570778369903564e-01 2.149664014577865601e-01 2.168057262897491455e-01 2.299956381320953369e-01 2.323630601167678833e-01 0.000000000000000000e+00
2.366471290588378906e-01 2.463843226432800293e-01 2.653164863586425781e-01 2.791921198368072510e-01 2.725619673728942871e-01 0.000000000000000000e+00
2.420168220996856689e-01 2.548662722110748291e-01 2.512311041355133057e-01 2.828812003135681152e-01 2.847800254821777344e-01 0.000000000000000000e+00
2.803826630115509033e-01 2.919073998928070068e-01 2.882822453975677490e-01 2.849610745906829834e-01 2.855660021305084229e-01 0.000000000000000000e+00
-5.120607838034629822e-02 9.641205519437789917e-02 8.984917402267456055e-02 1.605570465326309204e-01 1.750389635562896729e-01 0.000000000000000000e+00
-1.011086404323577881e-01 -9.581643342971801758e-02 -1.183058768510818481e-01 -1.132100149989128113e-01 -1.078496500849723816e-01 0.000000000000000000e+00
-1.351595222949981689e-01 -1.204402968287467957e-01 -6.342473789118230343e-04 -1.059172581881284714e-02 3.711996227502822876e-02 0.000000000000000000e+00
-1.713786423206329346e-01 -1.743859946727752686e-01 -1.723728030920028687e-01 -1.665350943803787231e-01 -1.552326381206512451e-01 0.000000000000000000e+00
-1.087571531534194946e-01 -1.180833652615547180e-01 -1.279307454824447632e-01 -1.446362882852554321e-01 -1.610894650220870972e-01 0.000000000000000000e+00
2.108291536569595337e-02 6.723902374505996704e-02 3.655463829636573792e-02 1.418402791023254395e-01 1.003482490777969360e-01 0.000000000000000000e+00
1.579120308160781860e-01 1.979895979166030884e-01 2.261639982461929321e-01 2.587148547172546387e-01 2.102288454771041870e-01 0.000000000000000000e+00
3.620916306972503662e-01 4.149613976478576660e-01 4.374365806579589844e-01 4.275683760643005371e-01 4.366037845611572266e-01 0.000000000000000000e+00
3.639739453792572021e-01 4.260434806346893311e-01 4.501070380210876465e-01 4.602993130683898926e-01 4.677784740924835205e-01 0.000000000000000000e+00
3.457614183425903320e-01 4.094327688217163086e-01 4.508969783782958984e-01 4.438361823558807373e-01 4.588367938995361328e-01 0.000000000000000000e+00
3.570828437805175781e-01 4.176353514194488525e-01 4.210531413555145264e-01 4.266222417354583740e-01 4.396083056926727295e-01 0.000000000000000000e+00
3.692147433757781982e-01 4.249397218227386475e-01 4.591720402240753174e-01 4.642029106616973877e-01 4.514081478118896484e-01 0.000000000000000000e+00
3.221484422683715820e-01 3.756913244724273682e-01 4.245633780956268311e-01 4.555840492248535156e-01 4.811951518058776855e-01 0.000000000000000000e+00
3.632250726222991943e-01 4.199958443641662598e-01 4.048719108104705811e-01 4.233623147010803223e-01 4.069197475910186768e-01 0.000000000000000000e+00
6.747120618820190430e-02 8.247007429599761963e-02 1.054843887686729431e-01 5.236247181892395020e-02 -1.649464108049869537e-02 0.000000000000000000e+00
2.049162387847900391e-01 2.226292937994003296e-01 2.154678106307983398e-01 1.987618803977966309e-01 1.900985538959503174e-01 0.000000000000000000e+00
1.670080572366714478e-01 1.502744257450103760e-01 1.482769846916198730e-01 2.020925581455230713e-01 2.230593413114547729e-01 0.000000000000000000e+00
-6.555031985044479370e-02 -2.467464655637741089e-04 9.194471687078475952e-02 5.047798901796340942e-02 6.794621795415878296e-02 0.000000000000000000e+00
1.650318950414657593e-01 2.583855986595153809e-01 2.412667125463485718e-01 2.259463071823120117e-01 1.422740519046783447e-01 0.000000000000000000e+00
2.418520897626876831e-01 2.536060810089111328e-01 2.585460245609283447e-01 2.801208794116973877e-01 2.757533192634582520e-01 0.000000000000000000e+00
-1.067039445042610168e-01 -1.179491281509399414e-01 -9.756252914667129517e-02 -2.044094540178775787e-02 1.778466701507568359e-01 1.000000000000000000e+00
7.807106524705886841e-02 6.085273344069719315e-03 -8.032592013478279114e-03 -3.211477771401405334e-02 -1.030623167753219604e-01 2.000000000000000000e+00
-1.067039445042610168e-01 -1.179491281509399414e-01 -9.756252914667129517e-02 -2.044094540178775787e-02 1.778466701507568359e-01 1.000000000000000000e+00
7.807106524705886841e-02 6.085273344069719315e-03 -8.032592013478279114e-03 -3.211477771401405334e-02 -1.030623167753219604e-01 2.000000000000000000e+00
-1.067039445042610168e-01 -1.179491281509399414e-01 -9.756252914667129517e-02 -2.044094540178775787e-02 1.778466701507568359e-01 1.000000000000000000e+00
7.807106524705886841e-02 6.085273344069719315e-03 -8.032592013478279114e-03 -3.211477771401405334e-02 -1.030623167753219604e-01 2.000000000000000000e+00
-1.067039445042610168e-01 -1.179491281509399414e-01 -9.756252914667129517e-02 -2.044094540178775787e-02 1.778466701507568359e-01 1.000000000000000000e+00
7.807106524705886841e-02 6.085273344069719315e-03 -8.032592013478279114e-03 -3.211477771401405334e-02 -1.030623167753219604e-01 2.000000000000000000e+00
-1.067039445042610168e-01 -1.179491281509399414e-01 -9.756252914667129517e-02 -2.044094540178775787e-02 1.778466701507568359e-01 1.000000000000000000e+00
7.807106524705886841e-02 6.085273344069719315e-03 -8.032592013478279114e-03 -3.211477771401405334e-02 -1.030623167753219604e-01 2.000000000000000000e+00
-1.067039445042610168e-01 -1.179491281509399414e-01 -9.756252914667129517e-02 -2.044094540178775787e-02 1.778466701507568359e-01 1.000000000000000000e+00
7.807106524705886841e-02 6.085273344069719315e-03 -8.032592013478279114e-03 -3.211477771401405334e-02 -1.030623167753219604e-01 2.000000000000000000e+00
-1.067039445042610168e-01 -1.179491281509399414e-01 -9.756252914667129517e-02 -2.044094540178775787e-02 1.778466701507568359e-01 1.000000000000000000e+00
7.807106524705886841e-02 6.085273344069719315e-03 -8.032592013478279114e-03 -3.211477771401405334e-02 -1.030623167753219604e-01 2.000000000000000000e+00
-1.067039445042610168e-01 -1.179491281509399414e-01 -9.756252914667129517e-02 -2.044094540178775787e-02 1.778466701507568359e-01 1.000000000000000000e+00
7.807106524705886841e-02 6.085273344069719315e-03 -8.032592013478279114e-03 -3.211477771401405334e-02 -1.030623167753219604e-01 2.000000000000000000e+00
-1.067039445042610168e-01 -1.179491281509399414e-01 -9.756252914667129517e-02 -2.044094540178775787e-02 1.778466701507568359e-01 1.000000000000000000e+00
7.807106524705886841e-02 6.085273344069719315e-03 -8.032592013478279114e-03 -3.211477771401405334e-02 -1.030623167753219604e-01 2.000000000000000000e+00
-1.067039445042610168e-01 -1.179491281509399414e-01 -9.756252914667129517e-02 -2.044094540178775787e-02 1.778466701507568359e-01 1.000000000000000000e+00
7.807106524705886841e-02 6.085273344069719315e-03 -8.032592013478279114e-03 -3.211477771401405334e-02 -1.030623167753219604e-01 2.000000000000000000e+00
3.660678267478942871e-01 4.815051853656768799e-01 5.210565924644470215e-01 5.607978105545043945e-01 5.526604056358337402e-01 0.000000000000000000e+00
4.606383144855499268e-01 4.986828565597534180e-01 5.212581157684326172e-01 5.082554817199707031e-01 5.029540657997131348e-01 0.000000000000000000e+00
3.881036639213562012e-01 4.328733682632446289e-01 4.991221725940704346e-01 5.426547527313232422e-01 5.777868032455444336e-01 0.000000000000000000e+00
4.322655797004699707e-01 5.386161804199218750e-01 5.676882266998291016e-01 5.713443160057067871e-01 5.537430047988891602e-01 0.000000000000000000e+00
4.109843373298645020e-01 4.644482731819152832e-01 4.745630323886871338e-01 4.883837401866912842e-01 5.281856060028076172e-01 0.000000000000000000e+00
3.773114383220672607e-01 4.673410058021545410e-01 5.183026194572448730e-01 5.447447299957275391e-01 5.618869066238403320e-01 0.000000000000000000e+00
3.938461244106292725e-01 4.584877490997314453e-01 4.798891246318817139e-01 4.672794640064239502e-01 4.922380149364471436e-01 0.000000000000000000e+00
3.017171621322631836e-01 3.185100853443145752e-01 3.169676065444946289e-01 3.168463706970214844e-01 3.205453157424926758e-01 0.000000000000000000e+00
2.515394389629364014e-01 3.067709505558013916e-01 3.161694109439849854e-01 3.045632541179656982e-01 3.274876177310943604e-01 0.000000000000000000e+00
2.866239249706268311e-01 3.258427679538726807e-01 3.421332538127899170e-01 3.365566730499267578e-01 3.563098311424255371e-01 0.000000000000000000e+00
3.032895326614379883e-01 3.200227022171020508e-01 3.299528062343597412e-01 3.313422799110412598e-01 3.359439373016357422e-01 0.000000000000000000e+00
3.090782463550567627e-01 3.218304514884948730e-01 3.342776000499725342e-01 3.375678062438964844e-01 3.458896577358245850e-01 0.000000000000000000e+00
1.906903088092803955e-01 2.011659145355224609e-01 2.261215150356292725e-01 2.671437263488769531e-01 3.222042918205261230e-01 0.000000000000000000e+00
1.136344671249389648e-01 1.345784068107604980e-01 1.394571065902709961e-01 1.565336287021636963e-01 1.818360537290573120e-01 0.000000000000000000e+00
2.716785073280334473e-01 3.024087250232696533e-01 3.025921583175659180e-01 3.064207732677459717e-01 3.056286871433258057e-01 0.000000000000000000e+00
2.521210908889770508e-01 2.802964150905609131e-01 2.805529236793518066e-01 3.015533685684204102e-01 3.245803117752075195e-01 0.000000000000000000e+00
2.574627399444580078e-01 2.818783521652221680e-01 3.073466718196868896e-01 3.014535009860992432e-01 3.064469397068023682e-01 0.000000000000000000e+00
2.641290426254272461e-01 3.008416295051574707e-01 3.306119441986083984e-01 3.282260894775390625e-01 3.190726041793823242e-01 0.000000000000000000e+00
2.220567613840103149e-01 2.737724483013153076e-01 3.025685250759124756e-01 2.948082685470581055e-01 3.002524971961975098e-01 0.000000000000000000e+00
2.339453846216201782e-01 2.409514039754867554e-01 2.678521871566772461e-01 2.924360334873199463e-01 2.652488946914672852e-01 0.000000000000000000e+00
2.145467996597290039e-01 2.493405342102050781e-01 2.730288505554199219e-01 2.750465273857116699e-01 3.004823327064514160e-01 0.000000000000000000e+00
2.964295744895935059e-01 3.859614431858062744e-01 3.854964971542358398e-01 4.013234972953796387e-01 3.889361917972564697e-01 0.000000000000000000e+00
2.518401741981506348e-01 2.772217988967895508e-01 2.989457249641418457e-01 2.841904759407043457e-01 3.022986054420471191e-01 0.000000000000000000e+00
-8.478078991174697876e-02 6.488126516342163086e-02 3.321713805198669434e-01 3.414988815784454346e-01 3.486419022083282471e-01 0.000000000000000000e+00
-6.908278167247772217e-02 -2.573687210679054260e-02 -1.020683124661445618e-01 -2.098364755511283875e-02 -1.400453317910432816e-02 0.000000000000000000e+00
-1.969135599210858345e-03 1.158213391900062561e-01 1.290949620306491852e-02 1.952238380908966064e-01 1.438172161579132080e-01 0.000000000000000000e+00
-1.159143596887588501e-01 -1.133260503411293030e-01 -1.099022179841995239e-01 -8.283929526805877686e-02 -7.895469665527343750e-02 0.000000000000000000e+00
-9.604319930076599121e-02 -7.379493117332458496e-02 -3.970582783222198486e-02 -9.076881408691406250e-02 -1.033630445599555969e-01 0.000000000000000000e+00
3.247961997985839844e-01 3.616598844528198242e-01 3.409656882286071777e-01 3.729132413864135742e-01 3.772528767585754395e-01 0.000000000000000000e+00
3.488517105579376221e-01 3.775128424167633057e-01 4.141238033771514893e-01 4.210611581802368164e-01 4.261578023433685303e-01 0.000000000000000000e+00
3.387881815433502197e-01 4.325209856033325195e-01 4.510533213615417480e-01 4.628671407699584961e-01 4.427870810031890869e-01 0.000000000000000000e+00
2.817281484603881836e-01 2.857761681079864502e-01 3.155554831027984619e-01 3.887828588485717773e-01 4.213801026344299316e-01 0.000000000000000000e+00
2.342516183853149414e-01 2.719240188598632812e-01 2.688881456851959229e-01 2.801321446895599365e-01 2.503450810909271240e-01 0.000000000000000000e+00
2.318391948938369751e-01 2.724030613899230957e-01 3.078821599483489990e-01 3.160685896873474121e-01 2.991704344749450684e-01 0.000000000000000000e+00
2.795692086219787598e-01 3.028744757175445557e-01 2.727605104446411133e-01 2.951712310314178467e-01 2.657497525215148926e-01 0.000000000000000000e+00
3.501363694667816162e-01 3.780888617038726807e-01 4.027156233787536621e-01 4.106717705726623535e-01 4.119021296501159668e-01 0.000000000000000000e+00
3.501700162887573242e-01 3.923819363117218018e-01 4.032714664936065674e-01 4.145004153251647949e-01 4.227519333362579346e-01 0.000000000000000000e+00
3.614900708198547363e-01 3.917016088962554932e-01 4.121356308460235596e-01 4.157438576221466064e-01 4.155924618244171143e-01 0.000000000000000000e+00
3.537495732307434082e-01 3.799622058868408203e-01 4.014321863651275635e-01 4.038604199886322021e-01 4.176064729690551758e-01 0.000000000000000000e+00
3.525471985340118408e-01 3.862408101558685303e-01 4.201777875423431396e-01 4.243190586566925049e-01 4.269768595695495605e-01 0.000000000000000000e+00
3.676866888999938965e-01 4.077728092670440674e-01 4.213956892490386963e-01 4.232155382633209229e-01 4.122281074523925781e-01 0.000000000000000000e+00
3.026962280273437500e-01 3.303455412387847900e-01 3.712522685527801514e-01 4.343662858009338379e-01 4.285574257373809814e-01 0.000000000000000000e+00
4.116716086864471436e-01 4.695776104927062988e-01 5.389192700386047363e-01 5.490382909774780273e-01 5.672441720962524414e-01 0.000000000000000000e+00
3.694134354591369629e-01 4.474280774593353271e-01 4.640874266624450684e-01 4.823557436466217041e-01 4.827005267143249512e-01 0.000000000000000000e+00
2.706732153892517090e-01 2.928365767002105713e-01 3.330188095569610596e-01 3.542113900184631348e-01 3.935237526893615723e-01 0.000000000000000000e+00
2.655547261238098145e-01 2.824166119098663330e-01 3.127898275852203369e-01 3.244463503360748291e-01 3.251883387565612793e-01 0.000000000000000000e+00
2.344063222408294678e-01 2.852683067321777344e-01 2.763988673686981201e-01 2.844611406326293945e-01 2.936331033706665039e-01 0.000000000000000000e+00
2.216979563236236572e-01 2.631586492061614990e-01 2.593493759632110596e-01 2.792821526527404785e-01 2.799717187881469727e-01 0.000000000000000000e+00
1.493576318025588989e-01 2.078232020139694214e-01 2.471581548452377319e-01 2.351713329553604126e-01 2.496706396341323853e-01 0.000000000000000000e+00
3.728387951850891113e-01 4.161505401134490967e-01 4.308609664440155029e-01 4.389987289905548096e-01 4.223667979240417480e-01 0.000000000000000000e+00
3.960638940334320068e-01 4.684603810310363770e-01 4.613558053970336914e-01 4.614984691143035889e-01 4.995068311691284180e-01 0.000000000000000000e+00
3.760727047920227051e-01 4.534481763839721680e-01 4.809157550334930420e-01 5.064011812210083008e-01 4.981418251991271973e-01 0.000000000000000000e+00
3.004842102527618408e-01 3.701520860195159912e-01 3.983901441097259521e-01 4.084542393684387207e-01 4.780456125736236572e-01 0.000000000000000000e+00
2.281266897916793823e-01 2.259381264448165894e-01 3.170439004898071289e-01 3.603897392749786377e-01 3.620880246162414551e-01 0.000000000000000000e+00
1.993142664432525635e-01 2.879358232021331787e-01 2.946309149265289307e-01 2.938062846660614014e-01 2.973915040493011475e-01 0.000000000000000000e+00
1.535962242633104324e-02 1.382369548082351685e-01 2.638804614543914795e-01 2.959482371807098389e-01 2.824846506118774414e-01 0.000000000000000000e+00
3.950005471706390381e-01 4.344102144241333008e-01 4.694077074527740479e-01 5.199416279792785645e-01 5.503900051116943359e-01 0.000000000000000000e+00
4.051290154457092285e-01 5.270386934280395508e-01 5.546993017196655273e-01 5.472184419631958008e-01 5.301594734191894531e-01 0.000000000000000000e+00
4.337095022201538086e-01 5.124098062515258789e-01 5.125735402107238770e-01 5.012361407279968262e-01 5.322283506393432617e-01 0.000000000000000000e+00
4.043550193309783936e-01 5.035664439201354980e-01 5.581387281417846680e-01 5.821812748908996582e-01 5.780553817749023438e-01 0.000000000000000000e+00
4.146276116371154785e-01 4.787730574607849121e-01 5.011287927627563477e-01 4.923543334007263184e-01 5.069796442985534668e-01 0.000000000000000000e+00
3.918657004833221436e-01 4.757744669914245605e-01 5.088488459587097168e-01 5.577646493911743164e-01 5.600670576095581055e-01 0.000000000000000000e+00
4.174830019474029541e-01 4.533282220363616943e-01 4.823960363864898682e-01 4.747450053691864014e-01 4.835844337940216064e-01 0.000000000000000000e+00
2.928112149238586426e-01 3.038038015365600586e-01 3.118242919445037842e-01 3.130887150764465332e-01 3.147726356983184814e-01 0.000000000000000000e+00
2.895937263965606689e-01 3.009983599185943604e-01 3.120704591274261475e-01 3.133674860000610352e-01 3.168100714683532715e-01 0.000000000000000000e+00
2.934014201164245605e-01 3.046157658100128174e-01 3.082965314388275146e-01 3.146669566631317139e-01 3.175366520881652832e-01 0.000000000000000000e+00
2.932518422603607178e-01 3.110193014144897461e-01 3.155704736709594727e-01 3.198868632316589355e-01 3.141688704490661621e-01 0.000000000000000000e+00
2.969042956829071045e-01 3.137362599372863770e-01 3.166275620460510254e-01 3.030724227428436279e-01 3.056434094905853271e-01 0.000000000000000000e+00
2.900681197643280029e-01 3.118115663528442383e-01 3.209442794322967529e-01 3.268708884716033936e-01 3.308347165584564209e-01 0.000000000000000000e+00
3.155910968780517578e-01 3.283686339855194092e-01 3.284922242164611816e-01 3.174664974212646484e-01 3.206802010536193848e-01 0.000000000000000000e+00
2.701871991157531738e-01 3.083765804767608643e-01 3.540355563163757324e-01 3.608431220054626465e-01 3.637463152408599854e-01 0.000000000000000000e+00
2.398539632558822632e-01 2.601823210716247559e-01 2.627507448196411133e-01 2.647247612476348877e-01 3.152297437191009521e-01 0.000000000000000000e+00
2.175189405679702759e-01 2.491471171379089355e-01 2.652887701988220215e-01 3.082332313060760498e-01 2.916041016578674316e-01 0.000000000000000000e+00
1.628483980894088745e-01 2.463228553533554077e-01 2.517629861831665039e-01 2.862164378166198730e-01 2.705710530281066895e-01 0.000000000000000000e+00
-2.219323068857192993e-04 1.136534065008163452e-01 1.532668769359588623e-01 1.793929636478424072e-01 2.056519538164138794e-01 0.000000000000000000e+00
4.384524002671241760e-02 1.419426351785659790e-01 9.700858592987060547e-02 1.370927840471267700e-01 6.840651482343673706e-02 0.000000000000000000e+00
2.869978547096252441e-02 5.952581018209457397e-02 1.781349927186965942e-01 1.684368103742599487e-01 1.460662186145782471e-01 0.000000000000000000e+00
2.599314749240875244e-01 3.730494081974029541e-01 4.262286424636840820e-01 4.376695752143859863e-01 4.436491131782531738e-01 0.000000000000000000e+00
1.874778568744659424e-01 1.860092133283615112e-01 2.176110148429870605e-01 2.473935931921005249e-01 2.574523687362670898e-01 0.000000000000000000e+00
2.800628840923309326e-01 3.134649991989135742e-01 3.060314059257507324e-01 2.821049690246582031e-01 2.437965720891952515e-01 0.000000000000000000e+00
2.406259775161743164e-01 2.558555603027343750e-01 2.516398429870605469e-01 2.466588914394378662e-01 2.840645909309387207e-01 0.000000000000000000e+00
1.916913241147994995e-01 2.372390031814575195e-01 2.760100364685058594e-01 3.430639207363128662e-01 3.493506014347076416e-01 0.000000000000000000e+00
2.998915612697601318e-01 3.856863975524902344e-01 3.603821396827697754e-01 2.976676523685455322e-01 2.673308253288269043e-01 0.000000000000000000e+00
2.813837528228759766e-01 3.765659928321838379e-01 4.208088219165802002e-01 4.004694223403930664e-01 3.675539493560791016e-01 0.000000000000000000e+00
3.350025713443756104e-01 3.602348566055297852e-01 3.914441168308258057e-01 4.041470587253570557e-01 4.171516895294189453e-01 0.000000000000000000e+00
3.106709420680999756e-01 3.335364460945129395e-01 3.442544937133789062e-01 3.493464291095733643e-01 3.533175885677337646e-01 0.000000000000000000e+00
3.099876344203948975e-01 3.413006663322448730e-01 3.584549725055694580e-01 3.475129902362823486e-01 3.373443186283111572e-01 0.000000000000000000e+00
2.434564381837844849e-01 2.730290293693542480e-01 3.100524246692657471e-01 3.219246268272399902e-01 3.363866508007049561e-01 0.000000000000000000e+00
1.773938238620758057e-01 1.800999045372009277e-01 2.892407774925231934e-01 2.772132158279418945e-01 2.984507083892822266e-01 0.000000000000000000e+00
2.378825098276138306e-01 2.495964169502258301e-01 3.192551136016845703e-01 3.320995867252349854e-01 2.840384840965270996e-01 0.000000000000000000e+00
-8.554004132747650146e-03 1.291247308254241943e-01 2.249242663383483887e-01 2.529490292072296143e-01 2.880474925041198730e-01 0.000000000000000000e+00
3.509477972984313965e-01 4.441339075565338135e-01 4.637999236583709717e-01 4.895327389240264893e-01 4.874745905399322510e-01 0.000000000000000000e+00
3.721055984497070312e-01 4.307531416416168213e-01 4.734399616718292236e-01 4.801715016365051270e-01 4.759821295738220215e-01 0.000000000000000000e+00
3.932247757911682129e-01 4.696814715862274170e-01 5.300024747848510742e-01 5.330563187599182129e-01 4.968115687370300293e-01 0.000000000000000000e+00
3.469814658164978027e-01 3.914498090744018555e-01 4.180070161819458008e-01 4.234537482261657715e-01 4.588867723941802979e-01 0.000000000000000000e+00
3.373536765575408936e-01 4.064902663230895996e-01 4.356711208820343018e-01 4.605062901973724365e-01 4.363152682781219482e-01 0.000000000000000000e+00
2.796762287616729736e-01 3.095541596412658691e-01 3.320034146308898926e-01 3.806107640266418457e-01 4.277284443378448486e-01 0.000000000000000000e+00
2.151729762554168701e-01 2.899034917354583740e-01 3.338812291622161865e-01 3.395638167858123779e-01 3.664454817771911621e-01 0.000000000000000000e+00
3.742955625057220459e-01 4.179418385028839111e-01 4.362735450267791748e-01 4.413065016269683838e-01 4.426348209381103516e-01 0.000000000000000000e+00
3.766186237335205078e-01 4.157485365867614746e-01 4.361449480056762695e-01 4.464403688907623291e-01 4.491748511791229248e-01 0.000000000000000000e+00
3.787730038166046143e-01 4.285376071929931641e-01 4.436186552047729492e-01 4.514698386192321777e-01 4.529350996017456055e-01 0.000000000000000000e+00
3.720967769622802734e-01 4.139433801174163818e-01 4.389975368976593018e-01 4.498556852340698242e-01 4.555158913135528564e-01 0.000000000000000000e+00
3.770948648452758789e-01 4.237866699695587158e-01 4.447117745876312256e-01 4.545792043209075928e-01 4.577079117298126221e-01 0.000000000000000000e+00
3.744240999221801758e-01 4.189538061618804932e-01 4.399569928646087646e-01 4.478365182876586914e-01 4.542621374130249023e-01 0.000000000000000000e+00
3.718131780624389648e-01 4.119626283645629883e-01 4.328478574752807617e-01 4.447635412216186523e-01 4.509193301200866699e-01 0.000000000000000000e+00
-1.240966543555259705e-01 -6.516890972852706909e-02 1.334753781557083130e-01 2.069029510021209717e-01 1.541761606931686401e-01 0.000000000000000000e+00
-9.195211529731750488e-02 -1.024679690599441528e-01 -3.834481164813041687e-02 -1.149819791316986084e-01 -1.269070059061050415e-01 0.000000000000000000e+00
1.493539065122604370e-01 1.227546781301498413e-01 1.158132478594779968e-01 6.705453991889953613e-02 -5.440064892172813416e-02 0.000000000000000000e+00
5.136184766888618469e-02 1.957057863473892212e-01 1.910311728715896606e-01 2.246251702308654785e-01 2.436789423227310181e-01 0.000000000000000000e+00
1.733105443418025970e-02 1.067323312163352966e-01 2.649934776127338409e-02 -4.040668252855539322e-03 6.622856110334396362e-02 0.000000000000000000e+00
1.978355944156646729e-01 2.281381636857986450e-01 2.252150028944015503e-01 2.191055268049240112e-01 1.954011917114257812e-01 0.000000000000000000e+00
3.141063451766967773e-01 3.381709456443786621e-01 3.105565309524536133e-01 3.099013864994049072e-01 3.136878609657287598e-01 0.000000000000000000e+00
-5.416261404752731323e-02 -4.866275191307067871e-02 -6.374543160200119019e-02 -2.954915165901184082e-02 -4.220019280910491943e-02 1.000000000000000000e+00
8.650803007185459137e-03 1.852493360638618469e-02 5.375748127698898315e-02 1.832506433129310608e-02 9.245269745588302612e-02 2.000000000000000000e+00
-5.416261404752731323e-02 -4.866275191307067871e-02 -6.374543160200119019e-02 -2.954915165901184082e-02 -4.220019280910491943e-02 1.000000000000000000e+00
8.650803007185459137e-03 1.852493360638618469e-02 5.375748127698898315e-02 1.832506433129310608e-02 9.245269745588302612e-02 2.000000000000000000e+00
-5.416261404752731323e-02 -4.866275191307067871e-02 -6.374543160200119019e-02 -2.954915165901184082e-02 -4.220019280910491943e-02 1.000000000000000000e+00
8.650803007185459137e-03 1.852493360638618469e-02 5.375748127698898315e-02 1.832506433129310608e-02 9.245269745588302612e-02 2.000000000000000000e+00
-5.416261404752731323e-02 -4.866275191307067871e-02 -6.374543160200119019e-02 -2.954915165901184082e-02 -4.220019280910491943e-02 1.000000000000000000e+00
8.650803007185459137e-03 1.852493360638618469e-02 5.375748127698898315e-02 1.832506433129310608e-02 9.245269745588302612e-02 2.000000000000000000e+00
-5.416261404752731323e-02 -4.866275191307067871e-02 -6.374543160200119019e-02 -2.954915165901184082e-02 -4.220019280910491943e-02 1.000000000000000000e+00
8.650803007185459137e-03 1.852493360638618469e-02 5.375748127698898315e-02 1.832506433129310608e-02 9.245269745588302612e-02 2.000000000000000000e+00
-5.416261404752731323e-02 -4.866275191307067871e-02 -6.374543160200119019e-02 -2.954915165901184082e-02 -4.220019280910491943e-02 1.000000000000000000e+00
8.650803007185459137e-03 1.852493360638618469e-02 5.375748127698898315e-02 1.832506433129310608e-02 9.245269745588302612e-02 2.000000000000000000e+00
-5.416261404752731323e-02 -4.866275191307067871e-02 -6.374543160200119019e-02 -2.954915165901184082e-02 -4.220019280910491943e-02 1.000000000000000000e+00
8.650803007185459137e-03 1.852493360638618469e-02 5.375748127698898315e-02 1.832506433129310608e-02 9.245269745588302612e-02 2.000000000000000000e+00
-5.416261404752731323e-02 -4.866275191307067871e-02 -6.374543160200119019e-02 -2.954915165901184082e-02 -4.220019280910491943e-02 1.000000000000000000e+00
8.650803007185459137e-03 1.852493360638618469e-02 5.375748127698898315e-02 1.832506433129310608e-02 9.245269745588302612e-02 2.000000000000000000e+00
-5.416261404752731323e-02 -4.866275191307067871e-02 -6.374543160200119019e-02 -2.954915165901184082e-02 -4.220019280910491943e-02 1.000000000000000000e+00
8.650803007185459137e-03 1.852493360638618469e-02 5.375748127698898315e-02 1.832506433129310608e-02 9.245269745588302612e-02 2.000000000000000000e+00
-5.416261404752731323e-02 -4.866275191307067871e-02 -6.374543160200119019e-02 -2.954915165901184082e-02 -4.220019280910491943e-02 1.000000000000000000e+00
8.650803007185459137e-03 1.852493360638618469e-02 5.375748127698898315e-02 1.832506433129310608e-02 9.245269745588302612e-02 2.000000000000000000e+00
2.836664319038391113e-01 3.028657436370849609e-01 2.905866205692291260e-01 2.987069487571716309e-01 3.000498712062835693e-01 0.000000000000000000e+00
2.762922942638397217e-01 2.895247936248779297e-01 3.017109036445617676e-01 2.998619675636291504e-01 3.010432124137878418e-01 0.000000000000000000e+00
2.703647315502166748e-01 2.758007049560546875e-01 2.764364182949066162e-01 2.879430055618286133e-01 2.931658625602722168e-01 0.000000000000000000e+00
2.492308318614959717e-01 2.667791545391082764e-01 2.696781754493713379e-01 2.768696248531341553e-01 2.771569788455963135e-01 0.000000000000000000e+00
2.614609897136688232e-01 2.738390266895294189e-01 2.728273272514343262e-01 2.658149302005767822e-01 2.743482291698455811e-01 0.000000000000000000e+00
2.824689149856567383e-01 2.848350405693054199e-01 2.849959433078765869e-01 2.823682725429534912e-01 2.818416357040405273e-01 0.000000000000000000e+00
2.744078338146209717e-01 2.890975773334503174e-01 3.058493137359619141e-01 3.066694438457489014e-01 3.026256263256072998e-01 0.000000000000000000e+00
2.414853572845458984e-01 2.896544635295867920e-01 3.016341030597686768e-01 3.135908842086791992e-01 2.845384776592254639e-01 0.000000000000000000e+00
2.289231121540069580e-01 2.554110288619995117e-01 2.636780440807342529e-01 2.712592184543609619e-01 2.694747447967529297e-01 0.000000000000000000e+00
2.352662980556488037e-01 2.429798841476440430e-01 2.497052848339080811e-01 2.541329562664031982e-01 2.511750161647796631e-01 0.000000000000000000e+00
1.511312723159790039e-01 2.224999517202377319e-01 2.507306337356567383e-01 2.511660158634185791e-01 2.318322062492370605e-01 0.000000000000000000e+00
1.443276405334472656e-01 1.619513779878616333e-01 1.848475784063339233e-01 1.788830757141113281e-01 1.309423148632049561e-01 0.000000000000000000e+00
1.942567825317382812e-01 2.009608894586563110e-01 2.033003568649291992e-01 2.097989469766616821e-01 2.114060074090957642e-01 0.000000000000000000e+00
-3.070042841136455536e-02 2.881043963134288788e-02 8.319441229104995728e-02 4.261519014835357666e-02 1.550673544406890869e-01 0.000000000000000000e+00
2.760326266288757324e-01 2.961726486682891846e-01 2.839215993881225586e-01 2.510708868503570557e-01 2.420049160718917847e-01 0.000000000000000000e+00
2.677706778049468994e-01 2.715535759925842285e-01 2.735221982002258301e-01 2.536709010601043701e-01 2.677094936370849609e-01 0.000000000000000000e+00
2.798411250114440918e-01 2.905048429965972900e-01 2.991196215152740479e-01 2.837040722370147705e-01 2.987444996833801270e-01 0.000000000000000000e+00
2.797333896160125732e-01 2.867661118507385254e-01 2.874675393104553223e-01 2.915862500667572021e-01 2.977288663387298584e-01 0.000000000000000000e+00
2.846709191799163818e-01 2.907369434833526611e-01 3.000324070453643799e-01 2.965957224369049072e-01 2.880022525787353516e-01 0.000000000000000000e+00
2.696129381656646729e-01 2.655818164348602295e-01 2.866119444370269775e-01 2.979627847671508789e-01 2.943552732467651367e-01 0.000000000000000000e+00
2.763047218322753906e-01 2.890465855598449707e-01 2.731208801269531250e-01 2.909015715122222900e-01 2.751032114028930664e-01 0.000000000000000000e+00
2.098356038331985474e-01 3.261732757091522217e-01 3.422920107841491699e-01 3.637087643146514893e-01 3.478434979915618896e-01 0.000000000000000000e+00
3.124375939369201660e-01 3.254369199275970459e-01 3.589870333671569824e-01 3.579157888889312744e-01 3.536810874938964844e-01 0.000000000000000000e+00
3.560135364532470703e-01 3.663901984691619873e-01 4.031662642955780029e-01 4.059350490570068359e-01 4.037126600742340088e-01 0.000000000000000000e+00
3.614203333854675293e-01 4.048268795013427734e-01 4.272755384445190430e-01 4.494603276252746582e-01 4.130843281745910645e-01 0.000000000000000000e+00
3.031508326530456543e-01 3.569491505622863770e-01 3.873350620269775391e-01 4.063096642494201660e-01 4.207515716552734375e-01 0.000000000000000000e+00
2.502296268939971924e-01 2.665902972221374512e-01 3.001735508441925049e-01 3.130176067352294922e-01 3.299268484115600586e-01 0.000000000000000000e+00
2.135711014270782471e-01 2.865895628929138184e-01 2.785943150520324707e-01 3.259042501449584961e-01 2.829043865203857422e-01 0.000000000000000000e+00
1.631031036376953125e-01 2.025703489780426025e-01 1.903079152107238770e-01 1.398039907217025757e-01 2.414864748716354370e-01 0.000000000000000000e+00
2.336871176958084106e-01 2.717440426349639893e-01 3.095667958259582520e-01 2.429063767194747925e-01 2.520199418067932129e-01 0.000000000000000000e+00
2.420802563428878784e-01 2.817587554454803467e-01 2.966280877590179443e-01 3.182647228240966797e-01 3.210870921611785889e-01 0.000000000000000000e+00
2.785476744174957275e-01 3.405852019786834717e-01 3.404487967491149902e-01 3.304891288280487061e-01 3.299801945686340332e-01 0.000000000000000000e+00
2.951102554798126221e-01 3.216890394687652588e-01 3.394438624382019043e-01 3.408221900463104248e-01 3.487504422664642334e-01 0.000000000000000000e+00
3.267645239830017090e-01 3.653085529804229736e-01 3.603743612766265869e-01 3.878292441368103027e-01 3.658918142318725586e-01 0.000000000000000000e+00
2.741627395153045654e-01 3.197038173675537109e-01 3.585946857929229736e-01 3.667089045047760010e-01 3.650797307491302490e-01 0.000000000000000000e+00
5.017285794019699097e-02 8.879653364419937134e-02 7.472909986972808838e-02 1.048864349722862244e-01 1.310356557369232178e-01 1.000000000000000000e+00
2.266042679548263550e-01 2.403003126382827759e-01 2.466212213039398193e-01 2.284955680370330811e-01 2.343574315309524536e-01 2.000000000000000000e+00
5.017285794019699097e-02 8.879653364419937134e-02 7.472909986972808838e-02 1.048864349722862244e-01 1.310356557369232178e-01 1.000000000000000000e+00
2.266042679548263550e-01 2.403003126382827759e-01 2.466212213039398193e-01 2.284955680370330811e-01 2.343574315309524536e-01 2.000000000000000000e+00
5.017285794019699097e-02 8.879653364419937134e-02 7.472909986972808838e-02 1.048864349722862244e-01 1.310356557369232178e-01 1.000000000000000000e+00
2.266042679548263550e-01 2.403003126382827759e-01 2.466212213039398193e-01 2.284955680370330811e-01 2.343574315309524536e-01 2.000000000000000000e+00
5.017285794019699097e-02 8.879653364419937134e-02 7.472909986972808838e-02 1.048864349722862244e-01 1.310356557369232178e-01 1.000000000000000000e+00
2.266042679548263550e-01 2.403003126382827759e-01 2.466212213039398193e-01 2.284955680370330811e-01 2.343574315309524536e-01 2.000000000000000000e+00
5.017285794019699097e-02 8.879653364419937134e-02 7.472909986972808838e-02 1.048864349722862244e-01 1.310356557369232178e-01 1.000000000000000000e+00
2.266042679548263550e-01 2.403003126382827759e-01 2.466212213039398193e-01 2.284955680370330811e-01 2.343574315309524536e-01 2.000000000000000000e+00
5.017285794019699097e-02 8.879653364419937134e-02 7.472909986972808838e-02 1.048864349722862244e-01 1.310356557369232178e-01 1.000000000000000000e+00
2.266042679548263550e-01 2.403003126382827759e-01 2.466212213039398193e-01 2.284955680370330811e-01 2.343574315309524536e-01 2.000000000000000000e+00
5.017285794019699097e-02 8.879653364419937134e-02 7.472909986972808838e-02 1.048864349722862244e-01 1.310356557369232178e-01 1.000000000000000000e+00
2.266042679548263550e-01 2.403003126382827759e-01 2.466212213039398193e-01 2.284955680370330811e-01 2.343574315309524536e-01 2.000000000000000000e+00
5.017285794019699097e-02 8.879653364419937134e-02 7.472909986972808838e-02 1.048864349722862244e-01 1.310356557369232178e-01 1.000000000000000000e+00
2.266042679548263550e-01 2.403003126382827759e-01 2.466212213039398193e-01 2.284955680370330811e-01 2.343574315309524536e-01 2.000000000000000000e+00
5.017285794019699097e-02 8.879653364419937134e-02 7.472909986972808838e-02 1.048864349722862244e-01 1.310356557369232178e-01 1.000000000000000000e+00
2.266042679548263550e-01 2.403003126382827759e-01 2.466212213039398193e-01 2.284955680370330811e-01 2.343574315309524536e-01 2.000000000000000000e+00
5.017285794019699097e-02 8.879653364419937134e-02 7.472909986972808838e-02 1.048864349722862244e-01 1.310356557369232178e-01 1.000000000000000000e+00
2.266042679548263550e-01 2.403003126382827759e-01 2.466212213039398193e-01 2.284955680370330811e-01 2.343574315309524536e-01 2.000000000000000000e+00
3.109498322010040283e-01 3.346372246742248535e-01 3.406379222869873047e-01 3.507688641548156738e-01 3.539149463176727295e-01 0.000000000000000000e+00
2.616913914680480957e-01 2.628507316112518311e-01 2.864205539226531982e-01 3.290503323078155518e-01 3.508312106132507324e-01 0.000000000000000000e+00
1.812758445739746094e-01 1.184310540556907654e-01 6.252571940422058105e-02 1.623121947050094604e-01 2.289824783802032471e-01 0.000000000000000000e+00
2.686603963375091553e-01 3.129831850528717041e-01 3.426726758480072021e-01 3.149074316024780273e-01 2.766474783420562744e-01 0.000000000000000000e+00
1.825917810201644897e-01 3.055408000946044922e-01 3.272653818130493164e-01 3.225375115871429443e-01 3.545784056186676025e-01 0.000000000000000000e+00
2.289815694093704224e-01 2.093858718872070312e-01 1.378578245639801025e-01 7.671261578798294067e-02 2.936669625341892242e-03 0.000000000000000000e+00
-1.043966859579086304e-01 -9.792107343673706055e-02 -3.814342990517616272e-02 2.607279121875762939e-01 2.834852039813995361e-01 0.000000000000000000e+00
3.097046725451946259e-02 6.203988566994667053e-02 1.153605505824089050e-01 2.042605280876159668e-01 2.640828788280487061e-01 0.000000000000000000e+00
-1.153677552938461304e-01 -4.977797344326972961e-02 -1.212706193327903748e-01 -1.162753701210021973e-01 -1.100798249244689941e-01 0.000000000000000000e+00
-2.862430922687053680e-02 9.580054134130477905e-02 1.281413882970809937e-01 -9.133651107549667358e-02 -1.240944340825080872e-01 0.000000000000000000e+00
2.053558975458145142e-01 2.483547478914260864e-01 2.362983375787734985e-01 2.130439132452011108e-01 1.414252966642379761e-01 0.000000000000000000e+00
3.442676365375518799e-01 3.647139072418212891e-01 3.695759177207946777e-01 3.618100881576538086e-01 3.584083616733551025e-01 0.000000000000000000e+00
2.598836421966552734e-01 2.813132405281066895e-01 2.870875298976898193e-01 2.788554728031158447e-01 2.764583826065063477e-01 1.000000000000000000e+00
2.600951790809631348e-01 2.656732797622680664e-01 2.718368470668792725e-01 2.872919440269470215e-01 2.791295349597930908e-01 2.000000000000000000e+00
2.598836421966552734e-01 2.813132405281066895e-01 2.870875298976898193e-01 2.788554728031158447e-01 2.764583826065063477e-01 1.000000000000000000e+00
2.600951790809631348e-01 2.656732797622680664e-01 2.718368470668792725e-01 2.872919440269470215e-01 2.791295349597930908e-01 2.000000000000000000e+00
2.598836421966552734e-01 2.813132405281066895e-01 2.870875298976898193e-01 2.788554728031158447e-01 2.764583826065063477e-01 1.000000000000000000e+00
2.600951790809631348e-01 2.656732797622680664e-01 2.718368470668792725e-01 2.872919440269470215e-01 2.791295349597930908e-01 2.000000000000000000e+00
2.598836421966552734e-01 2.813132405281066895e-01 2.870875298976898193e-01 2.788554728031158447e-01 2.764583826065063477e-01 1.000000000000000000e+00
2.600951790809631348e-01 2.656732797622680664e-01 2.718368470668792725e-01 2.872919440269470215e-01 2.791295349597930908e-01 2.000000000000000000e+00
2.598836421966552734e-01 2.813132405281066895e-01 2.870875298976898193e-01 2.788554728031158447e-01 2.764583826065063477e-01 1.000000000000000000e+00
2.600951790809631348e-01 2.656732797622680664e-01 2.718368470668792725e-01 2.872919440269470215e-01 2.791295349597930908e-01 2.000000000000000000e+00
2.598836421966552734e-01 2.813132405281066895e-01 2.870875298976898193e-01 2.788554728031158447e-01 2.764583826065063477e-01 1.000000000000000000e+00
2.600951790809631348e-01 2.656732797622680664e-01 2.718368470668792725e-01 2.872919440269470215e-01 2.791295349597930908e-01 2.000000000000000000e+00
2.598836421966552734e-01 2.813132405281066895e-01 2.870875298976898193e-01 2.788554728031158447e-01 2.764583826065063477e-01 1.000000000000000000e+00
2.600951790809631348e-01 2.656732797622680664e-01 2.718368470668792725e-01 2.872919440269470215e-01 2.791295349597930908e-01 2.000000000000000000e+00
2.598836421966552734e-01 2.813132405281066895e-01 2.870875298976898193e-01 2.788554728031158447e-01 2.764583826065063477e-01 1.000000000000000000e+00
2.600951790809631348e-01 2.656732797622680664e-01 2.718368470668792725e-01 2.872919440269470215e-01 2.791295349597930908e-01 2.000000000000000000e+00
2.598836421966552734e-01 2.813132405281066895e-01 2.870875298976898193e-01 2.788554728031158447e-01 2.764583826065063477e-01 1.000000000000000000e+00
2.600951790809631348e-01 2.656732797622680664e-01 2.718368470668792725e-01 2.872919440269470215e-01 2.791295349597930908e-01 2.000000000000000000e+00
2.598836421966552734e-01 2.813132405281066895e-01 2.870875298976898193e-01 2.788554728031158447e-01 2.764583826065063477e-01 1.000000000000000000e+00
2.600951790809631348e-01 2.656732797622680664e-01 2.718368470668792725e-01 2.872919440269470215e-01 2.791295349597930908e-01 2.000000000000000000e+00
7.958599925041198730e-02 3.140987828373908997e-02 2.434155670925974846e-03 2.409361116588115692e-02 9.980262070894241333e-02 0.000000000000000000e+00
1.787034571170806885e-01 1.570801883935928345e-01 1.044062674045562744e-01 8.917954564094543457e-02 1.315024197101593018e-01 0.000000000000000000e+00
2.052373737096786499e-01 2.494737058877944946e-01 2.553892433643341064e-01 2.759668231010437012e-01 2.661161720752716064e-01 0.000000000000000000e+00
3.022813796997070312e-01 3.085410892963409424e-01 3.165178894996643066e-01 2.754629552364349365e-01 2.751907110214233398e-01 0.000000000000000000e+00
3.346636593341827393e-01 3.769160211086273193e-01 3.793542087078094482e-01 3.551004230976104736e-01 3.604944646358489990e-01 0.000000000000000000e+00
1.073549967259168625e-03 2.406630665063858032e-04 -5.699179321527481079e-02 -9.621077030897140503e-02 -1.379303485155105591e-01 1.000000000000000000e+00
5.366729199886322021e-02 1.080393567681312561e-01 1.228123828768730164e-01 9.466359019279479980e-02 1.282428056001663208e-01 2.000000000000000000e+00
1.073549967259168625e-03 2.406630665063858032e-04 -5.699179321527481079e-02 -9.621077030897140503e-02 -1.379303485155105591e-01 1.000000000000000000e+00
5.366729199886322021e-02 1.080393567681312561e-01 1.228123828768730164e-01 9.466359019279479980e-02 1.282428056001663208e-01 2.000000000000000000e+00
1.073549967259168625e-03 2.406630665063858032e-04 -5.699179321527481079e-02 -9.621077030897140503e-02 -1.379303485155105591e-01 1.000000000000000000e+00
5.366729199886322021e-02 1.080393567681312561e-01 1.228123828768730164e-01 9.466359019279479980e-02 1.282428056001663208e-01 2.000000000000000000e+00
1.073549967259168625e-03 2.406630665063858032e-04 -5.699179321527481079e-02 -9.621077030897140503e-02 -1.379303485155105591e-01 1.000000000000000000e+00
5.366729199886322021e-02 1.080393567681312561e-01 1.228123828768730164e-01 9.466359019279479980e-02 1.282428056001663208e-01 2.000000000000000000e+00
1.073549967259168625e-03 2.406630665063858032e-04 -5.699179321527481079e-02 -9.621077030897140503e-02 -1.379303485155105591e-01 1.000000000000000000e+00
5.366729199886322021e-02 1.080393567681312561e-01 1.228123828768730164e-01 9.466359019279479980e-02 1.282428056001663208e-01 2.000000000000000000e+00
1.073549967259168625e-03 2.406630665063858032e-04 -5.699179321527481079e-02 -9.621077030897140503e-02 -1.379303485155105591e-01 1.000000000000000000e+00
5.366729199886322021e-02 1.080393567681312561e-01 1.228123828768730164e-01 9.466359019279479980e-02 1.282428056001663208e-01 2.000000000000000000e+00
1.073549967259168625e-03 2.406630665063858032e-04 -5.699179321527481079e-02 -9.621077030897140503e-02 -1.379303485155105591e-01 1.000000000000000000e+00
5.366729199886322021e-02 1.080393567681312561e-01 1.228123828768730164e-01 9.466359019279479980e-02 1.282428056001663208e-01 2.000000000000000000e+00
1.073549967259168625e-03 2.406630665063858032e-04 -5.699179321527481079e-02 -9.621077030897140503e-02 -1.379303485155105591e-01 1.000000000000000000e+00
5.366729199886322021e-02 1.080393567681312561e-01 1.228123828768730164e-01 9.466359019279479980e-02 1.282428056001663208e-01 2.000000000000000000e+00
1.073549967259168625e-03 2.406630665063858032e-04 -5.699179321527481079e-02 -9.621077030897140503e-02 -1.379303485155105591e-01 1.000000000000000000e+00
5.366729199886322021e-02 1.080393567681312561e-01 1.228123828768730164e-01 9.466359019279479980e-02 1.282428056001663208e-01 2.000000000000000000e+00
1.073549967259168625e-03 2.406630665063858032e-04 -5.699179321527481079e-02 -9.621077030897140503e-02 -1.379303485155105591e-01 1.000000000000000000e+00
5.366729199886322021e-02 1.080393567681312561e-01 1.228123828768730164e-01 9.466359019279479980e-02 1.282428056001663208e-01 2.000000000000000000e+00
2.631756961345672607e-01 2.799763381481170654e-01 2.837307155132293701e-01 2.960938513278961182e-01 3.008529245853424072e-01 0.000000000000000000e+00
1.505098789930343628e-01 1.818400919437408447e-01 2.346478253602981567e-01 2.040844559669494629e-01 1.938996016979217529e-01 0.000000000000000000e+00
7.361687719821929932e-02 9.119017422199249268e-02 3.869527950882911682e-02 7.692638784646987915e-02 1.014774516224861145e-01 0.000000000000000000e+00
1.409846097230911255e-01 1.650353223085403442e-01 1.729568988084793091e-01 1.667754948139190674e-01 1.620885878801345825e-01 0.000000000000000000e+00
8.675261586904525757e-02 9.607832878828048706e-02 9.942227602005004883e-02 1.197557523846626282e-01 5.173550546169281006e-02 0.000000000000000000e+00
2.157609909772872925e-01 2.235329300165176392e-01 1.948397010564804077e-01 1.476023644208908081e-01 1.481732130050659180e-01 0.000000000000000000e+00
2.363820374011993408e-01 2.425495386123657227e-01 2.390682250261306763e-01 2.597416341304779053e-01 2.422415465116500854e-01 0.000000000000000000e+00
2.419960796833038330e-01 2.506530284881591797e-01 2.425726205110549927e-01 2.554826736450195312e-01 2.685704827308654785e-01 0.000000000000000000e+00
2.565340101718902588e-01 2.667149603366851807e-01 2.757394909858703613e-01 2.680653333663940430e-01 2.718000113964080811e-01 0.000000000000000000e+00
1.574009507894515991e-01 1.729503870010375977e-01 2.170827686786651611e-01 2.264244705438613892e-01 2.424202859401702881e-01 0.000000000000000000e+00
-1.033571828156709671e-02 2.546355500817298889e-02 -5.941516719758510590e-03 -2.742866054177284241e-02 -2.924020960927009583e-02 0.000000000000000000e+00
3.005596436560153961e-02 5.198574438691139221e-02 1.129856631159782410e-01 -3.887652233242988586e-02 -6.134440004825592041e-02 0.000000000000000000e+00
1.343625038862228394e-01 3.981157019734382629e-02 -7.386486232280731201e-02 -1.047694906592369080e-01 -1.064766794443130493e-01 0.000000000000000000e+00
2.150375396013259888e-01 2.313191443681716919e-01 2.317448705434799194e-01 1.562303900718688965e-01 1.155255064368247986e-01 0.000000000000000000e+00
2.854760885238647461e-01 2.961417138576507568e-01 2.963654994964599609e-01 2.961034476757049561e-01 2.889661788940429688e-01 0.000000000000000000e+00
2.572276592254638672e-01 2.762275934219360352e-01 2.975338399410247803e-01 3.011005520820617676e-01 3.126054108142852783e-01 0.000000000000000000e+00
2.930169403553009033e-01 3.134985864162445068e-01 3.126127421855926514e-01 3.211707770824432373e-01 3.182025253772735596e-01 0.000000000000000000e+00
3.080323934555053711e-01 3.191069066524505615e-01 3.236602544784545898e-01 3.245771527290344238e-01 3.244034349918365479e-01 0.000000000000000000e+00
3.320639729499816895e-01 3.588104844093322754e-01 3.611530065536499023e-01 3.628292679786682129e-01 3.486692905426025391e-01 0.000000000000000000e+00
3.254349231719970703e-01 3.535173237323760986e-01 3.805322051048278809e-01 3.935081064701080322e-01 3.937193453311920166e-01 0.000000000000000000e+00
2.229387462139129639e-01 2.843604087829589844e-01 3.204705119132995605e-01 3.510504066944122314e-01 3.532227277755737305e-01 0.000000000000000000e+00
1.776450425386428833e-01 2.299221307039260864e-01 2.057574987411499023e-01 1.534249782562255859e-01 1.672816723585128784e-01 0.000000000000000000e+00
2.142016291618347168e-01 2.410082817077636719e-01 2.444585710763931274e-01 2.579505443572998047e-01 2.337422817945480347e-01 0.000000000000000000e+00
2.212951034307479858e-01 2.407660186290740967e-01 2.295314371585845947e-01 2.572289407253265381e-01 2.576979100704193115e-01 0.000000000000000000e+00
2.790918946266174316e-01 2.866094708442687988e-01 2.584245204925537109e-01 2.677888274192810059e-01 2.677621245384216309e-01 0.000000000000000000e+00
2.665770351886749268e-01 2.665930688381195068e-01 2.874903976917266846e-01 3.036603331565856934e-01 3.028678596019744873e-01 0.000000000000000000e+00
2.859382331371307373e-01 2.981303632259368896e-01 2.986657321453094482e-01 3.014686107635498047e-01 2.947888076305389404e-01 0.000000000000000000e+00
2.790447473526000977e-01 2.950233817100524902e-01 3.059486746788024902e-01 3.048489987850189209e-01 3.039591610431671143e-01 0.000000000000000000e+00
-1.043831035494804382e-01 3.251142427325248718e-02 1.790140867233276367e-01 1.464832723140716553e-01 1.401844620704650879e-01 0.000000000000000000e+00
2.970590442419052124e-02 -1.121108978986740112e-01 -3.105691866949200630e-03 -8.276779204607009888e-02 -7.430789619684219360e-02 0.000000000000000000e+00
9.121616929769515991e-02 8.508376777172088623e-02 1.030851826071739197e-01 1.074448823928833008e-01 8.541258424520492554e-02 0.000000000000000000e+00
3.021354600787162781e-02 7.962241768836975098e-02 1.138510927557945251e-01 9.923883527517318726e-02 1.859410554170608521e-01 0.000000000000000000e+00
1.938197761774063110e-01 1.870601326227188110e-01 2.116821855306625366e-01 1.966026723384857178e-01 1.880355477333068848e-01 0.000000000000000000e+00
2.250290364027023315e-01 2.580415904521942139e-01 2.617656886577606201e-01 2.666711211204528809e-01 2.522908747196197510e-01 0.000000000000000000e+00
2.332501709461212158e-01 2.583393752574920654e-01 2.800701856613159180e-01 3.087374269962310791e-01 2.888370454311370850e-01 0.000000000000000000e+00
-1.521500200033187866e-01 -1.555588543415069580e-01 -1.517791152000427246e-01 -1.480765938758850098e-01 -1.539379209280014038e-01 0.000000000000000000e+00
-1.229187399148941040e-01 -1.249588355422019958e-01 -8.582644164562225342e-02 -1.392164379358291626e-01 -1.492235958576202393e-01 0.000000000000000000e+00
-5.545393563807010651e-03 -2.600894123315811157e-02 -9.073796123266220093e-02 -7.075425982475280762e-02 -5.340194702148437500e-02 0.000000000000000000e+00
1.347017437219619751e-01 1.915689259767532349e-01 1.732082962989807129e-01 1.005602255463600159e-01 1.395328193902969360e-01 0.000000000000000000e+00
2.823112308979034424e-01 3.006092905998229980e-01 3.362298309803009033e-01 2.870092391967773438e-01 2.212364226579666138e-01 0.000000000000000000e+00
4.291899800300598145e-01 4.662321507930755615e-01 4.690900743007659912e-01 4.132725000381469727e-01 3.583131730556488037e-01 0.000000000000000000e+00
-1.600152254104614258e-01 -1.415119320154190063e-01 -1.397672593593597412e-01 -1.368566453456878662e-01 -1.389481574296951294e-01 1.000000000000000000e+00
-1.450674086809158325e-01 -1.559629440307617188e-01 -1.406898498535156250e-01 -1.586916744709014893e-01 -1.404904127120971680e-01 2.000000000000000000e+00
-1.600152254104614258e-01 -1.415119320154190063e-01 -1.397672593593597412e-01 -1.368566453456878662e-01 -1.389481574296951294e-01 1.000000000000000000e+00
-1.450674086809158325e-01 -1.559629440307617188e-01 -1.406898498535156250e-01 -1.586916744709014893e-01 -1.404904127120971680e-01 2.000000000000000000e+00
-1.600152254104614258e-01 -1.415119320154190063e-01 -1.397672593593597412e-01 -1.368566453456878662e-01 -1.389481574296951294e-01 1.000000000000000000e+00
-1.450674086809158325e-01 -1.559629440307617188e-01 -1.406898498535156250e-01 -1.586916744709014893e-01 -1.404904127120971680e-01 2.000000000000000000e+00
-1.600152254104614258e-01 -1.415119320154190063e-01 -1.397672593593597412e-01 -1.368566453456878662e-01 -1.389481574296951294e-01 1.000000000000000000e+00
-1.450674086809158325e-01 -1.559629440307617188e-01 -1.406898498535156250e-01 -1.586916744709014893e-01 -1.404904127120971680e-01 2.000000000000000000e+00
-1.600152254104614258e-01 -1.415119320154190063e-01 -1.397672593593597412e-01 -1.368566453456878662e-01 -1.389481574296951294e-01 1.000000000000000000e+00
-1.450674086809158325e-01 -1.559629440307617188e-01 -1.406898498535156250e-01 -1.586916744709014893e-01 -1.404904127120971680e-01 2.000000000000000000e+00
-1.600152254104614258e-01 -1.415119320154190063e-01 -1.397672593593597412e-01 -1.368566453456878662e-01 -1.389481574296951294e-01 1.000000000000000000e+00
-1.450674086809158325e-01 -1.559629440307617188e-01 -1.406898498535156250e-01 -1.586916744709014893e-01 -1.404904127120971680e-01 2.000000000000000000e+00
-1.600152254104614258e-01 -1.415119320154190063e-01 -1.397672593593597412e-01 -1.368566453456878662e-01 -1.389481574296951294e-01 1.000000000000000000e+00
-1.450674086809158325e-01 -1.559629440307617188e-01 -1.406898498535156250e-01 -1.586916744709014893e-01 -1.404904127120971680e-01 2.000000000000000000e+00
-1.600152254104614258e-01 -1.415119320154190063e-01 -1.397672593593597412e-01 -1.368566453456878662e-01 -1.389481574296951294e-01 1.000000000000000000e+00
-1.450674086809158325e-01 -1.559629440307617188e-01 -1.406898498535156250e-01 -1.586916744709014893e-01 -1.404904127120971680e-01 2.000000000000000000e+00
-1.600152254104614258e-01 -1.415119320154190063e-01 -1.397672593593597412e-01 -1.368566453456878662e-01 -1.389481574296951294e-01 1.000000000000000000e+00
-1.450674086809158325e-01 -1.559629440307617188e-01 -1.406898498535156250e-01 -1.586916744709014893e-01 -1.404904127120971680e-01 2.000000000000000000e+00
-1.600152254104614258e-01 -1.415119320154190063e-01 -1.397672593593597412e-01 -1.368566453456878662e-01 -1.389481574296951294e-01 1.000000000000000000e+00
-1.450674086809158325e-01 -1.559629440307617188e-01 -1.406898498535156250e-01 -1.586916744709014893e-01 -1.404904127120971680e-01 2.000000000000000000e+00
2.130501717329025269e-01 2.036137431859970093e-01 2.059073448181152344e-01 1.955577731132507324e-01 1.877897083759307861e-01 0.000000000000000000e+00
2.211019098758697510e-01 2.092555314302444458e-01 2.039255946874618530e-01 1.971178948879241943e-01 1.933253258466720581e-01 0.000000000000000000e+00
2.197522372007369995e-01 2.262595742940902710e-01 2.172650545835494995e-01 2.194866091012954712e-01 2.249393165111541748e-01 0.000000000000000000e+00
1.639944612979888916e-01 1.744296550750732422e-01 1.733142435550689697e-01 1.917763948440551758e-01 2.003477811813354492e-01 0.000000000000000000e+00
1.490861773490905762e-01 1.221584156155586243e-01 1.673827022314071655e-01 1.714115291833877563e-01 1.674174368381500244e-01 0.000000000000000000e+00
2.307310998439788818e-01 2.254655510187149048e-01 1.792816221714019775e-01 1.732229441404342651e-01 1.688611209392547607e-01 0.000000000000000000e+00
5.349848791956901550e-02 7.001947611570358276e-02 1.530975550413131714e-01 2.002667039632797241e-01 2.253537327051162720e-01 0.000000000000000000e+00
1.754136085510253906e-01 2.556817829608917236e-01 2.886383533477783203e-01 3.217688500881195068e-01 3.061932921409606934e-01 0.000000000000000000e+00
1.964160203933715820e-01 2.186483293771743774e-01 2.197965979576110840e-01 2.104364186525344849e-01 2.026300132274627686e-01 0.000000000000000000e+00
3.079077601432800293e-02 1.605053991079330444e-01 1.523875743150711060e-01 1.711666584014892578e-01 1.979977190494537354e-01 0.000000000000000000e+00
3.827022761106491089e-02 3.470212966203689575e-02 -3.708627820014953613e-02 1.554905087687075138e-03 -5.605453625321388245e-02 0.000000000000000000e+00
7.795112580060958862e-02 7.308039069175720215e-02 7.573074102401733398e-02 7.970622181892395020e-02 6.057886034250259399e-02 0.000000000000000000e+00
1.718247830867767334e-01 1.963939815759658813e-01 1.773374825716018677e-01 1.789672374725341797e-01 1.289303153753280640e-01 0.000000000000000000e+00
2.074723094701766968e-01 2.272848337888717651e-01 2.412797957658767700e-01 2.198477685451507568e-01 2.057832777500152588e-01 0.000000000000000000e+00
2.542745471000671387e-01 2.945811450481414795e-01 3.065554499626159668e-01 3.259491324424743652e-01 2.936967611312866211e-01 0.000000000000000000e+00
2.685332596302032471e-01 3.072691559791564941e-01 3.157794773578643799e-01 3.396524190902709961e-01 3.156718909740447998e-01 0.000000000000000000e+00
3.249118328094482422e-01 3.503223955631256104e-01 3.622324168682098389e-01 3.728899061679840088e-01 3.518093526363372803e-01 0.000000000000000000e+00
3.310256898403167725e-01 3.523621559143066406e-01 3.563038110733032227e-01 3.653229475021362305e-01 3.523414433002471924e-01 0.000000000000000000e+00
2.434254586696624756e-01 2.878208160400390625e-01 2.935881018638610840e-01 3.251409828662872314e-01 3.541095554828643799e-01 0.000000000000000000e+00
1.235760152339935303e-01 1.332412809133529663e-01 2.145069390535354614e-01 2.353497147560119629e-01 2.719781696796417236e-01 0.000000000000000000e+00
-9.498555958271026611e-02 -4.475378245115280151e-02 7.034479081630706787e-02 1.393605172634124756e-01 1.412511765956878662e-01 0.000000000000000000e+00
2.703291475772857666e-01 2.731115818023681641e-01 2.593728601932525635e-01 2.650044560432434082e-01 2.807939350605010986e-01 0.000000000000000000e+00
2.606543898582458496e-01 2.703298330307006836e-01 2.766179442405700684e-01 2.951370179653167725e-01 2.887858450412750244e-01 0.000000000000000000e+00
2.790354490280151367e-01 2.832183241844177246e-01 2.812457382678985596e-01 2.926458716392517090e-01 2.912634313106536865e-01 0.000000000000000000e+00
2.342236340045928955e-01 2.706226706504821777e-01 2.698094844818115234e-01 2.741061449050903320e-01 2.699194848537445068e-01 0.000000000000000000e+00
2.012810707092285156e-01 2.139234244823455811e-01 2.526517510414123535e-01 2.810757756233215332e-01 2.704155743122100830e-01 0.000000000000000000e+00
2.514953017234802246e-01 2.672199010848999023e-01 2.688636183738708496e-01 2.616963982582092285e-01 2.568236291408538818e-01 0.000000000000000000e+00
2.786953747272491455e-01 3.039489984512329102e-01 3.259156942367553711e-01 3.175289332866668701e-01 3.284420669078826904e-01 0.000000000000000000e+00
2.681417465209960938e-01 2.918998003005981445e-01 3.118858635425567627e-01 3.185664713382720947e-01 3.338319361209869385e-01 0.000000000000000000e+00
2.989265024662017822e-01 3.127334117889404297e-01 3.189021050930023193e-01 3.184320330619812012e-01 3.010214269161224365e-01 0.000000000000000000e+00
3.044353425502777100e-01 3.131120502948760986e-01 3.222068846225738525e-01 3.198193907737731934e-01 3.268070518970489502e-01 0.000000000000000000e+00
2.823936045169830322e-01 2.851806282997131348e-01 2.922238707542419434e-01 2.943780720233917236e-01 3.102936148643493652e-01 0.000000000000000000e+00
2.685320675373077393e-01 2.782676219940185547e-01 2.879556417465209961e-01 2.879185676574707031e-01 3.136439621448516846e-01 0.000000000000000000e+00
1.638043820858001709e-01 1.081672757863998413e-01 -2.223774977028369904e-02 1.295115500688552856e-01 2.366837561130523682e-01 0.000000000000000000e+00
4.099009931087493896e-01 4.526416957378387451e-01 4.426480233669281006e-01 4.140303730964660645e-01 3.876902461051940918e-01 0.000000000000000000e+00
2.199040651321411133e-01 2.590420246124267578e-01 2.736687064170837402e-01 2.677754759788513184e-01 2.944485545158386230e-01 0.000000000000000000e+00
2.983476221561431885e-01 3.557822108268737793e-01 3.767326176166534424e-01 3.499194085597991943e-01 3.373225629329681396e-01 0.000000000000000000e+00
3.399734795093536377e-01 3.884329199790954590e-01 4.111369848251342773e-01 4.061222672462463379e-01 3.914353549480438232e-01 0.000000000000000000e+00
3.544274866580963135e-01 3.980669379234313965e-01 4.205117523670196533e-01 4.535761475563049316e-01 4.909433722496032715e-01 0.000000000000000000e+00
4.162113666534423828e-01 4.601658582687377930e-01 4.877240061759948730e-01 4.827888607978820801e-01 4.458389282226562500e-01 0.000000000000000000e+00
3.869464695453643799e-01 4.168491661548614502e-01 4.523022770881652832e-01 4.872401654720306396e-01 5.079813599586486816e-01 0.000000000000000000e+00
3.886074721813201904e-01 4.465676844120025635e-01 4.664629399776458740e-01 4.627129137516021729e-01 4.708727598190307617e-01 0.000000000000000000e+00
1.929153352975845337e-01 2.440552413463592529e-01 2.185069173574447632e-01 2.307775467634201050e-01 2.466666400432586670e-01 1.000000000000000000e+00
2.642710208892822266e-01 2.641392648220062256e-01 2.952055335044860840e-01 2.821087837219238281e-01 2.853543460369110107e-01 2.000000000000000000e+00
1.929153352975845337e-01 2.440552413463592529e-01 2.185069173574447632e-01 2.307775467634201050e-01 2.466666400432586670e-01 1.000000000000000000e+00
2.642710208892822266e-01 2.641392648220062256e-01 2.952055335044860840e-01 2.821087837219238281e-01 2.853543460369110107e-01 2.000000000000000000e+00
1.929153352975845337e-01 2.440552413463592529e-01 2.185069173574447632e-01 2.307775467634201050e-01 2.466666400432586670e-01 1.000000000000000000e+00
2.642710208892822266e-01 2.641392648220062256e-01 2.952055335044860840e-01 2.821087837219238281e-01 2.853543460369110107e-01 2.000000000000000000e+00
1.929153352975845337e-01 2.440552413463592529e-01 2.185069173574447632e-01 2.307775467634201050e-01 2.466666400432586670e-01 1.000000000000000000e+00
2.642710208892822266e-01 2.641392648220062256e-01 2.952055335044860840e-01 2.821087837219238281e-01 2.853543460369110107e-01 2.000000000000000000e+00
1.929153352975845337e-01 2.440552413463592529e-01 2.185069173574447632e-01 2.307775467634201050e-01 2.466666400432586670e-01 1.000000000000000000e+00
2.642710208892822266e-01 2.641392648220062256e-01 2.952055335044860840e-01 2.821087837219238281e-01 2.853543460369110107e-01 2.000000000000000000e+00
1.929153352975845337e-01 2.440552413463592529e-01 2.185069173574447632e-01 2.307775467634201050e-01 2.466666400432586670e-01 1.000000000000000000e+00
2.642710208892822266e-01 2.641392648220062256e-01 2.952055335044860840e-01 2.821087837219238281e-01 2.853543460369110107e-01 2.000000000000000000e+00
1.929153352975845337e-01 2.440552413463592529e-01 2.185069173574447632e-01 2.307775467634201050e-01 2.466666400432586670e-01 1.000000000000000000e+00
2.642710208892822266e-01 2.641392648220062256e-01 2.952055335044860840e-01 2.821087837219238281e-01 2.853543460369110107e-01 2.000000000000000000e+00
1.929153352975845337e-01 2.440552413463592529e-01 2.185069173574447632e-01 2.307775467634201050e-01 2.466666400432586670e-01 1.000000000000000000e+00
2.642710208892822266e-01 2.641392648220062256e-01 2.952055335044860840e-01 2.821087837219238281e-01 2.853543460369110107e-01 2.000000000000000000e+00
1.929153352975845337e-01 2.440552413463592529e-01 2.185069173574447632e-01 2.307775467634201050e-01 2.466666400432586670e-01 1.000000000000000000e+00
2.642710208892822266e-01 2.641392648220062256e-01 2.952055335044860840e-01 2.821087837219238281e-01 2.853543460369110107e-01 2.000000000000000000e+00
1.929153352975845337e-01 2.440552413463592529e-01 2.185069173574447632e-01 2.307775467634201050e-01 2.466666400432586670e-01 1.000000000000000000e+00
2.642710208892822266e-01 2.641392648220062256e-01 2.952055335044860840e-01 2.821087837219238281e-01 2.853543460369110107e-01 2.000000000000000000e+00
2.759596109390258789e-01 3.717943429946899414e-01 3.649891316890716553e-01 3.483162820339202881e-01 3.072069585323333740e-01 0.000000000000000000e+00
3.055025339126586914e-01 3.356273770332336426e-01 3.543744087219238281e-01 3.758032321929931641e-01 3.814744651317596436e-01 0.000000000000000000e+00
3.609309792518615723e-01 4.374408125877380371e-01 4.854175150394439697e-01 4.895328581333160400e-01 4.808602333068847656e-01 0.000000000000000000e+00
3.771771788597106934e-01 4.460192322731018066e-01 4.664150178432464600e-01 4.919614195823669434e-01 5.032656788825988770e-01 0.000000000000000000e+00
2.435254305601119995e-01 2.826501131057739258e-01 3.213191628456115723e-01 3.895275890827178955e-01 4.391476213932037354e-01 0.000000000000000000e+00
1.990615576505661011e-01 2.265982925891876221e-01 2.165489643812179565e-01 2.532455027103424072e-01 2.742385864257812500e-01 0.000000000000000000e+00
2.193319797515869141e-01 2.727614939212799072e-01 2.707052528858184814e-01 2.665263414382934570e-01 2.662088274955749512e-01 0.000000000000000000e+00
2.085470706224441528e-01 2.360607981681823730e-01 2.606874406337738037e-01 3.317335844039916992e-01 3.615463674068450928e-01 1.000000000000000000e+00
2.565470337867736816e-01 2.902153432369232178e-01 3.114312589168548584e-01 3.055568635463714600e-01 3.153150677680969238e-01 2.000000000000000000e+00
2.085470706224441528e-01 2.360607981681823730e-01 2.606874406337738037e-01 3.317335844039916992e-01 3.615463674068450928e-01 1.000000000000000000e+00
2.565470337867736816e-01 2.902153432369232178e-01 3.114312589168548584e-01 3.055568635463714600e-01 3.153150677680969238e-01 2.000000000000000000e+00
2.085470706224441528e-01 2.360607981681823730e-01 2.606874406337738037e-01 3.317335844039916992e-01 3.615463674068450928e-01 1.000000000000000000e+00
2.565470337867736816e-01 2.902153432369232178e-01 3.114312589168548584e-01 3.055568635463714600e-01 3.153150677680969238e-01 2.000000000000000000e+00
2.085470706224441528e-01 2.360607981681823730e-01 2.606874406337738037e-01 3.317335844039916992e-01 3.615463674068450928e-01 1.000000000000000000e+00
2.565470337867736816e-01 2.902153432369232178e-01 3.114312589168548584e-01 3.055568635463714600e-01 3.153150677680969238e-01 2.000000000000000000e+00
2.085470706224441528e-01 2.360607981681823730e-01 2.606874406337738037e-01 3.317335844039916992e-01 3.615463674068450928e-01 1.000000000000000000e+00
2.565470337867736816e-01 2.902153432369232178e-01 3.114312589168548584e-01 3.055568635463714600e-01 3.153150677680969238e-01 2.000000000000000000e+00
2.085470706224441528e-01 2.360607981681823730e-01 2.606874406337738037e-01 3.317335844039916992e-01 3.615463674068450928e-01 1.000000000000000000e+00
2.565470337867736816e-01 2.902153432369232178e-01 3.114312589168548584e-01 3.055568635463714600e-01 3.153150677680969238e-01 2.000000000000000000e+00
2.085470706224441528e-01 2.360607981681823730e-01 2.606874406337738037e-01 3.317335844039916992e-01 3.615463674068450928e-01 1.000000000000000000e+00
2.565470337867736816e-01 2.902153432369232178e-01 3.114312589168548584e-01 3.055568635463714600e-01 3.153150677680969238e-01 2.000000000000000000e+00
2.085470706224441528e-01 2.360607981681823730e-01 2.606874406337738037e-01 3.317335844039916992e-01 3.615463674068450928e-01 1.000000000000000000e+00
2.565470337867736816e-01 2.902153432369232178e-01 3.114312589168548584e-01 3.055568635463714600e-01 3.153150677680969238e-01 2.000000000000000000e+00
2.085470706224441528e-01 2.360607981681823730e-01 2.606874406337738037e-01 3.317335844039916992e-01 3.615463674068450928e-01 1.000000000000000000e+00
2.565470337867736816e-01 2.902153432369232178e-01 3.114312589168548584e-01 3.055568635463714600e-01 3.153150677680969238e-01 2.000000000000000000e+00
2.085470706224441528e-01 2.360607981681823730e-01 2.606874406337738037e-01 3.317335844039916992e-01 3.615463674068450928e-01 1.000000000000000000e+00
2.565470337867736816e-01 2.902153432369232178e-01 3.114312589168548584e-01 3.055568635463714600e-01 3.153150677680969238e-01 2.000000000000000000e+00
2.463347464799880981e-01 3.096034228801727295e-01 3.194319605827331543e-01 3.247189819812774658e-01 3.559530079364776611e-01 0.000000000000000000e+00
2.593465745449066162e-01 3.130691349506378174e-01 3.578060865402221680e-01 3.837627172470092773e-01 3.583656549453735352e-01 0.000000000000000000e+00
2.736468315124511719e-01 3.251433670520782471e-01 3.467040359973907471e-01 3.555702269077301025e-01 3.488671183586120605e-01 0.000000000000000000e+00
1.970216780900955200e-01 2.435426115989685059e-01 3.436568379402160645e-01 3.667030930519104004e-01 3.817191720008850098e-01 0.000000000000000000e+00
1.481733024120330811e-01 1.519766002893447876e-01 1.759955883026123047e-01 2.018132656812667847e-01 2.233365178108215332e-01 0.000000000000000000e+00
1.035381704568862915e-01 1.521329581737518311e-01 1.940921992063522339e-01 2.226680666208267212e-01 2.159549742937088013e-01 0.000000000000000000e+00
1.404393911361694336e-01 1.358415484428405762e-01 1.407959610223770142e-01 9.448047727346420288e-02 1.352662295103073120e-01 0.000000000000000000e+00
2.835198938846588135e-01 3.209067583084106445e-01 3.236205577850341797e-01 3.434667587280273438e-01 3.536611199378967285e-01 0.000000000000000000e+00
2.644057571887969971e-01 3.185040652751922607e-01 3.724084794521331787e-01 3.780006468296051025e-01 3.952744603157043457e-01 0.000000000000000000e+00
2.753499150276184082e-01 3.242770433425903320e-01 3.349518775939941406e-01 3.496826291084289551e-01 3.498474955558776855e-01 0.000000000000000000e+00
2.983439266681671143e-01 3.555575609207153320e-01 3.902001082897186279e-01 3.831483721733093262e-01 3.869940042495727539e-01 0.000000000000000000e+00
2.874032258987426758e-01 3.488954305648803711e-01 3.994708061218261719e-01 3.721829354763031006e-01 4.121503531932830811e-01 0.000000000000000000e+00
3.242039978504180908e-01 3.957434892654418945e-01 4.454632997512817383e-01 4.359611272811889648e-01 4.263811111450195312e-01 0.000000000000000000e+00
3.049215674400329590e-01 3.671075701713562012e-01 4.090031087398529053e-01 4.217048883438110352e-01 4.258263707160949707e-01 0.000000000000000000e+00
1.118929088115692139e-01 1.273295879364013672e-01 1.144781708717346191e-01 1.705052852630615234e-01 2.566114962100982666e-01 0.000000000000000000e+00
1.853960007429122925e-01 1.628814339637756348e-01 1.368993222713470459e-01 1.988331228494644165e-01 1.257614940404891968e-01 0.000000000000000000e+00
1.865327954292297363e-01 1.927063763141632080e-01 2.264593094587326050e-01 2.157349288463592529e-01 2.071230560541152954e-01 0.000000000000000000e+00
2.450830042362213135e-01 2.681593298912048340e-01 2.622543871402740479e-01 2.994208037853240967e-01 2.768826782703399658e-01 0.000000000000000000e+00
2.913133502006530762e-01 2.983505129814147949e-01 3.165826201438903809e-01 3.053893744945526123e-01 2.919325828552246094e-01 0.000000000000000000e+00
3.497279286384582520e-01 3.700832426548004150e-01 3.745975196361541748e-01 3.666241466999053955e-01 3.543335795402526855e-01 0.000000000000000000e+00
3.292550444602966309e-01 3.505575954914093018e-01 3.724752962589263916e-01 3.929150700569152832e-01 4.144251346588134766e-01 0.000000000000000000e+00
1.693335175514221191e-01 2.324047088623046875e-01 3.083659708499908447e-01 3.277551233768463135e-01 3.610053956508636475e-01 0.000000000000000000e+00
1.336446255445480347e-01 1.466822773218154907e-01 2.040285021066665649e-01 2.014534324407577515e-01 2.011960446834564209e-01 0.000000000000000000e+00
2.838070094585418701e-01 3.377468883991241455e-01 3.381539285182952881e-01 3.427412807941436768e-01 2.622021734714508057e-01 0.000000000000000000e+00
2.443449646234512329e-01 2.767529487609863281e-01 2.946644723415374756e-01 3.175100982189178467e-01 3.301854133605957031e-01 0.000000000000000000e+00
2.987267971038818359e-01 3.293457925319671631e-01 3.103933334350585938e-01 3.015345036983489990e-01 2.979291081428527832e-01 0.000000000000000000e+00
3.129264116287231445e-01 3.571828305721282959e-01 3.474080562591552734e-01 3.509563207626342773e-01 3.388825356960296631e-01 0.000000000000000000e+00
3.291718363761901855e-01 3.413168191909790039e-01 3.626903593540191650e-01 3.622570037841796875e-01 3.660242557525634766e-01 0.000000000000000000e+00
3.504306674003601074e-01 3.857746720314025879e-01 3.863273262977600098e-01 3.896023631095886230e-01 3.885113596916198730e-01 0.000000000000000000e+00
2.120191156864166260e-01 2.817652821540832520e-01 3.348536491394042969e-01 3.854389190673828125e-01 3.963445723056793213e-01 0.000000000000000000e+00
2.107969671487808228e-01 2.505836188793182373e-01 2.012163251638412476e-01 2.038255631923675537e-01 2.456262856721878052e-01 0.000000000000000000e+00
2.095818668603897095e-01 2.450182139873504639e-01 2.964139580726623535e-01 3.131686449050903320e-01 3.222722709178924561e-01 0.000000000000000000e+00
-4.402723535895347595e-02 7.412637351080775261e-04 -3.300165059044957161e-03 1.356665641069412231e-01 2.274756282567977905e-01 0.000000000000000000e+00
-4.310190211981534958e-03 1.537392009049654007e-02 1.053809002041816711e-01 1.579578071832656860e-01 1.816860288381576538e-01 0.000000000000000000e+00
1.574038416147232056e-01 1.581134647130966187e-01 7.635106891393661499e-02 8.107510209083557129e-02 5.600817874073982239e-02 0.000000000000000000e+00
2.173248976469039917e-01 2.219990789890289307e-01 2.042155116796493530e-01 2.135272175073623657e-01 2.205417603254318237e-01 0.000000000000000000e+00
3.037618696689605713e-01 3.273253142833709717e-01 3.258785605430603027e-01 3.272009193897247314e-01 2.991610169410705566e-01 0.000000000000000000e+00
2.937566936016082764e-01 3.153046965599060059e-01 3.284304141998291016e-01 3.348222374916076660e-01 3.368027806282043457e-01 0.000000000000000000e+00
2.470064759254455566e-01 2.545066177845001221e-01 2.641194760799407959e-01 2.778223454952239990e-01 2.964474558830261230e-01 0.000000000000000000e+00
5.057227984070777893e-02 -5.938176997005939484e-03 1.819452270865440369e-02 6.439562886953353882e-02 2.033534049987792969e-01 0.000000000000000000e+00
1.993772536516189575e-01 1.695285737514495850e-01 1.285897642374038696e-01 6.178845837712287903e-02 -1.242420636117458344e-02 0.000000000000000000e+00
