5.796270370483398438e-01 4.903473854064941406e-01 4.675208330154418945e-01 6.545320749282836914e-01 0.000000000000000000e+00
6.474111080169677734e-01 4.990028142929077148e-01 7.072550058364868164e-01 6.338436603546142578e-01 0.000000000000000000e+00
9.778096079826354980e-01 4.918218851089477539e-01 4.891315698623657227e-01 5.482631921768188477e-01 0.000000000000000000e+00
5.514549016952514648e-01 5.786014795303344727e-01 8.068211078643798828e-01 7.942579984664916992e-01 0.000000000000000000e+00
7.873243093490600586e-01 7.369205951690673828e-01 8.328976631164550781e-01 4.257153868675231934e-01 0.000000000000000000e+00
1.785634994506835938e+00 1.221666097640991211e+00 4.666506052017211914e-01 -3.175617456436157227e-01 0.000000000000000000e+00
1.142044901847839355e+00 1.119472503662109375e+00 -2.945733070373535156e-02 -1.464123368263244629e+00 0.000000000000000000e+00
1.368715405464172363e+00 1.251980304718017578e+00 1.150932788848876953e+00 9.849872589111328125e-01 0.000000000000000000e+00
6.578918695449829102e-01 5.074856281280517578e-01 5.064190626144409180e-01 8.737469911575317383e-01 0.000000000000000000e+00
5.973570346832275391e-01 5.196676254272460938e-01 5.752166509628295898e-01 9.869074225425720215e-01 0.000000000000000000e+00
6.167407035827636719e-01 3.389257192611694336e-01 7.484609484672546387e-01 9.482367038726806641e-01 0.000000000000000000e+00
6.564024686813354492e-01 3.940448760986328125e-01 7.553057670593261719e-01 9.548263549804687500e-01 0.000000000000000000e+00
4.854425191879272461e-01 4.434070587158203125e-01 9.052488803863525391e-01 1.095045328140258789e+00 0.000000000000000000e+00
4.270958900451660156e-01 5.311208367347717285e-01 8.473531603813171387e-01 9.607783555984497070e-01 0.000000000000000000e+00
1.108158111572265625e+00 8.244132995605468750e-01 5.094350576400756836e-01 7.623970508575439453e-01 0.000000000000000000e+00
1.913090229034423828e+00 7.315714359283447266e-01 4.782303571701049805e-01 8.427016735076904297e-01 0.000000000000000000e+00
1.696364879608154297e+00 8.351590633392333984e-01 5.870305299758911133e-01 7.875862121582031250e-01 0.000000000000000000e+00
5.014457225799560547e+00 1.181387186050415039e+00 8.106484413146972656e-01 6.186654567718505859e-01 0.000000000000000000e+00
8.885592818260192871e-01 7.169068455696105957e-01 8.322309255599975586e-01 8.821363449096679688e-01 0.000000000000000000e+00
6.510720252990722656e-01 6.096320748329162598e-01 8.173176050186157227e-01 9.064123034477233887e-01 0.000000000000000000e+00
5.524084568023681641e-01 9.496482014656066895e-01 7.144503593444824219e-01 9.463586807250976562e-01 0.000000000000000000e+00
3.877639174461364746e-01 4.225572347640991211e-01 8.220598697662353516e-01 8.233161568641662598e-01 0.000000000000000000e+00
5.491302490234375000e+00 4.542497634887695312e+00 2.910497188568115234e-01 4.742609858512878418e-01 0.000000000000000000e+00
-2.827302455902099609e+00 1.326913833618164062e+00 1.424072504043579102e+00 -1.279412209987640381e-01 0.000000000000000000e+00
-1.327218770980834961e+00 -9.952263832092285156e-01 -9.606578350067138672e-01 -1.794533729553222656e-01 0.000000000000000000e+00
-1.436392664909362793e+00 -1.407583355903625488e+00 -3.089700222015380859e+00 -7.875506281852722168e-01 0.000000000000000000e+00
7.396761178970336914e-01 5.905968546867370605e-01 5.584055185317993164e-01 5.253260135650634766e-01 0.000000000000000000e+00
5.712448954582214355e-01 4.334833025932312012e-01 3.976205587387084961e-01 4.967921972274780273e-01 0.000000000000000000e+00
8.808777809143066406e+00 2.990834712982177734e+00 4.817581176757812500e-01 6.704158186912536621e-01 0.000000000000000000e+00
-2.151416063308715820e+00 -8.014082312583923340e-01 7.393260002136230469e+00 7.975576877593994141e+00 0.000000000000000000e+00
4.770019054412841797e+00 1.900768041610717773e+00 6.378091573715209961e-01 7.696628570556640625e-01 0.000000000000000000e+00
2.318066358566284180e+00 6.326303482055664062e+00 1.437202930450439453e+00 6.423234939575195312e-01 0.000000000000000000e+00
9.554228186607360840e-01 1.570660233497619629e+00 6.378070116043090820e-01 4.685952663421630859e-01 0.000000000000000000e+00
7.699255943298339844e-01 7.778635621070861816e-01 4.434744715690612793e-01 5.597142577171325684e-01 0.000000000000000000e+00
5.552097558975219727e-01 6.848270893096923828e-01 4.748047590255737305e-01 8.689382672309875488e-01 0.000000000000000000e+00
1.151750564575195312e+00 1.083231687545776367e+00 9.544932842254638672e-01 1.081755876541137695e+00 0.000000000000000000e+00
1.177449345588684082e+00 9.957023859024047852e-01 1.230912685394287109e+00 1.256287455558776855e+00 0.000000000000000000e+00
1.077212572097778320e+00 1.189681768417358398e+00 8.739333152770996094e-01 1.564283609390258789e+00 0.000000000000000000e+00
8.675945997238159180e-01 1.304733633995056152e+00 1.069454550743103027e+00 1.432495236396789551e+00 0.000000000000000000e+00
1.040414452552795410e+00 1.121144175529479980e+00 1.180916666984558105e+00 1.370391130447387695e+00 0.000000000000000000e+00
8.761714696884155273e-01 1.185369014739990234e+00 1.264800667762756348e+00 1.518730640411376953e+00 0.000000000000000000e+00
1.351170063018798828e+00 1.206336259841918945e+00 1.080244302749633789e+00 1.237109422683715820e+00 0.000000000000000000e+00
-5.545507907867431641e+00 -3.834012448787689209e-01 -2.822007179260253906e+00 -2.655736923217773438e+00 1.000000000000000000e+00
8.987032175064086914e-01 1.042837023735046387e+00 9.330023527145385742e-01 6.761723160743713379e-01 2.000000000000000000e+00
-5.545507907867431641e+00 -3.834012448787689209e-01 -2.822007179260253906e+00 -2.655736923217773438e+00 1.000000000000000000e+00
8.987032175064086914e-01 1.042837023735046387e+00 9.330023527145385742e-01 6.761723160743713379e-01 2.000000000000000000e+00
-5.545507907867431641e+00 -3.834012448787689209e-01 -2.822007179260253906e+00 -2.655736923217773438e+00 1.000000000000000000e+00
8.987032175064086914e-01 1.042837023735046387e+00 9.330023527145385742e-01 6.761723160743713379e-01 2.000000000000000000e+00
-5.545507907867431641e+00 -3.834012448787689209e-01 -2.822007179260253906e+00 -2.655736923217773438e+00 1.000000000000000000e+00
8.987032175064086914e-01 1.042837023735046387e+00 9.330023527145385742e-01 6.761723160743713379e-01 2.000000000000000000e+00
-5.545507907867431641e+00 -3.834012448787689209e-01 -2.822007179260253906e+00 -2.655736923217773438e+00 1.000000000000000000e+00
8.987032175064086914e-01 1.042837023735046387e+00 9.330023527145385742e-01 6.761723160743713379e-01 2.000000000000000000e+00
-5.545507907867431641e+00 -3.834012448787689209e-01 -2.822007179260253906e+00 -2.655736923217773438e+00 1.000000000000000000e+00
8.987032175064086914e-01 1.042837023735046387e+00 9.330023527145385742e-01 6.761723160743713379e-01 2.000000000000000000e+00
-5.545507907867431641e+00 -3.834012448787689209e-01 -2.822007179260253906e+00 -2.655736923217773438e+00 1.000000000000000000e+00
8.987032175064086914e-01 1.042837023735046387e+00 9.330023527145385742e-01 6.761723160743713379e-01 2.000000000000000000e+00
-5.545507907867431641e+00 -3.834012448787689209e-01 -2.822007179260253906e+00 -2.655736923217773438e+00 1.000000000000000000e+00
8.987032175064086914e-01 1.042837023735046387e+00 9.330023527145385742e-01 6.761723160743713379e-01 2.000000000000000000e+00
-5.545507907867431641e+00 -3.834012448787689209e-01 -2.822007179260253906e+00 -2.655736923217773438e+00 1.000000000000000000e+00
8.987032175064086914e-01 1.042837023735046387e+00 9.330023527145385742e-01 6.761723160743713379e-01 2.000000000000000000e+00
-5.545507907867431641e+00 -3.834012448787689209e-01 -2.822007179260253906e+00 -2.655736923217773438e+00 1.000000000000000000e+00
8.987032175064086914e-01 1.042837023735046387e+00 9.330023527145385742e-01 6.761723160743713379e-01 2.000000000000000000e+00
5.755913257598876953e-01 1.102359652519226074e+00 1.413939714431762695e+00 1.596818685531616211e+00 0.000000000000000000e+00
6.541911363601684570e-01 1.150995969772338867e+00 1.630012750625610352e+00 1.515696287155151367e+00 0.000000000000000000e+00
4.763468503952026367e-01 1.132195472717285156e+00 1.358920335769653320e+00 1.511362791061401367e+00 0.000000000000000000e+00
4.475477933883666992e-01 9.172078371047973633e-01 1.316056251525878906e+00 1.565689682960510254e+00 0.000000000000000000e+00
4.091228246688842773e-01 8.859216570854187012e-01 9.419574737548828125e-01 1.362106561660766602e+00 0.000000000000000000e+00
5.317997932434082031e-01 1.136724114418029785e+00 1.382624626159667969e+00 1.470324635505676270e+00 0.000000000000000000e+00
4.457798004150390625e-01 9.768974781036376953e-01 1.253293871879577637e+00 1.581579804420471191e+00 0.000000000000000000e+00
5.065941810607910156e-01 8.253182172775268555e-01 9.939293861389160156e-01 1.193034410476684570e+00 0.000000000000000000e+00
6.217615604400634766e-01 9.719533324241638184e-01 1.155165433883666992e+00 1.156889677047729492e+00 0.000000000000000000e+00
6.145930886268615723e-01 4.705229997634887695e-01 1.007463693618774414e+00 1.195392489433288574e+00 0.000000000000000000e+00
4.815350770950317383e-01 4.862955808639526367e-01 8.983275890350341797e-01 1.023559093475341797e+00 0.000000000000000000e+00
5.660755634307861328e-01 4.266372919082641602e-01 9.134089946746826172e-01 1.040588855743408203e+00 0.000000000000000000e+00
5.349034667015075684e-01 4.347475767135620117e-01 9.041543006896972656e-01 1.048294544219970703e+00 0.000000000000000000e+00
5.318325757980346680e-01 4.300158619880676270e-01 8.922060132026672363e-01 1.034796357154846191e+00 0.000000000000000000e+00
1.065846443176269531e+00 6.494044661521911621e-01 7.026109695434570312e-01 8.260222673416137695e-01 0.000000000000000000e+00
-8.461092710494995117e-01 -1.045472145080566406e+00 2.652714252471923828e+00 9.164434432983398438e+00 0.000000000000000000e+00
3.271394670009613037e-01 -1.837488174438476562e+00 -7.495404481887817383e-01 -1.887066841125488281e+00 0.000000000000000000e+00
6.639215946197509766e-01 8.126450777053833008e-01 9.503367543220520020e-01 9.549176692962646484e-01 0.000000000000000000e+00
5.777810215950012207e-01 9.262216091156005859e-01 1.122345447540283203e+00 1.057593584060668945e+00 0.000000000000000000e+00
-3.000331401824951172e+00 -1.121759414672851562e+00 -1.115511059761047363e+00 -1.030362129211425781e+00 1.000000000000000000e+00
1.303919792175292969e+00 1.130768060684204102e+00 7.232893109321594238e-01 5.363662838935852051e-01 2.000000000000000000e+00
-3.000331401824951172e+00 -1.121759414672851562e+00 -1.115511059761047363e+00 -1.030362129211425781e+00 1.000000000000000000e+00
1.303919792175292969e+00 1.130768060684204102e+00 7.232893109321594238e-01 5.363662838935852051e-01 2.000000000000000000e+00
-3.000331401824951172e+00 -1.121759414672851562e+00 -1.115511059761047363e+00 -1.030362129211425781e+00 1.000000000000000000e+00
1.303919792175292969e+00 1.130768060684204102e+00 7.232893109321594238e-01 5.363662838935852051e-01 2.000000000000000000e+00
-3.000331401824951172e+00 -1.121759414672851562e+00 -1.115511059761047363e+00 -1.030362129211425781e+00 1.000000000000000000e+00
1.303919792175292969e+00 1.130768060684204102e+00 7.232893109321594238e-01 5.363662838935852051e-01 2.000000000000000000e+00
-3.000331401824951172e+00 -1.121759414672851562e+00 -1.115511059761047363e+00 -1.030362129211425781e+00 1.000000000000000000e+00
1.303919792175292969e+00 1.130768060684204102e+00 7.232893109321594238e-01 5.363662838935852051e-01 2.000000000000000000e+00
-3.000331401824951172e+00 -1.121759414672851562e+00 -1.115511059761047363e+00 -1.030362129211425781e+00 1.000000000000000000e+00
1.303919792175292969e+00 1.130768060684204102e+00 7.232893109321594238e-01 5.363662838935852051e-01 2.000000000000000000e+00
-3.000331401824951172e+00 -1.121759414672851562e+00 -1.115511059761047363e+00 -1.030362129211425781e+00 1.000000000000000000e+00
1.303919792175292969e+00 1.130768060684204102e+00 7.232893109321594238e-01 5.363662838935852051e-01 2.000000000000000000e+00
-3.000331401824951172e+00 -1.121759414672851562e+00 -1.115511059761047363e+00 -1.030362129211425781e+00 1.000000000000000000e+00
1.303919792175292969e+00 1.130768060684204102e+00 7.232893109321594238e-01 5.363662838935852051e-01 2.000000000000000000e+00
-3.000331401824951172e+00 -1.121759414672851562e+00 -1.115511059761047363e+00 -1.030362129211425781e+00 1.000000000000000000e+00
1.303919792175292969e+00 1.130768060684204102e+00 7.232893109321594238e-01 5.363662838935852051e-01 2.000000000000000000e+00
-3.000331401824951172e+00 -1.121759414672851562e+00 -1.115511059761047363e+00 -1.030362129211425781e+00 1.000000000000000000e+00
1.303919792175292969e+00 1.130768060684204102e+00 7.232893109321594238e-01 5.363662838935852051e-01 2.000000000000000000e+00
1.968205451965332031e+00 6.348189115524291992e-01 8.222904801368713379e-01 9.874173402786254883e-01 0.000000000000000000e+00
5.882969856262207031e+00 7.894007563591003418e-01 7.509680986404418945e-01 7.852485179901123047e-01 0.000000000000000000e+00
4.920535087585449219e-01 6.979652643203735352e-01 8.517628908157348633e-01 1.257027983665466309e+00 0.000000000000000000e+00
8.052455186843872070e-01 5.318828821182250977e-01 8.988160490989685059e-01 1.215941071510314941e+00 0.000000000000000000e+00
7.969160079956054688e-01 6.791218519210815430e-01 7.598444223403930664e-01 8.755211234092712402e-01 0.000000000000000000e+00
5.931712150573730469e+00 2.645843982696533203e+00 8.617165088653564453e-01 8.903222084045410156e-01 1.000000000000000000e+00
3.931624889373779297e-01 8.607990145683288574e-01 1.265576362609863281e+00 1.203915476799011230e+00 2.000000000000000000e+00
5.931712150573730469e+00 2.645843982696533203e+00 8.617165088653564453e-01 8.903222084045410156e-01 1.000000000000000000e+00
3.931624889373779297e-01 8.607990145683288574e-01 1.265576362609863281e+00 1.203915476799011230e+00 2.000000000000000000e+00
5.931712150573730469e+00 2.645843982696533203e+00 8.617165088653564453e-01 8.903222084045410156e-01 1.000000000000000000e+00
3.931624889373779297e-01 8.607990145683288574e-01 1.265576362609863281e+00 1.203915476799011230e+00 2.000000000000000000e+00
5.931712150573730469e+00 2.645843982696533203e+00 8.617165088653564453e-01 8.903222084045410156e-01 1.000000000000000000e+00
3.931624889373779297e-01 8.607990145683288574e-01 1.265576362609863281e+00 1.203915476799011230e+00 2.000000000000000000e+00
5.931712150573730469e+00 2.645843982696533203e+00 8.617165088653564453e-01 8.903222084045410156e-01 1.000000000000000000e+00
3.931624889373779297e-01 8.607990145683288574e-01 1.265576362609863281e+00 1.203915476799011230e+00 2.000000000000000000e+00
5.931712150573730469e+00 2.645843982696533203e+00 8.617165088653564453e-01 8.903222084045410156e-01 1.000000000000000000e+00
3.931624889373779297e-01 8.607990145683288574e-01 1.265576362609863281e+00 1.203915476799011230e+00 2.000000000000000000e+00
5.931712150573730469e+00 2.645843982696533203e+00 8.617165088653564453e-01 8.903222084045410156e-01 1.000000000000000000e+00
3.931624889373779297e-01 8.607990145683288574e-01 1.265576362609863281e+00 1.203915476799011230e+00 2.000000000000000000e+00
5.931712150573730469e+00 2.645843982696533203e+00 8.617165088653564453e-01 8.903222084045410156e-01 1.000000000000000000e+00
3.931624889373779297e-01 8.607990145683288574e-01 1.265576362609863281e+00 1.203915476799011230e+00 2.000000000000000000e+00
5.931712150573730469e+00 2.645843982696533203e+00 8.617165088653564453e-01 8.903222084045410156e-01 1.000000000000000000e+00
3.931624889373779297e-01 8.607990145683288574e-01 1.265576362609863281e+00 1.203915476799011230e+00 2.000000000000000000e+00
5.931712150573730469e+00 2.645843982696533203e+00 8.617165088653564453e-01 8.903222084045410156e-01 1.000000000000000000e+00
3.931624889373779297e-01 8.607990145683288574e-01 1.265576362609863281e+00 1.203915476799011230e+00 2.000000000000000000e+00
3.014148473739624023e-01 1.043055772781372070e+00 1.226865053176879883e+00 1.519498109817504883e+00 0.000000000000000000e+00
3.159326314926147461e-01 9.657202959060668945e-01 1.127966165542602539e+00 1.387472391128540039e+00 0.000000000000000000e+00
3.379281759262084961e-01 1.020588874816894531e+00 1.241405963897705078e+00 1.437261581420898438e+00 0.000000000000000000e+00
2.321428060531616211e-01 9.295539855957031250e-01 1.295268774032592773e+00 1.481412291526794434e+00 0.000000000000000000e+00
2.792522907257080078e-01 8.732658624649047852e-01 1.262780904769897461e+00 1.327450156211853027e+00 0.000000000000000000e+00
1.205346584320068359e-01 9.938728809356689453e-01 1.212575554847717285e+00 1.337579011917114258e+00 0.000000000000000000e+00
4.329484105110168457e-01 6.522435545921325684e-01 1.421875953674316406e+00 1.266815423965454102e+00 0.000000000000000000e+00
-5.356311202049255371e-01 5.035023212432861328e+00 7.416488647460937500e+00 2.055719375610351562e+00 0.000000000000000000e+00
7.235425710678100586e-01 4.363315701484680176e-01 1.047794818878173828e+00 9.709569215774536133e-01 0.000000000000000000e+00
1.131049036979675293e+00 3.556459665298461914e+00 9.246642112731933594e+00 5.130894780158996582e-01 0.000000000000000000e+00
-1.092980861663818359e+00 -1.146402120590209961e+00 -1.217011451721191406e+00 -1.311856746673583984e+00 0.000000000000000000e+00
-2.878677845001220703e-01 -3.307728171348571777e-01 -1.783299922943115234e+00 -2.138635158538818359e+00 0.000000000000000000e+00
8.168303966522216797e-01 1.036866188049316406e+00 1.157592296600341797e+00 1.039119958877563477e+00 0.000000000000000000e+00
3.845291137695312500e-01 8.299115896224975586e-01 1.008445739746093750e+00 8.712049126625061035e-01 0.000000000000000000e+00
2.213883996009826660e-01 5.410438776016235352e-01 7.833023071289062500e-01 9.978597760200500488e-01 0.000000000000000000e+00
1.891757249832153320e-01 5.748705267906188965e-01 7.891011238098144531e-01 8.366163969039916992e-01 0.000000000000000000e+00
2.615182399749755859e-01 4.912517070770263672e-01 7.349942326545715332e-01 7.108459472656250000e-01 0.000000000000000000e+00
2.639635801315307617e-01 3.880240321159362793e-01 6.075863838195800781e-01 6.841695308685302734e-01 0.000000000000000000e+00
3.341179490089416504e-01 2.448940277099609375e-01 5.574660301208496094e-01 6.672753095626831055e-01 0.000000000000000000e+00
2.804601192474365234e-01 3.482276797294616699e-01 6.622888445854187012e-01 7.508134245872497559e-01 0.000000000000000000e+00
2.070062756538391113e-01 3.529849052429199219e-01 4.611770510673522949e-01 7.536043524742126465e-01 0.000000000000000000e+00
5.293921828269958496e-01 7.817634344100952148e-01 8.449492454528808594e-01 1.191497087478637695e+00 0.000000000000000000e+00
5.549579858779907227e-01 1.008637189865112305e+00 1.187881350517272949e+00 1.261698961257934570e+00 0.000000000000000000e+00
4.123107194900512695e-01 9.938775897026062012e-01 1.319095134735107422e+00 1.460961580276489258e+00 0.000000000000000000e+00
3.481041193008422852e-01 8.843595981597900391e-01 1.238838553428649902e+00 1.408831000328063965e+00 0.000000000000000000e+00
3.942533135414123535e-01 1.088731765747070312e+00 1.396787524223327637e+00 1.450943470001220703e+00 0.000000000000000000e+00
9.259502887725830078e-01 1.457846283912658691e+00 1.425583124160766602e+00 1.435090541839599609e+00 0.000000000000000000e+00
-1.596813678741455078e+00 -2.348328828811645508e-01 9.450748562812805176e-01 -4.093994617462158203e+00 1.000000000000000000e+00
5.271801948547363281e-01 8.355939388275146484e-01 8.885550498962402344e-01 7.603527307510375977e-01 2.000000000000000000e+00
-1.596813678741455078e+00 -2.348328828811645508e-01 9.450748562812805176e-01 -4.093994617462158203e+00 1.000000000000000000e+00
5.271801948547363281e-01 8.355939388275146484e-01 8.885550498962402344e-01 7.603527307510375977e-01 2.000000000000000000e+00
-1.596813678741455078e+00 -2.348328828811645508e-01 9.450748562812805176e-01 -4.093994617462158203e+00 1.000000000000000000e+00
5.271801948547363281e-01 8.355939388275146484e-01 8.885550498962402344e-01 7.603527307510375977e-01 2.000000000000000000e+00
-1.596813678741455078e+00 -2.348328828811645508e-01 9.450748562812805176e-01 -4.093994617462158203e+00 1.000000000000000000e+00
5.271801948547363281e-01 8.355939388275146484e-01 8.885550498962402344e-01 7.603527307510375977e-01 2.000000000000000000e+00
-1.596813678741455078e+00 -2.348328828811645508e-01 9.450748562812805176e-01 -4.093994617462158203e+00 1.000000000000000000e+00
5.271801948547363281e-01 8.355939388275146484e-01 8.885550498962402344e-01 7.603527307510375977e-01 2.000000000000000000e+00
-1.596813678741455078e+00 -2.348328828811645508e-01 9.450748562812805176e-01 -4.093994617462158203e+00 1.000000000000000000e+00
5.271801948547363281e-01 8.355939388275146484e-01 8.885550498962402344e-01 7.603527307510375977e-01 2.000000000000000000e+00
-1.596813678741455078e+00 -2.348328828811645508e-01 9.450748562812805176e-01 -4.093994617462158203e+00 1.000000000000000000e+00
5.271801948547363281e-01 8.355939388275146484e-01 8.885550498962402344e-01 7.603527307510375977e-01 2.000000000000000000e+00
-1.596813678741455078e+00 -2.348328828811645508e-01 9.450748562812805176e-01 -4.093994617462158203e+00 1.000000000000000000e+00
5.271801948547363281e-01 8.355939388275146484e-01 8.885550498962402344e-01 7.603527307510375977e-01 2.000000000000000000e+00
-1.596813678741455078e+00 -2.348328828811645508e-01 9.450748562812805176e-01 -4.093994617462158203e+00 1.000000000000000000e+00
5.271801948547363281e-01 8.355939388275146484e-01 8.885550498962402344e-01 7.603527307510375977e-01 2.000000000000000000e+00
-1.596813678741455078e+00 -2.348328828811645508e-01 9.450748562812805176e-01 -4.093994617462158203e+00 1.000000000000000000e+00
5.271801948547363281e-01 8.355939388275146484e-01 8.885550498962402344e-01 7.603527307510375977e-01 2.000000000000000000e+00
1.780010461807250977e-01 8.168207406997680664e-01 7.979379296302795410e-01 1.147107124328613281e+00 0.000000000000000000e+00
2.574624419212341309e-01 7.629888057708740234e-01 9.251946210861206055e-01 1.210047483444213867e+00 0.000000000000000000e+00
3.130645155906677246e-01 8.021286725997924805e-01 9.034382104873657227e-01 1.216061592102050781e+00 0.000000000000000000e+00
1.910601854324340820e-01 6.973292827606201172e-01 9.444390535354614258e-01 1.073351263999938965e+00 0.000000000000000000e+00
1.817663908004760742e-01 8.109909892082214355e-01 8.297020792961120605e-01 1.071266055107116699e+00 0.000000000000000000e+00
9.049165248870849609e-02 8.158162832260131836e-01 7.588347196578979492e-01 1.004652261734008789e+00 0.000000000000000000e+00
1.479634046554565430e-01 8.133068084716796875e-01 8.089648485183715820e-01 9.951028823852539062e-01 0.000000000000000000e+00
8.203154802322387695e-01 8.499637842178344727e-01 5.841543674468994141e-01 1.095837831497192383e+00 0.000000000000000000e+00
1.007563233375549316e+00 1.098449587821960449e+00 1.260505199432373047e+00 1.118821740150451660e+00 0.000000000000000000e+00
8.200862407684326172e-01 6.881400346755981445e-01 9.712309837341308594e-01 1.257389068603515625e+00 0.000000000000000000e+00
1.034092426300048828e+00 8.685796260833740234e-01 4.963235855102539062e-01 3.963669538497924805e-01 0.000000000000000000e+00
1.241542696952819824e+00 9.458562731742858887e-01 7.532461881637573242e-01 7.066885828971862793e-01 0.000000000000000000e+00
1.172727108001708984e+00 9.832279682159423828e-01 8.572225570678710938e-01 1.053619980812072754e+00 0.000000000000000000e+00
1.315606594085693359e+00 9.419410228729248047e-01 1.055627226829528809e+00 9.131432771682739258e-01 0.000000000000000000e+00
3.188836574554443359e-02 5.926482677459716797e-01 5.933815240859985352e-01 8.471766710281372070e-01 0.000000000000000000e+00
1.063786149024963379e-01 6.644477844238281250e-01 7.278875112533569336e-01 1.022629141807556152e+00 0.000000000000000000e+00
9.481263160705566406e-02 5.933269262313842773e-01 5.966535806655883789e-01 9.298166632652282715e-01 0.000000000000000000e+00
8.353137969970703125e-02 5.832173824310302734e-01 7.352972030639648438e-01 9.628646373748779297e-01 0.000000000000000000e+00
1.994526982307434082e-01 4.655421972274780273e-01 4.957482814788818359e-01 7.192442417144775391e-01 0.000000000000000000e+00
2.014417648315429688e-01 3.622707128524780273e-01 6.556082367897033691e-01 8.012353181838989258e-01 0.000000000000000000e+00
2.055797576904296875e-01 3.472048044204711914e-01 4.669901728630065918e-01 5.925369262695312500e-01 0.000000000000000000e+00
4.030263423919677734e+00 4.608423233032226562e+00 1.286879062652587891e+00 -1.595680475234985352e+00 0.000000000000000000e+00
3.359522223472595215e-01 1.740446925163269043e+00 1.192196369171142578e+00 -3.009245693683624268e-01 0.000000000000000000e+00
-2.880963683128356934e-01 5.617247819900512695e-01 -6.325631141662597656e-01 -1.761373519897460938e+00 0.000000000000000000e+00
-6.159179210662841797e-01 -8.130731582641601562e-01 -8.255173563957214355e-01 -1.416354179382324219e+00 0.000000000000000000e+00
-9.570988416671752930e-01 -6.517346501350402832e-01 -2.388671040534973145e-01 1.905137300491333008e-01 0.000000000000000000e+00
-9.427716732025146484e-01 -3.284561634063720703e-01 2.527408599853515625e-01 -8.556875586509704590e-01 0.000000000000000000e+00
-8.610401749610900879e-01 -7.813316583633422852e-02 -9.288798570632934570e-01 -1.618380546569824219e+00 0.000000000000000000e+00
7.547981142997741699e-01 7.536869049072265625e-01 1.084821820259094238e+00 1.053115844726562500e+00 0.000000000000000000e+00
4.742787480354309082e-01 1.134677171707153320e+00 1.405809283256530762e+00 1.492078542709350586e+00 0.000000000000000000e+00
7.414010763168334961e-01 1.408854365348815918e+00 1.670296907424926758e+00 1.473479628562927246e+00 0.000000000000000000e+00
1.249973416328430176e+00 6.047891378402709961e-01 1.253962993621826172e+00 1.620018124580383301e+00 0.000000000000000000e+00
4.882056713104248047e-01 1.022600173950195312e+00 1.232774257659912109e+00 1.297362208366394043e+00 0.000000000000000000e+00
9.456991553306579590e-01 6.779114007949829102e-01 1.005996942520141602e+00 1.290146112442016602e+00 0.000000000000000000e+00
1.099186897277832031e+00 8.899532556533813477e-01 9.239251613616943359e-01 9.136348962783813477e-01 0.000000000000000000e+00
5.375621318817138672e-01 8.026146888732910156e-01 1.010242342948913574e+00 1.284064412117004395e+00 0.000000000000000000e+00
4.647457599639892578e-01 8.430483937263488770e-01 1.078949809074401855e+00 1.306109666824340820e+00 0.000000000000000000e+00
5.159692764282226562e-01 7.708640694618225098e-01 1.126429796218872070e+00 1.207425951957702637e+00 0.000000000000000000e+00
4.760787487030029297e-01 8.522853255271911621e-01 9.938172101974487305e-01 1.304987072944641113e+00 0.000000000000000000e+00
5.076831579208374023e-01 7.366381883621215820e-01 1.030205965042114258e+00 1.204982519149780273e+00 0.000000000000000000e+00
5.186495780944824219e-01 7.820912599563598633e-01 1.042922854423522949e+00 1.240889072418212891e+00 0.000000000000000000e+00
2.950951457023620605e-01 2.067911624908447266e-01 7.975268363952636719e-01 1.109750270843505859e+00 0.000000000000000000e+00
3.525553345680236816e-01 9.329339265823364258e-01 1.227730631828308105e+00 1.426952838897705078e+00 0.000000000000000000e+00
4.995131492614746094e-01 8.464187383651733398e-01 9.962733387947082520e-01 1.521451950073242188e+00 0.000000000000000000e+00
7.883975505828857422e-01 7.393966913223266602e-01 7.595360875129699707e-01 7.994774580001831055e-01 0.000000000000000000e+00
4.682591557502746582e-01 9.230909943580627441e-01 9.810028076171875000e-01 1.192139625549316406e+00 0.000000000000000000e+00
4.978449344635009766e-01 9.129326939582824707e-01 8.346068263053894043e-01 1.156980037689208984e+00 0.000000000000000000e+00
6.300915479660034180e-01 7.651833295822143555e-01 8.395820260047912598e-01 1.263130664825439453e+00 0.000000000000000000e+00
5.917451381683349609e-01 7.174333333969116211e-01 8.341966867446899414e-01 1.022564172744750977e+00 0.000000000000000000e+00
1.821345686912536621e-01 6.176053285598754883e-01 9.543250799179077148e-01 1.359845876693725586e+00 0.000000000000000000e+00
4.969784021377563477e-01 5.119727253913879395e-01 9.127308726310729980e-01 1.001253843307495117e+00 0.000000000000000000e+00
1.030202150344848633e+00 6.496884822845458984e-01 6.846706867218017578e-01 1.150018453598022461e+00 0.000000000000000000e+00
8.583455085754394531e-01 7.043007612228393555e-01 6.039111018180847168e-01 9.645791649818420410e-01 0.000000000000000000e+00
1.760251283645629883e+00 8.554253578186035156e-01 6.357747316360473633e-01 7.277504205703735352e-01 0.000000000000000000e+00
-9.593393325805664062e+00 1.128706836700439453e+01 6.404784917831420898e-01 8.455581665039062500e-01 0.000000000000000000e+00
2.748088359832763672e+00 2.177900791168212891e+00 1.085375189781188965e+00 6.581269502639770508e-01 0.000000000000000000e+00
2.241442203521728516e-01 8.511106967926025391e-01 8.944452404975891113e-01 1.185216307640075684e+00 0.000000000000000000e+00
2.473081350326538086e-01 8.130506277084350586e-01 9.360564351081848145e-01 1.262908458709716797e+00 0.000000000000000000e+00
3.022999167442321777e-01 7.941174507141113281e-01 9.487490057945251465e-01 1.291678190231323242e+00 0.000000000000000000e+00
3.256831169128417969e-01 8.028492927551269531e-01 8.856328725814819336e-01 1.236598730087280273e+00 0.000000000000000000e+00
1.989058256149291992e-01 6.881102323532104492e-01 9.138102531433105469e-01 1.191036105155944824e+00 0.000000000000000000e+00
2.206234931945800781e-01 7.043962478637695312e-01 9.323542714118957520e-01 1.155355930328369141e+00 0.000000000000000000e+00
1.403702497482299805e-01 7.145300507545471191e-01 1.008903026580810547e+00 1.027844190597534180e+00 0.000000000000000000e+00
8.012654781341552734e-01 7.208163142204284668e-01 5.797450542449951172e-01 4.590904712677001953e-01 0.000000000000000000e+00
9.189964532852172852e-01 7.625573873519897461e-01 4.225232005119323730e-01 4.069604873657226562e-01 0.000000000000000000e+00
8.697279691696166992e-01 7.069817185401916504e-01 3.980384469032287598e-01 5.368404388427734375e-01 0.000000000000000000e+00
7.661864757537841797e-01 8.452644348144531250e-01 6.180469393730163574e-01 4.142168760299682617e-01 0.000000000000000000e+00
5.199916958808898926e-01 5.725179314613342285e-01 4.774513840675354004e-01 7.837230563163757324e-01 0.000000000000000000e+00
1.092648744583129883e+00 7.097469568252563477e-01 5.304619073867797852e-01 4.944060444831848145e-01 0.000000000000000000e+00
1.040740013122558594e+00 9.285107851028442383e-01 8.124007582664489746e-01 6.635994315147399902e-01 0.000000000000000000e+00
2.716910839080810547e-02 8.800474405288696289e-01 9.516737461090087891e-01 1.270957350730895996e+00 0.000000000000000000e+00
2.224668264389038086e-01 9.351876378059387207e-01 9.561578035354614258e-01 1.099308848381042480e+00 0.000000000000000000e+00
4.378016591072082520e-01 8.340447545051574707e-01 1.031247377395629883e+00 1.441313862800598145e+00 0.000000000000000000e+00
5.212807059288024902e-01 8.149906396865844727e-01 9.348611831665039062e-01 1.394122123718261719e+00 0.000000000000000000e+00
4.121700525283813477e-01 7.985180616378784180e-01 9.574651122093200684e-01 1.194454193115234375e+00 0.000000000000000000e+00
2.083763480186462402e-01 7.089822292327880859e-01 7.046154141426086426e-01 9.345647692680358887e-01 0.000000000000000000e+00
2.069353461265563965e-01 6.428810358047485352e-01 7.107493877410888672e-01 1.018961668014526367e+00 0.000000000000000000e+00
4.788599014282226562e-01 8.706275820732116699e-01 1.097009420394897461e+00 1.403906941413879395e+00 0.000000000000000000e+00
8.261890411376953125e-01 2.048443078994750977e+00 6.386468410491943359e-01 6.456961631774902344e-01 0.000000000000000000e+00
1.488885879516601562e+00 4.764604568481445312e-01 7.271165847778320312e-01 8.940234184265136719e-01 0.000000000000000000e+00
1.756804227828979492e+00 5.597481727600097656e-01 6.053485870361328125e-01 9.266295433044433594e-01 0.000000000000000000e+00
7.137806415557861328e+00 1.079710960388183594e+00 7.840721607208251953e-01 5.578727722167968750e-01 0.000000000000000000e+00
9.997458457946777344e-01 5.883638858795166016e-01 7.305696606636047363e-01 8.665277957916259766e-01 0.000000000000000000e+00
1.007596135139465332e+00 5.409370660781860352e-01 8.073752522468566895e-01 1.053136110305786133e+00 0.000000000000000000e+00
9.701219201087951660e-01 7.389693856239318848e-01 3.052603006362915039e-01 9.258972406387329102e-01 0.000000000000000000e+00
4.041704177856445312e+00 2.446415424346923828e+00 -3.341996669769287109e-02 1.775392293930053711e-01 0.000000000000000000e+00
1.745854854583740234e+00 1.594344496726989746e+00 1.151753187179565430e+00 7.426962256431579590e-01 0.000000000000000000e+00
1.198337554931640625e+00 1.402155160903930664e+00 1.015701055526733398e+00 7.613382339477539062e-01 0.000000000000000000e+00
1.023821592330932617e+00 1.045319318771362305e+00 1.046799540519714355e+00 7.437525987625122070e-01 0.000000000000000000e+00
1.116283178329467773e+00 8.660119771957397461e-01 1.148771405220031738e+00 1.124667167663574219e+00 0.000000000000000000e+00
1.416333556175231934e+00 6.132776737213134766e-01 7.393932342529296875e-01 9.874269962310791016e-01 0.000000000000000000e+00
1.462110280990600586e-01 6.957253217697143555e-01 6.959444284439086914e-01 8.930170536041259766e-01 0.000000000000000000e+00
6.721538305282592773e-02 6.867289543151855469e-01 7.340814471244812012e-01 8.052314519882202148e-01 0.000000000000000000e+00
7.476764917373657227e-02 6.506007909774780273e-01 7.642859220504760742e-01 8.933254480361938477e-01 0.000000000000000000e+00
5.443615913391113281e-01 4.314525127410888672e-01 7.396810054779052734e-01 6.202636361122131348e-01 0.000000000000000000e+00
5.476359724998474121e-01 3.327379822731018066e-01 7.007577419281005859e-01 6.369352340698242188e-01 0.000000000000000000e+00
7.641555666923522949e-01 6.289906501770019531e-01 6.523877382278442383e-01 8.031101822853088379e-01 0.000000000000000000e+00
4.190040826797485352e-01 3.653228878974914551e-01 7.873752117156982422e-01 6.142712831497192383e-01 0.000000000000000000e+00
6.502645611763000488e-01 7.150412797927856445e-01 1.201493620872497559e+00 1.304396271705627441e+00 0.000000000000000000e+00
6.016810536384582520e-01 8.536642789840698242e-01 1.204861164093017578e+00 1.272517919540405273e+00 0.000000000000000000e+00
5.054548978805541992e-01 9.988173246383666992e-01 1.326152920722961426e+00 1.317027807235717773e+00 0.000000000000000000e+00
5.186228752136230469e-01 9.949719905853271484e-01 1.356555819511413574e+00 1.333871603012084961e+00 0.000000000000000000e+00
5.538703203201293945e-01 1.028497576713562012e+00 1.366448879241943359e+00 1.319685339927673340e+00 0.000000000000000000e+00
5.739794969558715820e-01 9.914315938949584961e-01 1.361656904220581055e+00 1.343248605728149414e+00 0.000000000000000000e+00
5.502505302429199219e-01 1.012471556663513184e+00 1.319684863090515137e+00 1.345708370208740234e+00 0.000000000000000000e+00
1.383698368072509766e+01 1.510594844818115234e+00 8.471353650093078613e-01 7.139393687248229980e-01 0.000000000000000000e+00
-1.513091802597045898e+00 3.435553312301635742e+00 5.822052001953125000e+00 -1.078017950057983398e+00 0.000000000000000000e+00
7.990155220031738281e-01 5.849578976631164551e-01 1.019648075103759766e+00 7.656515836715698242e-01 0.000000000000000000e+00
1.931522965431213379e+00 4.399000406265258789e-01 9.416574239730834961e-01 1.019226789474487305e+00 0.000000000000000000e+00
7.544774532318115234e+00 3.440958261489868164e+00 1.046965360641479492e+00 9.646109342575073242e-01 0.000000000000000000e+00
6.727758646011352539e-01 8.745914697647094727e-01 1.058211445808410645e+00 7.007121443748474121e-01 0.000000000000000000e+00
4.376121759414672852e-01 6.295440793037414551e-01 1.064405083656311035e+00 1.028750300407409668e+00 0.000000000000000000e+00
1.048527598381042480e+00 6.753297448158264160e-01 8.707697391510009766e-01 6.960512995719909668e-01 1.000000000000000000e+00
5.187577247619628906e+00 9.914785623550415039e-01 7.280113101005554199e-01 7.184439301490783691e-01 2.000000000000000000e+00
1.048527598381042480e+00 6.753297448158264160e-01 8.707697391510009766e-01 6.960512995719909668e-01 1.000000000000000000e+00
5.187577247619628906e+00 9.914785623550415039e-01 7.280113101005554199e-01 7.184439301490783691e-01 2.000000000000000000e+00
1.048527598381042480e+00 6.753297448158264160e-01 8.707697391510009766e-01 6.960512995719909668e-01 1.000000000000000000e+00
5.187577247619628906e+00 9.914785623550415039e-01 7.280113101005554199e-01 7.184439301490783691e-01 2.000000000000000000e+00
1.048527598381042480e+00 6.753297448158264160e-01 8.707697391510009766e-01 6.960512995719909668e-01 1.000000000000000000e+00
5.187577247619628906e+00 9.914785623550415039e-01 7.280113101005554199e-01 7.184439301490783691e-01 2.000000000000000000e+00
1.048527598381042480e+00 6.753297448158264160e-01 8.707697391510009766e-01 6.960512995719909668e-01 1.000000000000000000e+00
5.187577247619628906e+00 9.914785623550415039e-01 7.280113101005554199e-01 7.184439301490783691e-01 2.000000000000000000e+00
1.048527598381042480e+00 6.753297448158264160e-01 8.707697391510009766e-01 6.960512995719909668e-01 1.000000000000000000e+00
5.187577247619628906e+00 9.914785623550415039e-01 7.280113101005554199e-01 7.184439301490783691e-01 2.000000000000000000e+00
1.048527598381042480e+00 6.753297448158264160e-01 8.707697391510009766e-01 6.960512995719909668e-01 1.000000000000000000e+00
5.187577247619628906e+00 9.914785623550415039e-01 7.280113101005554199e-01 7.184439301490783691e-01 2.000000000000000000e+00
1.048527598381042480e+00 6.753297448158264160e-01 8.707697391510009766e-01 6.960512995719909668e-01 1.000000000000000000e+00
5.187577247619628906e+00 9.914785623550415039e-01 7.280113101005554199e-01 7.184439301490783691e-01 2.000000000000000000e+00
1.048527598381042480e+00 6.753297448158264160e-01 8.707697391510009766e-01 6.960512995719909668e-01 1.000000000000000000e+00
5.187577247619628906e+00 9.914785623550415039e-01 7.280113101005554199e-01 7.184439301490783691e-01 2.000000000000000000e+00
1.048527598381042480e+00 6.753297448158264160e-01 8.707697391510009766e-01 6.960512995719909668e-01 1.000000000000000000e+00
5.187577247619628906e+00 9.914785623550415039e-01 7.280113101005554199e-01 7.184439301490783691e-01 2.000000000000000000e+00
2.061468839645385742e+00 1.172595024108886719e+00 1.226102590560913086e+00 8.551321625709533691e-01 0.000000000000000000e+00
2.087849855422973633e+00 1.378474354743957520e+00 1.012763261795043945e+00 9.515717029571533203e-01 0.000000000000000000e+00
2.261123657226562500e+00 1.329789161682128906e+00 8.768564462661743164e-01 7.784377336502075195e-01 0.000000000000000000e+00
3.442323684692382812e+00 9.779062271118164062e-01 6.145958900451660156e-01 7.034947872161865234e-01 0.000000000000000000e+00
2.253296852111816406e+00 1.090790748596191406e+00 5.198391675949096680e-01 -1.079335212707519531e-01 0.000000000000000000e+00
1.478193163871765137e+00 1.177630305290222168e+00 9.549623727798461914e-01 8.460244536399841309e-01 0.000000000000000000e+00
2.358970403671264648e+00 1.043984889984130859e+00 1.213088035583496094e+00 9.000271558761596680e-01 0.000000000000000000e+00
1.352844238281250000e-01 6.627737283706665039e-01 7.468078732490539551e-01 7.311055660247802734e-01 0.000000000000000000e+00
2.200888991355895996e-01 6.716264486312866211e-01 8.837381601333618164e-01 8.336439132690429688e-01 0.000000000000000000e+00
4.303424358367919922e-01 3.067957162857055664e-01 8.143720626831054688e-01 8.088480234146118164e-01 0.000000000000000000e+00
1.204917550086975098e+00 6.033662557601928711e-01 4.828122854232788086e-01 4.385235905647277832e-01 0.000000000000000000e+00
7.159101009368896484e+00 6.824437975883483887e-01 1.019778013229370117e+00 5.211749076843261719e-01 0.000000000000000000e+00
2.097918748855590820e+00 3.717295646667480469e+00 1.813409805297851562e+00 4.210467338562011719e+00 0.000000000000000000e+00
1.018744826316833496e+00 2.158240795135498047e+00 1.343085885047912598e+00 -7.869311809539794922e+00 0.000000000000000000e+00
6.557389497756958008e-01 8.848994970321655273e-01 6.225652694702148438e-01 8.209111690521240234e-01 0.000000000000000000e+00
9.070286750793457031e-01 8.550243377685546875e-01 7.565381526947021484e-01 5.193790197372436523e-01 0.000000000000000000e+00
9.576466679573059082e-01 1.041147708892822266e+00 5.998385548591613770e-01 3.833644390106201172e-01 0.000000000000000000e+00
9.531475901603698730e-01 8.279135823249816895e-01 6.264940500259399414e-01 4.185988903045654297e-01 0.000000000000000000e+00
8.395318984985351562e-01 8.544657230377197266e-01 4.298356175422668457e-01 9.902912378311157227e-01 0.000000000000000000e+00
9.208502769470214844e-01 7.910602092742919922e-01 5.985682010650634766e-01 4.912958145141601562e-01 0.000000000000000000e+00
9.887472391128540039e-01 6.342472434043884277e-01 4.150984287261962891e-01 9.869802594184875488e-01 0.000000000000000000e+00
4.248193502426147461e-01 8.230068683624267578e-01 1.162368059158325195e+00 1.457242846488952637e+00 0.000000000000000000e+00
3.179465532302856445e-01 8.943946361541748047e-01 1.355067968368530273e+00 1.428780555725097656e+00 0.000000000000000000e+00
4.160878062248229980e-01 1.105409502983093262e+00 1.452719926834106445e+00 1.546315908432006836e+00 0.000000000000000000e+00
7.130126357078552246e-01 1.268255352973937988e+00 1.569731712341308594e+00 1.593199849128723145e+00 0.000000000000000000e+00
7.375199794769287109e-01 1.416797161102294922e+00 1.534729480743408203e+00 1.505552172660827637e+00 0.000000000000000000e+00
7.398576736450195312e-01 1.293020248413085938e+00 1.469578027725219727e+00 1.410330176353454590e+00 0.000000000000000000e+00
6.911402940750122070e-01 1.411789774894714355e+00 1.754503369331359863e+00 1.373126268386840820e+00 0.000000000000000000e+00
2.797116041183471680e-01 8.836352825164794922e-01 9.541141986846923828e-01 1.223965167999267578e+00 0.000000000000000000e+00
6.072898507118225098e-01 7.658720016479492188e-01 1.169826149940490723e+00 1.083093047142028809e+00 0.000000000000000000e+00
6.778455376625061035e-01 8.082495927810668945e-01 1.175357937812805176e+00 1.304190158843994141e+00 0.000000000000000000e+00
7.181608676910400391e-01 1.094326257705688477e+00 1.149098515510559082e+00 1.253791809082031250e+00 0.000000000000000000e+00
6.580097079277038574e-01 9.477712512016296387e-01 1.179775595664978027e+00 1.404273748397827148e+00 0.000000000000000000e+00
9.707350730895996094e-01 1.052626252174377441e+00 1.323356389999389648e+00 1.303906559944152832e+00 0.000000000000000000e+00
7.596615552902221680e-01 1.083815693855285645e+00 1.353875637054443359e+00 1.348659276962280273e+00 0.000000000000000000e+00
2.880537509918212891e-01 8.056039214134216309e-01 8.917725086212158203e-01 1.264625549316406250e+00 1.000000000000000000e+00
4.999741911888122559e-01 7.622282505035400391e-01 9.050992727279663086e-01 1.091133236885070801e+00 2.000000000000000000e+00
2.880537509918212891e-01 8.056039214134216309e-01 8.917725086212158203e-01 1.264625549316406250e+00 1.000000000000000000e+00
4.999741911888122559e-01 7.622282505035400391e-01 9.050992727279663086e-01 1.091133236885070801e+00 2.000000000000000000e+00
2.880537509918212891e-01 8.056039214134216309e-01 8.917725086212158203e-01 1.264625549316406250e+00 1.000000000000000000e+00
4.999741911888122559e-01 7.622282505035400391e-01 9.050992727279663086e-01 1.091133236885070801e+00 2.000000000000000000e+00
2.880537509918212891e-01 8.056039214134216309e-01 8.917725086212158203e-01 1.264625549316406250e+00 1.000000000000000000e+00
4.999741911888122559e-01 7.622282505035400391e-01 9.050992727279663086e-01 1.091133236885070801e+00 2.000000000000000000e+00
2.880537509918212891e-01 8.056039214134216309e-01 8.917725086212158203e-01 1.264625549316406250e+00 1.000000000000000000e+00
4.999741911888122559e-01 7.622282505035400391e-01 9.050992727279663086e-01 1.091133236885070801e+00 2.000000000000000000e+00
2.880537509918212891e-01 8.056039214134216309e-01 8.917725086212158203e-01 1.264625549316406250e+00 1.000000000000000000e+00
4.999741911888122559e-01 7.622282505035400391e-01 9.050992727279663086e-01 1.091133236885070801e+00 2.000000000000000000e+00
2.880537509918212891e-01 8.056039214134216309e-01 8.917725086212158203e-01 1.264625549316406250e+00 1.000000000000000000e+00
4.999741911888122559e-01 7.622282505035400391e-01 9.050992727279663086e-01 1.091133236885070801e+00 2.000000000000000000e+00
2.880537509918212891e-01 8.056039214134216309e-01 8.917725086212158203e-01 1.264625549316406250e+00 1.000000000000000000e+00
4.999741911888122559e-01 7.622282505035400391e-01 9.050992727279663086e-01 1.091133236885070801e+00 2.000000000000000000e+00
2.880537509918212891e-01 8.056039214134216309e-01 8.917725086212158203e-01 1.264625549316406250e+00 1.000000000000000000e+00
4.999741911888122559e-01 7.622282505035400391e-01 9.050992727279663086e-01 1.091133236885070801e+00 2.000000000000000000e+00
2.880537509918212891e-01 8.056039214134216309e-01 8.917725086212158203e-01 1.264625549316406250e+00 1.000000000000000000e+00
4.999741911888122559e-01 7.622282505035400391e-01 9.050992727279663086e-01 1.091133236885070801e+00 2.000000000000000000e+00
4.229007959365844727e-01 6.623836159706115723e-01 7.659046649932861328e-01 8.680551052093505859e-01 0.000000000000000000e+00
1.856606721878051758e+00 9.470891952514648438e-02 7.661539912223815918e-01 9.486303329467773438e-01 0.000000000000000000e+00
-3.184152364730834961e+00 4.341997146606445312e+00 1.533373594284057617e+00 1.442236900329589844e+00 0.000000000000000000e+00
1.593736886978149414e+00 1.905241966247558594e+00 5.893208980560302734e-01 4.304074048995971680e-01 0.000000000000000000e+00
2.779453039169311523e+00 2.326175689697265625e+00 5.681327581405639648e-01 3.530119657516479492e-01 0.000000000000000000e+00
1.734628677368164062e-01 1.302433252334594727e+00 3.610347509384155273e-01 5.849605202674865723e-01 0.000000000000000000e+00
1.395483493804931641e+00 -6.616631031036376953e+00 1.128083896636962891e+01 1.795026183128356934e+00 0.000000000000000000e+00
7.102159261703491211e-01 8.548041582107543945e-01 7.254656553268432617e-01 3.797305822372436523e-01 0.000000000000000000e+00
1.210409998893737793e+00 1.954024791717529297e+00 7.236938476562500000e-01 7.898756265640258789e-01 0.000000000000000000e+00
1.473241090774536133e+00 1.177506327629089355e+00 8.151761293411254883e-01 8.125163316726684570e-01 0.000000000000000000e+00
5.045751333236694336e-01 9.850063323974609375e-01 9.160412549972534180e-01 1.150361895561218262e+00 0.000000000000000000e+00
5.203329324722290039e-01 1.219429731369018555e+00 1.276268362998962402e+00 1.183891654014587402e+00 0.000000000000000000e+00
7.215870618820190430e-01 6.891219615936279297e-01 6.666969656944274902e-01 5.175004005432128906e-01 1.000000000000000000e+00
6.211197376251220703e-01 5.767605304718017578e-01 7.882061004638671875e-01 1.020785450935363770e+00 2.000000000000000000e+00
7.215870618820190430e-01 6.891219615936279297e-01 6.666969656944274902e-01 5.175004005432128906e-01 1.000000000000000000e+00
6.211197376251220703e-01 5.767605304718017578e-01 7.882061004638671875e-01 1.020785450935363770e+00 2.000000000000000000e+00
7.215870618820190430e-01 6.891219615936279297e-01 6.666969656944274902e-01 5.175004005432128906e-01 1.000000000000000000e+00
6.211197376251220703e-01 5.767605304718017578e-01 7.882061004638671875e-01 1.020785450935363770e+00 2.000000000000000000e+00
7.215870618820190430e-01 6.891219615936279297e-01 6.666969656944274902e-01 5.175004005432128906e-01 1.000000000000000000e+00
6.211197376251220703e-01 5.767605304718017578e-01 7.882061004638671875e-01 1.020785450935363770e+00 2.000000000000000000e+00
7.215870618820190430e-01 6.891219615936279297e-01 6.666969656944274902e-01 5.175004005432128906e-01 1.000000000000000000e+00
6.211197376251220703e-01 5.767605304718017578e-01 7.882061004638671875e-01 1.020785450935363770e+00 2.000000000000000000e+00
7.215870618820190430e-01 6.891219615936279297e-01 6.666969656944274902e-01 5.175004005432128906e-01 1.000000000000000000e+00
6.211197376251220703e-01 5.767605304718017578e-01 7.882061004638671875e-01 1.020785450935363770e+00 2.000000000000000000e+00
7.215870618820190430e-01 6.891219615936279297e-01 6.666969656944274902e-01 5.175004005432128906e-01 1.000000000000000000e+00
6.211197376251220703e-01 5.767605304718017578e-01 7.882061004638671875e-01 1.020785450935363770e+00 2.000000000000000000e+00
7.215870618820190430e-01 6.891219615936279297e-01 6.666969656944274902e-01 5.175004005432128906e-01 1.000000000000000000e+00
6.211197376251220703e-01 5.767605304718017578e-01 7.882061004638671875e-01 1.020785450935363770e+00 2.000000000000000000e+00
7.215870618820190430e-01 6.891219615936279297e-01 6.666969656944274902e-01 5.175004005432128906e-01 1.000000000000000000e+00
6.211197376251220703e-01 5.767605304718017578e-01 7.882061004638671875e-01 1.020785450935363770e+00 2.000000000000000000e+00
7.215870618820190430e-01 6.891219615936279297e-01 6.666969656944274902e-01 5.175004005432128906e-01 1.000000000000000000e+00
6.211197376251220703e-01 5.767605304718017578e-01 7.882061004638671875e-01 1.020785450935363770e+00 2.000000000000000000e+00
1.422993659973144531e+00 1.005537390708923340e+00 8.642877340316772461e-01 6.242007017135620117e-01 0.000000000000000000e+00
8.800388574600219727e-01 6.948560476303100586e-01 4.502986669540405273e-01 7.867987155914306641e-01 0.000000000000000000e+00
4.755600690841674805e-01 4.846636056900024414e-01 4.843747615814208984e-01 7.723213434219360352e-01 0.000000000000000000e+00
6.862878799438476562e-04 5.411244630813598633e-01 5.725296735763549805e-01 8.263164758682250977e-01 0.000000000000000000e+00
3.009754419326782227e-01 7.361311912536621094e-01 9.404933452606201172e-01 1.276801347732543945e+00 0.000000000000000000e+00
-7.444705963134765625e-01 6.094608902931213379e-01 -1.743338108062744141e+00 -3.095261096954345703e+00 1.000000000000000000e+00
1.671663284301757812e+00 9.148203134536743164e-01 7.980697154998779297e-01 6.987044811248779297e-01 2.000000000000000000e+00
-7.444705963134765625e-01 6.094608902931213379e-01 -1.743338108062744141e+00 -3.095261096954345703e+00 1.000000000000000000e+00
1.671663284301757812e+00 9.148203134536743164e-01 7.980697154998779297e-01 6.987044811248779297e-01 2.000000000000000000e+00
-7.444705963134765625e-01 6.094608902931213379e-01 -1.743338108062744141e+00 -3.095261096954345703e+00 1.000000000000000000e+00
1.671663284301757812e+00 9.148203134536743164e-01 7.980697154998779297e-01 6.987044811248779297e-01 2.000000000000000000e+00
-7.444705963134765625e-01 6.094608902931213379e-01 -1.743338108062744141e+00 -3.095261096954345703e+00 1.000000000000000000e+00
1.671663284301757812e+00 9.148203134536743164e-01 7.980697154998779297e-01 6.987044811248779297e-01 2.000000000000000000e+00
-7.444705963134765625e-01 6.094608902931213379e-01 -1.743338108062744141e+00 -3.095261096954345703e+00 1.000000000000000000e+00
1.671663284301757812e+00 9.148203134536743164e-01 7.980697154998779297e-01 6.987044811248779297e-01 2.000000000000000000e+00
-7.444705963134765625e-01 6.094608902931213379e-01 -1.743338108062744141e+00 -3.095261096954345703e+00 1.000000000000000000e+00
1.671663284301757812e+00 9.148203134536743164e-01 7.980697154998779297e-01 6.987044811248779297e-01 2.000000000000000000e+00
-7.444705963134765625e-01 6.094608902931213379e-01 -1.743338108062744141e+00 -3.095261096954345703e+00 1.000000000000000000e+00
1.671663284301757812e+00 9.148203134536743164e-01 7.980697154998779297e-01 6.987044811248779297e-01 2.000000000000000000e+00
-7.444705963134765625e-01 6.094608902931213379e-01 -1.743338108062744141e+00 -3.095261096954345703e+00 1.000000000000000000e+00
1.671663284301757812e+00 9.148203134536743164e-01 7.980697154998779297e-01 6.987044811248779297e-01 2.000000000000000000e+00
-7.444705963134765625e-01 6.094608902931213379e-01 -1.743338108062744141e+00 -3.095261096954345703e+00 1.000000000000000000e+00
1.671663284301757812e+00 9.148203134536743164e-01 7.980697154998779297e-01 6.987044811248779297e-01 2.000000000000000000e+00
-7.444705963134765625e-01 6.094608902931213379e-01 -1.743338108062744141e+00 -3.095261096954345703e+00 1.000000000000000000e+00
1.671663284301757812e+00 9.148203134536743164e-01 7.980697154998779297e-01 6.987044811248779297e-01 2.000000000000000000e+00
1.916519880294799805e+00 4.364382922649383545e-01 -2.332003116607666016e+00 -4.497060298919677734e+00 0.000000000000000000e+00
-1.819386601448059082e+00 -2.835852622985839844e+00 -1.829325914382934570e+00 -1.338529348373413086e+00 0.000000000000000000e+00
-1.201227307319641113e+00 -3.410124182701110840e-01 -2.567092657089233398e+00 -4.452309131622314453e+00 0.000000000000000000e+00
-2.865771353244781494e-01 8.120155334472656250e-01 -1.375259518623352051e+00 -2.493280887603759766e+00 0.000000000000000000e+00
-5.855190157890319824e-01 -2.762814760208129883e-01 -8.005515336990356445e-01 -8.536159992218017578e-01 0.000000000000000000e+00
7.038783431053161621e-01 -9.615273475646972656e-01 -2.244978666305541992e+00 -1.891169905662536621e+00 0.000000000000000000e+00
4.932347536087036133e-01 3.254346847534179688e-01 -5.479226112365722656e-01 -2.749441862106323242e+00 0.000000000000000000e+00
1.292861461639404297e+00 8.560372591018676758e-01 8.430880904197692871e-01 8.090263605117797852e-01 0.000000000000000000e+00
1.341754436492919922e+00 1.213149547576904297e+00 1.004842877388000488e+00 8.212968707084655762e-01 0.000000000000000000e+00
3.789919853210449219e+00 2.549997091293334961e+00 -1.245030403137207031e+00 -2.624587774276733398e+00 0.000000000000000000e+00
4.286577701568603516e+00 -2.858642578125000000e+00 -4.635041236877441406e+00 -5.710150718688964844e+00 0.000000000000000000e+00
2.792069435119628906e+00 5.380321741104125977e-01 -8.331323623657226562e+00 -1.680248737335205078e+00 0.000000000000000000e+00
7.147788405418395996e-01 -8.440718650817871094e-01 -4.370674133300781250e+00 -2.166439533233642578e+00 0.000000000000000000e+00
2.678163290023803711e+00 7.154955863952636719e-01 2.462138235569000244e-01 -2.548648595809936523e+00 0.000000000000000000e+00
6.172515749931335449e-01 6.694121360778808594e-01 9.037426710128784180e-01 7.594896554946899414e-01 0.000000000000000000e+00
4.513588547706604004e-01 1.039202451705932617e+00 1.080401301383972168e+00 1.217151641845703125e+00 0.000000000000000000e+00
4.529305100440979004e-01 1.088301420211791992e+00 1.113803148269653320e+00 1.317515611648559570e+00 0.000000000000000000e+00
7.437040805816650391e-01 1.126407504081726074e+00 1.288191199302673340e+00 1.389750003814697266e+00 0.000000000000000000e+00
8.610858917236328125e-01 1.256636857986450195e+00 1.452302098274230957e+00 1.415513038635253906e+00 0.000000000000000000e+00
1.096753358840942383e+00 1.412581324577331543e+00 1.550835132598876953e+00 1.381817817687988281e+00 0.000000000000000000e+00
5.372828245162963867e-01 9.886783361434936523e-01 1.260263442993164062e+00 1.527043104171752930e+00 0.000000000000000000e+00
4.502441883087158203e-01 8.688872456550598145e-01 1.250084757804870605e+00 1.184475779533386230e+00 0.000000000000000000e+00
4.940788745880126953e-01 8.791791796684265137e-01 1.067887544631958008e+00 1.323626518249511719e+00 0.000000000000000000e+00
6.259501576423645020e-01 6.303659081459045410e-01 1.042598962783813477e+00 1.164531469345092773e+00 0.000000000000000000e+00
4.521688222885131836e-01 7.063458561897277832e-01 1.100327968597412109e+00 1.164258956909179688e+00 0.000000000000000000e+00
4.587312936782836914e-01 6.760088205337524414e-01 1.127442359924316406e+00 1.049659252166748047e+00 0.000000000000000000e+00
4.004063606262207031e-01 6.485835313796997070e-01 9.105777144432067871e-01 1.190863609313964844e+00 0.000000000000000000e+00
5.104976296424865723e-01 3.964828252792358398e-01 8.990252017974853516e-01 1.051025390625000000e+00 0.000000000000000000e+00
5.691562891006469727e-01 6.264719963073730469e+00 6.634488105773925781e+00 1.371695041656494141e+00 0.000000000000000000e+00
3.721374988555908203e+00 -3.561517000198364258e+00 -1.690889835357666016e+00 -1.658658742904663086e+00 0.000000000000000000e+00
5.444261074066162109e+00 2.760409832000732422e+00 1.219591856002807617e+00 9.451116323471069336e-01 0.000000000000000000e+00
5.353074550628662109e+00 8.737640380859375000e-01 8.108404278755187988e-01 7.490378618240356445e-01 0.000000000000000000e+00
1.570761084556579590e+00 8.010895252227783203e-01 8.737040758132934570e-01 6.050676107406616211e-01 0.000000000000000000e+00
1.015278816223144531e+00 8.690925240516662598e-01 8.916605710983276367e-01 5.389750599861145020e-01 0.000000000000000000e+00
1.386784076690673828e+00 9.935601949691772461e-01 6.009191274642944336e-01 5.764256119728088379e-01 0.000000000000000000e+00
-1.291538834571838379e+00 -6.756457090377807617e-01 -8.013597726821899414e-01 -9.759455919265747070e-01 0.000000000000000000e+00
1.073986053466796875e+00 8.832498192787170410e-01 9.191757440567016602e-01 7.658997774124145508e-01 0.000000000000000000e+00
5.623696327209472656e+00 1.310568094253540039e+00 9.035176038742065430e-01 5.846172571182250977e-01 0.000000000000000000e+00
4.222477674484252930e-01 6.995391845703125000e-01 1.082456707954406738e+00 1.079256534576416016e+00 0.000000000000000000e+00
3.855210781097412109e+00 1.259901762008666992e+00 1.105639219284057617e+00 4.840720295906066895e-01 0.000000000000000000e+00
6.956762075424194336e-01 8.644520640373229980e-01 9.312416911125183105e-01 9.801820516586303711e-01 0.000000000000000000e+00
-1.887988328933715820e+00 -1.219540119171142578e+00 -9.926261305809020996e-01 -1.184739828109741211e+00 1.000000000000000000e+00
-1.968736648559570312e+00 -1.594362735748291016e+00 -7.947423458099365234e-01 -9.710392951965332031e-01 2.000000000000000000e+00
-1.887988328933715820e+00 -1.219540119171142578e+00 -9.926261305809020996e-01 -1.184739828109741211e+00 1.000000000000000000e+00
-1.968736648559570312e+00 -1.594362735748291016e+00 -7.947423458099365234e-01 -9.710392951965332031e-01 2.000000000000000000e+00
-1.887988328933715820e+00 -1.219540119171142578e+00 -9.926261305809020996e-01 -1.184739828109741211e+00 1.000000000000000000e+00
-1.968736648559570312e+00 -1.594362735748291016e+00 -7.947423458099365234e-01 -9.710392951965332031e-01 2.000000000000000000e+00
-1.887988328933715820e+00 -1.219540119171142578e+00 -9.926261305809020996e-01 -1.184739828109741211e+00 1.000000000000000000e+00
-1.968736648559570312e+00 -1.594362735748291016e+00 -7.947423458099365234e-01 -9.710392951965332031e-01 2.000000000000000000e+00
-1.887988328933715820e+00 -1.219540119171142578e+00 -9.926261305809020996e-01 -1.184739828109741211e+00 1.000000000000000000e+00
-1.968736648559570312e+00 -1.594362735748291016e+00 -7.947423458099365234e-01 -9.710392951965332031e-01 2.000000000000000000e+00
-1.887988328933715820e+00 -1.219540119171142578e+00 -9.926261305809020996e-01 -1.184739828109741211e+00 1.000000000000000000e+00
-1.968736648559570312e+00 -1.594362735748291016e+00 -7.947423458099365234e-01 -9.710392951965332031e-01 2.000000000000000000e+00
-1.887988328933715820e+00 -1.219540119171142578e+00 -9.926261305809020996e-01 -1.184739828109741211e+00 1.000000000000000000e+00
-1.968736648559570312e+00 -1.594362735748291016e+00 -7.947423458099365234e-01 -9.710392951965332031e-01 2.000000000000000000e+00
-1.887988328933715820e+00 -1.219540119171142578e+00 -9.926261305809020996e-01 -1.184739828109741211e+00 1.000000000000000000e+00
-1.968736648559570312e+00 -1.594362735748291016e+00 -7.947423458099365234e-01 -9.710392951965332031e-01 2.000000000000000000e+00
-1.887988328933715820e+00 -1.219540119171142578e+00 -9.926261305809020996e-01 -1.184739828109741211e+00 1.000000000000000000e+00
-1.968736648559570312e+00 -1.594362735748291016e+00 -7.947423458099365234e-01 -9.710392951965332031e-01 2.000000000000000000e+00
-1.887988328933715820e+00 -1.219540119171142578e+00 -9.926261305809020996e-01 -1.184739828109741211e+00 1.000000000000000000e+00
-1.968736648559570312e+00 -1.594362735748291016e+00 -7.947423458099365234e-01 -9.710392951965332031e-01 2.000000000000000000e+00
4.783064126968383789e-01 4.084566831588745117e-01 9.185419678688049316e-01 9.664176106452941895e-01 0.000000000000000000e+00
4.276198148727416992e-01 5.050959587097167969e-01 8.795281648635864258e-01 9.376792311668395996e-01 0.000000000000000000e+00
3.708999156951904297e-01 6.034549474716186523e-01 8.191963434219360352e-01 1.002541542053222656e+00 0.000000000000000000e+00
5.390266180038452148e-01 3.879523277282714844e-01 8.099002838134765625e-01 9.297617673873901367e-01 0.000000000000000000e+00
7.231479883193969727e-01 3.944426774978637695e-01 6.212753653526306152e-01 8.149708509445190430e-01 0.000000000000000000e+00
5.984036922454833984e-01 2.998381853103637695e-01 7.649626731872558594e-01 9.442669749259948730e-01 0.000000000000000000e+00
4.756685495376586914e-01 6.352987289428710938e-01 6.714078187942504883e-01 9.041779041290283203e-01 0.000000000000000000e+00
1.820098757743835449e-01 9.182653427124023438e-01 9.655820131301879883e-01 1.335470438003540039e+00 0.000000000000000000e+00
2.610684037208557129e-01 9.403008222579956055e-01 1.034133076667785645e+00 1.249331474304199219e+00 0.000000000000000000e+00
2.722345590591430664e-01 1.141510605812072754e+00 9.693630933761596680e-01 1.188771963119506836e+00 0.000000000000000000e+00
2.560862302780151367e-01 9.703214168548583984e-01 1.012992262840270996e+00 1.195370554924011230e+00 0.000000000000000000e+00
3.628001809120178223e-01 1.123565077781677246e+00 8.180941343307495117e-01 1.161831617355346680e+00 0.000000000000000000e+00
1.717507839202880859e-02 5.796179175376892090e-01 8.313379287719726562e-01 7.912232279777526855e-01 0.000000000000000000e+00
2.518266439437866211e-01 8.892966508865356445e-01 7.710926532745361328e-01 1.210516214370727539e+00 0.000000000000000000e+00
5.369813442230224609e-01 3.403046727180480957e-01 7.100810408592224121e-01 8.276824355125427246e-01 0.000000000000000000e+00
4.483380913734436035e-01 6.010524034500122070e-01 6.257405281066894531e-01 9.321841001510620117e-01 0.000000000000000000e+00
5.852166414260864258e-01 5.233306884765625000e-01 6.423932909965515137e-01 1.068763494491577148e+00 0.000000000000000000e+00
6.335091590881347656e-01 5.343526005744934082e-01 1.055982828140258789e+00 1.174102425575256348e+00 0.000000000000000000e+00
3.457065820693969727e-01 3.280885219573974609e-01 4.631285667419433594e-01 1.316046237945556641e+00 0.000000000000000000e+00
8.450170159339904785e-01 3.344948887825012207e-01 4.524835944175720215e-01 9.327151179313659668e-01 0.000000000000000000e+00
2.041965484619140625e+00 7.619403600692749023e-01 7.103456854820251465e-01 6.758362054824829102e-01 0.000000000000000000e+00
1.502433419227600098e+00 1.045627832412719727e+00 4.836115837097167969e-01 -1.025001764297485352e+00 0.000000000000000000e+00
3.580394268035888672e+00 1.970634937286376953e+00 7.910175919532775879e-01 2.396481037139892578e-01 0.000000000000000000e+00
2.128248453140258789e+00 1.164431571960449219e+00 5.126663446426391602e-01 -7.385656237602233887e-01 0.000000000000000000e+00
2.107971429824829102e+00 1.333497881889343262e+00 2.743781805038452148e-01 -1.671982407569885254e-01 0.000000000000000000e+00
-4.346369743347167969e+00 6.657648086547851562e+00 1.532540678977966309e+00 8.041505217552185059e-01 0.000000000000000000e+00
3.542439699172973633e+00 2.435281515121459961e+00 5.273895263671875000e-01 -1.217962622642517090e+00 0.000000000000000000e+00
2.323447704315185547e+00 2.405436038970947266e+00 -3.084001064300537109e+00 -5.115200996398925781e+00 0.000000000000000000e+00
6.663019061088562012e-01 5.764523148536682129e-01 9.751653671264648438e-01 1.069387078285217285e+00 0.000000000000000000e+00
5.465177297592163086e-01 9.347677230834960938e-01 1.046094894409179688e+00 1.145414590835571289e+00 0.000000000000000000e+00
5.532341003417968750e-01 7.349914908409118652e-01 1.130630970001220703e+00 1.225285172462463379e+00 0.000000000000000000e+00
4.832757711410522461e-01 8.272638320922851562e-01 1.120726585388183594e+00 1.212399005889892578e+00 0.000000000000000000e+00
6.339528560638427734e-01 1.368419051170349121e+00 1.399198174476623535e+00 1.565527200698852539e+00 0.000000000000000000e+00
7.841251492500305176e-01 1.085911035537719727e+00 1.030860304832458496e+00 1.190229654312133789e-01 0.000000000000000000e+00
8.291029334068298340e-01 1.422265529632568359e+00 1.384932637214660645e+00 1.238658905029296875e+00 0.000000000000000000e+00
3.197346329689025879e-01 7.056338787078857422e-01 1.073001503944396973e+00 9.706028699874877930e-01 0.000000000000000000e+00
1.236823201179504395e-01 7.227113246917724609e-01 1.129699349403381348e+00 9.317349195480346680e-01 0.000000000000000000e+00
1.979908943176269531e-01 9.312922954559326172e-01 1.184434175491333008e+00 1.097059726715087891e+00 0.000000000000000000e+00
4.600481986999511719e-01 9.067463874816894531e-01 1.171548485755920410e+00 1.298583507537841797e+00 0.000000000000000000e+00
4.993098378181457520e-01 9.901517629623413086e-01 1.189305782318115234e+00 1.397238492965698242e+00 0.000000000000000000e+00
3.173126578330993652e-01 1.353248476982116699e+00 1.398633480072021484e+00 1.314321398735046387e+00 0.000000000000000000e+00
4.837259650230407715e-01 1.357434511184692383e+00 1.431923627853393555e+00 1.406097292900085449e+00 0.000000000000000000e+00
6.062878370285034180e-01 4.789280295372009277e-01 8.328120112419128418e-01 1.075387716293334961e+00 1.000000000000000000e+00
3.425180912017822266e-01 5.635093450546264648e-01 1.116209745407104492e+00 9.442491531372070312e-01 2.000000000000000000e+00
6.062878370285034180e-01 4.789280295372009277e-01 8.328120112419128418e-01 1.075387716293334961e+00 1.000000000000000000e+00
3.425180912017822266e-01 5.635093450546264648e-01 1.116209745407104492e+00 9.442491531372070312e-01 2.000000000000000000e+00
6.062878370285034180e-01 4.789280295372009277e-01 8.328120112419128418e-01 1.075387716293334961e+00 1.000000000000000000e+00
3.425180912017822266e-01 5.635093450546264648e-01 1.116209745407104492e+00 9.442491531372070312e-01 2.000000000000000000e+00
6.062878370285034180e-01 4.789280295372009277e-01 8.328120112419128418e-01 1.075387716293334961e+00 1.000000000000000000e+00
3.425180912017822266e-01 5.635093450546264648e-01 1.116209745407104492e+00 9.442491531372070312e-01 2.000000000000000000e+00
6.062878370285034180e-01 4.789280295372009277e-01 8.328120112419128418e-01 1.075387716293334961e+00 1.000000000000000000e+00
3.425180912017822266e-01 5.635093450546264648e-01 1.116209745407104492e+00 9.442491531372070312e-01 2.000000000000000000e+00
6.062878370285034180e-01 4.789280295372009277e-01 8.328120112419128418e-01 1.075387716293334961e+00 1.000000000000000000e+00
3.425180912017822266e-01 5.635093450546264648e-01 1.116209745407104492e+00 9.442491531372070312e-01 2.000000000000000000e+00
6.062878370285034180e-01 4.789280295372009277e-01 8.328120112419128418e-01 1.075387716293334961e+00 1.000000000000000000e+00
3.425180912017822266e-01 5.635093450546264648e-01 1.116209745407104492e+00 9.442491531372070312e-01 2.000000000000000000e+00
6.062878370285034180e-01 4.789280295372009277e-01 8.328120112419128418e-01 1.075387716293334961e+00 1.000000000000000000e+00
3.425180912017822266e-01 5.635093450546264648e-01 1.116209745407104492e+00 9.442491531372070312e-01 2.000000000000000000e+00
6.062878370285034180e-01 4.789280295372009277e-01 8.328120112419128418e-01 1.075387716293334961e+00 1.000000000000000000e+00
3.425180912017822266e-01 5.635093450546264648e-01 1.116209745407104492e+00 9.442491531372070312e-01 2.000000000000000000e+00
6.062878370285034180e-01 4.789280295372009277e-01 8.328120112419128418e-01 1.075387716293334961e+00 1.000000000000000000e+00
3.425180912017822266e-01 5.635093450546264648e-01 1.116209745407104492e+00 9.442491531372070312e-01 2.000000000000000000e+00
9.064835309982299805e-01 1.039044022560119629e+00 1.033665537834167480e+00 8.013224601745605469e-01 0.000000000000000000e+00
1.020278573036193848e+00 1.072732448577880859e+00 8.693656921386718750e-01 8.188623189926147461e-01 0.000000000000000000e+00
1.081953048706054688e+00 1.118260025978088379e+00 9.364656805992126465e-01 9.771438837051391602e-01 0.000000000000000000e+00
2.411309242248535156e+00 1.259141325950622559e+00 1.261111259460449219e+00 1.055539369583129883e+00 0.000000000000000000e+00
3.845176696777343750e+00 1.583226680755615234e+00 1.219231367111206055e+00 1.286553740501403809e+00 0.000000000000000000e+00
-5.368913412094116211e-01 -4.486255645751953125e+00 4.412302970886230469e-01 1.147737503051757812e+01 0.000000000000000000e+00
9.301202774047851562e+00 1.438459157943725586e+00 1.671939611434936523e+00 1.011051416397094727e+00 0.000000000000000000e+00
-1.376940131187438965e+00 -9.367433786392211914e-01 -8.393715023994445801e-01 -1.852399110794067383e+00 1.000000000000000000e+00
1.953974127769470215e+00 8.632649183273315430e-01 1.368271112442016602e-01 -3.252405643463134766e+00 2.000000000000000000e+00
-1.376940131187438965e+00 -9.367433786392211914e-01 -8.393715023994445801e-01 -1.852399110794067383e+00 1.000000000000000000e+00
1.953974127769470215e+00 8.632649183273315430e-01 1.368271112442016602e-01 -3.252405643463134766e+00 2.000000000000000000e+00
-1.376940131187438965e+00 -9.367433786392211914e-01 -8.393715023994445801e-01 -1.852399110794067383e+00 1.000000000000000000e+00
1.953974127769470215e+00 8.632649183273315430e-01 1.368271112442016602e-01 -3.252405643463134766e+00 2.000000000000000000e+00
-1.376940131187438965e+00 -9.367433786392211914e-01 -8.393715023994445801e-01 -1.852399110794067383e+00 1.000000000000000000e+00
1.953974127769470215e+00 8.632649183273315430e-01 1.368271112442016602e-01 -3.252405643463134766e+00 2.000000000000000000e+00
-1.376940131187438965e+00 -9.367433786392211914e-01 -8.393715023994445801e-01 -1.852399110794067383e+00 1.000000000000000000e+00
1.953974127769470215e+00 8.632649183273315430e-01 1.368271112442016602e-01 -3.252405643463134766e+00 2.000000000000000000e+00
-1.376940131187438965e+00 -9.367433786392211914e-01 -8.393715023994445801e-01 -1.852399110794067383e+00 1.000000000000000000e+00
1.953974127769470215e+00 8.632649183273315430e-01 1.368271112442016602e-01 -3.252405643463134766e+00 2.000000000000000000e+00
-1.376940131187438965e+00 -9.367433786392211914e-01 -8.393715023994445801e-01 -1.852399110794067383e+00 1.000000000000000000e+00
1.953974127769470215e+00 8.632649183273315430e-01 1.368271112442016602e-01 -3.252405643463134766e+00 2.000000000000000000e+00
-1.376940131187438965e+00 -9.367433786392211914e-01 -8.393715023994445801e-01 -1.852399110794067383e+00 1.000000000000000000e+00
1.953974127769470215e+00 8.632649183273315430e-01 1.368271112442016602e-01 -3.252405643463134766e+00 2.000000000000000000e+00
-1.376940131187438965e+00 -9.367433786392211914e-01 -8.393715023994445801e-01 -1.852399110794067383e+00 1.000000000000000000e+00
1.953974127769470215e+00 8.632649183273315430e-01 1.368271112442016602e-01 -3.252405643463134766e+00 2.000000000000000000e+00
-1.376940131187438965e+00 -9.367433786392211914e-01 -8.393715023994445801e-01 -1.852399110794067383e+00 1.000000000000000000e+00
1.953974127769470215e+00 8.632649183273315430e-01 1.368271112442016602e-01 -3.252405643463134766e+00 2.000000000000000000e+00
8.592368364334106445e-01 1.006603717803955078e+00 8.105901479721069336e-01 1.174497008323669434e+00 0.000000000000000000e+00
8.917288184165954590e-01 9.434072971343994141e-01 9.656033515930175781e-01 1.011004090309143066e+00 0.000000000000000000e+00
6.737412214279174805e-01 9.367102980613708496e-01 1.122499227523803711e+00 1.203444838523864746e+00 0.000000000000000000e+00
8.779879212379455566e-01 1.036067485809326172e+00 8.851695060729980469e-01 1.008778810501098633e+00 0.000000000000000000e+00
8.806405067443847656e-01 7.611955404281616211e-01 9.389296770095825195e-01 9.049644470214843750e-01 0.000000000000000000e+00
7.267135143280029297e+00 3.032457828521728516e+00 1.565840244293212891e+00 7.777123451232910156e-01 0.000000000000000000e+00
-1.253839254379272461e+00 -1.851660728454589844e+00 -1.615537881851196289e+00 -1.383252263069152832e+00 0.000000000000000000e+00
4.500854015350341797e-01 7.086667418479919434e-01 6.735450029373168945e-01 7.740288376808166504e-01 0.000000000000000000e+00
4.015128612518310547e+00 7.431609034538269043e-01 4.936121702194213867e-01 6.963706612586975098e-01 0.000000000000000000e+00
8.103231191635131836e-01 6.067332625389099121e-01 5.970237255096435547e-01 7.117242813110351562e-01 0.000000000000000000e+00
6.394999623298645020e-01 6.168220043182373047e-01 6.914596557617187500e-01 8.498558998107910156e-01 0.000000000000000000e+00
3.573536872863769531e-01 4.681659936904907227e-01 8.736820220947265625e-01 8.193604946136474609e-01 0.000000000000000000e+00
2.106940746307373047e-02 8.978753089904785156e-01 7.950844168663024902e-01 9.428656101226806641e-01 0.000000000000000000e+00
2.520284652709960938e-01 8.218017816543579102e-01 1.058083057403564453e+00 1.346379756927490234e+00 0.000000000000000000e+00
8.966602683067321777e-01 1.133606672286987305e+00 8.114814162254333496e-01 6.342877149581909180e-01 0.000000000000000000e+00
8.382265567779541016e-01 4.732460975646972656e-01 8.447168469429016113e-01 7.998578548431396484e-01 0.000000000000000000e+00
5.925706028938293457e-01 5.421240925788879395e-01 8.085551857948303223e-01 7.267132997512817383e-01 0.000000000000000000e+00
3.420315980911254883e-01 7.076834440231323242e-01 7.973288893699645996e-01 9.296084642410278320e-01 0.000000000000000000e+00
6.216366887092590332e-01 5.046731829643249512e-01 8.564481735229492188e-01 8.889777660369873047e-01 0.000000000000000000e+00
4.844003915786743164e-01 5.705370903015136719e-01 9.189985990524291992e-01 1.061251163482666016e+00 0.000000000000000000e+00
2.512574195861816406e-01 7.291031479835510254e-01 9.450633525848388672e-01 1.075608253479003906e+00 0.000000000000000000e+00
6.274333953857421875e+00 7.052944898605346680e-01 4.575357437133789062e-01 7.547301054000854492e-01 0.000000000000000000e+00
5.437120199203491211e-01 5.548707246780395508e-01 6.902264356613159180e-01 7.920287847518920898e-01 0.000000000000000000e+00
4.202082753181457520e-01 8.037512898445129395e-01 9.121608138084411621e-01 1.161548972129821777e+00 0.000000000000000000e+00
-2.726121902465820312e+00 -1.660599470138549805e+00 5.129964828491210938e+00 1.377881050109863281e+00 0.000000000000000000e+00
8.122261166572570801e-01 7.722555994987487793e-01 5.374059677124023438e-01 6.553277373313903809e-01 0.000000000000000000e+00
5.637543201446533203e-01 7.804778814315795898e-01 8.117356300354003906e-01 1.205304503440856934e+00 0.000000000000000000e+00
7.102298140525817871e-01 5.751552581787109375e-01 6.951887607574462891e-01 1.039811372756958008e+00 0.000000000000000000e+00
5.925320386886596680e-01 5.731036067008972168e-01 9.575883150100708008e-01 1.112869262695312500e+00 0.000000000000000000e+00
7.268250584602355957e-01 6.165610551834106445e-01 6.789619326591491699e-01 1.080362558364868164e+00 0.000000000000000000e+00
4.780086278915405273e-01 7.280371189117431641e-01 1.061728954315185547e+00 8.685276508331298828e-01 0.000000000000000000e+00
9.160766601562500000e-01 5.617398023605346680e-01 7.574955224990844727e-01 8.992274999618530273e-01 0.000000000000000000e+00
1.331857919692993164e+00 7.096029520034790039e-01 6.647070646286010742e-01 5.859545469284057617e-01 0.000000000000000000e+00
1.024947404861450195e+00 4.439715743064880371e-01 6.797722578048706055e-01 8.544193506240844727e-01 0.000000000000000000e+00
5.671795606613159180e-01 4.280718564987182617e-01 8.708718419075012207e-01 7.672814130783081055e-01 0.000000000000000000e+00
6.448898315429687500e-01 1.002874851226806641e+00 7.349227070808410645e-01 8.094455003738403320e-01 0.000000000000000000e+00
4.979938268661499023e-01 7.261224985122680664e-01 7.086895704269409180e-01 9.434384107589721680e-01 0.000000000000000000e+00
8.141504526138305664e-01 5.979019403457641602e-01 5.966837406158447266e-01 8.189249038696289062e-01 0.000000000000000000e+00
6.643258929252624512e-01 5.336518883705139160e-01 6.022385358810424805e-01 8.856621384620666504e-01 0.000000000000000000e+00
8.005442619323730469e-01 8.559789657592773438e-01 4.018015861511230469e-01 6.880134940147399902e-01 0.000000000000000000e+00
4.450199604034423828e-01 7.328618764877319336e-01 7.338119745254516602e-01 9.992225170135498047e-01 0.000000000000000000e+00
