5.057805776596069336e-01 6.381746530532836914e-01 7.411699891090393066e-01 7.445998191833496094e-01 7.989144325256347656e-01 0.000000000000000000e+00
4.876479208469390869e-01 6.396647095680236816e-01 6.358655691146850586e-01 5.278180837631225586e-01 6.207681894302368164e-01 0.000000000000000000e+00
1.941409409046173096e-01 3.946757614612579346e-01 3.364669680595397949e-01 3.417032659053802490e-01 3.699718713760375977e-01 0.000000000000000000e+00
2.674614787101745605e-01 4.632942676544189453e-01 4.469601213932037354e-01 4.365250766277313232e-01 3.650339841842651367e-01 0.000000000000000000e+00
3.931936323642730713e-01 3.935554027557373047e-01 6.889609098434448242e-01 7.156804203987121582e-01 7.282313108444213867e-01 0.000000000000000000e+00
6.051267385482788086e-01 8.668152093887329102e-01 9.047152400016784668e-01 8.604487180709838867e-01 8.706240057945251465e-01 0.000000000000000000e+00
4.088291525840759277e-01 5.346738696098327637e-01 7.631880640983581543e-01 8.750249743461608887e-01 9.161505699157714844e-01 0.000000000000000000e+00
6.863476634025573730e-01 7.688656449317932129e-01 7.560338973999023438e-01 7.255592346191406250e-01 6.880764961242675781e-01 0.000000000000000000e+00
7.741507291793823242e-01 8.295828104019165039e-01 8.817949891090393066e-01 9.329118132591247559e-01 9.445383548736572266e-01 0.000000000000000000e+00
6.515495777130126953e-01 9.023449420928955078e-01 9.298457503318786621e-01 9.541177153587341309e-01 9.734349846839904785e-01 0.000000000000000000e+00
8.449088931083679199e-01 9.710184335708618164e-01 9.783781170845031738e-01 9.872298836708068848e-01 9.739066362380981445e-01 0.000000000000000000e+00
5.734415650367736816e-01 8.212381005287170410e-01 8.801206350326538086e-01 9.431352615356445312e-01 9.657113552093505859e-01 0.000000000000000000e+00
5.153659582138061523e-01 5.414001345634460449e-01 5.762568712234497070e-01 6.736804842948913574e-01 7.076405286788940430e-01 0.000000000000000000e+00
6.495445966720581055e-01 6.668946743011474609e-01 6.125234961509704590e-01 6.963207721710205078e-01 7.791707515716552734e-01 0.000000000000000000e+00
6.082187891006469727e-01 7.943233251571655273e-01 8.750050067901611328e-01 8.847276568412780762e-01 9.031246900558471680e-01 0.000000000000000000e+00
1.764231324195861816e-01 4.288383126258850098e-01 6.707427501678466797e-01 8.535252809524536133e-01 8.868350386619567871e-01 0.000000000000000000e+00
6.975219249725341797e-01 8.436883091926574707e-01 8.428729176521301270e-01 8.866614699363708496e-01 9.254314899444580078e-01 0.000000000000000000e+00
6.970131397247314453e-01 8.655998706817626953e-01 8.604738712310791016e-01 9.147056937217712402e-01 9.225021600723266602e-01 0.000000000000000000e+00
5.627529621124267578e-01 8.753889799118041992e-01 9.101388454437255859e-01 9.377324581146240234e-01 9.786903262138366699e-01 0.000000000000000000e+00
6.744284629821777344e-01 9.144501686096191406e-01 9.233236908912658691e-01 9.780032634735107422e-01 9.901999831199645996e-01 0.000000000000000000e+00
3.215085268020629883e-01 5.726523399353027344e-01 5.018975138664245605e-01 5.923501253128051758e-01 6.359226703643798828e-01 0.000000000000000000e+00
2.179368883371353149e-01 4.603401124477386475e-01 6.446311473846435547e-01 5.747851133346557617e-01 5.545024871826171875e-01 0.000000000000000000e+00
2.055100053548812866e-01 7.499612122774124146e-02 -1.172587126493453979e-01 -1.711576581001281738e-01 -1.866803020238876343e-01 0.000000000000000000e+00
1.202313005924224854e-01 1.689742803573608398e-01 2.900234162807464600e-01 1.771779656410217285e-01 1.261931508779525757e-01 0.000000000000000000e+00
2.026741057634353638e-01 1.536758542060852051e-01 1.532931029796600342e-01 1.227346733212471008e-01 1.461777091026306152e-01 0.000000000000000000e+00
4.345621168613433838e-01 4.126396775245666504e-01 3.522569239139556885e-01 3.615588247776031494e-01 3.284129798412322998e-01 0.000000000000000000e+00
5.333182215690612793e-01 5.251740813255310059e-01 6.991820335388183594e-01 7.709010243415832520e-01 7.705099582672119141e-01 0.000000000000000000e+00
5.467832684516906738e-01 5.985488891601562500e-01 5.668921470642089844e-01 6.678742170333862305e-01 7.402187585830688477e-01 0.000000000000000000e+00
2.340696007013320923e-01 6.118149757385253906e-01 8.711844682693481445e-01 8.405104279518127441e-01 8.988488912582397461e-01 0.000000000000000000e+00
-1.293578594923019409e-01 -3.103482723236083984e-02 3.705275058746337891e-01 4.680539295077323914e-02 6.335046291351318359e-01 0.000000000000000000e+00
6.391481757164001465e-01 8.156992197036743164e-01 8.766149282455444336e-01 8.681755065917968750e-01 8.756673336029052734e-01 0.000000000000000000e+00
-3.931375686079263687e-03 3.419604599475860596e-01 6.081752181053161621e-01 6.418750286102294922e-01 6.631989479064941406e-01 0.000000000000000000e+00
5.416225194931030273e-01 5.449745059013366699e-01 6.336750984191894531e-01 5.632574558258056641e-01 5.926382541656494141e-01 0.000000000000000000e+00
3.319151699542999268e-01 3.289066851139068604e-01 4.757954180240631104e-01 5.671517252922058105e-01 5.332775712013244629e-01 0.000000000000000000e+00
3.542760908603668213e-01 6.287916898727416992e-01 7.249229550361633301e-01 8.147019743919372559e-01 8.146272897720336914e-01 0.000000000000000000e+00
8.062788248062133789e-01 9.126029014587402344e-01 9.111805558204650879e-01 8.689186573028564453e-01 8.898958563804626465e-01 0.000000000000000000e+00
6.899622082710266113e-01 8.605154156684875488e-01 9.218904972076416016e-01 9.317790269851684570e-01 9.585391879081726074e-01 0.000000000000000000e+00
8.394882678985595703e-01 9.237624406814575195e-01 9.260091781616210938e-01 9.259175658226013184e-01 9.224326014518737793e-01 0.000000000000000000e+00
6.232690811157226562e-01 7.933464050292968750e-01 8.617592453956604004e-01 9.287148118019104004e-01 9.373681545257568359e-01 0.000000000000000000e+00
7.007837891578674316e-01 9.467225670814514160e-01 9.690073132514953613e-01 9.527229666709899902e-01 9.434249401092529297e-01 0.000000000000000000e+00
2.135309576988220215e-01 5.992300510406494141e-01 8.399368524551391602e-01 8.918030261993408203e-01 9.503056406974792480e-01 0.000000000000000000e+00
4.890394806861877441e-01 7.348630428314208984e-01 7.333943843841552734e-01 7.271488904953002930e-01 8.390640020370483398e-01 0.000000000000000000e+00
5.756112337112426758e-01 6.228746175765991211e-01 6.125885248184204102e-01 4.999125897884368896e-01 4.111006259918212891e-01 1.000000000000000000e+00
5.721410512924194336e-01 8.467863798141479492e-01 9.376468062400817871e-01 9.569101929664611816e-01 9.714586734771728516e-01 2.000000000000000000e+00
5.756112337112426758e-01 6.228746175765991211e-01 6.125885248184204102e-01 4.999125897884368896e-01 4.111006259918212891e-01 1.000000000000000000e+00
5.721410512924194336e-01 8.467863798141479492e-01 9.376468062400817871e-01 9.569101929664611816e-01 9.714586734771728516e-01 2.000000000000000000e+00
5.756112337112426758e-01 6.228746175765991211e-01 6.125885248184204102e-01 4.999125897884368896e-01 4.111006259918212891e-01 1.000000000000000000e+00
5.721410512924194336e-01 8.467863798141479492e-01 9.376468062400817871e-01 9.569101929664611816e-01 9.714586734771728516e-01 2.000000000000000000e+00
5.756112337112426758e-01 6.228746175765991211e-01 6.125885248184204102e-01 4.999125897884368896e-01 4.111006259918212891e-01 1.000000000000000000e+00
5.721410512924194336e-01 8.467863798141479492e-01 9.376468062400817871e-01 9.569101929664611816e-01 9.714586734771728516e-01 2.000000000000000000e+00
5.756112337112426758e-01 6.228746175765991211e-01 6.125885248184204102e-01 4.999125897884368896e-01 4.111006259918212891e-01 1.000000000000000000e+00
5.721410512924194336e-01 8.467863798141479492e-01 9.376468062400817871e-01 9.569101929664611816e-01 9.714586734771728516e-01 2.000000000000000000e+00
5.756112337112426758e-01 6.228746175765991211e-01 6.125885248184204102e-01 4.999125897884368896e-01 4.111006259918212891e-01 1.000000000000000000e+00
5.721410512924194336e-01 8.467863798141479492e-01 9.376468062400817871e-01 9.569101929664611816e-01 9.714586734771728516e-01 2.000000000000000000e+00
5.756112337112426758e-01 6.228746175765991211e-01 6.125885248184204102e-01 4.999125897884368896e-01 4.111006259918212891e-01 1.000000000000000000e+00
5.721410512924194336e-01 8.467863798141479492e-01 9.376468062400817871e-01 9.569101929664611816e-01 9.714586734771728516e-01 2.000000000000000000e+00
5.756112337112426758e-01 6.228746175765991211e-01 6.125885248184204102e-01 4.999125897884368896e-01 4.111006259918212891e-01 1.000000000000000000e+00
5.721410512924194336e-01 8.467863798141479492e-01 9.376468062400817871e-01 9.569101929664611816e-01 9.714586734771728516e-01 2.000000000000000000e+00
5.756112337112426758e-01 6.228746175765991211e-01 6.125885248184204102e-01 4.999125897884368896e-01 4.111006259918212891e-01 1.000000000000000000e+00
5.721410512924194336e-01 8.467863798141479492e-01 9.376468062400817871e-01 9.569101929664611816e-01 9.714586734771728516e-01 2.000000000000000000e+00
5.756112337112426758e-01 6.228746175765991211e-01 6.125885248184204102e-01 4.999125897884368896e-01 4.111006259918212891e-01 1.000000000000000000e+00
5.721410512924194336e-01 8.467863798141479492e-01 9.376468062400817871e-01 9.569101929664611816e-01 9.714586734771728516e-01 2.000000000000000000e+00
6.415508985519409180e-01 7.826920747756958008e-01 7.667585015296936035e-01 7.925100922584533691e-01 8.152441978454589844e-01 0.000000000000000000e+00
6.019799709320068359e-01 7.388629913330078125e-01 8.385100364685058594e-01 9.351021647453308105e-01 8.898290395736694336e-01 0.000000000000000000e+00
6.243590116500854492e-01 8.281255960464477539e-01 9.064632058143615723e-01 9.211542606353759766e-01 8.716168403625488281e-01 0.000000000000000000e+00
8.404771685600280762e-01 9.600926041603088379e-01 9.607842564582824707e-01 9.636010527610778809e-01 9.859005808830261230e-01 0.000000000000000000e+00
1.809652298688888550e-01 4.126025438308715820e-01 7.789439558982849121e-01 8.075725436210632324e-01 9.344832301139831543e-01 0.000000000000000000e+00
4.543252885341644287e-01 6.404320597648620605e-01 7.972710132598876953e-01 8.645228147506713867e-01 8.310262560844421387e-01 0.000000000000000000e+00
2.583515644073486328e-01 3.951821327209472656e-01 7.795273065567016602e-01 7.569929361343383789e-01 7.348375916481018066e-01 0.000000000000000000e+00
5.534787178039550781e-01 6.592069864273071289e-01 8.087141513824462891e-01 8.276998400688171387e-01 8.420873880386352539e-01 0.000000000000000000e+00
5.687671899795532227e-01 6.562501192092895508e-01 7.027875185012817383e-01 6.874619126319885254e-01 8.767387270927429199e-01 0.000000000000000000e+00
7.257934808731079102e-01 8.236653804779052734e-01 8.533138036727905273e-01 7.879726290702819824e-01 7.579521536827087402e-01 0.000000000000000000e+00
6.789696216583251953e-01 7.401351928710937500e-01 8.108137845993041992e-01 8.663589358329772949e-01 9.021140336990356445e-01 0.000000000000000000e+00
6.571804285049438477e-01 7.343773245811462402e-01 7.563302516937255859e-01 8.076075911521911621e-01 8.326761722564697266e-01 0.000000000000000000e+00
6.801010370254516602e-01 7.654778957366943359e-01 8.198942542076110840e-01 8.541369438171386719e-01 8.594379425048828125e-01 0.000000000000000000e+00
6.692080497741699219e-01 7.814147472381591797e-01 8.044914007186889648e-01 8.307718038558959961e-01 8.515708446502685547e-01 0.000000000000000000e+00
3.629714548587799072e-01 6.870220899581909180e-01 6.739332675933837891e-01 8.567569255828857422e-01 7.979298233985900879e-01 0.000000000000000000e+00
3.646347224712371826e-01 5.428250432014465332e-01 7.235542535781860352e-01 7.283709049224853516e-01 7.553882002830505371e-01 0.000000000000000000e+00
5.763878226280212402e-01 7.173672914505004883e-01 6.551731824874877930e-01 6.688589453697204590e-01 8.110513687133789062e-01 0.000000000000000000e+00
5.109356045722961426e-01 7.531802654266357422e-01 7.395812273025512695e-01 5.723279714584350586e-01 8.093305826187133789e-01 0.000000000000000000e+00
6.004627943038940430e-01 6.913157105445861816e-01 7.988906502723693848e-01 8.502221107482910156e-01 7.773269414901733398e-01 0.000000000000000000e+00
1.303791161626577377e-02 -1.637129462324082851e-03 3.923950493335723877e-01 3.942798674106597900e-01 1.499668806791305542e-01 1.000000000000000000e+00
4.346888661384582520e-01 5.123199820518493652e-01 7.870089411735534668e-01 8.704020977020263672e-01 8.233559131622314453e-01 2.000000000000000000e+00
1.303791161626577377e-02 -1.637129462324082851e-03 3.923950493335723877e-01 3.942798674106597900e-01 1.499668806791305542e-01 1.000000000000000000e+00
4.346888661384582520e-01 5.123199820518493652e-01 7.870089411735534668e-01 8.704020977020263672e-01 8.233559131622314453e-01 2.000000000000000000e+00
1.303791161626577377e-02 -1.637129462324082851e-03 3.923950493335723877e-01 3.942798674106597900e-01 1.499668806791305542e-01 1.000000000000000000e+00
4.346888661384582520e-01 5.123199820518493652e-01 7.870089411735534668e-01 8.704020977020263672e-01 8.233559131622314453e-01 2.000000000000000000e+00
1.303791161626577377e-02 -1.637129462324082851e-03 3.923950493335723877e-01 3.942798674106597900e-01 1.499668806791305542e-01 1.000000000000000000e+00
4.346888661384582520e-01 5.123199820518493652e-01 7.870089411735534668e-01 8.704020977020263672e-01 8.233559131622314453e-01 2.000000000000000000e+00
1.303791161626577377e-02 -1.637129462324082851e-03 3.923950493335723877e-01 3.942798674106597900e-01 1.499668806791305542e-01 1.000000000000000000e+00
4.346888661384582520e-01 5.123199820518493652e-01 7.870089411735534668e-01 8.704020977020263672e-01 8.233559131622314453e-01 2.000000000000000000e+00
1.303791161626577377e-02 -1.637129462324082851e-03 3.923950493335723877e-01 3.942798674106597900e-01 1.499668806791305542e-01 1.000000000000000000e+00
4.346888661384582520e-01 5.123199820518493652e-01 7.870089411735534668e-01 8.704020977020263672e-01 8.233559131622314453e-01 2.000000000000000000e+00
1.303791161626577377e-02 -1.637129462324082851e-03 3.923950493335723877e-01 3.942798674106597900e-01 1.499668806791305542e-01 1.000000000000000000e+00
4.346888661384582520e-01 5.123199820518493652e-01 7.870089411735534668e-01 8.704020977020263672e-01 8.233559131622314453e-01 2.000000000000000000e+00
1.303791161626577377e-02 -1.637129462324082851e-03 3.923950493335723877e-01 3.942798674106597900e-01 1.499668806791305542e-01 1.000000000000000000e+00
4.346888661384582520e-01 5.123199820518493652e-01 7.870089411735534668e-01 8.704020977020263672e-01 8.233559131622314453e-01 2.000000000000000000e+00
1.303791161626577377e-02 -1.637129462324082851e-03 3.923950493335723877e-01 3.942798674106597900e-01 1.499668806791305542e-01 1.000000000000000000e+00
4.346888661384582520e-01 5.123199820518493652e-01 7.870089411735534668e-01 8.704020977020263672e-01 8.233559131622314453e-01 2.000000000000000000e+00
1.303791161626577377e-02 -1.637129462324082851e-03 3.923950493335723877e-01 3.942798674106597900e-01 1.499668806791305542e-01 1.000000000000000000e+00
4.346888661384582520e-01 5.123199820518493652e-01 7.870089411735534668e-01 8.704020977020263672e-01 8.233559131622314453e-01 2.000000000000000000e+00
2.884748876094818115e-01 5.517936944961547852e-01 5.955017805099487305e-01 8.084948062896728516e-01 8.604660034179687500e-01 0.000000000000000000e+00
4.090430438518524170e-01 6.711768507957458496e-01 7.691859602928161621e-01 6.742482185363769531e-01 6.765421032905578613e-01 0.000000000000000000e+00
-4.418874531984329224e-02 1.749706268310546875e-01 4.035542011260986328e-01 5.990694761276245117e-01 6.877204179763793945e-01 0.000000000000000000e+00
7.740324735641479492e-01 8.603622317314147949e-01 8.989184498786926270e-01 9.270272850990295410e-01 9.222351312637329102e-01 0.000000000000000000e+00
7.655385732650756836e-01 8.165720701217651367e-01 9.146421551704406738e-01 9.562495946884155273e-01 9.470461606979370117e-01 0.000000000000000000e+00
2.868463099002838135e-01 2.841631472110748291e-01 6.185077428817749023e-01 7.799280285835266113e-01 7.696574330329895020e-01 1.000000000000000000e+00
2.032249420881271362e-01 2.074080854654312134e-01 2.573712170124053955e-01 1.732677817344665527e-01 2.267420440912246704e-01 2.000000000000000000e+00
2.868463099002838135e-01 2.841631472110748291e-01 6.185077428817749023e-01 7.799280285835266113e-01 7.696574330329895020e-01 1.000000000000000000e+00
2.032249420881271362e-01 2.074080854654312134e-01 2.573712170124053955e-01 1.732677817344665527e-01 2.267420440912246704e-01 2.000000000000000000e+00
2.868463099002838135e-01 2.841631472110748291e-01 6.185077428817749023e-01 7.799280285835266113e-01 7.696574330329895020e-01 1.000000000000000000e+00
2.032249420881271362e-01 2.074080854654312134e-01 2.573712170124053955e-01 1.732677817344665527e-01 2.267420440912246704e-01 2.000000000000000000e+00
2.868463099002838135e-01 2.841631472110748291e-01 6.185077428817749023e-01 7.799280285835266113e-01 7.696574330329895020e-01 1.000000000000000000e+00
2.032249420881271362e-01 2.074080854654312134e-01 2.573712170124053955e-01 1.732677817344665527e-01 2.267420440912246704e-01 2.000000000000000000e+00
2.868463099002838135e-01 2.841631472110748291e-01 6.185077428817749023e-01 7.799280285835266113e-01 7.696574330329895020e-01 1.000000000000000000e+00
2.032249420881271362e-01 2.074080854654312134e-01 2.573712170124053955e-01 1.732677817344665527e-01 2.267420440912246704e-01 2.000000000000000000e+00
2.868463099002838135e-01 2.841631472110748291e-01 6.185077428817749023e-01 7.799280285835266113e-01 7.696574330329895020e-01 1.000000000000000000e+00
2.032249420881271362e-01 2.074080854654312134e-01 2.573712170124053955e-01 1.732677817344665527e-01 2.267420440912246704e-01 2.000000000000000000e+00
2.868463099002838135e-01 2.841631472110748291e-01 6.185077428817749023e-01 7.799280285835266113e-01 7.696574330329895020e-01 1.000000000000000000e+00
2.032249420881271362e-01 2.074080854654312134e-01 2.573712170124053955e-01 1.732677817344665527e-01 2.267420440912246704e-01 2.000000000000000000e+00
2.868463099002838135e-01 2.841631472110748291e-01 6.185077428817749023e-01 7.799280285835266113e-01 7.696574330329895020e-01 1.000000000000000000e+00
2.032249420881271362e-01 2.074080854654312134e-01 2.573712170124053955e-01 1.732677817344665527e-01 2.267420440912246704e-01 2.000000000000000000e+00
2.868463099002838135e-01 2.841631472110748291e-01 6.185077428817749023e-01 7.799280285835266113e-01 7.696574330329895020e-01 1.000000000000000000e+00
2.032249420881271362e-01 2.074080854654312134e-01 2.573712170124053955e-01 1.732677817344665527e-01 2.267420440912246704e-01 2.000000000000000000e+00
2.868463099002838135e-01 2.841631472110748291e-01 6.185077428817749023e-01 7.799280285835266113e-01 7.696574330329895020e-01 1.000000000000000000e+00
2.032249420881271362e-01 2.074080854654312134e-01 2.573712170124053955e-01 1.732677817344665527e-01 2.267420440912246704e-01 2.000000000000000000e+00
8.870530724525451660e-01 8.968073725700378418e-01 9.301697611808776855e-01 9.368745684623718262e-01 8.750741481781005859e-01 0.000000000000000000e+00
6.332440376281738281e-01 8.750989437103271484e-01 9.232596158981323242e-01 9.395546913146972656e-01 9.791178703308105469e-01 0.000000000000000000e+00
6.443426012992858887e-01 7.670353651046752930e-01 8.828538060188293457e-01 9.187530279159545898e-01 9.351578354835510254e-01 0.000000000000000000e+00
4.955557286739349365e-01 7.010964155197143555e-01 7.477099299430847168e-01 8.724201321601867676e-01 9.245896339416503906e-01 0.000000000000000000e+00
6.938071250915527344e-01 8.491312265396118164e-01 8.590827584266662598e-01 9.041953682899475098e-01 9.211306571960449219e-01 0.000000000000000000e+00
7.950918078422546387e-01 8.950080275535583496e-01 8.406625986099243164e-01 8.042077422142028809e-01 9.476243257522583008e-01 0.000000000000000000e+00
3.743085265159606934e-01 7.472728490829467773e-01 7.903222441673278809e-01 8.629626035690307617e-01 8.519344329833984375e-01 0.000000000000000000e+00
3.955764770507812500e-01 6.263545751571655273e-01 6.967283487319946289e-01 4.868946969509124756e-01 5.943198204040527344e-01 0.000000000000000000e+00
-7.491600513458251953e-02 -4.973056539893150330e-02 2.134218811988830566e-01 3.749529123306274414e-01 3.902668952941894531e-01 0.000000000000000000e+00
5.921028181910514832e-02 3.238286375999450684e-01 6.953213214874267578e-01 5.122971534729003906e-01 3.325093388557434082e-01 0.000000000000000000e+00
2.210859358310699463e-01 6.300617456436157227e-01 5.395804643630981445e-01 5.718874931335449219e-01 4.423901736736297607e-01 0.000000000000000000e+00
-9.481630474328994751e-02 3.370162546634674072e-01 2.259088456630706787e-01 1.150604039430618286e-01 2.334603965282440186e-01 0.000000000000000000e+00
4.253957886248826981e-03 2.174493968486785889e-01 1.952060163021087646e-01 2.201341390609741211e-01 3.615547716617584229e-01 0.000000000000000000e+00
3.592367768287658691e-01 1.329357177019119263e-01 1.563602536916732788e-01 3.178668618202209473e-01 2.588321268558502197e-01 0.000000000000000000e+00
6.832808852195739746e-01 6.033726930618286133e-01 6.374907493591308594e-01 7.002441883087158203e-01 7.837679386138916016e-01 0.000000000000000000e+00
3.353019654750823975e-01 4.508598744869232178e-01 3.889907598495483398e-01 5.517566204071044922e-01 6.468921899795532227e-01 0.000000000000000000e+00
4.345335066318511963e-01 6.586198806762695312e-01 7.395322918891906738e-01 7.650894522666931152e-01 6.635236740112304688e-01 0.000000000000000000e+00
7.466083765029907227e-01 7.740741968154907227e-01 8.566781282424926758e-01 9.132400751113891602e-01 8.794853091239929199e-01 0.000000000000000000e+00
7.766627669334411621e-01 8.647801876068115234e-01 8.371468186378479004e-01 8.880295157432556152e-01 9.195990562438964844e-01 0.000000000000000000e+00
3.688905537128448486e-01 4.267385601997375488e-01 6.319471597671508789e-01 8.239014744758605957e-01 9.000822901725769043e-01 0.000000000000000000e+00
6.669033169746398926e-01 7.340163588523864746e-01 6.685447096824645996e-01 7.006169557571411133e-01 5.720139741897583008e-01 0.000000000000000000e+00
5.350525975227355957e-01 6.550008058547973633e-01 6.312783360481262207e-01 5.664393901824951172e-01 5.335634350776672363e-01 0.000000000000000000e+00
6.446193456649780273e-01 7.414392232894897461e-01 7.610495686531066895e-01 7.694639563560485840e-01 7.673261761665344238e-01 0.000000000000000000e+00
4.628123939037322998e-01 7.764585018157958984e-01 8.820677995681762695e-01 9.386092424392700195e-01 9.353052377700805664e-01 0.000000000000000000e+00
4.962313175201416016e-01 7.973037362098693848e-01 8.851002454757690430e-01 9.232465028762817383e-01 9.368070960044860840e-01 0.000000000000000000e+00
1.572798937559127808e-01 4.994525611400604248e-01 6.001175045967102051e-01 7.085400819778442383e-01 7.093239426612854004e-01 0.000000000000000000e+00
7.430403828620910645e-01 9.138799905776977539e-01 9.630871415138244629e-01 9.446536898612976074e-01 9.580953717231750488e-01 0.000000000000000000e+00
3.039768636226654053e-01 1.331787258386611938e-01 -4.707486927509307861e-02 3.399132490158081055e-01 4.431972503662109375e-01 1.000000000000000000e+00
1.378060579299926758e-01 3.174743652343750000e-01 4.099662005901336670e-01 3.930093348026275635e-01 4.027483463287353516e-01 2.000000000000000000e+00
3.039768636226654053e-01 1.331787258386611938e-01 -4.707486927509307861e-02 3.399132490158081055e-01 4.431972503662109375e-01 1.000000000000000000e+00
1.378060579299926758e-01 3.174743652343750000e-01 4.099662005901336670e-01 3.930093348026275635e-01 4.027483463287353516e-01 2.000000000000000000e+00
3.039768636226654053e-01 1.331787258386611938e-01 -4.707486927509307861e-02 3.399132490158081055e-01 4.431972503662109375e-01 1.000000000000000000e+00
1.378060579299926758e-01 3.174743652343750000e-01 4.099662005901336670e-01 3.930093348026275635e-01 4.027483463287353516e-01 2.000000000000000000e+00
3.039768636226654053e-01 1.331787258386611938e-01 -4.707486927509307861e-02 3.399132490158081055e-01 4.431972503662109375e-01 1.000000000000000000e+00
1.378060579299926758e-01 3.174743652343750000e-01 4.099662005901336670e-01 3.930093348026275635e-01 4.027483463287353516e-01 2.000000000000000000e+00
3.039768636226654053e-01 1.331787258386611938e-01 -4.707486927509307861e-02 3.399132490158081055e-01 4.431972503662109375e-01 1.000000000000000000e+00
1.378060579299926758e-01 3.174743652343750000e-01 4.099662005901336670e-01 3.930093348026275635e-01 4.027483463287353516e-01 2.000000000000000000e+00
3.039768636226654053e-01 1.331787258386611938e-01 -4.707486927509307861e-02 3.399132490158081055e-01 4.431972503662109375e-01 1.000000000000000000e+00
1.378060579299926758e-01 3.174743652343750000e-01 4.099662005901336670e-01 3.930093348026275635e-01 4.027483463287353516e-01 2.000000000000000000e+00
3.039768636226654053e-01 1.331787258386611938e-01 -4.707486927509307861e-02 3.399132490158081055e-01 4.431972503662109375e-01 1.000000000000000000e+00
1.378060579299926758e-01 3.174743652343750000e-01 4.099662005901336670e-01 3.930093348026275635e-01 4.027483463287353516e-01 2.000000000000000000e+00
3.039768636226654053e-01 1.331787258386611938e-01 -4.707486927509307861e-02 3.399132490158081055e-01 4.431972503662109375e-01 1.000000000000000000e+00
1.378060579299926758e-01 3.174743652343750000e-01 4.099662005901336670e-01 3.930093348026275635e-01 4.027483463287353516e-01 2.000000000000000000e+00
3.039768636226654053e-01 1.331787258386611938e-01 -4.707486927509307861e-02 3.399132490158081055e-01 4.431972503662109375e-01 1.000000000000000000e+00
1.378060579299926758e-01 3.174743652343750000e-01 4.099662005901336670e-01 3.930093348026275635e-01 4.027483463287353516e-01 2.000000000000000000e+00
3.039768636226654053e-01 1.331787258386611938e-01 -4.707486927509307861e-02 3.399132490158081055e-01 4.431972503662109375e-01 1.000000000000000000e+00
1.378060579299926758e-01 3.174743652343750000e-01 4.099662005901336670e-01 3.930093348026275635e-01 4.027483463287353516e-01 2.000000000000000000e+00
8.900949358940124512e-01 9.473040103912353516e-01 9.654906988143920898e-01 9.738095998764038086e-01 9.568294882774353027e-01 0.000000000000000000e+00
4.658212363719940186e-01 7.942324876785278320e-01 8.508438467979431152e-01 9.485180974006652832e-01 9.592543244361877441e-01 0.000000000000000000e+00
9.070886373519897461e-01 9.654419422149658203e-01 9.854425787925720215e-01 9.902933239936828613e-01 9.888240098953247070e-01 0.000000000000000000e+00
5.632352828979492188e-01 8.256006836891174316e-01 9.035184383392333984e-01 9.686735868453979492e-01 9.876773357391357422e-01 0.000000000000000000e+00
9.279285073280334473e-01 9.721342921257019043e-01 9.892136454582214355e-01 9.913882017135620117e-01 9.898748993873596191e-01 0.000000000000000000e+00
9.097663164138793945e-01 9.778465032577514648e-01 9.804629087448120117e-01 9.867120385169982910e-01 9.926809072494506836e-01 0.000000000000000000e+00
7.124828100204467773e-01 8.380939960479736328e-01 9.058232903480529785e-01 9.028729200363159180e-01 9.608408808708190918e-01 0.000000000000000000e+00
4.416318833827972412e-01 3.065909147262573242e-01 1.591207236051559448e-01 -1.076490581035614014e-01 -1.821194738149642944e-01 0.000000000000000000e+00
3.177616596221923828e-01 2.005175948143005371e-01 5.614016205072402954e-02 3.011261485517024994e-02 2.717930972576141357e-01 0.000000000000000000e+00
5.650913715362548828e-01 5.779414176940917969e-01 5.964446663856506348e-01 6.338673830032348633e-01 6.923493146896362305e-01 0.000000000000000000e+00
5.047376155853271484e-01 6.199273467063903809e-01 6.090439558029174805e-01 6.901679039001464844e-01 8.186421394348144531e-01 0.000000000000000000e+00
6.889019012451171875e-01 7.980253696441650391e-01 8.050349950790405273e-01 8.473083972930908203e-01 8.542155027389526367e-01 0.000000000000000000e+00
8.359377384185791016e-01 9.247472286224365234e-01 9.306812286376953125e-01 9.478871226310729980e-01 9.434961080551147461e-01 0.000000000000000000e+00
3.198702633380889893e-01 6.578676700592041016e-01 7.436739802360534668e-01 7.133946418762207031e-01 7.728365659713745117e-01 0.000000000000000000e+00
6.710406541824340820e-01 9.124324321746826172e-01 9.051506519317626953e-01 9.254920482635498047e-01 9.304422140121459961e-01 0.000000000000000000e+00
8.622301220893859863e-01 9.020905494689941406e-01 9.058964252471923828e-01 9.266697168350219727e-01 8.950228095054626465e-01 0.000000000000000000e+00
7.785695195198059082e-01 8.881087899208068848e-01 9.633836150169372559e-01 9.806860089302062988e-01 9.904491901397705078e-01 0.000000000000000000e+00
5.474921464920043945e-01 5.591955184936523438e-01 6.610214710235595703e-01 7.458232045173645020e-01 8.334631323814392090e-01 0.000000000000000000e+00
4.482243955135345459e-01 5.315839052200317383e-01 7.570030689239501953e-01 7.292596697807312012e-01 7.950991392135620117e-01 0.000000000000000000e+00
7.215262055397033691e-01 8.130066394805908203e-01 8.836598396301269531e-01 9.185358881950378418e-01 9.179586172103881836e-01 0.000000000000000000e+00
7.004700303077697754e-01 7.744457721710205078e-01 8.588386774063110352e-01 9.368304014205932617e-01 9.392603039741516113e-01 0.000000000000000000e+00
8.495564758777618408e-02 2.853426635265350342e-01 4.921998381614685059e-01 3.995672464370727539e-01 4.702494442462921143e-01 0.000000000000000000e+00
1.753280162811279297e-01 1.040601730346679688e-01 2.739512622356414795e-01 3.239371180534362793e-01 4.136891663074493408e-01 0.000000000000000000e+00
-8.205445110797882080e-02 3.006241321563720703e-01 3.983792364597320557e-01 5.741999149322509766e-01 6.353775262832641602e-01 0.000000000000000000e+00
1.643801629543304443e-01 4.591974914073944092e-01 4.196628630161285400e-01 2.686177790164947510e-01 1.504758447408676147e-01 0.000000000000000000e+00
4.407262802124023438e-01 4.606715738773345947e-01 5.333126783370971680e-01 4.592438340187072754e-01 5.937762260437011719e-01 0.000000000000000000e+00
-4.692875593900680542e-02 6.190630421042442322e-02 -3.987783566117286682e-02 -1.145782545208930969e-01 -5.099713802337646484e-02 0.000000000000000000e+00
6.217920780181884766e-02 2.755846679210662842e-01 2.405570596456527710e-01 4.115327298641204834e-01 -1.448752284049987793e-01 0.000000000000000000e+00
7.090578079223632812e-01 9.333883523941040039e-01 9.448045492172241211e-01 9.498811364173889160e-01 9.582785964012145996e-01 0.000000000000000000e+00
6.729801893234252930e-01 7.276056408882141113e-01 7.507771849632263184e-01 7.739635705947875977e-01 9.050874710083007812e-01 0.000000000000000000e+00
9.510972499847412109e-01 9.618934392929077148e-01 9.563419818878173828e-01 9.774109721183776855e-01 9.810385704040527344e-01 0.000000000000000000e+00
6.262531876564025879e-01 7.424446940422058105e-01 8.167409896850585938e-01 9.409315586090087891e-01 9.846928715705871582e-01 0.000000000000000000e+00
5.387038588523864746e-01 7.641412019729614258e-01 8.052930831909179688e-01 8.475478887557983398e-01 8.738984465599060059e-01 0.000000000000000000e+00
7.557249069213867188e-01 9.138454794883728027e-01 9.167057275772094727e-01 9.029626250267028809e-01 9.009616374969482422e-01 0.000000000000000000e+00
7.126789093017578125e-01 8.674809336662292480e-01 9.667758345603942871e-01 9.750231504440307617e-01 9.900846481323242188e-01 0.000000000000000000e+00
7.208197712898254395e-01 8.057047128677368164e-01 8.647103905677795410e-01 9.214255213737487793e-01 9.161128401756286621e-01 0.000000000000000000e+00
6.973981857299804688e-01 8.640499114990234375e-01 9.041817188262939453e-01 9.081469774246215820e-01 9.356670379638671875e-01 0.000000000000000000e+00
6.775422096252441406e-01 7.969353199005126953e-01 8.571620583534240723e-01 8.860284686088562012e-01 9.238584041595458984e-01 0.000000000000000000e+00
6.645524501800537109e-01 8.024396896362304688e-01 8.484983444213867188e-01 8.718504905700683594e-01 8.694364428520202637e-01 0.000000000000000000e+00
7.392528653144836426e-01 9.170930981636047363e-01 9.492491483688354492e-01 9.565236568450927734e-01 9.600972533226013184e-01 0.000000000000000000e+00
7.837071418762207031e-01 8.623682260513305664e-01 9.373947381973266602e-01 9.683900475502014160e-01 9.855025410652160645e-01 0.000000000000000000e+00
5.278842449188232422e-01 7.438563704490661621e-01 8.812326192855834961e-01 9.605854749679565430e-01 9.797413349151611328e-01 0.000000000000000000e+00
4.092687964439392090e-01 7.598288059234619141e-01 8.471783399581909180e-01 9.224015474319458008e-01 9.312989115715026855e-01 0.000000000000000000e+00
6.188362836837768555e-01 6.946138143539428711e-01 8.848671317100524902e-01 8.786690235137939453e-01 8.573242425918579102e-01 0.000000000000000000e+00
5.015496611595153809e-01 7.278969287872314453e-01 8.727939128875732422e-01 9.258405566215515137e-01 9.338307976722717285e-01 0.000000000000000000e+00
5.933417081832885742e-01 6.612267494201660156e-01 7.840008735656738281e-01 7.174233794212341309e-01 8.693299293518066406e-01 0.000000000000000000e+00
4.667037725448608398e-01 8.612983226776123047e-01 8.346409201622009277e-01 8.514248132705688477e-01 8.193047046661376953e-01 0.000000000000000000e+00
2.516292929649353027e-01 5.739692449569702148e-01 7.668389081954956055e-01 7.809909582138061523e-01 8.740872740745544434e-01 0.000000000000000000e+00
3.874387443065643311e-01 5.075417160987854004e-01 7.072019577026367188e-01 7.835611701011657715e-01 7.323091030120849609e-01 0.000000000000000000e+00
4.064826071262359619e-01 5.944663286209106445e-01 7.074642181396484375e-01 5.948108434677124023e-01 6.100870966911315918e-01 0.000000000000000000e+00
3.480818867683410645e-02 4.891691207885742188e-01 4.699421823024749756e-01 6.133598685264587402e-01 5.640178918838500977e-01 0.000000000000000000e+00
5.422477722167968750e-01 6.781775951385498047e-01 7.801429629325866699e-01 7.741708159446716309e-01 7.356619834899902344e-01 0.000000000000000000e+00
5.695332288742065430e-01 8.547073006629943848e-01 8.755785822868347168e-01 8.546857833862304688e-01 9.246951341629028320e-01 0.000000000000000000e+00
4.919902384281158447e-01 6.413354873657226562e-01 6.478034257888793945e-01 6.405240297317504883e-01 7.732553482055664062e-01 0.000000000000000000e+00
4.900420308113098145e-01 5.463501214981079102e-01 6.916806697845458984e-01 6.084370017051696777e-01 5.160232782363891602e-01 0.000000000000000000e+00
2.395549863576889038e-01 4.582378864288330078e-01 4.793769121170043945e-01 6.228907108306884766e-01 6.743844747543334961e-01 0.000000000000000000e+00
7.245891690254211426e-01 9.221487045288085938e-01 9.802184700965881348e-01 9.795674681663513184e-01 9.822773933410644531e-01 0.000000000000000000e+00
8.102001547813415527e-01 9.116588234901428223e-01 9.008496403694152832e-01 9.056800007820129395e-01 9.417198300361633301e-01 0.000000000000000000e+00
8.060371279716491699e-01 9.609285593032836914e-01 9.865754842758178711e-01 9.959063529968261719e-01 9.942611455917358398e-01 0.000000000000000000e+00
8.230434656143188477e-01 9.172127842903137207e-01 9.331063628196716309e-01 9.589713215827941895e-01 9.737637042999267578e-01 0.000000000000000000e+00
7.740346193313598633e-01 9.530767202377319336e-01 9.607102870941162109e-01 9.801065325736999512e-01 9.889722466468811035e-01 0.000000000000000000e+00
8.818932175636291504e-01 9.612680673599243164e-01 9.830124378204345703e-01 9.843538403511047363e-01 9.863265156745910645e-01 0.000000000000000000e+00
7.263684272766113281e-01 8.675354123115539551e-01 9.148848652839660645e-01 9.458170533180236816e-01 9.695120453834533691e-01 0.000000000000000000e+00
2.101217769086360931e-02 -1.578597128391265869e-01 -2.269092351198196411e-01 -2.317131608724594116e-01 -2.446303963661193848e-01 0.000000000000000000e+00
1.178409531712532043e-01 8.133672177791595459e-02 -6.501893699169158936e-02 -1.418271213769912720e-01 -1.656091809272766113e-01 0.000000000000000000e+00
8.760443888604640961e-03 -1.336080878973007202e-01 -1.840619742870330811e-01 -1.932672858238220215e-01 -2.258335351943969727e-01 0.000000000000000000e+00
1.621581166982650757e-01 1.447986066341400146e-01 6.867836415767669678e-02 -2.046077139675617218e-02 -1.576460599899291992e-01 0.000000000000000000e+00
2.761920094490051270e-01 2.640090584754943848e-01 1.870721876621246338e-01 1.938996762037277222e-01 2.062100768089294434e-01 0.000000000000000000e+00
3.852199912071228027e-01 4.228290915489196777e-01 2.445411086082458496e-01 2.308146357536315918e-01 1.918095648288726807e-01 0.000000000000000000e+00
2.890444099903106689e-01 2.424125075340270996e-01 2.116143554449081421e-01 1.819812953472137451e-01 1.554184406995773315e-01 0.000000000000000000e+00
6.072764396667480469e-01 7.193207740783691406e-01 7.799293994903564453e-01 8.101511001586914062e-01 8.042898178100585938e-01 0.000000000000000000e+00
7.096534967422485352e-01 9.497119784355163574e-01 9.702668786048889160e-01 9.652543663978576660e-01 9.357157945632934570e-01 0.000000000000000000e+00
1.328329592943191528e-01 6.512678861618041992e-01 8.588347434997558594e-01 9.284163713455200195e-01 9.548274278640747070e-01 0.000000000000000000e+00
5.525879859924316406e-01 6.985144615173339844e-01 8.960171937942504883e-01 8.229553103446960449e-01 8.015402555465698242e-01 0.000000000000000000e+00
7.254513502120971680e-01 7.397742271423339844e-01 6.362642049789428711e-01 5.172116756439208984e-01 7.559451460838317871e-01 0.000000000000000000e+00
2.393249794840812683e-02 1.146387234330177307e-01 1.633948236703872681e-01 2.945785820484161377e-01 5.911263227462768555e-01 0.000000000000000000e+00
5.269919633865356445e-01 7.184874415397644043e-01 5.844520330429077148e-01 4.874645769596099854e-01 4.959206283092498779e-01 0.000000000000000000e+00
7.662576436996459961e-01 8.261392116546630859e-01 8.642826080322265625e-01 9.143468141555786133e-01 9.440909028053283691e-01 0.000000000000000000e+00
6.912950873374938965e-01 8.314858675003051758e-01 8.790777921676635742e-01 8.894591331481933594e-01 9.102142453193664551e-01 0.000000000000000000e+00
8.683338165283203125e-01 9.411051273345947266e-01 9.531759619712829590e-01 9.707193970680236816e-01 9.741544723510742188e-01 0.000000000000000000e+00
4.142064452171325684e-01 7.959544658660888672e-01 9.171525239944458008e-01 9.369492530822753906e-01 9.576529264450073242e-01 0.000000000000000000e+00
4.381955265998840332e-01 7.737775444984436035e-01 9.077486991882324219e-01 9.414570331573486328e-01 9.407824873924255371e-01 0.000000000000000000e+00
7.743330001831054688e-01 9.167081117630004883e-01 9.346170425415039062e-01 9.415171146392822266e-01 9.314480423927307129e-01 0.000000000000000000e+00
5.812252759933471680e-01 7.712068557739257812e-01 9.124953150749206543e-01 8.942707777023315430e-01 9.487269520759582520e-01 0.000000000000000000e+00
5.602484941482543945e-01 7.196338176727294922e-01 7.388595342636108398e-01 8.760527372360229492e-01 8.935595154762268066e-01 0.000000000000000000e+00
6.303689479827880859e-01 6.701805591583251953e-01 7.471174001693725586e-01 7.879904508590698242e-01 8.075498938560485840e-01 0.000000000000000000e+00
4.420194029808044434e-01 5.368087291717529297e-01 7.509732246398925781e-01 7.844725847244262695e-01 8.548730611801147461e-01 0.000000000000000000e+00
2.005378901958465576e-01 3.131185173988342285e-01 4.577796459197998047e-01 4.978199303150177002e-01 3.908210396766662598e-01 0.000000000000000000e+00
-1.187323629856109619e-01 2.111029624938964844e-01 3.594924807548522949e-01 2.465793639421463013e-01 5.320100188255310059e-01 0.000000000000000000e+00
4.716750085353851318e-01 6.816970109939575195e-01 6.717923879623413086e-01 6.648465394973754883e-01 5.268750786781311035e-01 0.000000000000000000e+00
-1.467540264129638672e-01 -9.396307170391082764e-02 -1.522839814424514771e-01 4.897028580307960510e-02 9.062967449426651001e-02 0.000000000000000000e+00
6.441658735275268555e-01 8.662704229354858398e-01 9.301432371139526367e-01 9.282189011573791504e-01 9.550402760505676270e-01 0.000000000000000000e+00
6.644960641860961914e-01 8.921332955360412598e-01 9.437815546989440918e-01 9.658222198486328125e-01 9.681517481803894043e-01 0.000000000000000000e+00
7.556261420249938965e-01 9.204937219619750977e-01 9.480321407318115234e-01 9.406027197837829590e-01 9.416475296020507812e-01 0.000000000000000000e+00
7.059337496757507324e-01 7.972702980041503906e-01 8.940408229827880859e-01 8.857005834579467773e-01 8.814776539802551270e-01 0.000000000000000000e+00
6.434099078178405762e-01 8.697047829627990723e-01 8.584217429161071777e-01 7.956933975219726562e-01 8.454656600952148438e-01 0.000000000000000000e+00
7.049865126609802246e-01 9.344580769538879395e-01 9.377757906913757324e-01 9.500670433044433594e-01 9.420879483222961426e-01 0.000000000000000000e+00
5.024660825729370117e-01 8.064780235290527344e-01 8.823536634445190430e-01 9.371933341026306152e-01 9.587968587875366211e-01 0.000000000000000000e+00
5.157126784324645996e-01 6.067551374435424805e-01 6.205848455429077148e-01 6.815214157104492188e-01 7.241488695144653320e-01 0.000000000000000000e+00
5.012564659118652344e-01 5.800645351409912109e-01 6.529724597930908203e-01 7.011077404022216797e-01 6.946724653244018555e-01 0.000000000000000000e+00
6.080472469329833984e-01 6.589030027389526367e-01 6.794104576110839844e-01 7.247809171676635742e-01 7.360720634460449219e-01 0.000000000000000000e+00
5.739220380783081055e-01 7.013325691223144531e-01 7.412220239639282227e-01 7.846404314041137695e-01 8.292772173881530762e-01 0.000000000000000000e+00
6.152027845382690430e-01 7.124164700508117676e-01 7.444311380386352539e-01 7.931039333343505859e-01 8.182188272476196289e-01 0.000000000000000000e+00
6.503543853759765625e-01 7.565369009971618652e-01 8.028790354728698730e-01 8.178707957267761230e-01 8.351198434829711914e-01 0.000000000000000000e+00
6.254679560661315918e-01 7.695307135581970215e-01 8.277820944786071777e-01 8.605213761329650879e-01 8.676570653915405273e-01 0.000000000000000000e+00
2.138447389006614685e-02 7.459682822227478027e-01 5.977050065994262695e-01 7.605001926422119141e-01 8.079868555068969727e-01 0.000000000000000000e+00
6.519602537155151367e-01 8.479402065277099609e-01 7.468294501304626465e-01 7.644540071487426758e-01 4.883094131946563721e-01 0.000000000000000000e+00
8.481717705726623535e-01 8.571271896362304688e-01 9.028857350349426270e-01 9.687658548355102539e-01 9.722591042518615723e-01 0.000000000000000000e+00
3.287989795207977295e-01 5.945664644241333008e-01 5.618824958801269531e-01 7.678548097610473633e-01 8.912971615791320801e-01 0.000000000000000000e+00
1.018454134464263916e-01 2.846652865409851074e-01 1.514995098114013672e-01 1.340455710887908936e-01 -4.504020139575004578e-02 0.000000000000000000e+00
6.264127492904663086e-01 8.317028284072875977e-01 8.811777234077453613e-01 8.531897068023681641e-01 9.206314086914062500e-01 0.000000000000000000e+00
8.147398233413696289e-01 8.076556921005249023e-01 8.291692137718200684e-01 8.376060128211975098e-01 8.815283775329589844e-01 0.000000000000000000e+00
-1.530261039733886719e-01 3.194641470909118652e-01 3.858276456594467163e-02 2.892404794692993164e-01 9.564140439033508301e-02 1.000000000000000000e+00
5.607950687408447266e-01 6.208558678627014160e-01 5.718908309936523438e-01 5.030354261398315430e-01 4.490441083908081055e-01 2.000000000000000000e+00
-1.530261039733886719e-01 3.194641470909118652e-01 3.858276456594467163e-02 2.892404794692993164e-01 9.564140439033508301e-02 1.000000000000000000e+00
5.607950687408447266e-01 6.208558678627014160e-01 5.718908309936523438e-01 5.030354261398315430e-01 4.490441083908081055e-01 2.000000000000000000e+00
-1.530261039733886719e-01 3.194641470909118652e-01 3.858276456594467163e-02 2.892404794692993164e-01 9.564140439033508301e-02 1.000000000000000000e+00
5.607950687408447266e-01 6.208558678627014160e-01 5.718908309936523438e-01 5.030354261398315430e-01 4.490441083908081055e-01 2.000000000000000000e+00
-1.530261039733886719e-01 3.194641470909118652e-01 3.858276456594467163e-02 2.892404794692993164e-01 9.564140439033508301e-02 1.000000000000000000e+00
5.607950687408447266e-01 6.208558678627014160e-01 5.718908309936523438e-01 5.030354261398315430e-01 4.490441083908081055e-01 2.000000000000000000e+00
-1.530261039733886719e-01 3.194641470909118652e-01 3.858276456594467163e-02 2.892404794692993164e-01 9.564140439033508301e-02 1.000000000000000000e+00
5.607950687408447266e-01 6.208558678627014160e-01 5.718908309936523438e-01 5.030354261398315430e-01 4.490441083908081055e-01 2.000000000000000000e+00
-1.530261039733886719e-01 3.194641470909118652e-01 3.858276456594467163e-02 2.892404794692993164e-01 9.564140439033508301e-02 1.000000000000000000e+00
5.607950687408447266e-01 6.208558678627014160e-01 5.718908309936523438e-01 5.030354261398315430e-01 4.490441083908081055e-01 2.000000000000000000e+00
-1.530261039733886719e-01 3.194641470909118652e-01 3.858276456594467163e-02 2.892404794692993164e-01 9.564140439033508301e-02 1.000000000000000000e+00
5.607950687408447266e-01 6.208558678627014160e-01 5.718908309936523438e-01 5.030354261398315430e-01 4.490441083908081055e-01 2.000000000000000000e+00
-1.530261039733886719e-01 3.194641470909118652e-01 3.858276456594467163e-02 2.892404794692993164e-01 9.564140439033508301e-02 1.000000000000000000e+00
5.607950687408447266e-01 6.208558678627014160e-01 5.718908309936523438e-01 5.030354261398315430e-01 4.490441083908081055e-01 2.000000000000000000e+00
-1.530261039733886719e-01 3.194641470909118652e-01 3.858276456594467163e-02 2.892404794692993164e-01 9.564140439033508301e-02 1.000000000000000000e+00
5.607950687408447266e-01 6.208558678627014160e-01 5.718908309936523438e-01 5.030354261398315430e-01 4.490441083908081055e-01 2.000000000000000000e+00
-1.530261039733886719e-01 3.194641470909118652e-01 3.858276456594467163e-02 2.892404794692993164e-01 9.564140439033508301e-02 1.000000000000000000e+00
5.607950687408447266e-01 6.208558678627014160e-01 5.718908309936523438e-01 5.030354261398315430e-01 4.490441083908081055e-01 2.000000000000000000e+00
5.808783173561096191e-01 6.716403961181640625e-01 7.226857542991638184e-01 7.586067914962768555e-01 7.883837223052978516e-01 0.000000000000000000e+00
6.145859360694885254e-01 6.725239753723144531e-01 6.990826129913330078e-01 7.505635023117065430e-01 7.105272412300109863e-01 0.000000000000000000e+00
6.214196681976318359e-01 7.154273986816406250e-01 7.527066469192504883e-01 7.842380404472351074e-01 7.191103696823120117e-01 0.000000000000000000e+00
6.018996238708496094e-01 6.750294566154479980e-01 7.508797645568847656e-01 7.143681645393371582e-01 7.105890512466430664e-01 0.000000000000000000e+00
6.134210824966430664e-01 7.657530307769775391e-01 8.188872337341308594e-01 7.957137823104858398e-01 7.617971897125244141e-01 0.000000000000000000e+00
3.898595273494720459e-01 4.640079438686370850e-01 6.175200939178466797e-01 7.095906138420104980e-01 7.234408855438232422e-01 0.000000000000000000e+00
3.006034195423126221e-01 5.189723372459411621e-01 5.569726228713989258e-01 4.410059452056884766e-01 5.289595127105712891e-01 0.000000000000000000e+00
7.359684705734252930e-01 9.102411866188049316e-01 9.623240232467651367e-01 9.400190114974975586e-01 8.618063926696777344e-01 0.000000000000000000e+00
6.319177150726318359e-01 7.914471030235290527e-01 8.608021736145019531e-01 9.027230143547058105e-01 9.342620372772216797e-01 0.000000000000000000e+00
7.721260786056518555e-01 8.883604407310485840e-01 8.604005575180053711e-01 7.625895738601684570e-01 8.328586816787719727e-01 0.000000000000000000e+00
2.602629363536834717e-01 3.045914471149444580e-01 6.317105293273925781e-01 7.572552561759948730e-01 8.305874466896057129e-01 0.000000000000000000e+00
2.610919773578643799e-01 1.667132228612899780e-01 1.438246816396713257e-01 1.557521075010299683e-01 1.034263446927070618e-01 0.000000000000000000e+00
5.242947340011596680e-01 6.938416957855224609e-01 7.766451835632324219e-01 8.221878409385681152e-01 7.895456552505493164e-01 0.000000000000000000e+00
5.246244072914123535e-01 7.149370908737182617e-01 7.942131757736206055e-01 5.751652121543884277e-01 7.485176324844360352e-01 0.000000000000000000e+00
3.368628025054931641e-01 3.602462112903594971e-01 3.743486106395721436e-01 2.472548782825469971e-01 -1.345574855804443359e-04 0.000000000000000000e+00
4.501307010650634766e-01 6.719558238983154297e-01 5.910735130310058594e-01 7.578841447830200195e-01 6.645225286483764648e-01 0.000000000000000000e+00
-6.581947952508926392e-02 8.091168105602264404e-02 3.193285167217254639e-01 2.848791778087615967e-01 4.281645119190216064e-01 0.000000000000000000e+00
4.746620357036590576e-01 6.449656486511230469e-01 6.171472072601318359e-01 6.768990755081176758e-01 5.992420315742492676e-01 0.000000000000000000e+00
4.312121570110321045e-01 2.696482539176940918e-01 2.065800577402114868e-01 3.949447572231292725e-01 6.016669273376464844e-01 0.000000000000000000e+00
5.836020112037658691e-01 6.643652319908142090e-01 7.584848999977111816e-01 8.466334939002990723e-01 8.385826945304870605e-01 0.000000000000000000e+00
5.970824956893920898e-01 6.954776048660278320e-01 6.812862753868103027e-01 8.469096422195434570e-01 8.222516179084777832e-01 0.000000000000000000e+00
6.913412809371948242e-01 7.416648268699645996e-01 8.860922455787658691e-01 9.428327083587646484e-01 9.268855452537536621e-01 0.000000000000000000e+00
4.626129567623138428e-01 7.727341055870056152e-01 8.810522556304931641e-01 9.458513259887695312e-01 9.493807554244995117e-01 0.000000000000000000e+00
5.731830596923828125e-01 8.270554542541503906e-01 9.297841191291809082e-01 9.552841186523437500e-01 9.690416455268859863e-01 0.000000000000000000e+00
4.510658681392669678e-01 7.467021942138671875e-01 7.684044241905212402e-01 8.755728006362915039e-01 8.774100542068481445e-01 0.000000000000000000e+00
7.114672660827636719e-01 7.116028666496276855e-01 7.417092323303222656e-01 8.102269768714904785e-01 8.773559331893920898e-01 0.000000000000000000e+00
6.782329082489013672e-01 8.262061476707458496e-01 7.687486410140991211e-01 8.525998592376708984e-01 8.118984699249267578e-01 0.000000000000000000e+00
5.682089328765869141e-01 7.661593556404113770e-01 7.897716760635375977e-01 8.297162652015686035e-01 8.231409788131713867e-01 0.000000000000000000e+00
7.033701539039611816e-01 9.412384033203125000e-01 9.733286499977111816e-01 9.908072352409362793e-01 9.964612126350402832e-01 0.000000000000000000e+00
8.393374681472778320e-01 9.519919157028198242e-01 9.674519300460815430e-01 9.634998440742492676e-01 9.602654576301574707e-01 0.000000000000000000e+00
6.902191638946533203e-01 8.114541172981262207e-01 8.653824925422668457e-01 9.365608096122741699e-01 9.211670160293579102e-01 0.000000000000000000e+00
5.896011590957641602e-01 6.783525943756103516e-01 6.927448511123657227e-01 7.782857418060302734e-01 8.343687653541564941e-01 0.000000000000000000e+00
6.141111850738525391e-01 7.327862381935119629e-01 8.080202341079711914e-01 8.144561052322387695e-01 8.577591180801391602e-01 0.000000000000000000e+00
5.611591339111328125e-01 7.599142789840698242e-01 8.984557390213012695e-01 9.130237102508544922e-01 8.870929479598999023e-01 0.000000000000000000e+00
6.952983140945434570e-01 8.209713697433471680e-01 8.106572628021240234e-01 7.714552879333496094e-01 7.402497529983520508e-01 0.000000000000000000e+00
7.407968044281005859e-01 8.394616842269897461e-01 8.688691854476928711e-01 9.013939499855041504e-01 8.611614704132080078e-01 1.000000000000000000e+00
7.831367850303649902e-01 9.479690790176391602e-01 9.714520573616027832e-01 9.829622507095336914e-01 9.733328819274902344e-01 2.000000000000000000e+00
7.407968044281005859e-01 8.394616842269897461e-01 8.688691854476928711e-01 9.013939499855041504e-01 8.611614704132080078e-01 1.000000000000000000e+00
7.831367850303649902e-01 9.479690790176391602e-01 9.714520573616027832e-01 9.829622507095336914e-01 9.733328819274902344e-01 2.000000000000000000e+00
7.407968044281005859e-01 8.394616842269897461e-01 8.688691854476928711e-01 9.013939499855041504e-01 8.611614704132080078e-01 1.000000000000000000e+00
7.831367850303649902e-01 9.479690790176391602e-01 9.714520573616027832e-01 9.829622507095336914e-01 9.733328819274902344e-01 2.000000000000000000e+00
7.407968044281005859e-01 8.394616842269897461e-01 8.688691854476928711e-01 9.013939499855041504e-01 8.611614704132080078e-01 1.000000000000000000e+00
7.831367850303649902e-01 9.479690790176391602e-01 9.714520573616027832e-01 9.829622507095336914e-01 9.733328819274902344e-01 2.000000000000000000e+00
7.407968044281005859e-01 8.394616842269897461e-01 8.688691854476928711e-01 9.013939499855041504e-01 8.611614704132080078e-01 1.000000000000000000e+00
7.831367850303649902e-01 9.479690790176391602e-01 9.714520573616027832e-01 9.829622507095336914e-01 9.733328819274902344e-01 2.000000000000000000e+00
7.407968044281005859e-01 8.394616842269897461e-01 8.688691854476928711e-01 9.013939499855041504e-01 8.611614704132080078e-01 1.000000000000000000e+00
7.831367850303649902e-01 9.479690790176391602e-01 9.714520573616027832e-01 9.829622507095336914e-01 9.733328819274902344e-01 2.000000000000000000e+00
7.407968044281005859e-01 8.394616842269897461e-01 8.688691854476928711e-01 9.013939499855041504e-01 8.611614704132080078e-01 1.000000000000000000e+00
7.831367850303649902e-01 9.479690790176391602e-01 9.714520573616027832e-01 9.829622507095336914e-01 9.733328819274902344e-01 2.000000000000000000e+00
7.407968044281005859e-01 8.394616842269897461e-01 8.688691854476928711e-01 9.013939499855041504e-01 8.611614704132080078e-01 1.000000000000000000e+00
7.831367850303649902e-01 9.479690790176391602e-01 9.714520573616027832e-01 9.829622507095336914e-01 9.733328819274902344e-01 2.000000000000000000e+00
7.407968044281005859e-01 8.394616842269897461e-01 8.688691854476928711e-01 9.013939499855041504e-01 8.611614704132080078e-01 1.000000000000000000e+00
7.831367850303649902e-01 9.479690790176391602e-01 9.714520573616027832e-01 9.829622507095336914e-01 9.733328819274902344e-01 2.000000000000000000e+00
7.407968044281005859e-01 8.394616842269897461e-01 8.688691854476928711e-01 9.013939499855041504e-01 8.611614704132080078e-01 1.000000000000000000e+00
7.831367850303649902e-01 9.479690790176391602e-01 9.714520573616027832e-01 9.829622507095336914e-01 9.733328819274902344e-01 2.000000000000000000e+00
4.936139881610870361e-01 5.623755455017089844e-01 5.713484883308410645e-01 5.007529854774475098e-01 7.130925059318542480e-01 0.000000000000000000e+00
5.065568685531616211e-01 5.925197601318359375e-01 5.712271332740783691e-01 5.473673343658447266e-01 5.751639604568481445e-01 0.000000000000000000e+00
1.960255801677703857e-01 9.994736313819885254e-02 3.467101156711578369e-01 4.940948188304901123e-01 5.322241783142089844e-01 0.000000000000000000e+00
4.315718114376068115e-01 5.408421754837036133e-01 6.093926429748535156e-01 5.606378316879272461e-01 5.107324719429016113e-01 0.000000000000000000e+00
2.401932775974273682e-01 7.101525068283081055e-01 7.232309579849243164e-01 7.349125146865844727e-01 7.331563830375671387e-01 0.000000000000000000e+00
5.011549592018127441e-01 6.391301155090332031e-01 7.861397862434387207e-01 8.747237920761108398e-01 8.216683864593505859e-01 0.000000000000000000e+00
1.900766193866729736e-01 6.950891613960266113e-01 7.026522159576416016e-01 8.646658062934875488e-01 9.257706403732299805e-01 0.000000000000000000e+00
2.706736624240875244e-01 2.824497222900390625e-01 5.202882289886474609e-01 6.211271286010742188e-01 6.826851367950439453e-01 0.000000000000000000e+00
7.288790494203567505e-02 -1.771026700735092163e-01 -1.620166897773742676e-01 -1.107266098260879517e-01 -1.517499834299087524e-01 0.000000000000000000e+00
1.144933402538299561e-01 5.825231075286865234e-01 7.485933303833007812e-01 6.828969120979309082e-01 8.825831413269042969e-01 0.000000000000000000e+00
2.820885181427001953e-01 5.932440161705017090e-01 7.296905517578125000e-01 8.192493319511413574e-01 8.094530701637268066e-01 0.000000000000000000e+00
6.499378085136413574e-01 8.160594701766967773e-01 8.688348531723022461e-01 8.550030589103698730e-01 8.716369271278381348e-01 0.000000000000000000e+00
7.034901380538940430e-01 8.370761871337890625e-01 8.805674314498901367e-01 9.281311035156250000e-01 9.386968612670898438e-01 1.000000000000000000e+00
5.487307906150817871e-01 7.355831265449523926e-01 7.939423918724060059e-01 8.868770003318786621e-01 9.164858460426330566e-01 2.000000000000000000e+00
7.034901380538940430e-01 8.370761871337890625e-01 8.805674314498901367e-01 9.281311035156250000e-01 9.386968612670898438e-01 1.000000000000000000e+00
5.487307906150817871e-01 7.355831265449523926e-01 7.939423918724060059e-01 8.868770003318786621e-01 9.164858460426330566e-01 2.000000000000000000e+00
7.034901380538940430e-01 8.370761871337890625e-01 8.805674314498901367e-01 9.281311035156250000e-01 9.386968612670898438e-01 1.000000000000000000e+00
5.487307906150817871e-01 7.355831265449523926e-01 7.939423918724060059e-01 8.868770003318786621e-01 9.164858460426330566e-01 2.000000000000000000e+00
7.034901380538940430e-01 8.370761871337890625e-01 8.805674314498901367e-01 9.281311035156250000e-01 9.386968612670898438e-01 1.000000000000000000e+00
5.487307906150817871e-01 7.355831265449523926e-01 7.939423918724060059e-01 8.868770003318786621e-01 9.164858460426330566e-01 2.000000000000000000e+00
7.034901380538940430e-01 8.370761871337890625e-01 8.805674314498901367e-01 9.281311035156250000e-01 9.386968612670898438e-01 1.000000000000000000e+00
5.487307906150817871e-01 7.355831265449523926e-01 7.939423918724060059e-01 8.868770003318786621e-01 9.164858460426330566e-01 2.000000000000000000e+00
7.034901380538940430e-01 8.370761871337890625e-01 8.805674314498901367e-01 9.281311035156250000e-01 9.386968612670898438e-01 1.000000000000000000e+00
5.487307906150817871e-01 7.355831265449523926e-01 7.939423918724060059e-01 8.868770003318786621e-01 9.164858460426330566e-01 2.000000000000000000e+00
7.034901380538940430e-01 8.370761871337890625e-01 8.805674314498901367e-01 9.281311035156250000e-01 9.386968612670898438e-01 1.000000000000000000e+00
5.487307906150817871e-01 7.355831265449523926e-01 7.939423918724060059e-01 8.868770003318786621e-01 9.164858460426330566e-01 2.000000000000000000e+00
7.034901380538940430e-01 8.370761871337890625e-01 8.805674314498901367e-01 9.281311035156250000e-01 9.386968612670898438e-01 1.000000000000000000e+00
5.487307906150817871e-01 7.355831265449523926e-01 7.939423918724060059e-01 8.868770003318786621e-01 9.164858460426330566e-01 2.000000000000000000e+00
7.034901380538940430e-01 8.370761871337890625e-01 8.805674314498901367e-01 9.281311035156250000e-01 9.386968612670898438e-01 1.000000000000000000e+00
5.487307906150817871e-01 7.355831265449523926e-01 7.939423918724060059e-01 8.868770003318786621e-01 9.164858460426330566e-01 2.000000000000000000e+00
7.034901380538940430e-01 8.370761871337890625e-01 8.805674314498901367e-01 9.281311035156250000e-01 9.386968612670898438e-01 1.000000000000000000e+00
5.487307906150817871e-01 7.355831265449523926e-01 7.939423918724060059e-01 8.868770003318786621e-01 9.164858460426330566e-01 2.000000000000000000e+00
5.361793637275695801e-01 6.533277630805969238e-01 7.302958965301513672e-01 8.127811551094055176e-01 8.088595867156982422e-01 0.000000000000000000e+00
7.199916839599609375e-01 5.981371402740478516e-01 4.179477691650390625e-01 3.114200234413146973e-01 5.907596349716186523e-01 0.000000000000000000e+00
4.478795826435089111e-01 5.223048925399780273e-01 5.542941689491271973e-01 5.956165790557861328e-01 7.806626558303833008e-01 0.000000000000000000e+00
5.411783456802368164e-01 7.495610713958740234e-01 8.792265653610229492e-01 8.917200565338134766e-01 8.857066631317138672e-01 0.000000000000000000e+00
7.488638758659362793e-01 9.233757257461547852e-01 9.317604899406433105e-01 9.050381779670715332e-01 8.712702989578247070e-01 0.000000000000000000e+00
1.552620679140090942e-01 5.052677392959594727e-01 2.557143568992614746e-01 1.784534603357315063e-01 4.216972887516021729e-01 1.000000000000000000e+00
8.756466954946517944e-02 3.240810930728912354e-01 5.121391415596008301e-01 7.593094110488891602e-01 7.737708687782287598e-01 2.000000000000000000e+00
1.552620679140090942e-01 5.052677392959594727e-01 2.557143568992614746e-01 1.784534603357315063e-01 4.216972887516021729e-01 1.000000000000000000e+00
8.756466954946517944e-02 3.240810930728912354e-01 5.121391415596008301e-01 7.593094110488891602e-01 7.737708687782287598e-01 2.000000000000000000e+00
1.552620679140090942e-01 5.052677392959594727e-01 2.557143568992614746e-01 1.784534603357315063e-01 4.216972887516021729e-01 1.000000000000000000e+00
8.756466954946517944e-02 3.240810930728912354e-01 5.121391415596008301e-01 7.593094110488891602e-01 7.737708687782287598e-01 2.000000000000000000e+00
1.552620679140090942e-01 5.052677392959594727e-01 2.557143568992614746e-01 1.784534603357315063e-01 4.216972887516021729e-01 1.000000000000000000e+00
8.756466954946517944e-02 3.240810930728912354e-01 5.121391415596008301e-01 7.593094110488891602e-01 7.737708687782287598e-01 2.000000000000000000e+00
1.552620679140090942e-01 5.052677392959594727e-01 2.557143568992614746e-01 1.784534603357315063e-01 4.216972887516021729e-01 1.000000000000000000e+00
8.756466954946517944e-02 3.240810930728912354e-01 5.121391415596008301e-01 7.593094110488891602e-01 7.737708687782287598e-01 2.000000000000000000e+00
1.552620679140090942e-01 5.052677392959594727e-01 2.557143568992614746e-01 1.784534603357315063e-01 4.216972887516021729e-01 1.000000000000000000e+00
8.756466954946517944e-02 3.240810930728912354e-01 5.121391415596008301e-01 7.593094110488891602e-01 7.737708687782287598e-01 2.000000000000000000e+00
1.552620679140090942e-01 5.052677392959594727e-01 2.557143568992614746e-01 1.784534603357315063e-01 4.216972887516021729e-01 1.000000000000000000e+00
8.756466954946517944e-02 3.240810930728912354e-01 5.121391415596008301e-01 7.593094110488891602e-01 7.737708687782287598e-01 2.000000000000000000e+00
1.552620679140090942e-01 5.052677392959594727e-01 2.557143568992614746e-01 1.784534603357315063e-01 4.216972887516021729e-01 1.000000000000000000e+00
8.756466954946517944e-02 3.240810930728912354e-01 5.121391415596008301e-01 7.593094110488891602e-01 7.737708687782287598e-01 2.000000000000000000e+00
1.552620679140090942e-01 5.052677392959594727e-01 2.557143568992614746e-01 1.784534603357315063e-01 4.216972887516021729e-01 1.000000000000000000e+00
8.756466954946517944e-02 3.240810930728912354e-01 5.121391415596008301e-01 7.593094110488891602e-01 7.737708687782287598e-01 2.000000000000000000e+00
1.552620679140090942e-01 5.052677392959594727e-01 2.557143568992614746e-01 1.784534603357315063e-01 4.216972887516021729e-01 1.000000000000000000e+00
8.756466954946517944e-02 3.240810930728912354e-01 5.121391415596008301e-01 7.593094110488891602e-01 7.737708687782287598e-01 2.000000000000000000e+00
4.858577251434326172e-01 5.488934516906738281e-01 5.659065246582031250e-01 6.132392287254333496e-01 5.746541023254394531e-01 0.000000000000000000e+00
4.467583894729614258e-01 4.314441382884979248e-01 6.513935327529907227e-01 6.724802255630493164e-01 6.696554422378540039e-01 0.000000000000000000e+00
6.645501852035522461e-01 7.812337875366210938e-01 6.932357549667358398e-01 6.605440378189086914e-01 6.715482473373413086e-01 0.000000000000000000e+00
2.124160677194595337e-01 4.780616462230682373e-01 5.656765699386596680e-01 5.931205749511718750e-01 5.871597528457641602e-01 0.000000000000000000e+00
2.933069467544555664e-01 3.191918134689331055e-01 3.947491347789764404e-01 4.916527867317199707e-01 4.295479953289031982e-01 0.000000000000000000e+00
4.237971603870391846e-01 5.289573073387145996e-01 6.782597899436950684e-01 7.416869401931762695e-01 7.375982999801635742e-01 0.000000000000000000e+00
2.020072937011718750e-02 1.452319622039794922e-01 1.777778416872024536e-01 2.637343406677246094e-01 3.423840403556823730e-01 0.000000000000000000e+00
5.022417306900024414e-01 6.753489971160888672e-01 7.556393146514892578e-01 8.738769292831420898e-01 8.794130682945251465e-01 0.000000000000000000e+00
4.804832935333251953e-01 7.172198891639709473e-01 7.121787071228027344e-01 7.633480429649353027e-01 7.458476424217224121e-01 0.000000000000000000e+00
4.187482595443725586e-01 3.645433187484741211e-01 5.040457248687744141e-01 4.029371440410614014e-01 5.744737386703491211e-01 0.000000000000000000e+00
3.299012780189514160e-01 4.905532002449035645e-01 5.485970973968505859e-01 6.264011859893798828e-01 7.172412872314453125e-01 0.000000000000000000e+00
5.340071916580200195e-01 5.969347953796386719e-01 4.776937961578369141e-01 1.027809232473373413e-01 -2.229328900575637817e-01 0.000000000000000000e+00
2.879101596772670746e-02 -5.616977438330650330e-02 -1.586641073226928711e-01 -1.884682178497314453e-01 -1.540027558803558350e-01 0.000000000000000000e+00
1.372131109237670898e-01 2.292749434709548950e-01 1.803921163082122803e-01 1.512646675109863281e-01 -8.875017985701560974e-03 0.000000000000000000e+00
8.040887117385864258e-01 8.892323970794677734e-01 8.569744825363159180e-01 8.578498959541320801e-01 8.887894749641418457e-01 0.000000000000000000e+00
7.224741578102111816e-01 7.707499861717224121e-01 8.788920640945434570e-01 8.699762225151062012e-01 9.245641231536865234e-01 0.000000000000000000e+00
8.415943980216979980e-01 9.345651865005493164e-01 9.701443314552307129e-01 9.606230258941650391e-01 9.590163826942443848e-01 0.000000000000000000e+00
7.756962776184082031e-01 9.129388928413391113e-01 9.671677947044372559e-01 9.781463742256164551e-01 9.700985550880432129e-01 0.000000000000000000e+00
7.295085191726684570e-01 7.988308072090148926e-01 9.063304066658020020e-01 9.195095896720886230e-01 9.572314620018005371e-01 0.000000000000000000e+00
6.254895925521850586e-01 5.737506151199340820e-01 6.640073657035827637e-01 7.834004163742065430e-01 8.394606709480285645e-01 0.000000000000000000e+00
2.320455759763717651e-01 3.053863942623138428e-01 5.730172395706176758e-01 7.093699574470520020e-01 6.408901214599609375e-01 0.000000000000000000e+00
5.803045630455017090e-01 8.057426214218139648e-01 8.421645760536193848e-01 8.703029751777648926e-01 8.546970486640930176e-01 0.000000000000000000e+00
6.587108373641967773e-01 7.720180153846740723e-01 6.989195346832275391e-01 7.530621886253356934e-01 8.088037967681884766e-01 0.000000000000000000e+00
6.995159387588500977e-01 8.833948373794555664e-01 9.531706571578979492e-01 9.534547924995422363e-01 9.626324772834777832e-01 0.000000000000000000e+00
6.826762557029724121e-01 8.924688100814819336e-01 9.360438585281372070e-01 9.685388207435607910e-01 9.792736768722534180e-01 0.000000000000000000e+00
8.405869007110595703e-01 9.362358450889587402e-01 9.702572822570800781e-01 9.915564656257629395e-01 9.905706048011779785e-01 0.000000000000000000e+00
7.413941621780395508e-01 8.693280220031738281e-01 9.232471585273742676e-01 8.827802538871765137e-01 9.061563014984130859e-01 0.000000000000000000e+00
7.601834535598754883e-01 8.647709488868713379e-01 8.856614828109741211e-01 9.436801671981811523e-01 9.637703299522399902e-01 0.000000000000000000e+00
5.109306797385215759e-02 2.967396676540374756e-01 5.782504081726074219e-01 6.846436262130737305e-01 7.322394847869873047e-01 0.000000000000000000e+00
5.620881319046020508e-01 3.473732471466064453e-01 1.887914240360260010e-01 8.690105378627777100e-02 5.073481425642967224e-02 0.000000000000000000e+00
1.498639583587646484e-01 7.995467633008956909e-02 2.230755835771560669e-01 2.193969786167144775e-01 3.660753667354583740e-01 0.000000000000000000e+00
1.777993738651275635e-01 3.615678548812866211e-01 2.724135518074035645e-01 1.927064172923564911e-02 -6.092565506696701050e-02 0.000000000000000000e+00
4.013472795486450195e-02 -2.359673380851745605e-02 -5.132734775543212891e-02 2.174657583236694336e-01 2.605220377445220947e-01 0.000000000000000000e+00
3.844230473041534424e-01 4.520477652549743652e-01 2.799826562404632568e-01 3.906819522380828857e-01 4.589257836341857910e-01 0.000000000000000000e+00
3.824445307254791260e-01 5.666070580482482910e-01 6.688153743743896484e-01 5.759527087211608887e-01 5.026198625564575195e-01 0.000000000000000000e+00
-2.123965919017791748e-01 -2.007194012403488159e-01 -1.562040001153945923e-01 -2.226651310920715332e-01 -1.913488507270812988e-01 0.000000000000000000e+00
-5.139030143618583679e-02 9.978352487087249756e-02 1.535028964281082153e-01 1.185771748423576355e-01 4.785336181521415710e-02 0.000000000000000000e+00
1.629203408956527710e-01 5.273560881614685059e-01 6.274145245552062988e-01 5.948590040206909180e-01 6.009187698364257812e-01 0.000000000000000000e+00
4.315472841262817383e-01 5.906482934951782227e-01 6.610437035560607910e-01 6.978851556777954102e-01 6.317423582077026367e-01 0.000000000000000000e+00
5.739862918853759766e-01 6.785583496093750000e-01 8.012406229972839355e-01 7.767803668975830078e-01 8.197088837623596191e-01 0.000000000000000000e+00
4.733648300170898438e-01 6.710150241851806641e-01 7.213883399963378906e-01 6.643197536468505859e-01 5.901092290878295898e-01 0.000000000000000000e+00
2.198694497346878052e-01 1.605497002601623535e-01 2.143340855836868286e-01 2.382709085941314697e-01 -1.799981296062469482e-01 1.000000000000000000e+00
-3.567583626136183739e-03 -1.379786431789398193e-01 -3.238534182310104370e-02 -1.187242493033409119e-01 -1.141536533832550049e-01 2.000000000000000000e+00
2.198694497346878052e-01 1.605497002601623535e-01 2.143340855836868286e-01 2.382709085941314697e-01 -1.799981296062469482e-01 1.000000000000000000e+00
-3.567583626136183739e-03 -1.379786431789398193e-01 -3.238534182310104370e-02 -1.187242493033409119e-01 -1.141536533832550049e-01 2.000000000000000000e+00
2.198694497346878052e-01 1.605497002601623535e-01 2.143340855836868286e-01 2.382709085941314697e-01 -1.799981296062469482e-01 1.000000000000000000e+00
-3.567583626136183739e-03 -1.379786431789398193e-01 -3.238534182310104370e-02 -1.187242493033409119e-01 -1.141536533832550049e-01 2.000000000000000000e+00
2.198694497346878052e-01 1.605497002601623535e-01 2.143340855836868286e-01 2.382709085941314697e-01 -1.799981296062469482e-01 1.000000000000000000e+00
-3.567583626136183739e-03 -1.379786431789398193e-01 -3.238534182310104370e-02 -1.187242493033409119e-01 -1.141536533832550049e-01 2.000000000000000000e+00
2.198694497346878052e-01 1.605497002601623535e-01 2.143340855836868286e-01 2.382709085941314697e-01 -1.799981296062469482e-01 1.000000000000000000e+00
-3.567583626136183739e-03 -1.379786431789398193e-01 -3.238534182310104370e-02 -1.187242493033409119e-01 -1.141536533832550049e-01 2.000000000000000000e+00
2.198694497346878052e-01 1.605497002601623535e-01 2.143340855836868286e-01 2.382709085941314697e-01 -1.799981296062469482e-01 1.000000000000000000e+00
-3.567583626136183739e-03 -1.379786431789398193e-01 -3.238534182310104370e-02 -1.187242493033409119e-01 -1.141536533832550049e-01 2.000000000000000000e+00
2.198694497346878052e-01 1.605497002601623535e-01 2.143340855836868286e-01 2.382709085941314697e-01 -1.799981296062469482e-01 1.000000000000000000e+00
-3.567583626136183739e-03 -1.379786431789398193e-01 -3.238534182310104370e-02 -1.187242493033409119e-01 -1.141536533832550049e-01 2.000000000000000000e+00
2.198694497346878052e-01 1.605497002601623535e-01 2.143340855836868286e-01 2.382709085941314697e-01 -1.799981296062469482e-01 1.000000000000000000e+00
-3.567583626136183739e-03 -1.379786431789398193e-01 -3.238534182310104370e-02 -1.187242493033409119e-01 -1.141536533832550049e-01 2.000000000000000000e+00
2.198694497346878052e-01 1.605497002601623535e-01 2.143340855836868286e-01 2.382709085941314697e-01 -1.799981296062469482e-01 1.000000000000000000e+00
-3.567583626136183739e-03 -1.379786431789398193e-01 -3.238534182310104370e-02 -1.187242493033409119e-01 -1.141536533832550049e-01 2.000000000000000000e+00
2.198694497346878052e-01 1.605497002601623535e-01 2.143340855836868286e-01 2.382709085941314697e-01 -1.799981296062469482e-01 1.000000000000000000e+00
-3.567583626136183739e-03 -1.379786431789398193e-01 -3.238534182310104370e-02 -1.187242493033409119e-01 -1.141536533832550049e-01 2.000000000000000000e+00
7.051025629043579102e-01 7.870413661003112793e-01 7.832127809524536133e-01 8.061823248863220215e-01 7.303192615509033203e-01 0.000000000000000000e+00
4.858672916889190674e-01 4.688191711902618408e-01 4.113162159919738770e-01 5.311951637268066406e-01 7.187253236770629883e-01 0.000000000000000000e+00
4.530609250068664551e-01 6.302038431167602539e-01 6.349483728408813477e-01 6.727182865142822266e-01 6.670071482658386230e-01 0.000000000000000000e+00
5.414095520973205566e-01 6.069297790527343750e-01 6.517094373703002930e-01 6.688196659088134766e-01 6.407998800277709961e-01 0.000000000000000000e+00
4.900249838829040527e-01 5.228952765464782715e-01 5.842410922050476074e-01 6.414629817008972168e-01 6.557810306549072266e-01 0.000000000000000000e+00
5.147017240524291992e-01 5.433247089385986328e-01 6.374482512474060059e-01 5.914936065673828125e-01 6.434852480888366699e-01 0.000000000000000000e+00
3.981542587280273438e-01 6.616744995117187500e-01 6.949945688247680664e-01 7.314487695693969727e-01 7.155460119247436523e-01 0.000000000000000000e+00
4.599038884043693542e-02 6.200002431869506836e-01 7.677936553955078125e-01 7.796322107315063477e-01 6.795468330383300781e-01 0.000000000000000000e+00
2.895071208477020264e-01 6.593977212905883789e-01 5.777793526649475098e-01 6.248223185539245605e-01 5.521656274795532227e-01 0.000000000000000000e+00
3.639086186885833740e-01 5.834839344024658203e-01 6.862885951995849609e-01 7.356674671173095703e-01 7.859746217727661133e-01 0.000000000000000000e+00
4.790331721305847168e-01 6.172395944595336914e-01 5.536500215530395508e-01 6.584110856056213379e-01 7.260167598724365234e-01 0.000000000000000000e+00
3.012244105339050293e-01 5.551191568374633789e-01 5.779433250427246094e-01 7.937372326850891113e-01 8.763576745986938477e-01 0.000000000000000000e+00
3.487277030944824219e-01 5.255000591278076172e-01 4.199896156787872314e-01 5.454605817794799805e-01 5.538886785507202148e-01 0.000000000000000000e+00
2.049407660961151123e-01 2.820005714893341064e-01 3.540274500846862793e-01 4.959920048713684082e-01 4.756066203117370605e-01 0.000000000000000000e+00
7.908144593238830566e-02 5.437847375869750977e-01 7.107743620872497559e-01 7.486231327056884766e-01 7.519632577896118164e-01 0.000000000000000000e+00
3.485630154609680176e-01 4.336550831794738770e-01 5.401709079742431641e-01 5.714505910873413086e-01 5.534052848815917969e-01 0.000000000000000000e+00
5.207898020744323730e-01 6.642979383468627930e-01 7.432377338409423828e-01 7.303909659385681152e-01 7.692602872848510742e-01 0.000000000000000000e+00
4.757188260555267334e-01 5.008692145347595215e-01 5.950608253479003906e-01 6.580101251602172852e-01 7.101613879203796387e-01 0.000000000000000000e+00
2.120827734470367432e-01 1.062229350209236145e-01 5.033847093582153320e-01 4.566736221313476562e-01 5.845929384231567383e-01 0.000000000000000000e+00
6.296186447143554688e-01 5.932989716529846191e-01 7.841678261756896973e-01 6.559374332427978516e-01 5.819383859634399414e-01 0.000000000000000000e+00
6.028015613555908203e-01 6.905555725097656250e-01 9.038374423980712891e-01 8.289548158645629883e-01 8.745854496955871582e-01 0.000000000000000000e+00
4.933693110942840576e-01 5.366722941398620605e-01 7.095882296562194824e-01 6.907636523246765137e-01 7.989445328712463379e-01 0.000000000000000000e+00
4.408051371574401855e-01 4.712277948856353760e-01 5.471521615982055664e-01 5.654301643371582031e-01 5.948540568351745605e-01 0.000000000000000000e+00
4.966025650501251221e-01 5.850089192390441895e-01 4.861757159233093262e-01 4.430694580078125000e-01 5.546220541000366211e-01 0.000000000000000000e+00
4.019252061843872070e-01 5.567415356636047363e-01 6.800851821899414062e-01 6.145101785659790039e-01 5.614590048789978027e-01 0.000000000000000000e+00
2.464568167924880981e-01 2.040286064147949219e-01 4.638288617134094238e-01 8.028801083564758301e-01 7.622296214103698730e-01 0.000000000000000000e+00
2.989819049835205078e-01 2.431645244359970093e-01 1.436708718538284302e-01 2.910330891609191895e-01 4.456802606582641602e-01 0.000000000000000000e+00
2.014828324317932129e-01 3.930636048316955566e-01 6.187055706977844238e-01 7.123266458511352539e-01 6.013087034225463867e-01 0.000000000000000000e+00
8.597559928894042969e-01 9.484552741050720215e-01 9.852011203765869141e-01 9.894407391548156738e-01 9.904035329818725586e-01 0.000000000000000000e+00
7.016594409942626953e-01 8.300434947013854980e-01 8.927711248397827148e-01 9.126229286193847656e-01 9.520803689956665039e-01 0.000000000000000000e+00
7.731481194496154785e-01 8.760085701942443848e-01 9.011210203170776367e-01 9.256919026374816895e-01 9.524762630462646484e-01 0.000000000000000000e+00
7.385349273681640625e-01 7.805706262588500977e-01 8.346389532089233398e-01 8.373094797134399414e-01 8.707442283630371094e-01 0.000000000000000000e+00
8.234321326017379761e-02 4.608931243419647217e-01 4.141332209110260010e-01 6.673004627227783203e-01 8.223479986190795898e-01 0.000000000000000000e+00
5.012067556381225586e-01 6.376982927322387695e-01 6.913574337959289551e-01 7.787680625915527344e-01 7.501369714736938477e-01 0.000000000000000000e+00
7.864295840263366699e-01 9.339321851730346680e-01 9.604353308677673340e-01 9.526177048683166504e-01 9.374752044677734375e-01 0.000000000000000000e+00
1.424248963594436646e-01 4.166767001152038574e-01 4.962840676307678223e-01 5.868532657623291016e-01 7.415858507156372070e-01 0.000000000000000000e+00
6.217838525772094727e-01 8.815344572067260742e-01 9.402314424514770508e-01 9.584081172943115234e-01 9.570975303649902344e-01 0.000000000000000000e+00
5.725197792053222656e-01 7.975369095802307129e-01 9.622563123703002930e-01 9.364624023437500000e-01 9.462914466857910156e-01 0.000000000000000000e+00
4.504783153533935547e-01 5.219025611877441406e-01 7.996473312377929688e-01 8.315734863281250000e-01 7.190377116203308105e-01 0.000000000000000000e+00
1.665246486663818359e-01 4.479590058326721191e-01 5.718858242034912109e-01 6.071020364761352539e-01 6.969634294509887695e-01 0.000000000000000000e+00
6.372923851013183594e-01 7.356874942779541016e-01 8.018809556961059570e-01 7.666054964065551758e-01 7.184729576110839844e-01 0.000000000000000000e+00
3.965465426445007324e-01 7.050073146820068359e-01 8.493815660476684570e-01 8.877854943275451660e-01 8.627030849456787109e-01 0.000000000000000000e+00
1.006856486201286316e-01 5.644737482070922852e-01 7.002831697463989258e-01 6.601541042327880859e-01 4.561867415904998779e-01 1.000000000000000000e+00
7.351638078689575195e-01 8.924111127853393555e-01 8.798537254333496094e-01 7.809222340583801270e-01 6.077358722686767578e-01 2.000000000000000000e+00
1.006856486201286316e-01 5.644737482070922852e-01 7.002831697463989258e-01 6.601541042327880859e-01 4.561867415904998779e-01 1.000000000000000000e+00
7.351638078689575195e-01 8.924111127853393555e-01 8.798537254333496094e-01 7.809222340583801270e-01 6.077358722686767578e-01 2.000000000000000000e+00
1.006856486201286316e-01 5.644737482070922852e-01 7.002831697463989258e-01 6.601541042327880859e-01 4.561867415904998779e-01 1.000000000000000000e+00
7.351638078689575195e-01 8.924111127853393555e-01 8.798537254333496094e-01 7.809222340583801270e-01 6.077358722686767578e-01 2.000000000000000000e+00
1.006856486201286316e-01 5.644737482070922852e-01 7.002831697463989258e-01 6.601541042327880859e-01 4.561867415904998779e-01 1.000000000000000000e+00
7.351638078689575195e-01 8.924111127853393555e-01 8.798537254333496094e-01 7.809222340583801270e-01 6.077358722686767578e-01 2.000000000000000000e+00
1.006856486201286316e-01 5.644737482070922852e-01 7.002831697463989258e-01 6.601541042327880859e-01 4.561867415904998779e-01 1.000000000000000000e+00
7.351638078689575195e-01 8.924111127853393555e-01 8.798537254333496094e-01 7.809222340583801270e-01 6.077358722686767578e-01 2.000000000000000000e+00
1.006856486201286316e-01 5.644737482070922852e-01 7.002831697463989258e-01 6.601541042327880859e-01 4.561867415904998779e-01 1.000000000000000000e+00
7.351638078689575195e-01 8.924111127853393555e-01 8.798537254333496094e-01 7.809222340583801270e-01 6.077358722686767578e-01 2.000000000000000000e+00
1.006856486201286316e-01 5.644737482070922852e-01 7.002831697463989258e-01 6.601541042327880859e-01 4.561867415904998779e-01 1.000000000000000000e+00
7.351638078689575195e-01 8.924111127853393555e-01 8.798537254333496094e-01 7.809222340583801270e-01 6.077358722686767578e-01 2.000000000000000000e+00
1.006856486201286316e-01 5.644737482070922852e-01 7.002831697463989258e-01 6.601541042327880859e-01 4.561867415904998779e-01 1.000000000000000000e+00
7.351638078689575195e-01 8.924111127853393555e-01 8.798537254333496094e-01 7.809222340583801270e-01 6.077358722686767578e-01 2.000000000000000000e+00
1.006856486201286316e-01 5.644737482070922852e-01 7.002831697463989258e-01 6.601541042327880859e-01 4.561867415904998779e-01 1.000000000000000000e+00
7.351638078689575195e-01 8.924111127853393555e-01 8.798537254333496094e-01 7.809222340583801270e-01 6.077358722686767578e-01 2.000000000000000000e+00
1.006856486201286316e-01 5.644737482070922852e-01 7.002831697463989258e-01 6.601541042327880859e-01 4.561867415904998779e-01 1.000000000000000000e+00
7.351638078689575195e-01 8.924111127853393555e-01 8.798537254333496094e-01 7.809222340583801270e-01 6.077358722686767578e-01 2.000000000000000000e+00
6.273217797279357910e-01 7.450361847877502441e-01 8.037559390068054199e-01 8.736858367919921875e-01 8.283783197402954102e-01 0.000000000000000000e+00
5.890641212463378906e-01 7.008873820304870605e-01 8.251471519470214844e-01 8.760527372360229492e-01 9.027755856513977051e-01 0.000000000000000000e+00
5.650107264518737793e-01 8.980134129524230957e-01 9.796548485755920410e-01 9.764065742492675781e-01 9.629496335983276367e-01 0.000000000000000000e+00
8.129187226295471191e-01 8.750448226928710938e-01 8.905360698699951172e-01 8.981187343597412109e-01 8.916646242141723633e-01 0.000000000000000000e+00
5.564615726470947266e-01 7.790445089340209961e-01 8.514811396598815918e-01 9.653696417808532715e-01 9.936150312423706055e-01 0.000000000000000000e+00
5.375238656997680664e-01 8.130223751068115234e-01 9.029438495635986328e-01 9.501615166664123535e-01 9.173232913017272949e-01 0.000000000000000000e+00
6.087672710418701172e-01 7.312182188034057617e-01 7.448793649673461914e-01 8.711708784103393555e-01 8.502268195152282715e-01 0.000000000000000000e+00
2.578350603580474854e-01 2.495736926794052124e-01 6.019885540008544922e-01 4.224991798400878906e-01 5.471897125244140625e-01 1.000000000000000000e+00
2.806644439697265625e-01 4.755066931247711182e-01 8.097875118255615234e-01 8.318441510200500488e-01 7.116680145263671875e-01 2.000000000000000000e+00
2.578350603580474854e-01 2.495736926794052124e-01 6.019885540008544922e-01 4.224991798400878906e-01 5.471897125244140625e-01 1.000000000000000000e+00
2.806644439697265625e-01 4.755066931247711182e-01 8.097875118255615234e-01 8.318441510200500488e-01 7.116680145263671875e-01 2.000000000000000000e+00
2.578350603580474854e-01 2.495736926794052124e-01 6.019885540008544922e-01 4.224991798400878906e-01 5.471897125244140625e-01 1.000000000000000000e+00
2.806644439697265625e-01 4.755066931247711182e-01 8.097875118255615234e-01 8.318441510200500488e-01 7.116680145263671875e-01 2.000000000000000000e+00
2.578350603580474854e-01 2.495736926794052124e-01 6.019885540008544922e-01 4.224991798400878906e-01 5.471897125244140625e-01 1.000000000000000000e+00
2.806644439697265625e-01 4.755066931247711182e-01 8.097875118255615234e-01 8.318441510200500488e-01 7.116680145263671875e-01 2.000000000000000000e+00
2.578350603580474854e-01 2.495736926794052124e-01 6.019885540008544922e-01 4.224991798400878906e-01 5.471897125244140625e-01 1.000000000000000000e+00
2.806644439697265625e-01 4.755066931247711182e-01 8.097875118255615234e-01 8.318441510200500488e-01 7.116680145263671875e-01 2.000000000000000000e+00
2.578350603580474854e-01 2.495736926794052124e-01 6.019885540008544922e-01 4.224991798400878906e-01 5.471897125244140625e-01 1.000000000000000000e+00
2.806644439697265625e-01 4.755066931247711182e-01 8.097875118255615234e-01 8.318441510200500488e-01 7.116680145263671875e-01 2.000000000000000000e+00
2.578350603580474854e-01 2.495736926794052124e-01 6.019885540008544922e-01 4.224991798400878906e-01 5.471897125244140625e-01 1.000000000000000000e+00
2.806644439697265625e-01 4.755066931247711182e-01 8.097875118255615234e-01 8.318441510200500488e-01 7.116680145263671875e-01 2.000000000000000000e+00
2.578350603580474854e-01 2.495736926794052124e-01 6.019885540008544922e-01 4.224991798400878906e-01 5.471897125244140625e-01 1.000000000000000000e+00
2.806644439697265625e-01 4.755066931247711182e-01 8.097875118255615234e-01 8.318441510200500488e-01 7.116680145263671875e-01 2.000000000000000000e+00
2.578350603580474854e-01 2.495736926794052124e-01 6.019885540008544922e-01 4.224991798400878906e-01 5.471897125244140625e-01 1.000000000000000000e+00
2.806644439697265625e-01 4.755066931247711182e-01 8.097875118255615234e-01 8.318441510200500488e-01 7.116680145263671875e-01 2.000000000000000000e+00
2.578350603580474854e-01 2.495736926794052124e-01 6.019885540008544922e-01 4.224991798400878906e-01 5.471897125244140625e-01 1.000000000000000000e+00
2.806644439697265625e-01 4.755066931247711182e-01 8.097875118255615234e-01 8.318441510200500488e-01 7.116680145263671875e-01 2.000000000000000000e+00
5.031684041023254395e-01 6.911090612411499023e-01 8.624154329299926758e-01 8.890989422798156738e-01 9.243190288543701172e-01 0.000000000000000000e+00
8.245976567268371582e-01 8.365823626518249512e-01 8.864468932151794434e-01 8.954659700393676758e-01 9.462460279464721680e-01 0.000000000000000000e+00
5.822876095771789551e-01 6.972602605819702148e-01 9.390513896942138672e-01 9.007610082626342773e-01 9.364119768142700195e-01 0.000000000000000000e+00
5.092459917068481445e-01 5.966200232505798340e-01 9.197695851325988770e-01 9.230332970619201660e-01 9.363396167755126953e-01 0.000000000000000000e+00
7.771161794662475586e-01 8.353778719902038574e-01 8.022533059120178223e-01 7.935670018196105957e-01 7.045741081237792969e-01 0.000000000000000000e+00
2.044748365879058838e-01 5.326510071754455566e-01 6.426512002944946289e-01 7.447544932365417480e-01 7.725613713264465332e-01 0.000000000000000000e+00
3.180246353149414062e-01 4.903898239135742188e-01 4.189955294132232666e-01 3.992058932781219482e-01 4.739402234554290771e-01 0.000000000000000000e+00
5.228284597396850586e-01 6.704627275466918945e-01 6.972851753234863281e-01 8.445079326629638672e-01 8.390455245971679688e-01 0.000000000000000000e+00
4.324854612350463867e-01 7.156282663345336914e-01 8.026657104492187500e-01 8.014097809791564941e-01 9.156110286712646484e-01 0.000000000000000000e+00
2.683154642581939697e-01 6.249049901962280273e-01 6.231609582901000977e-01 5.904456973075866699e-01 6.776866316795349121e-01 0.000000000000000000e+00
1.150818467140197754e-01 6.169822812080383301e-01 9.084395170211791992e-01 9.058406352996826172e-01 8.205839991569519043e-01 0.000000000000000000e+00
2.209666818380355835e-01 3.012613952159881592e-01 6.377117633819580078e-01 6.624646186828613281e-01 7.444692254066467285e-01 0.000000000000000000e+00
7.311615943908691406e-01 8.751314878463745117e-01 9.264340400695800781e-01 9.570440649986267090e-01 9.227110147476196289e-01 0.000000000000000000e+00
7.636206746101379395e-01 9.068422913551330566e-01 8.947016596794128418e-01 9.182577133178710938e-01 9.281573295593261719e-01 0.000000000000000000e+00
6.127874851226806641e-01 7.116446495056152344e-01 8.092342615127563477e-01 8.692560791969299316e-01 8.967123627662658691e-01 0.000000000000000000e+00
5.301894545555114746e-01 7.024891376495361328e-01 9.033169150352478027e-01 8.528268337249755859e-01 7.574106454849243164e-01 0.000000000000000000e+00
2.751705348491668701e-01 5.525454282760620117e-01 5.027781128883361816e-01 3.857634961605072021e-01 5.419481992721557617e-01 0.000000000000000000e+00
4.242917895317077637e-01 5.621744990348815918e-01 5.313294529914855957e-01 6.375499963760375977e-01 6.788048148155212402e-01 0.000000000000000000e+00
4.877734780311584473e-01 5.616309642791748047e-01 4.966091215610504150e-01 3.700109124183654785e-01 3.466758728027343750e-01 0.000000000000000000e+00
3.584480583667755127e-01 4.188777208328247070e-01 4.665222167968750000e-01 5.106930732727050781e-01 4.698795080184936523e-01 0.000000000000000000e+00
3.510701656341552734e-01 3.745416998863220215e-01 5.406613349914550781e-01 5.220182538032531738e-01 4.894934892654418945e-01 0.000000000000000000e+00
1.821165829896926880e-01 6.967363953590393066e-01 7.743008136749267578e-01 7.914146184921264648e-01 7.563039064407348633e-01 0.000000000000000000e+00
3.844241499900817871e-01 4.854062199592590332e-01 4.720898270606994629e-01 5.242778062820434570e-01 6.818893551826477051e-01 0.000000000000000000e+00
3.566511571407318115e-01 5.130472779273986816e-01 4.809074103832244873e-01 3.589094877243041992e-01 3.808688521385192871e-01 0.000000000000000000e+00
3.131592571735382080e-01 4.325158894062042236e-01 3.668341040611267090e-01 4.626077115535736084e-01 5.609165430068969727e-01 0.000000000000000000e+00
3.613190054893493652e-01 4.558759629726409912e-01 5.270365476608276367e-01 5.006223320960998535e-01 5.929758548736572266e-01 0.000000000000000000e+00
5.212491750717163086e-01 6.479406952857971191e-01 6.866934299468994141e-01 6.367323398590087891e-01 5.923910737037658691e-01 0.000000000000000000e+00
6.392449736595153809e-01 7.413426637649536133e-01 7.638867497444152832e-01 8.455989956855773926e-01 8.570745587348937988e-01 0.000000000000000000e+00
9.295942783355712891e-01 9.722169041633605957e-01 9.905905127525329590e-01 9.897921085357666016e-01 9.846903085708618164e-01 0.000000000000000000e+00
9.439821839332580566e-01 9.790644049644470215e-01 9.898156523704528809e-01 9.935944676399230957e-01 9.975592494010925293e-01 0.000000000000000000e+00
7.267650365829467773e-01 8.656358122825622559e-01 8.526592254638671875e-01 9.170883893966674805e-01 9.480024576187133789e-01 0.000000000000000000e+00
2.384185642004013062e-01 4.132389128208160400e-01 5.634586811065673828e-01 6.594694852828979492e-01 8.161357641220092773e-01 0.000000000000000000e+00
3.273113071918487549e-01 5.605888366699218750e-01 4.278133213520050049e-01 4.084218442440032959e-01 2.826492190361022949e-01 0.000000000000000000e+00
4.933077991008758545e-01 5.655150413513183594e-01 4.148645401000976562e-01 6.097863912582397461e-01 3.737344443798065186e-01 0.000000000000000000e+00
3.227553963661193848e-01 4.091357886791229248e-01 2.847186326980590820e-01 3.337388634681701660e-01 4.441275000572204590e-01 0.000000000000000000e+00
7.049329876899719238e-01 8.027628660202026367e-01 8.404870033264160156e-01 8.184623718261718750e-01 8.518460988998413086e-01 0.000000000000000000e+00
6.894571781158447266e-01 8.237528800964355469e-01 8.949790596961975098e-01 9.316912293434143066e-01 9.569964408874511719e-01 0.000000000000000000e+00
6.405407786369323730e-01 7.643610835075378418e-01 8.731135129928588867e-01 9.032064080238342285e-01 9.054337739944458008e-01 0.000000000000000000e+00
7.526820898056030273e-01 8.785200715065002441e-01 9.104642868041992188e-01 9.127785563468933105e-01 9.140732288360595703e-01 0.000000000000000000e+00
6.023555397987365723e-01 7.589030265808105469e-01 9.006672501564025879e-01 8.796776533126831055e-01 9.385330080986022949e-01 0.000000000000000000e+00
6.890766620635986328e-01 8.120613098144531250e-01 8.618772029876708984e-01 8.560982942581176758e-01 7.461055517196655273e-01 0.000000000000000000e+00
