6.384995579719543457e-01 4.912103414535522461e-01 2.103323936462402344e-01 2.833076119422912598e-01 0.000000000000000000e+00
4.736694097518920898e-01 5.194873213768005371e-01 1.223509907722473145e-01 3.370816111564636230e-01 0.000000000000000000e+00
1.075532197952270508e+00 1.553608179092407227e-01 5.813115835189819336e-01 3.710852861404418945e-01 0.000000000000000000e+00
3.470018506050109863e-01 1.338692903518676758e-01 3.930892944335937500e-01 3.013309240341186523e-01 0.000000000000000000e+00
2.884524106979370117e+00 1.288551926612854004e+00 4.970647096633911133e-01 1.685562133789062500e-01 0.000000000000000000e+00
7.278257608413696289e-01 -1.320793509483337402e+00 -1.272430539131164551e+00 -7.594437599182128906e-01 0.000000000000000000e+00
-2.041757106781005859e-02 1.482842206954956055e+00 4.208071827888488770e-01 -1.415468454360961914e+00 0.000000000000000000e+00
1.294245719909667969e-01 5.160729885101318359e-01 -4.633659124374389648e-02 3.646972179412841797e-01 0.000000000000000000e+00
3.348132371902465820e-01 2.093386054039001465e-01 2.816017866134643555e-01 2.548123598098754883e-01 0.000000000000000000e+00
3.200088739395141602e-01 2.391735911369323730e-01 2.560391426086425781e-01 1.518668532371520996e-01 0.000000000000000000e+00
5.537119507789611816e-01 1.579397320747375488e-01 9.378850460052490234e-02 1.769992113113403320e-01 0.000000000000000000e+00
4.542422890663146973e-01 1.773940324783325195e-01 7.665413618087768555e-02 3.150665760040283203e-02 0.000000000000000000e+00
2.716755867004394531e-01 5.491578578948974609e-02 1.493282318115234375e-01 1.970720291137695312e-02 0.000000000000000000e+00
1.928443908691406250e-01 -1.357656717300415039e-01 4.040056467056274414e-01 1.513850688934326172e-02 0.000000000000000000e+00
7.007783055305480957e-01 4.269622564315795898e-01 3.965427875518798828e-01 5.606850981712341309e-01 0.000000000000000000e+00
3.184634923934936523e+00 6.553529500961303711e-01 2.705193758010864258e-01 2.950547933578491211e-01 0.000000000000000000e+00
4.050182819366455078e+00 7.521830797195434570e-01 7.918299436569213867e-01 7.151728868484497070e-02 0.000000000000000000e+00
1.106640100479125977e+00 5.502755165100097656e+00 9.649028778076171875e-01 6.471186876296997070e-01 0.000000000000000000e+00
5.987807512283325195e-01 4.604988694190979004e-01 3.426703214645385742e-01 4.647735357284545898e-01 0.000000000000000000e+00
4.853110909461975098e-01 3.480643033981323242e-01 4.645313620567321777e-01 4.980435967445373535e-01 0.000000000000000000e+00
1.536237835884094238e+00 5.852984428405761719e+00 5.247418880462646484e-01 4.295996427536010742e-01 0.000000000000000000e+00
2.172303199768066406e-01 -3.698170185089111328e-02 2.284226417541503906e-01 7.608714103698730469e-01 0.000000000000000000e+00
3.472243785858154297e+00 -7.036771178245544434e-01 -1.475703716278076172e-02 8.041055798530578613e-01 0.000000000000000000e+00
-9.265769720077514648e-01 1.334086418151855469e+00 -2.255945205688476562e-01 -5.614745020866394043e-01 0.000000000000000000e+00
1.440458774566650391e+00 -3.147455453872680664e+00 -7.091050148010253906e-01 4.149705171585083008e-02 0.000000000000000000e+00
1.652066707611083984e+00 7.609941363334655762e-01 8.148397207260131836e-01 7.915067076683044434e-01 0.000000000000000000e+00
6.764066219329833984e-01 3.548430204391479492e-01 4.597312211990356445e-02 1.328413486480712891e-01 0.000000000000000000e+00
5.770055055618286133e-01 -6.493437290191650391e-02 1.569550633430480957e-01 2.281047105789184570e-01 0.000000000000000000e+00
3.943409442901611328e+00 8.786561012268066406e+00 7.360580563545227051e-01 5.048024058341979980e-01 0.000000000000000000e+00
3.526233196258544922e+00 8.172106742858886719e+00 9.792581200599670410e-01 5.706636905670166016e-01 0.000000000000000000e+00
4.772258281707763672e+00 1.003421664237976074e+00 6.669905781745910645e-01 3.315194845199584961e-01 0.000000000000000000e+00
7.835101127624511719e+00 1.500792741775512695e+00 8.576605916023254395e-01 6.536292433738708496e-01 0.000000000000000000e+00
5.173065662384033203e+00 1.205914735794067383e+00 3.901514410972595215e-01 4.645498394966125488e-01 0.000000000000000000e+00
4.517372846603393555e-01 5.944112539291381836e-01 5.791117548942565918e-01 5.279784202575683594e-01 0.000000000000000000e+00
2.964177131652832031e-01 5.934979915618896484e-01 5.660919547080993652e-01 5.691432952880859375e-01 0.000000000000000000e+00
7.809048891067504883e-01 5.830245614051818848e-01 5.082444548606872559e-01 5.317338705062866211e-01 0.000000000000000000e+00
5.007160902023315430e-01 5.170286297798156738e-01 5.393072366714477539e-01 6.327459812164306641e-01 0.000000000000000000e+00
5.040453672409057617e-01 5.672686100006103516e-01 5.529305338859558105e-01 6.019029021263122559e-01 0.000000000000000000e+00
4.707770347595214844e-01 5.740102529525756836e-01 5.900301933288574219e-01 6.597236990928649902e-01 0.000000000000000000e+00
4.216170907020568848e-01 5.024641752243041992e-01 5.680009722709655762e-01 6.694560050964355469e-01 0.000000000000000000e+00
7.341575622558593750e-02 3.672043681144714355e-01 4.296767711639404297e-01 7.412412762641906738e-01 0.000000000000000000e+00
7.868198871612548828e+00 1.488323926925659180e+00 2.102319002151489258e-01 2.924610972404479980e-01 0.000000000000000000e+00
-1.250075936317443848e+00 -6.432858705520629883e-01 -1.202614665031433105e+00 -1.325420022010803223e+00 1.000000000000000000e+00
3.387624979019165039e+00 1.352261185646057129e+00 8.301027417182922363e-01 4.836598038673400879e-01 2.000000000000000000e+00
-1.250075936317443848e+00 -6.432858705520629883e-01 -1.202614665031433105e+00 -1.325420022010803223e+00 1.000000000000000000e+00
3.387624979019165039e+00 1.352261185646057129e+00 8.301027417182922363e-01 4.836598038673400879e-01 2.000000000000000000e+00
-1.250075936317443848e+00 -6.432858705520629883e-01 -1.202614665031433105e+00 -1.325420022010803223e+00 1.000000000000000000e+00
3.387624979019165039e+00 1.352261185646057129e+00 8.301027417182922363e-01 4.836598038673400879e-01 2.000000000000000000e+00
-1.250075936317443848e+00 -6.432858705520629883e-01 -1.202614665031433105e+00 -1.325420022010803223e+00 1.000000000000000000e+00
3.387624979019165039e+00 1.352261185646057129e+00 8.301027417182922363e-01 4.836598038673400879e-01 2.000000000000000000e+00
-1.250075936317443848e+00 -6.432858705520629883e-01 -1.202614665031433105e+00 -1.325420022010803223e+00 1.000000000000000000e+00
3.387624979019165039e+00 1.352261185646057129e+00 8.301027417182922363e-01 4.836598038673400879e-01 2.000000000000000000e+00
-1.250075936317443848e+00 -6.432858705520629883e-01 -1.202614665031433105e+00 -1.325420022010803223e+00 1.000000000000000000e+00
3.387624979019165039e+00 1.352261185646057129e+00 8.301027417182922363e-01 4.836598038673400879e-01 2.000000000000000000e+00
-1.250075936317443848e+00 -6.432858705520629883e-01 -1.202614665031433105e+00 -1.325420022010803223e+00 1.000000000000000000e+00
3.387624979019165039e+00 1.352261185646057129e+00 8.301027417182922363e-01 4.836598038673400879e-01 2.000000000000000000e+00
-1.250075936317443848e+00 -6.432858705520629883e-01 -1.202614665031433105e+00 -1.325420022010803223e+00 1.000000000000000000e+00
3.387624979019165039e+00 1.352261185646057129e+00 8.301027417182922363e-01 4.836598038673400879e-01 2.000000000000000000e+00
-1.250075936317443848e+00 -6.432858705520629883e-01 -1.202614665031433105e+00 -1.325420022010803223e+00 1.000000000000000000e+00
3.387624979019165039e+00 1.352261185646057129e+00 8.301027417182922363e-01 4.836598038673400879e-01 2.000000000000000000e+00
-1.250075936317443848e+00 -6.432858705520629883e-01 -1.202614665031433105e+00 -1.325420022010803223e+00 1.000000000000000000e+00
3.387624979019165039e+00 1.352261185646057129e+00 8.301027417182922363e-01 4.836598038673400879e-01 2.000000000000000000e+00
1.522615551948547363e-01 5.355718731880187988e-01 5.494222044944763184e-01 6.878929734230041504e-01 0.000000000000000000e+00
8.488786220550537109e-02 5.907708406448364258e-01 5.453472733497619629e-01 9.029458761215209961e-01 0.000000000000000000e+00
1.385821104049682617e-01 6.394029259681701660e-01 5.176916718482971191e-01 4.396981596946716309e-01 0.000000000000000000e+00
1.843240261077880859e-01 6.138182878494262695e-01 4.423941373825073242e-01 6.386822462081909180e-01 0.000000000000000000e+00
2.245769500732421875e-01 7.390897274017333984e-01 5.893504619598388672e-01 3.651543855667114258e-01 0.000000000000000000e+00
1.445111632347106934e-01 6.253831982612609863e-01 4.874756932258605957e-01 6.211956143379211426e-01 0.000000000000000000e+00
5.138803124427795410e-01 4.414661526679992676e-01 5.631127953529357910e-01 4.164303541183471680e-01 0.000000000000000000e+00
-5.298602581024169922e-02 6.237351894378662109e-02 5.548628568649291992e-01 6.094897389411926270e-01 0.000000000000000000e+00
8.808493614196777344e-03 -1.267509460449218750e-01 2.885285019874572754e-01 6.789326667785644531e-01 0.000000000000000000e+00
1.585261821746826172e-01 -1.488388776779174805e-01 -6.918382644653320312e-02 2.381162643432617188e-01 0.000000000000000000e+00
1.594396233558654785e-01 -2.666419744491577148e-02 -5.441308021545410156e-04 1.366853713989257812e-01 0.000000000000000000e+00
1.915830969810485840e-01 4.317194223403930664e-02 3.744542598724365234e-02 -3.231167793273925781e-03 0.000000000000000000e+00
2.197935581207275391e-01 4.782718420028686523e-02 6.564688682556152344e-02 1.465880870819091797e-02 0.000000000000000000e+00
1.902432441711425781e-01 4.045033454895019531e-02 6.460350751876831055e-02 1.730644702911376953e-02 0.000000000000000000e+00
6.450214982032775879e-01 5.549036264419555664e-01 6.358349323272705078e-01 6.136192083358764648e-01 0.000000000000000000e+00
5.663438439369201660e-01 -4.461320638656616211e-01 9.428274035453796387e-01 8.477189064025878906e+00 0.000000000000000000e+00
1.931946158409118652e+00 -1.781913280487060547e+00 7.270061969757080078e+00 -4.834762513637542725e-01 0.000000000000000000e+00
6.380456686019897461e-02 -5.248939990997314453e-02 3.449802398681640625e-01 8.137820959091186523e-01 0.000000000000000000e+00
-1.000130176544189453e-02 -1.071691513061523438e-04 7.685601711273193359e-02 7.066361308097839355e-01 0.000000000000000000e+00
-1.738463997840881348e+00 -2.931091189384460449e-01 -1.399074077606201172e+00 -6.941199302673339844e-01 1.000000000000000000e+00
3.247514724731445312e+00 1.033445835113525391e+00 2.990931868553161621e-01 5.615242123603820801e-01 2.000000000000000000e+00
-1.738463997840881348e+00 -2.931091189384460449e-01 -1.399074077606201172e+00 -6.941199302673339844e-01 1.000000000000000000e+00
3.247514724731445312e+00 1.033445835113525391e+00 2.990931868553161621e-01 5.615242123603820801e-01 2.000000000000000000e+00
-1.738463997840881348e+00 -2.931091189384460449e-01 -1.399074077606201172e+00 -6.941199302673339844e-01 1.000000000000000000e+00
3.247514724731445312e+00 1.033445835113525391e+00 2.990931868553161621e-01 5.615242123603820801e-01 2.000000000000000000e+00
-1.738463997840881348e+00 -2.931091189384460449e-01 -1.399074077606201172e+00 -6.941199302673339844e-01 1.000000000000000000e+00
3.247514724731445312e+00 1.033445835113525391e+00 2.990931868553161621e-01 5.615242123603820801e-01 2.000000000000000000e+00
-1.738463997840881348e+00 -2.931091189384460449e-01 -1.399074077606201172e+00 -6.941199302673339844e-01 1.000000000000000000e+00
3.247514724731445312e+00 1.033445835113525391e+00 2.990931868553161621e-01 5.615242123603820801e-01 2.000000000000000000e+00
-1.738463997840881348e+00 -2.931091189384460449e-01 -1.399074077606201172e+00 -6.941199302673339844e-01 1.000000000000000000e+00
3.247514724731445312e+00 1.033445835113525391e+00 2.990931868553161621e-01 5.615242123603820801e-01 2.000000000000000000e+00
-1.738463997840881348e+00 -2.931091189384460449e-01 -1.399074077606201172e+00 -6.941199302673339844e-01 1.000000000000000000e+00
3.247514724731445312e+00 1.033445835113525391e+00 2.990931868553161621e-01 5.615242123603820801e-01 2.000000000000000000e+00
-1.738463997840881348e+00 -2.931091189384460449e-01 -1.399074077606201172e+00 -6.941199302673339844e-01 1.000000000000000000e+00
3.247514724731445312e+00 1.033445835113525391e+00 2.990931868553161621e-01 5.615242123603820801e-01 2.000000000000000000e+00
-1.738463997840881348e+00 -2.931091189384460449e-01 -1.399074077606201172e+00 -6.941199302673339844e-01 1.000000000000000000e+00
3.247514724731445312e+00 1.033445835113525391e+00 2.990931868553161621e-01 5.615242123603820801e-01 2.000000000000000000e+00
-1.738463997840881348e+00 -2.931091189384460449e-01 -1.399074077606201172e+00 -6.941199302673339844e-01 1.000000000000000000e+00
3.247514724731445312e+00 1.033445835113525391e+00 2.990931868553161621e-01 5.615242123603820801e-01 2.000000000000000000e+00
5.466305255889892578e+00 8.035953640937805176e-01 4.716511964797973633e-01 5.391020774841308594e-01 0.000000000000000000e+00
2.868027448654174805e+00 6.543881893157958984e-01 4.304043054580688477e-01 6.216791272163391113e-01 0.000000000000000000e+00
1.739887595176696777e-01 6.762318015098571777e-01 5.965990424156188965e-01 5.139740705490112305e-01 0.000000000000000000e+00
3.198280930519104004e-01 4.737114310264587402e-01 4.452599287033081055e-01 5.740831494331359863e-01 0.000000000000000000e+00
1.826046705245971680e-01 -3.772846460342407227e-01 3.474886417388916016e-01 4.651975631713867188e-01 0.000000000000000000e+00
1.387697339057922363e+00 1.034343957901000977e+00 6.474471688270568848e-01 2.989257574081420898e-01 1.000000000000000000e+00
4.216228723526000977e-01 2.681575417518615723e-01 5.262001156806945801e-01 6.502995491027832031e-01 2.000000000000000000e+00
1.387697339057922363e+00 1.034343957901000977e+00 6.474471688270568848e-01 2.989257574081420898e-01 1.000000000000000000e+00
4.216228723526000977e-01 2.681575417518615723e-01 5.262001156806945801e-01 6.502995491027832031e-01 2.000000000000000000e+00
1.387697339057922363e+00 1.034343957901000977e+00 6.474471688270568848e-01 2.989257574081420898e-01 1.000000000000000000e+00
4.216228723526000977e-01 2.681575417518615723e-01 5.262001156806945801e-01 6.502995491027832031e-01 2.000000000000000000e+00
1.387697339057922363e+00 1.034343957901000977e+00 6.474471688270568848e-01 2.989257574081420898e-01 1.000000000000000000e+00
4.216228723526000977e-01 2.681575417518615723e-01 5.262001156806945801e-01 6.502995491027832031e-01 2.000000000000000000e+00
1.387697339057922363e+00 1.034343957901000977e+00 6.474471688270568848e-01 2.989257574081420898e-01 1.000000000000000000e+00
4.216228723526000977e-01 2.681575417518615723e-01 5.262001156806945801e-01 6.502995491027832031e-01 2.000000000000000000e+00
1.387697339057922363e+00 1.034343957901000977e+00 6.474471688270568848e-01 2.989257574081420898e-01 1.000000000000000000e+00
4.216228723526000977e-01 2.681575417518615723e-01 5.262001156806945801e-01 6.502995491027832031e-01 2.000000000000000000e+00
1.387697339057922363e+00 1.034343957901000977e+00 6.474471688270568848e-01 2.989257574081420898e-01 1.000000000000000000e+00
4.216228723526000977e-01 2.681575417518615723e-01 5.262001156806945801e-01 6.502995491027832031e-01 2.000000000000000000e+00
1.387697339057922363e+00 1.034343957901000977e+00 6.474471688270568848e-01 2.989257574081420898e-01 1.000000000000000000e+00
4.216228723526000977e-01 2.681575417518615723e-01 5.262001156806945801e-01 6.502995491027832031e-01 2.000000000000000000e+00
1.387697339057922363e+00 1.034343957901000977e+00 6.474471688270568848e-01 2.989257574081420898e-01 1.000000000000000000e+00
4.216228723526000977e-01 2.681575417518615723e-01 5.262001156806945801e-01 6.502995491027832031e-01 2.000000000000000000e+00
1.387697339057922363e+00 1.034343957901000977e+00 6.474471688270568848e-01 2.989257574081420898e-01 1.000000000000000000e+00
4.216228723526000977e-01 2.681575417518615723e-01 5.262001156806945801e-01 6.502995491027832031e-01 2.000000000000000000e+00
-1.872241497039794922e-03 8.185458183288574219e-02 3.933855295181274414e-01 5.753409266471862793e-01 0.000000000000000000e+00
1.301663517951965332e-01 -4.313337802886962891e-02 2.755671739578247070e-01 5.457047224044799805e-01 0.000000000000000000e+00
2.348802685737609863e-01 8.556860685348510742e-02 1.619682312011718750e-01 3.231596946716308594e-01 0.000000000000000000e+00
2.643542289733886719e-01 1.632905006408691406e-01 2.078688144683837891e-01 1.056934595108032227e-01 0.000000000000000000e+00
2.813534736633300781e-01 1.608688831329345703e-01 2.945514321327209473e-01 8.900690078735351562e-02 0.000000000000000000e+00
2.307306528091430664e-01 6.263506412506103516e-02 1.213984489440917969e-01 1.818014979362487793e-01 0.000000000000000000e+00
4.540780186653137207e-01 2.443200349807739258e-02 -6.270587444305419922e-02 -2.890360355377197266e-02 0.000000000000000000e+00
-4.220312833786010742e-01 -2.565838098526000977e-01 -7.536981105804443359e-01 -2.638775110244750977e-01 0.000000000000000000e+00
1.713366508483886719e+00 5.309609174728393555e-01 4.968525767326354980e-01 4.237961769104003906e-01 0.000000000000000000e+00
1.569710373878479004e-01 -9.280759096145629883e-01 -3.335245847702026367e-01 4.250337481498718262e-01 0.000000000000000000e+00
-3.483375310897827148e-01 -1.270643711090087891e+00 -1.279625535011291504e+00 -1.424408793449401855e+00 0.000000000000000000e+00
1.517466306686401367e-01 -1.857600927352905273e+00 -1.335926055908203125e+00 -1.094455480575561523e+00 0.000000000000000000e+00
-5.677279829978942871e-01 2.462870359420776367e+00 -4.718157291412353516e+00 -2.691994190216064453e+00 0.000000000000000000e+00
4.383311867713928223e-01 2.770016789436340332e-01 5.324901342391967773e-01 5.142294168472290039e-01 0.000000000000000000e+00
-7.955706119537353516e-02 3.479242324829101562e-03 1.925020813941955566e-01 3.976894617080688477e-01 0.000000000000000000e+00
5.576753616333007812e-02 -1.046027541160583496e-01 3.342850208282470703e-01 4.135939478874206543e-01 0.000000000000000000e+00
5.017507076263427734e-02 3.904068470001220703e-02 4.460424184799194336e-02 3.704093694686889648e-01 0.000000000000000000e+00
-3.845491409301757812e-01 -1.992750167846679688e-02 1.841877102851867676e-01 4.592620134353637695e-01 0.000000000000000000e+00
3.870463371276855469e-01 8.987033367156982422e-02 6.004024744033813477e-01 3.060806989669799805e-01 0.000000000000000000e+00
6.523606777191162109e-01 2.160314321517944336e-01 1.662219762802124023e-01 6.364469528198242188e-01 0.000000000000000000e+00
5.313214302062988281e+00 1.331492662429809570e+00 1.180227994918823242e+00 5.094025135040283203e-01 0.000000000000000000e+00
3.807381391525268555e-01 5.827447772026062012e-01 6.048004627227783203e-01 4.393020868301391602e-01 0.000000000000000000e+00
1.300091147422790527e-01 2.557253241539001465e-01 5.665951371192932129e-01 5.972248315811157227e-01 0.000000000000000000e+00
2.786452770233154297e-01 6.067345142364501953e-01 4.586516022682189941e-01 5.566426515579223633e-01 0.000000000000000000e+00
3.268910646438598633e-01 5.187612771987915039e-01 5.396529436111450195e-01 5.098710060119628906e-01 0.000000000000000000e+00
1.332154273986816406e-01 6.832535266876220703e-01 5.203996896743774414e-01 5.328471064567565918e-01 0.000000000000000000e+00
8.877611160278320312e-02 5.371379852294921875e-01 6.130774617195129395e-01 6.896073222160339355e-01 0.000000000000000000e+00
-1.467881321907043457e+00 -2.094218015670776367e+00 -9.061202406883239746e-01 -7.574998140335083008e-01 1.000000000000000000e+00
3.450220823287963867e-01 5.612745881080627441e-01 5.089986920356750488e-01 6.010017395019531250e-01 2.000000000000000000e+00
-1.467881321907043457e+00 -2.094218015670776367e+00 -9.061202406883239746e-01 -7.574998140335083008e-01 1.000000000000000000e+00
3.450220823287963867e-01 5.612745881080627441e-01 5.089986920356750488e-01 6.010017395019531250e-01 2.000000000000000000e+00
-1.467881321907043457e+00 -2.094218015670776367e+00 -9.061202406883239746e-01 -7.574998140335083008e-01 1.000000000000000000e+00
3.450220823287963867e-01 5.612745881080627441e-01 5.089986920356750488e-01 6.010017395019531250e-01 2.000000000000000000e+00
-1.467881321907043457e+00 -2.094218015670776367e+00 -9.061202406883239746e-01 -7.574998140335083008e-01 1.000000000000000000e+00
3.450220823287963867e-01 5.612745881080627441e-01 5.089986920356750488e-01 6.010017395019531250e-01 2.000000000000000000e+00
-1.467881321907043457e+00 -2.094218015670776367e+00 -9.061202406883239746e-01 -7.574998140335083008e-01 1.000000000000000000e+00
3.450220823287963867e-01 5.612745881080627441e-01 5.089986920356750488e-01 6.010017395019531250e-01 2.000000000000000000e+00
-1.467881321907043457e+00 -2.094218015670776367e+00 -9.061202406883239746e-01 -7.574998140335083008e-01 1.000000000000000000e+00
3.450220823287963867e-01 5.612745881080627441e-01 5.089986920356750488e-01 6.010017395019531250e-01 2.000000000000000000e+00
-1.467881321907043457e+00 -2.094218015670776367e+00 -9.061202406883239746e-01 -7.574998140335083008e-01 1.000000000000000000e+00
3.450220823287963867e-01 5.612745881080627441e-01 5.089986920356750488e-01 6.010017395019531250e-01 2.000000000000000000e+00
-1.467881321907043457e+00 -2.094218015670776367e+00 -9.061202406883239746e-01 -7.574998140335083008e-01 1.000000000000000000e+00
3.450220823287963867e-01 5.612745881080627441e-01 5.089986920356750488e-01 6.010017395019531250e-01 2.000000000000000000e+00
-1.467881321907043457e+00 -2.094218015670776367e+00 -9.061202406883239746e-01 -7.574998140335083008e-01 1.000000000000000000e+00
3.450220823287963867e-01 5.612745881080627441e-01 5.089986920356750488e-01 6.010017395019531250e-01 2.000000000000000000e+00
-1.467881321907043457e+00 -2.094218015670776367e+00 -9.061202406883239746e-01 -7.574998140335083008e-01 1.000000000000000000e+00
3.450220823287963867e-01 5.612745881080627441e-01 5.089986920356750488e-01 6.010017395019531250e-01 2.000000000000000000e+00
8.062730431556701660e-01 6.384671926498413086e-01 5.083891153335571289e-01 5.834416747093200684e-01 0.000000000000000000e+00
7.855077981948852539e-01 6.300482749938964844e-01 5.136368274688720703e-01 5.864694118499755859e-01 0.000000000000000000e+00
7.356511354446411133e-01 5.898349881172180176e-01 5.271244049072265625e-01 5.947536230087280273e-01 0.000000000000000000e+00
7.856815457344055176e-01 6.127784252166748047e-01 5.224411487579345703e-01 5.907694101333618164e-01 0.000000000000000000e+00
8.122532367706298828e-01 6.048816442489624023e-01 5.306409597396850586e-01 5.914309024810791016e-01 0.000000000000000000e+00
7.732965946197509766e-01 6.166366338729858398e-01 5.136164426803588867e-01 5.950693488121032715e-01 0.000000000000000000e+00
7.773102521896362305e-01 6.607493162155151367e-01 4.691725969314575195e-01 5.998332500457763672e-01 0.000000000000000000e+00
-1.481115818023681641e-02 3.552357554435729980e-01 7.711554169654846191e-01 9.055588841438293457e-01 0.000000000000000000e+00
3.886458873748779297e-01 6.541624665260314941e-01 9.127476811408996582e-01 1.067569732666015625e+00 0.000000000000000000e+00
9.848394393920898438e-01 4.973936080932617188e-02 -7.769614458084106445e-02 1.633938550949096680e-01 0.000000000000000000e+00
7.141649723052978516e-02 1.162035226821899414e+00 1.446916818618774414e+00 7.241746187210083008e-01 0.000000000000000000e+00
6.577391624450683594e-01 2.217123508453369141e-01 9.963691234588623047e-03 8.893132209777832031e-02 0.000000000000000000e+00
2.355675458908081055e+00 5.174120664596557617e-01 7.946673035621643066e-01 1.192139744758605957e+00 0.000000000000000000e+00
8.490740060806274414e-01 6.400820016860961914e-01 4.614447355270385742e-01 5.555121898651123047e-01 0.000000000000000000e+00
3.614463806152343750e-01 5.028234720230102539e-01 5.764955282211303711e-01 2.650160789489746094e-01 0.000000000000000000e+00
-8.080017566680908203e-02 6.475849151611328125e-01 5.304539203643798828e-01 2.952828407287597656e-01 0.000000000000000000e+00
3.924102783203125000e-01 4.176810383796691895e-01 5.794269442558288574e-01 2.715348005294799805e-01 0.000000000000000000e+00
-6.493467092514038086e-02 4.761154651641845703e-01 6.324495077133178711e-01 4.772272109985351562e-01 0.000000000000000000e+00
3.410723209381103516e-01 3.580818176269531250e-01 6.064444780349731445e-01 2.663937807083129883e-01 0.000000000000000000e+00
-3.285068273544311523e-01 6.189861297607421875e-01 6.662763357162475586e-01 4.636648893356323242e-01 0.000000000000000000e+00
3.890535831451416016e-01 2.837054133415222168e-01 5.220509171485900879e-01 3.324055671691894531e-01 0.000000000000000000e+00
4.302525043487548828e+00 1.152519464492797852e+00 5.146397352218627930e-01 4.373720288276672363e-01 0.000000000000000000e+00
4.552839756011962891e+00 2.955139875411987305e+00 3.608373165130615234e+00 7.317569255828857422e-01 0.000000000000000000e+00
-5.742772221565246582e-01 -6.885588765144348145e-01 -9.956817030906677246e-01 -9.036999940872192383e-01 0.000000000000000000e+00
-9.340436458587646484e-01 -1.051720738410949707e+00 -1.013128757476806641e+00 -1.168966650962829590e+00 0.000000000000000000e+00
1.049747705459594727e+00 2.624097585678100586e+00 7.554695606231689453e-01 -1.011779880523681641e+01 0.000000000000000000e+00
5.461832880973815918e-01 1.169894695281982422e+00 4.128547906875610352e-01 3.144799470901489258e-01 0.000000000000000000e+00
-5.814536809921264648e-01 -1.099222421646118164e+00 -8.983513116836547852e-01 -8.782759904861450195e-01 0.000000000000000000e+00
2.709745764732360840e-01 5.936335325241088867e-01 5.093500018119812012e-01 5.316869616508483887e-01 0.000000000000000000e+00
1.557806134223937988e-01 6.587193012237548828e-01 4.447703957557678223e-01 6.434171199798583984e-01 0.000000000000000000e+00
1.161224246025085449e-01 6.360251903533935547e-01 4.540525674819946289e-01 6.811536550521850586e-01 0.000000000000000000e+00
5.211783647537231445e-01 4.407482743263244629e-01 4.565767049789428711e-01 4.804236292839050293e-01 0.000000000000000000e+00
2.833887338638305664e-01 6.110190749168395996e-01 4.854191541671752930e-01 5.667400360107421875e-01 0.000000000000000000e+00
6.473089456558227539e-01 3.742564916610717773e-01 4.728860259056091309e-01 4.744134545326232910e-01 0.000000000000000000e+00
1.088583588600158691e+00 5.005636215209960938e-01 6.174910068511962891e-01 4.150240421295166016e-01 0.000000000000000000e+00
1.487078666687011719e-01 -1.125192642211914062e-02 5.670249462127685547e-02 1.489777565002441406e-01 0.000000000000000000e+00
1.420488357543945312e-01 6.522178649902343750e-03 6.573486328125000000e-02 1.373182535171508789e-01 0.000000000000000000e+00
1.368089318275451660e-01 9.667873382568359375e-04 6.479811668395996094e-02 1.488602161407470703e-01 0.000000000000000000e+00
1.386250257492065430e-01 9.163022041320800781e-03 6.767129898071289062e-02 1.490765810012817383e-01 0.000000000000000000e+00
1.315549015998840332e-01 -4.771113395690917969e-03 4.441064596176147461e-02 1.760851144790649414e-01 0.000000000000000000e+00
1.669468879699707031e-01 -5.013823509216308594e-03 7.740914821624755859e-02 1.257815361022949219e-01 0.000000000000000000e+00
-3.807246685028076172e-03 4.935083389282226562e-01 1.096780896186828613e+00 5.414990186691284180e-01 0.000000000000000000e+00
1.705846190452575684e-01 6.596799492835998535e-01 5.032829642295837402e-01 5.696232318878173828e-01 0.000000000000000000e+00
2.992666959762573242e-01 5.897069573402404785e-01 5.295851230621337891e-01 4.733688831329345703e-01 0.000000000000000000e+00
5.818852186203002930e-01 5.884365439414978027e-01 4.276735186576843262e-01 4.608546495437622070e-01 0.000000000000000000e+00
4.118688106536865234e-01 4.771289825439453125e-01 4.461553692817687988e-01 5.337611436843872070e-01 0.000000000000000000e+00
7.745688557624816895e-01 -3.814822435379028320e-02 5.160000324249267578e-01 4.325194358825683594e-01 0.000000000000000000e+00
4.780451655387878418e-01 -1.314394474029541016e-01 4.346783757209777832e-01 5.354359149932861328e-01 0.000000000000000000e+00
5.516735315322875977e-01 -8.857727050781250000e-02 2.256443500518798828e-01 5.134049654006958008e-01 0.000000000000000000e+00
4.782842993736267090e-01 5.272194743156433105e-01 3.032690286636352539e-01 2.176390290260314941e-01 0.000000000000000000e+00
4.158926010131835938e-01 5.356377363204956055e-01 2.528283596038818359e-01 4.753342866897583008e-01 0.000000000000000000e+00
4.743543863296508789e-01 3.188629746437072754e-01 6.618194580078125000e-01 5.180616378784179688e-01 0.000000000000000000e+00
5.075678825378417969e-01 5.643099546432495117e-01 5.687630772590637207e-01 5.320146083831787109e-01 0.000000000000000000e+00
5.060349941253662109e+00 1.023902416229248047e+00 5.034230947494506836e-01 3.191539049148559570e-01 0.000000000000000000e+00
-6.207830429077148438e+00 9.176301002502441406e+00 3.453092098236083984e+00 8.873502612113952637e-01 0.000000000000000000e+00
5.944612503051757812e+00 -7.747214794158935547e+00 -1.914918422698974609e-02 9.747933387756347656e+00 0.000000000000000000e+00
7.749080061912536621e-01 6.818861961364746094e-01 4.582853317260742188e-01 5.421198606491088867e-01 0.000000000000000000e+00
7.708491086959838867e-01 4.817206859588623047e-01 4.838523864746093750e-01 6.560102701187133789e-01 0.000000000000000000e+00
7.226598262786865234e-01 5.387719273567199707e-01 5.883376598358154297e-01 6.799554824829101562e-01 0.000000000000000000e+00
7.425683140754699707e-01 6.633419394493103027e-01 5.678991079330444336e-01 5.506657958030700684e-01 0.000000000000000000e+00
8.031716346740722656e-01 5.618662834167480469e-01 4.343814253807067871e-01 5.990501046180725098e-01 0.000000000000000000e+00
7.189626693725585938e-01 4.776308536529541016e-01 5.399990081787109375e-01 6.845200657844543457e-01 0.000000000000000000e+00
6.876924037933349609e-01 6.046338677406311035e-01 6.107707023620605469e-01 6.313997507095336914e-01 0.000000000000000000e+00
4.561629295349121094e-01 3.732432126998901367e-01 3.914030194282531738e-01 2.033388614654541016e-01 0.000000000000000000e+00
7.747621536254882812e-01 2.864370942115783691e-01 2.025473117828369141e-02 1.539746522903442383e-01 0.000000000000000000e+00
8.088036775588989258e-01 3.152190446853637695e-01 1.944216489791870117e-01 2.625603675842285156e-01 0.000000000000000000e+00
6.240404248237609863e-01 5.835770368576049805e-01 3.535330295562744141e-01 1.130002737045288086e-01 0.000000000000000000e+00
6.889122724533081055e-01 3.806658983230590820e-01 3.278925418853759766e-01 1.840258836746215820e-01 0.000000000000000000e+00
1.956611394882202148e+00 8.343577384948730469e-01 3.439749479293823242e-01 1.625084280967712402e-01 0.000000000000000000e+00
1.204859972000122070e+00 8.799158930778503418e-01 7.637374997138977051e-01 7.680268287658691406e-01 0.000000000000000000e+00
-1.284331083297729492e-02 5.336031913757324219e-01 5.975135564804077148e-01 8.608806133270263672e-02 0.000000000000000000e+00
7.642727494239807129e-01 6.005581021308898926e-01 4.114031195640563965e-01 5.147972702980041504e-01 0.000000000000000000e+00
7.640438675880432129e-01 7.960260510444641113e-01 4.120719432830810547e-01 4.787602424621582031e-01 0.000000000000000000e+00
9.596908092498779297e-01 8.525514602661132812e-01 4.697735309600830078e-01 5.872350931167602539e-01 0.000000000000000000e+00
9.393789768218994141e-01 8.700897693634033203e-01 5.117510557174682617e-01 6.154136657714843750e-01 0.000000000000000000e+00
9.511329531669616699e-01 9.331791996955871582e-01 4.938168525695800781e-01 6.252162456512451172e-01 0.000000000000000000e+00
9.657639265060424805e-01 8.179848790168762207e-01 4.539704918861389160e-01 5.516144633293151855e-01 0.000000000000000000e+00
9.754925966262817383e-02 6.962645053863525391e-01 7.898164391517639160e-01 9.924508333206176758e-01 0.000000000000000000e+00
-1.105242729187011719e+00 2.393100500106811523e+00 1.819139719009399414e-01 6.345599889755249023e-01 0.000000000000000000e+00
3.538190126419067383e-01 1.560640335083007812e-01 4.678404331207275391e-01 7.604405283927917480e-01 0.000000000000000000e+00
8.612681627273559570e-01 5.935015678405761719e-01 4.534646868705749512e-01 1.879670619964599609e-01 0.000000000000000000e+00
5.380295276641845703e+00 4.539837360382080078e+00 3.960248827934265137e-01 1.223537921905517578e-01 0.000000000000000000e+00
3.778339028358459473e-01 3.387813568115234375e-01 3.496345281600952148e-01 5.383729934692382812e-01 0.000000000000000000e+00
3.845641016960144043e-01 7.728409767150878906e-02 4.305827021598815918e-01 7.621796131134033203e-01 0.000000000000000000e+00
4.153185486793518066e-01 -5.720198154449462891e-02 -6.111705303192138672e-02 -1.382124423980712891e-02 0.000000000000000000e+00
3.326036334037780762e-01 1.666569352149963379e+00 1.340889811515808105e+00 1.355159163475036621e+00 0.000000000000000000e+00
6.887452602386474609e-01 1.067423224449157715e+00 1.131108999252319336e+00 4.205442667007446289e-01 0.000000000000000000e+00
1.419968724250793457e+00 7.812800407409667969e-01 7.197399139404296875e-01 6.556081175804138184e-01 0.000000000000000000e+00
9.376983642578125000e-01 3.947671055793762207e-01 4.312254786491394043e-01 3.673297166824340820e-01 0.000000000000000000e+00
2.413666963577270508e+00 3.564512729644775391e-01 8.154901266098022461e-01 6.539185643196105957e-01 0.000000000000000000e+00
4.524907112121582031e+00 5.400650501251220703e-01 8.589566946029663086e-01 5.514321327209472656e-01 0.000000000000000000e+00
8.482527136802673340e-01 5.482977628707885742e-01 6.154486536979675293e-01 5.947231054306030273e-01 0.000000000000000000e+00
8.517152070999145508e-01 8.132200241088867188e-01 4.256576895713806152e-01 4.609786272048950195e-01 0.000000000000000000e+00
6.844546794891357422e-01 5.793858766555786133e-01 5.696247816085815430e-01 6.645365953445434570e-01 0.000000000000000000e+00
8.333539962768554688e-01 5.882519483566284180e-01 4.915791749954223633e-01 5.514670610427856445e-01 0.000000000000000000e+00
8.015552163124084473e-01 5.924922227859497070e-01 5.348151922225952148e-01 5.973383188247680664e-01 0.000000000000000000e+00
7.704979181289672852e-01 6.485688686370849609e-01 5.829186439514160156e-01 5.524836778640747070e-01 0.000000000000000000e+00
6.917788386344909668e-01 4.551833868026733398e-01 5.837150812149047852e-01 7.060971260070800781e-01 0.000000000000000000e+00
2.133359909057617188e-01 -9.887099266052246094e-03 2.578639984130859375e-02 -4.350948333740234375e-02 0.000000000000000000e+00
2.913403511047363281e-01 -1.271027326583862305e-02 1.068724393844604492e-01 -3.621375560760498047e-02 0.000000000000000000e+00
1.809577941894531250e-01 7.208108901977539062e-02 1.585423946380615234e-02 4.103529453277587891e-02 0.000000000000000000e+00
1.462244391441345215e-01 6.761246919631958008e-02 8.394300937652587891e-03 9.694635868072509766e-02 0.000000000000000000e+00
1.473757624626159668e-01 1.541984081268310547e-02 -1.505970954895019531e-03 1.379602551460266113e-01 0.000000000000000000e+00
1.314902305603027344e-01 2.654063701629638672e-02 4.212367534637451172e-02 1.397015452384948730e-01 0.000000000000000000e+00
1.323888301849365234e-01 3.949880599975585938e-03 4.514342546463012695e-02 1.304395794868469238e-01 0.000000000000000000e+00
8.136947631835937500e+00 4.982649803161621094e+00 1.374103307723999023e+00 4.860937595367431641e-01 0.000000000000000000e+00
6.712533950805664062e+00 9.333641529083251953e-01 6.730747222900390625e-01 5.939959883689880371e-01 0.000000000000000000e+00
9.187449216842651367e-01 3.836058378219604492e-01 3.911860585212707520e-01 3.396726846694946289e-01 0.000000000000000000e+00
9.259176254272460938e+00 6.868293881416320801e-01 4.574724435806274414e-01 3.429188132286071777e-01 0.000000000000000000e+00
6.722514629364013672e+00 1.367649912834167480e+00 -7.492395877838134766e+00 -1.106324672698974609e+00 0.000000000000000000e+00
1.143384456634521484e+00 1.987105607986450195e-01 3.427629470825195312e-01 4.949979186058044434e-01 0.000000000000000000e+00
-1.413154602050781250e-02 -1.517234444618225098e-01 2.612080574035644531e-01 4.786685705184936523e-01 0.000000000000000000e+00
5.939035892486572266e+00 9.643558263778686523e-01 4.299027919769287109e-01 5.214762091636657715e-01 1.000000000000000000e+00
6.313546180725097656e+00 2.224601268768310547e+00 9.055233001708984375e-01 3.220682144165039062e-01 2.000000000000000000e+00
5.939035892486572266e+00 9.643558263778686523e-01 4.299027919769287109e-01 5.214762091636657715e-01 1.000000000000000000e+00
6.313546180725097656e+00 2.224601268768310547e+00 9.055233001708984375e-01 3.220682144165039062e-01 2.000000000000000000e+00
5.939035892486572266e+00 9.643558263778686523e-01 4.299027919769287109e-01 5.214762091636657715e-01 1.000000000000000000e+00
6.313546180725097656e+00 2.224601268768310547e+00 9.055233001708984375e-01 3.220682144165039062e-01 2.000000000000000000e+00
5.939035892486572266e+00 9.643558263778686523e-01 4.299027919769287109e-01 5.214762091636657715e-01 1.000000000000000000e+00
6.313546180725097656e+00 2.224601268768310547e+00 9.055233001708984375e-01 3.220682144165039062e-01 2.000000000000000000e+00
5.939035892486572266e+00 9.643558263778686523e-01 4.299027919769287109e-01 5.214762091636657715e-01 1.000000000000000000e+00
6.313546180725097656e+00 2.224601268768310547e+00 9.055233001708984375e-01 3.220682144165039062e-01 2.000000000000000000e+00
5.939035892486572266e+00 9.643558263778686523e-01 4.299027919769287109e-01 5.214762091636657715e-01 1.000000000000000000e+00
6.313546180725097656e+00 2.224601268768310547e+00 9.055233001708984375e-01 3.220682144165039062e-01 2.000000000000000000e+00
5.939035892486572266e+00 9.643558263778686523e-01 4.299027919769287109e-01 5.214762091636657715e-01 1.000000000000000000e+00
6.313546180725097656e+00 2.224601268768310547e+00 9.055233001708984375e-01 3.220682144165039062e-01 2.000000000000000000e+00
5.939035892486572266e+00 9.643558263778686523e-01 4.299027919769287109e-01 5.214762091636657715e-01 1.000000000000000000e+00
6.313546180725097656e+00 2.224601268768310547e+00 9.055233001708984375e-01 3.220682144165039062e-01 2.000000000000000000e+00
5.939035892486572266e+00 9.643558263778686523e-01 4.299027919769287109e-01 5.214762091636657715e-01 1.000000000000000000e+00
6.313546180725097656e+00 2.224601268768310547e+00 9.055233001708984375e-01 3.220682144165039062e-01 2.000000000000000000e+00
5.939035892486572266e+00 9.643558263778686523e-01 4.299027919769287109e-01 5.214762091636657715e-01 1.000000000000000000e+00
6.313546180725097656e+00 2.224601268768310547e+00 9.055233001708984375e-01 3.220682144165039062e-01 2.000000000000000000e+00
9.574680328369140625e-01 3.691601753234863281e-01 4.631533622741699219e-01 1.668190956115722656e-02 0.000000000000000000e+00
1.051110029220581055e+00 7.746362686157226562e-01 4.861463904380798340e-01 6.498754024505615234e-03 0.000000000000000000e+00
7.861242294311523438e-01 1.536046743392944336e+00 1.217676401138305664e+00 5.587117671966552734e-01 0.000000000000000000e+00
7.202855348587036133e-01 6.612396240234375000e-01 7.915096282958984375e-01 1.082205772399902344e+00 0.000000000000000000e+00
1.394184827804565430e+00 -3.351278305053710938e-01 4.272663593292236328e-02 2.268319129943847656e-01 0.000000000000000000e+00
6.407787203788757324e-01 2.319606542587280273e-01 2.829812169075012207e-01 2.436649799346923828e-01 0.000000000000000000e+00
1.233509778976440430e+00 7.511824369430541992e-01 7.049481868743896484e-01 3.760367631912231445e-02 0.000000000000000000e+00
3.615942001342773438e-01 5.859717130661010742e-01 4.495455622673034668e-01 6.465449333190917969e-01 0.000000000000000000e+00
-2.255177497863769531e-02 3.279047012329101562e-01 6.202815175056457520e-01 6.696512699127197266e-01 0.000000000000000000e+00
1.080964326858520508e+00 5.780468583106994629e-01 -1.326098442077636719e-01 2.226297855377197266e-01 0.000000000000000000e+00
1.000271320343017578e+00 4.050435543060302734e+00 3.162304878234863281e+00 1.133185386657714844e+00 0.000000000000000000e+00
2.289303302764892578e+00 2.684901714324951172e+00 3.043640136718750000e+00 2.363945245742797852e+00 0.000000000000000000e+00
3.464884757995605469e+00 -1.277731657028198242e+00 -1.283621788024902344e+00 7.416506767272949219e+00 0.000000000000000000e+00
9.575102925300598145e-01 -1.598614573478698730e+00 -1.123377084732055664e+00 -2.903997182846069336e+00 0.000000000000000000e+00
1.283068656921386719e+00 7.912362813949584961e-01 5.490771532058715820e-01 5.446976423263549805e-01 0.000000000000000000e+00
7.587918043136596680e-01 6.009785532951354980e-01 5.457780361175537109e-01 3.214759826660156250e-01 0.000000000000000000e+00
6.866828203201293945e-01 6.329817771911621094e-01 1.498898863792419434e-01 1.805290579795837402e-01 0.000000000000000000e+00
6.126419305801391602e-01 3.278814554214477539e-01 1.012650728225708008e-01 1.622176170349121094e-01 0.000000000000000000e+00
4.110739827156066895e-01 1.934722661972045898e-01 3.255697488784790039e-01 -1.099221706390380859e-01 0.000000000000000000e+00
9.399846792221069336e-01 4.747390151023864746e-01 2.990195751190185547e-01 1.037557125091552734e-01 0.000000000000000000e+00
4.196469783782958984e-01 1.449775695800781250e-01 1.617402434349060059e-01 3.386843204498291016e-02 0.000000000000000000e+00
6.740264892578125000e-01 6.340606212615966797e-01 3.496706485748291016e-01 4.951666593551635742e-01 0.000000000000000000e+00
3.909918069839477539e-01 5.115427970886230469e-01 5.786161422729492188e-01 5.688003301620483398e-01 0.000000000000000000e+00
2.585549950599670410e-01 5.159785151481628418e-01 5.535503625869750977e-01 5.860233306884765625e-01 0.000000000000000000e+00
1.398292779922485352e-01 6.002900004386901855e-01 5.098165869712829590e-01 5.632194876670837402e-01 0.000000000000000000e+00
1.462344527244567871e-01 5.911437273025512695e-01 4.899057149887084961e-01 6.047512292861938477e-01 0.000000000000000000e+00
-6.055641174316406250e-02 2.140446901321411133e-01 5.619308948516845703e-01 6.560201644897460938e-01 0.000000000000000000e+00
1.095520853996276855e-01 4.812678694725036621e-01 6.403502225875854492e-01 6.764175295829772949e-01 0.000000000000000000e+00
3.584088087081909180e-01 3.405697345733642578e-01 4.612978696823120117e-01 6.949656605720520020e-01 0.000000000000000000e+00
3.839094638824462891e-01 2.939062118530273438e-01 4.071760177612304688e-01 5.663202404975891113e-01 0.000000000000000000e+00
6.887851953506469727e-01 3.622742891311645508e-01 4.407982230186462402e-01 6.541201472282409668e-01 0.000000000000000000e+00
1.387113332748413086e-01 5.431135296821594238e-01 5.315864086151123047e-01 6.090189218521118164e-01 0.000000000000000000e+00
3.464040756225585938e-01 4.526184201240539551e-01 5.187931060791015625e-01 7.151488065719604492e-01 0.000000000000000000e+00
1.887362003326416016e-01 5.486820936203002930e-01 6.341320276260375977e-01 7.540732026100158691e-01 0.000000000000000000e+00
2.686940431594848633e-01 4.082536697387695312e-01 6.239959597587585449e-01 9.125887155532836914e-01 0.000000000000000000e+00
4.393124580383300781e-02 5.048993825912475586e-01 6.160328388214111328e-01 9.016990661621093750e-01 1.000000000000000000e+00
1.113620996475219727e-01 5.701653361320495605e-01 5.546862483024597168e-01 5.404379963874816895e-01 2.000000000000000000e+00
4.393124580383300781e-02 5.048993825912475586e-01 6.160328388214111328e-01 9.016990661621093750e-01 1.000000000000000000e+00
1.113620996475219727e-01 5.701653361320495605e-01 5.546862483024597168e-01 5.404379963874816895e-01 2.000000000000000000e+00
4.393124580383300781e-02 5.048993825912475586e-01 6.160328388214111328e-01 9.016990661621093750e-01 1.000000000000000000e+00
1.113620996475219727e-01 5.701653361320495605e-01 5.546862483024597168e-01 5.404379963874816895e-01 2.000000000000000000e+00
4.393124580383300781e-02 5.048993825912475586e-01 6.160328388214111328e-01 9.016990661621093750e-01 1.000000000000000000e+00
1.113620996475219727e-01 5.701653361320495605e-01 5.546862483024597168e-01 5.404379963874816895e-01 2.000000000000000000e+00
4.393124580383300781e-02 5.048993825912475586e-01 6.160328388214111328e-01 9.016990661621093750e-01 1.000000000000000000e+00
1.113620996475219727e-01 5.701653361320495605e-01 5.546862483024597168e-01 5.404379963874816895e-01 2.000000000000000000e+00
4.393124580383300781e-02 5.048993825912475586e-01 6.160328388214111328e-01 9.016990661621093750e-01 1.000000000000000000e+00
1.113620996475219727e-01 5.701653361320495605e-01 5.546862483024597168e-01 5.404379963874816895e-01 2.000000000000000000e+00
4.393124580383300781e-02 5.048993825912475586e-01 6.160328388214111328e-01 9.016990661621093750e-01 1.000000000000000000e+00
1.113620996475219727e-01 5.701653361320495605e-01 5.546862483024597168e-01 5.404379963874816895e-01 2.000000000000000000e+00
4.393124580383300781e-02 5.048993825912475586e-01 6.160328388214111328e-01 9.016990661621093750e-01 1.000000000000000000e+00
1.113620996475219727e-01 5.701653361320495605e-01 5.546862483024597168e-01 5.404379963874816895e-01 2.000000000000000000e+00
4.393124580383300781e-02 5.048993825912475586e-01 6.160328388214111328e-01 9.016990661621093750e-01 1.000000000000000000e+00
1.113620996475219727e-01 5.701653361320495605e-01 5.546862483024597168e-01 5.404379963874816895e-01 2.000000000000000000e+00
4.393124580383300781e-02 5.048993825912475586e-01 6.160328388214111328e-01 9.016990661621093750e-01 1.000000000000000000e+00
1.113620996475219727e-01 5.701653361320495605e-01 5.546862483024597168e-01 5.404379963874816895e-01 2.000000000000000000e+00
-8.666350841522216797e-01 7.172656655311584473e-01 3.636353015899658203e-01 7.574701309204101562e-01 0.000000000000000000e+00
1.599941849708557129e+00 6.079058051109313965e-01 -6.972274780273437500e-01 -2.254503965377807617e-01 0.000000000000000000e+00
-5.396423339843750000e+00 4.134387016296386719e+00 3.922176599502563477e+00 1.947333335876464844e+00 0.000000000000000000e+00
6.953439712524414062e-01 4.555445313453674316e-01 5.659483671188354492e-01 5.451499223709106445e-01 0.000000000000000000e+00
6.280481219291687012e-01 4.452672600746154785e-01 5.680515766143798828e-01 4.651463031768798828e-01 0.000000000000000000e+00
6.669602394104003906e-01 6.408032178878784180e-01 4.460197687149047852e-01 5.201462507247924805e-01 0.000000000000000000e+00
7.586828231811523438e+00 -8.487618446350097656e+00 1.216343975067138672e+01 3.897799849510192871e-01 0.000000000000000000e+00
7.300865054130554199e-01 2.477639615535736084e-01 4.281466484069824219e+00 3.968755006790161133e+00 0.000000000000000000e+00
-9.089435338973999023e-01 -8.140472769737243652e-01 -8.980287313461303711e-01 -7.362519502639770508e-01 0.000000000000000000e+00
3.772334575653076172e+00 -1.768944621086120605e+00 -4.172746181488037109e+00 -2.919678092002868652e-01 0.000000000000000000e+00
3.345948457717895508e-01 2.292332053184509277e-01 5.310795307159423828e-01 5.648218393325805664e-01 0.000000000000000000e+00
-7.319139242172241211e-01 -1.748319864273071289e-01 6.871615648269653320e-01 9.420126080513000488e-01 0.000000000000000000e+00
1.117314696311950684e+00 7.777469158172607422e-01 8.741070032119750977e-01 9.414392709732055664e-01 1.000000000000000000e+00
9.459013342857360840e-01 9.040095806121826172e-01 9.480469822883605957e-01 2.813045978546142578e-01 2.000000000000000000e+00
1.117314696311950684e+00 7.777469158172607422e-01 8.741070032119750977e-01 9.414392709732055664e-01 1.000000000000000000e+00
9.459013342857360840e-01 9.040095806121826172e-01 9.480469822883605957e-01 2.813045978546142578e-01 2.000000000000000000e+00
1.117314696311950684e+00 7.777469158172607422e-01 8.741070032119750977e-01 9.414392709732055664e-01 1.000000000000000000e+00
9.459013342857360840e-01 9.040095806121826172e-01 9.480469822883605957e-01 2.813045978546142578e-01 2.000000000000000000e+00
1.117314696311950684e+00 7.777469158172607422e-01 8.741070032119750977e-01 9.414392709732055664e-01 1.000000000000000000e+00
9.459013342857360840e-01 9.040095806121826172e-01 9.480469822883605957e-01 2.813045978546142578e-01 2.000000000000000000e+00
1.117314696311950684e+00 7.777469158172607422e-01 8.741070032119750977e-01 9.414392709732055664e-01 1.000000000000000000e+00
9.459013342857360840e-01 9.040095806121826172e-01 9.480469822883605957e-01 2.813045978546142578e-01 2.000000000000000000e+00
1.117314696311950684e+00 7.777469158172607422e-01 8.741070032119750977e-01 9.414392709732055664e-01 1.000000000000000000e+00
9.459013342857360840e-01 9.040095806121826172e-01 9.480469822883605957e-01 2.813045978546142578e-01 2.000000000000000000e+00
1.117314696311950684e+00 7.777469158172607422e-01 8.741070032119750977e-01 9.414392709732055664e-01 1.000000000000000000e+00
9.459013342857360840e-01 9.040095806121826172e-01 9.480469822883605957e-01 2.813045978546142578e-01 2.000000000000000000e+00
1.117314696311950684e+00 7.777469158172607422e-01 8.741070032119750977e-01 9.414392709732055664e-01 1.000000000000000000e+00
9.459013342857360840e-01 9.040095806121826172e-01 9.480469822883605957e-01 2.813045978546142578e-01 2.000000000000000000e+00
1.117314696311950684e+00 7.777469158172607422e-01 8.741070032119750977e-01 9.414392709732055664e-01 1.000000000000000000e+00
9.459013342857360840e-01 9.040095806121826172e-01 9.480469822883605957e-01 2.813045978546142578e-01 2.000000000000000000e+00
1.117314696311950684e+00 7.777469158172607422e-01 8.741070032119750977e-01 9.414392709732055664e-01 1.000000000000000000e+00
9.459013342857360840e-01 9.040095806121826172e-01 9.480469822883605957e-01 2.813045978546142578e-01 2.000000000000000000e+00
9.156409502029418945e-01 8.896252512931823730e-01 5.027641057968139648e-01 6.151435375213623047e-01 0.000000000000000000e+00
7.780058383941650391e-01 5.522074103355407715e-01 5.961999893188476562e-01 6.732130646705627441e-01 0.000000000000000000e+00
4.410604834556579590e-01 5.934691429138183594e-01 5.156908035278320312e-01 6.904715299606323242e-01 0.000000000000000000e+00
-3.243913650512695312e-01 2.939043045043945312e-01 4.664545059204101562e-01 4.602350592613220215e-01 0.000000000000000000e+00
-8.744757175445556641e-01 5.294016599655151367e-01 6.506033539772033691e-01 7.882857918739318848e-01 0.000000000000000000e+00
5.609291553497314453e+00 1.249585628509521484e+00 8.409399986267089844e-01 3.257026672363281250e-01 1.000000000000000000e+00
1.045801758766174316e+00 9.649138450622558594e-01 6.506223082542419434e-01 5.687985420227050781e-01 2.000000000000000000e+00
5.609291553497314453e+00 1.249585628509521484e+00 8.409399986267089844e-01 3.257026672363281250e-01 1.000000000000000000e+00
1.045801758766174316e+00 9.649138450622558594e-01 6.506223082542419434e-01 5.687985420227050781e-01 2.000000000000000000e+00
5.609291553497314453e+00 1.249585628509521484e+00 8.409399986267089844e-01 3.257026672363281250e-01 1.000000000000000000e+00
1.045801758766174316e+00 9.649138450622558594e-01 6.506223082542419434e-01 5.687985420227050781e-01 2.000000000000000000e+00
5.609291553497314453e+00 1.249585628509521484e+00 8.409399986267089844e-01 3.257026672363281250e-01 1.000000000000000000e+00
1.045801758766174316e+00 9.649138450622558594e-01 6.506223082542419434e-01 5.687985420227050781e-01 2.000000000000000000e+00
5.609291553497314453e+00 1.249585628509521484e+00 8.409399986267089844e-01 3.257026672363281250e-01 1.000000000000000000e+00
1.045801758766174316e+00 9.649138450622558594e-01 6.506223082542419434e-01 5.687985420227050781e-01 2.000000000000000000e+00
5.609291553497314453e+00 1.249585628509521484e+00 8.409399986267089844e-01 3.257026672363281250e-01 1.000000000000000000e+00
1.045801758766174316e+00 9.649138450622558594e-01 6.506223082542419434e-01 5.687985420227050781e-01 2.000000000000000000e+00
5.609291553497314453e+00 1.249585628509521484e+00 8.409399986267089844e-01 3.257026672363281250e-01 1.000000000000000000e+00
1.045801758766174316e+00 9.649138450622558594e-01 6.506223082542419434e-01 5.687985420227050781e-01 2.000000000000000000e+00
5.609291553497314453e+00 1.249585628509521484e+00 8.409399986267089844e-01 3.257026672363281250e-01 1.000000000000000000e+00
1.045801758766174316e+00 9.649138450622558594e-01 6.506223082542419434e-01 5.687985420227050781e-01 2.000000000000000000e+00
5.609291553497314453e+00 1.249585628509521484e+00 8.409399986267089844e-01 3.257026672363281250e-01 1.000000000000000000e+00
1.045801758766174316e+00 9.649138450622558594e-01 6.506223082542419434e-01 5.687985420227050781e-01 2.000000000000000000e+00
5.609291553497314453e+00 1.249585628509521484e+00 8.409399986267089844e-01 3.257026672363281250e-01 1.000000000000000000e+00
1.045801758766174316e+00 9.649138450622558594e-01 6.506223082542419434e-01 5.687985420227050781e-01 2.000000000000000000e+00
6.196215748786926270e-01 9.791836142539978027e-01 -1.399351358413696289e+00 -3.406130075454711914e+00 0.000000000000000000e+00
-3.114918231964111328e+00 -2.380224943161010742e+00 -6.916992664337158203e-01 -1.927270293235778809e+00 0.000000000000000000e+00
-1.276361465454101562e+00 -1.640023469924926758e+00 -6.535802483558654785e-01 -4.790332317352294922e+00 0.000000000000000000e+00
4.244821667671203613e-01 -3.121851086616516113e-01 -1.656931042671203613e+00 9.644837975502014160e-01 0.000000000000000000e+00
-6.334524154663085938e-01 -1.317942738533020020e-01 -8.243438601493835449e-01 1.236897706985473633e-02 0.000000000000000000e+00
-1.946601271629333496e-01 -2.306331872940063477e+00 -1.814826965332031250e+00 -1.132990837097167969e+00 0.000000000000000000e+00
2.235524356365203857e-01 -1.115763068199157715e+00 -6.995315551757812500e-01 -2.384282588958740234e+00 0.000000000000000000e+00
1.286575555801391602e+00 1.260463118553161621e+00 6.535235643386840820e-01 6.213759183883666992e-01 0.000000000000000000e+00
7.971723079681396484e-01 2.504498362541198730e-01 8.609235286712646484e-01 9.912848472595214844e-03 0.000000000000000000e+00
1.143041610717773438e+00 2.942032814025878906e+00 -3.656679868698120117e+00 -1.932202339172363281e+00 0.000000000000000000e+00
2.087508201599121094e+00 -5.485431194305419922e+00 -6.788343191146850586e-03 -4.150235176086425781e+00 0.000000000000000000e+00
1.727785825729370117e+00 2.168623685836791992e+00 -7.459956169128417969e+00 -1.143256068229675293e+00 0.000000000000000000e+00
3.389154672622680664e-01 -1.371389985084533691e+00 -4.458207130432128906e+00 -1.335148215293884277e+00 0.000000000000000000e+00
7.113713622093200684e-01 -7.703138589859008789e-01 -9.519860744476318359e-01 -2.103462815284729004e-01 0.000000000000000000e+00
2.837232351303100586e-01 -1.063784360885620117e-01 6.445225477218627930e-01 -1.364092826843261719e-01 0.000000000000000000e+00
-9.781056642532348633e-02 -5.710446834564208984e-02 4.293787479400634766e-01 3.387036919593811035e-01 0.000000000000000000e+00
4.978962540626525879e-01 -2.443057298660278320e-01 4.370415210723876953e-02 1.338149309158325195e-01 0.000000000000000000e+00
3.828694820404052734e-01 9.992623329162597656e-02 1.506067514419555664e-01 1.436877250671386719e-02 0.000000000000000000e+00
1.903736591339111328e-02 3.280282020568847656e-03 -4.298126697540283203e-02 5.315941572189331055e-01 0.000000000000000000e+00
-1.912640333175659180e-01 3.056931495666503906e-02 -1.610065698623657227e-01 6.383687257766723633e-01 0.000000000000000000e+00
5.783627629280090332e-01 2.371022701263427734e-01 4.678193330764770508e-01 3.128523230552673340e-01 0.000000000000000000e+00
2.909057140350341797e-01 6.360036134719848633e-02 6.456869840621948242e-02 5.381813645362854004e-01 0.000000000000000000e+00
2.833079099655151367e-01 1.116369962692260742e-01 2.856659889221191406e-01 3.029143810272216797e-02 0.000000000000000000e+00
3.177617192268371582e-01 2.731270790100097656e-01 1.998120546340942383e-02 -1.625751852989196777e-01 0.000000000000000000e+00
3.095779418945312500e-01 1.526951193809509277e-01 6.914699077606201172e-02 1.035035848617553711e-01 0.000000000000000000e+00
1.598406434059143066e-01 1.129553318023681641e-01 3.695571422576904297e-02 9.432435035705566406e-02 0.000000000000000000e+00
3.157970905303955078e-01 -3.037983179092407227e-02 2.007246017456054688e-01 -6.499564647674560547e-02 0.000000000000000000e+00
2.059015631675720215e-01 -3.755456209182739258e-02 -1.762807369232177734e-03 2.474451065063476562e-02 0.000000000000000000e+00
1.082641601562500000e+00 3.735326528549194336e+00 7.942870140075683594e+00 4.202095270156860352e-01 0.000000000000000000e+00
1.848105669021606445e+00 -2.926573753356933594e+00 -3.125167846679687500e+00 -1.032895684242248535e+00 0.000000000000000000e+00
1.443611741065979004e+00 5.540047883987426758e-01 5.801007151603698730e-01 4.098243117332458496e-01 0.000000000000000000e+00
6.478401184082031250e+00 1.926850080490112305e-01 4.264256358146667480e-01 2.281360626220703125e-01 0.000000000000000000e+00
3.770133495330810547e+00 3.541986346244812012e-01 1.883260607719421387e-01 1.682674288749694824e-01 0.000000000000000000e+00
8.987165689468383789e-01 6.518480181694030762e-01 7.008869051933288574e-01 4.401206970214843750e-04 0.000000000000000000e+00
1.157743334770202637e+00 6.445880532264709473e-01 1.120448708534240723e-01 -3.413820266723632812e-02 0.000000000000000000e+00
4.659098625183105469e+00 -1.870901584625244141e+00 4.248324394226074219e+00 2.807440519332885742e+00 0.000000000000000000e+00
2.716534137725830078e+00 4.480338096618652344e-01 5.518239736557006836e-01 5.037474036216735840e-01 0.000000000000000000e+00
3.609670639038085938e+00 6.843967437744140625e-01 2.961364984512329102e-01 2.938272953033447266e-01 0.000000000000000000e+00
2.053209066390991211e+00 1.947091221809387207e-01 4.717295765876770020e-01 3.190042376518249512e-01 0.000000000000000000e+00
1.435875296592712402e-01 -2.462406158447265625e+00 -8.393943905830383301e-01 -1.375794291496276855e+00 0.000000000000000000e+00
3.330916166305541992e-01 2.211362123489379883e-02 -4.376071691513061523e-02 1.724508404731750488e-01 0.000000000000000000e+00
-9.597097635269165039e-01 -1.210341930389404297e+00 -9.667525887489318848e-01 -1.192355155944824219e+00 1.000000000000000000e+00
9.776253700256347656e-01 -3.025023221969604492e+00 -1.056791305541992188e+00 -9.126869440078735352e-01 2.000000000000000000e+00
-9.597097635269165039e-01 -1.210341930389404297e+00 -9.667525887489318848e-01 -1.192355155944824219e+00 1.000000000000000000e+00
9.776253700256347656e-01 -3.025023221969604492e+00 -1.056791305541992188e+00 -9.126869440078735352e-01 2.000000000000000000e+00
-9.597097635269165039e-01 -1.210341930389404297e+00 -9.667525887489318848e-01 -1.192355155944824219e+00 1.000000000000000000e+00
9.776253700256347656e-01 -3.025023221969604492e+00 -1.056791305541992188e+00 -9.126869440078735352e-01 2.000000000000000000e+00
-9.597097635269165039e-01 -1.210341930389404297e+00 -9.667525887489318848e-01 -1.192355155944824219e+00 1.000000000000000000e+00
9.776253700256347656e-01 -3.025023221969604492e+00 -1.056791305541992188e+00 -9.126869440078735352e-01 2.000000000000000000e+00
-9.597097635269165039e-01 -1.210341930389404297e+00 -9.667525887489318848e-01 -1.192355155944824219e+00 1.000000000000000000e+00
9.776253700256347656e-01 -3.025023221969604492e+00 -1.056791305541992188e+00 -9.126869440078735352e-01 2.000000000000000000e+00
-9.597097635269165039e-01 -1.210341930389404297e+00 -9.667525887489318848e-01 -1.192355155944824219e+00 1.000000000000000000e+00
9.776253700256347656e-01 -3.025023221969604492e+00 -1.056791305541992188e+00 -9.126869440078735352e-01 2.000000000000000000e+00
-9.597097635269165039e-01 -1.210341930389404297e+00 -9.667525887489318848e-01 -1.192355155944824219e+00 1.000000000000000000e+00
9.776253700256347656e-01 -3.025023221969604492e+00 -1.056791305541992188e+00 -9.126869440078735352e-01 2.000000000000000000e+00
-9.597097635269165039e-01 -1.210341930389404297e+00 -9.667525887489318848e-01 -1.192355155944824219e+00 1.000000000000000000e+00
9.776253700256347656e-01 -3.025023221969604492e+00 -1.056791305541992188e+00 -9.126869440078735352e-01 2.000000000000000000e+00
-9.597097635269165039e-01 -1.210341930389404297e+00 -9.667525887489318848e-01 -1.192355155944824219e+00 1.000000000000000000e+00
9.776253700256347656e-01 -3.025023221969604492e+00 -1.056791305541992188e+00 -9.126869440078735352e-01 2.000000000000000000e+00
-9.597097635269165039e-01 -1.210341930389404297e+00 -9.667525887489318848e-01 -1.192355155944824219e+00 1.000000000000000000e+00
9.776253700256347656e-01 -3.025023221969604492e+00 -1.056791305541992188e+00 -9.126869440078735352e-01 2.000000000000000000e+00
2.679088115692138672e-01 1.858640909194946289e-01 1.185647249221801758e-01 1.022747755050659180e-01 0.000000000000000000e+00
3.821976780891418457e-01 1.581043004989624023e-01 5.948960781097412109e-02 -2.826595306396484375e-02 0.000000000000000000e+00
3.618539571762084961e-01 9.250688552856445312e-02 7.457411289215087891e-02 6.174373626708984375e-02 0.000000000000000000e+00
7.658010721206665039e-01 3.456958532333374023e-01 7.923847436904907227e-02 6.062316894531250000e-02 0.000000000000000000e+00
6.681134104728698730e-01 6.075089573860168457e-01 1.479607820510864258e-02 3.286737203598022461e-01 0.000000000000000000e+00
6.213774681091308594e-01 3.883240818977355957e-01 2.263607382774353027e-01 2.410717010498046875e-01 0.000000000000000000e+00
4.112631082534790039e-01 7.796163558959960938e-01 3.543841838836669922e-01 8.495444059371948242e-02 0.000000000000000000e+00
6.280359029769897461e-01 7.271159887313842773e-01 5.849173069000244141e-01 5.999426841735839844e-01 0.000000000000000000e+00
7.566665410995483398e-01 5.394775867462158203e-01 5.146523714065551758e-01 7.720805406570434570e-01 0.000000000000000000e+00
1.080498695373535156e+00 9.694597125053405762e-01 6.086140275001525879e-01 6.008256673812866211e-01 0.000000000000000000e+00
9.056373834609985352e-01 5.082020163536071777e-01 8.019961118698120117e-01 5.757139921188354492e-01 0.000000000000000000e+00
5.139266252517700195e-01 -1.891394853591918945e-01 5.291534066200256348e-01 5.197598934173583984e-01 0.000000000000000000e+00
4.624301195144653320e-01 -2.183568477630615234e-01 3.395314216613769531e-01 1.359075307846069336e-01 0.000000000000000000e+00
4.123765230178833008e-01 -1.466119885444641113e-01 2.256910800933837891e-01 -1.334075927734375000e-01 0.000000000000000000e+00
9.760611057281494141e-01 1.862120032310485840e-01 5.698493719100952148e-01 6.944259405136108398e-01 0.000000000000000000e+00
7.367604970932006836e-02 -1.676034331321716309e-01 4.949681758880615234e-01 3.508646488189697266e-01 0.000000000000000000e+00
3.602970242500305176e-01 -1.110096573829650879e-01 -2.554885149002075195e-01 2.282738685607910156e-02 0.000000000000000000e+00
2.449610233306884766e-01 7.167237997055053711e-02 1.240220665931701660e-01 -1.711853742599487305e-01 0.000000000000000000e+00
4.493874311447143555e-01 1.674524545669555664e-01 6.422953605651855469e-01 1.899420022964477539e-01 0.000000000000000000e+00
1.380947351455688477e+00 3.177803158760070801e-01 7.763487100601196289e-01 7.297669649124145508e-01 0.000000000000000000e+00
5.022943496704101562e+00 1.171175599098205566e+00 1.019947171211242676e+00 1.040206193923950195e+00 0.000000000000000000e+00
-4.607057273387908936e-01 -3.380720615386962891e-01 -1.385514497756958008e+00 -4.083512783050537109e+00 0.000000000000000000e+00
-3.918784558773040771e-01 2.235807478427886963e-01 2.277386903762817383e+00 -5.109891295433044434e-02 0.000000000000000000e+00
-8.040574789047241211e-01 1.012356996536254883e+00 -9.823902845382690430e-01 -3.648420810699462891e+00 0.000000000000000000e+00
-4.464507102966308594e-01 -5.131289958953857422e-01 -2.221612691879272461e+00 -2.596816062927246094e+00 0.000000000000000000e+00
-9.212982177734375000e+00 7.513341903686523438e+00 2.412539482116699219e+00 -1.047058939933776855e+00 0.000000000000000000e+00
-6.032419800758361816e-01 3.162268102169036865e-01 -2.847344875335693359e+00 -1.537425518035888672e-01 0.000000000000000000e+00
-3.325448751449584961e+00 2.215685844421386719e+00 -4.418218135833740234e+00 -2.471839427947998047e+00 0.000000000000000000e+00
1.332365870475769043e-01 4.310566186904907227e-02 1.061630249023437500e-02 1.670979261398315430e-01 0.000000000000000000e+00
2.203360795974731445e-01 -7.365894317626953125e-02 1.286736726760864258e-01 2.534896135330200195e-01 0.000000000000000000e+00
1.811990141868591309e-01 -1.492583751678466797e-02 -7.664543390274047852e-02 2.276301383972167969e-01 0.000000000000000000e+00
2.816908359527587891e-01 -4.668653011322021484e-02 -6.007659435272216797e-02 3.125600814819335938e-01 0.000000000000000000e+00
2.803484201431274414e-01 7.701642513275146484e-01 8.993894457817077637e-01 1.022986650466918945e+00 0.000000000000000000e+00
-5.148164272308349609e+00 -3.900546789169311523e+00 -1.216936945915222168e+00 9.465944290161132812e+00 0.000000000000000000e+00
3.383207321166992188e-02 4.544800519943237305e-01 5.713387131690979004e-01 6.754034757614135742e-01 0.000000000000000000e+00
2.749708294868469238e-01 4.151213169097900391e-01 4.107267260551452637e-01 3.673291802406311035e-01 0.000000000000000000e+00
3.575779795646667480e-01 2.706140279769897461e-01 3.856892585754394531e-01 4.606382846832275391e-01 0.000000000000000000e+00
4.308608770370483398e-01 3.198782205581665039e-01 5.781895518302917480e-01 2.885771393775939941e-01 0.000000000000000000e+00
6.463015079498291016e-02 3.974027633666992188e-01 4.652639627456665039e-01 3.549013733863830566e-01 0.000000000000000000e+00
1.516599655151367188e-01 -2.032876014709472656e-01 2.730723619461059570e-01 5.271096825599670410e-01 0.000000000000000000e+00
9.976637363433837891e-02 1.315295696258544922e-01 1.026953458786010742e-01 3.884004354476928711e-01 0.000000000000000000e+00
-9.926896095275878906e-01 6.509730219841003418e-01 8.501401543617248535e-01 8.479834794998168945e-01 0.000000000000000000e+00
3.232637643814086914e+00 3.258333206176757812e-01 4.789406061172485352e-01 4.134794473648071289e-01 1.000000000000000000e+00
3.066705465316772461e-01 3.573035001754760742e-01 4.859758019447326660e-01 3.636348247528076172e-01 2.000000000000000000e+00
3.232637643814086914e+00 3.258333206176757812e-01 4.789406061172485352e-01 4.134794473648071289e-01 1.000000000000000000e+00
3.066705465316772461e-01 3.573035001754760742e-01 4.859758019447326660e-01 3.636348247528076172e-01 2.000000000000000000e+00
3.232637643814086914e+00 3.258333206176757812e-01 4.789406061172485352e-01 4.134794473648071289e-01 1.000000000000000000e+00
3.066705465316772461e-01 3.573035001754760742e-01 4.859758019447326660e-01 3.636348247528076172e-01 2.000000000000000000e+00
3.232637643814086914e+00 3.258333206176757812e-01 4.789406061172485352e-01 4.134794473648071289e-01 1.000000000000000000e+00
3.066705465316772461e-01 3.573035001754760742e-01 4.859758019447326660e-01 3.636348247528076172e-01 2.000000000000000000e+00
3.232637643814086914e+00 3.258333206176757812e-01 4.789406061172485352e-01 4.134794473648071289e-01 1.000000000000000000e+00
3.066705465316772461e-01 3.573035001754760742e-01 4.859758019447326660e-01 3.636348247528076172e-01 2.000000000000000000e+00
3.232637643814086914e+00 3.258333206176757812e-01 4.789406061172485352e-01 4.134794473648071289e-01 1.000000000000000000e+00
3.066705465316772461e-01 3.573035001754760742e-01 4.859758019447326660e-01 3.636348247528076172e-01 2.000000000000000000e+00
3.232637643814086914e+00 3.258333206176757812e-01 4.789406061172485352e-01 4.134794473648071289e-01 1.000000000000000000e+00
3.066705465316772461e-01 3.573035001754760742e-01 4.859758019447326660e-01 3.636348247528076172e-01 2.000000000000000000e+00
3.232637643814086914e+00 3.258333206176757812e-01 4.789406061172485352e-01 4.134794473648071289e-01 1.000000000000000000e+00
3.066705465316772461e-01 3.573035001754760742e-01 4.859758019447326660e-01 3.636348247528076172e-01 2.000000000000000000e+00
3.232637643814086914e+00 3.258333206176757812e-01 4.789406061172485352e-01 4.134794473648071289e-01 1.000000000000000000e+00
3.066705465316772461e-01 3.573035001754760742e-01 4.859758019447326660e-01 3.636348247528076172e-01 2.000000000000000000e+00
3.232637643814086914e+00 3.258333206176757812e-01 4.789406061172485352e-01 4.134794473648071289e-01 1.000000000000000000e+00
3.066705465316772461e-01 3.573035001754760742e-01 4.859758019447326660e-01 3.636348247528076172e-01 2.000000000000000000e+00
6.375784277915954590e-01 4.067339301109313965e-01 5.744016170501708984e-01 6.564705371856689453e-01 0.000000000000000000e+00
1.331854343414306641e+00 5.728202462196350098e-01 5.559502840042114258e-01 6.242173314094543457e-01 0.000000000000000000e+00
5.727917551994323730e-01 5.715727806091308594e-01 4.259688258171081543e-01 4.823042750358581543e-01 0.000000000000000000e+00
8.112281799316406250e+00 2.045764684677124023e+00 4.978143572807312012e-01 5.672215819358825684e-01 0.000000000000000000e+00
6.205956935882568359e+00 4.094699859619140625e+00 1.033457875251770020e+00 4.575799405574798584e-01 0.000000000000000000e+00
-3.300973773002624512e-01 -2.768043994903564453e+00 9.761077165603637695e-01 7.593749046325683594e+00 0.000000000000000000e+00
3.424090147018432617e+00 -4.370357990264892578e-01 8.305074691772460938e+00 1.034863710403442383e+00 0.000000000000000000e+00
-1.545385479927062988e+00 -2.522702217102050781e-01 1.859689950942993164e-01 1.548694372177124023e-01 1.000000000000000000e+00
7.786284089088439941e-01 8.153204917907714844e-01 3.900026679039001465e-01 -2.363044500350952148e+00 2.000000000000000000e+00
-1.545385479927062988e+00 -2.522702217102050781e-01 1.859689950942993164e-01 1.548694372177124023e-01 1.000000000000000000e+00
7.786284089088439941e-01 8.153204917907714844e-01 3.900026679039001465e-01 -2.363044500350952148e+00 2.000000000000000000e+00
-1.545385479927062988e+00 -2.522702217102050781e-01 1.859689950942993164e-01 1.548694372177124023e-01 1.000000000000000000e+00
7.786284089088439941e-01 8.153204917907714844e-01 3.900026679039001465e-01 -2.363044500350952148e+00 2.000000000000000000e+00
-1.545385479927062988e+00 -2.522702217102050781e-01 1.859689950942993164e-01 1.548694372177124023e-01 1.000000000000000000e+00
7.786284089088439941e-01 8.153204917907714844e-01 3.900026679039001465e-01 -2.363044500350952148e+00 2.000000000000000000e+00
-1.545385479927062988e+00 -2.522702217102050781e-01 1.859689950942993164e-01 1.548694372177124023e-01 1.000000000000000000e+00
7.786284089088439941e-01 8.153204917907714844e-01 3.900026679039001465e-01 -2.363044500350952148e+00 2.000000000000000000e+00
-1.545385479927062988e+00 -2.522702217102050781e-01 1.859689950942993164e-01 1.548694372177124023e-01 1.000000000000000000e+00
7.786284089088439941e-01 8.153204917907714844e-01 3.900026679039001465e-01 -2.363044500350952148e+00 2.000000000000000000e+00
-1.545385479927062988e+00 -2.522702217102050781e-01 1.859689950942993164e-01 1.548694372177124023e-01 1.000000000000000000e+00
7.786284089088439941e-01 8.153204917907714844e-01 3.900026679039001465e-01 -2.363044500350952148e+00 2.000000000000000000e+00
-1.545385479927062988e+00 -2.522702217102050781e-01 1.859689950942993164e-01 1.548694372177124023e-01 1.000000000000000000e+00
7.786284089088439941e-01 8.153204917907714844e-01 3.900026679039001465e-01 -2.363044500350952148e+00 2.000000000000000000e+00
-1.545385479927062988e+00 -2.522702217102050781e-01 1.859689950942993164e-01 1.548694372177124023e-01 1.000000000000000000e+00
7.786284089088439941e-01 8.153204917907714844e-01 3.900026679039001465e-01 -2.363044500350952148e+00 2.000000000000000000e+00
-1.545385479927062988e+00 -2.522702217102050781e-01 1.859689950942993164e-01 1.548694372177124023e-01 1.000000000000000000e+00
7.786284089088439941e-01 8.153204917907714844e-01 3.900026679039001465e-01 -2.363044500350952148e+00 2.000000000000000000e+00
1.090189814567565918e+00 4.208860397338867188e-01 5.565518736839294434e-01 5.900219678878784180e-01 0.000000000000000000e+00
8.716605901718139648e-01 5.767681002616882324e-01 5.408003926277160645e-01 4.906233549118041992e-01 0.000000000000000000e+00
1.889648437500000000e-01 6.045907139778137207e-01 4.608247876167297363e-01 7.038025259971618652e-01 0.000000000000000000e+00
2.072003841400146484e+00 9.899848699569702148e-01 3.259612321853637695e-01 3.969599604606628418e-01 0.000000000000000000e+00
1.198753356933593750e+00 5.291296839714050293e-01 5.311170220375061035e-01 4.926526546478271484e-01 0.000000000000000000e+00
4.933022022247314453e+00 -1.736745834350585938e-01 1.350898265838623047e+00 4.675398349761962891e+00 0.000000000000000000e+00
-6.420742273330688477e-01 -1.040852308273315430e+00 -1.322522640228271484e+00 -4.108642935752868652e-01 0.000000000000000000e+00
6.852053403854370117e-01 5.909664630889892578e-01 5.758976936340332031e-01 6.070121526718139648e-01 0.000000000000000000e+00
2.813493490219116211e+00 7.480019092559814453e+00 1.850976943969726562e+00 6.803450584411621094e-01 0.000000000000000000e+00
1.950542807579040527e+00 1.248164892196655273e+00 8.529189825057983398e-01 7.706317305564880371e-01 0.000000000000000000e+00
4.754106521606445312e+00 1.330451011657714844e+00 1.110422015190124512e+00 7.849547266960144043e-01 0.000000000000000000e+00
9.890196323394775391e-01 1.174839019775390625e+00 9.445845484733581543e-01 6.284090280532836914e-01 0.000000000000000000e+00
7.571766376495361328e-01 6.892352104187011719e-01 5.898291468620300293e-01 6.037641763687133789e-01 0.000000000000000000e+00
2.326899766921997070e-01 6.201838254928588867e-01 7.108047604560852051e-01 6.149084568023681641e-01 0.000000000000000000e+00
7.921141386032104492e-01 5.438582897186279297e-01 5.267465710639953613e-01 3.712293505668640137e-01 0.000000000000000000e+00
2.989957332611083984e-01 3.851424455642700195e-01 5.064578652381896973e-01 3.359335660934448242e-01 0.000000000000000000e+00
-1.064403057098388672e-01 3.136768341064453125e-01 4.547669291496276855e-01 3.482726216316223145e-01 0.000000000000000000e+00
1.391080617904663086e-01 1.261713504791259766e-01 2.107838392257690430e-01 1.084809899330139160e-01 0.000000000000000000e+00
2.153148651123046875e-01 1.316505670547485352e-02 4.737609624862670898e-02 8.872383832931518555e-02 0.000000000000000000e+00
2.630249261856079102e-01 6.155085563659667969e-02 -1.295697689056396484e-02 -3.805327415466308594e-02 0.000000000000000000e+00
5.083012580871582031e-02 1.290796995162963867e-01 9.439986944198608398e-02 1.804319024085998535e-01 0.000000000000000000e+00
7.009798526763916016e+00 5.017002224922180176e-01 3.186765909194946289e-01 4.169637560844421387e-01 0.000000000000000000e+00
7.801044583320617676e-01 6.463749408721923828e-01 6.768974661827087402e-01 5.139719247817993164e-01 0.000000000000000000e+00
5.851339697837829590e-01 4.318524003028869629e-01 4.635732769966125488e-01 6.203937530517578125e-01 0.000000000000000000e+00
9.493021965026855469e-01 -2.190298318862915039e+00 2.780183315277099609e+00 -2.980403304100036621e-01 0.000000000000000000e+00
1.072083950042724609e+00 -1.915383338928222656e-02 6.805825233459472656e-02 -1.342809200286865234e-01 0.000000000000000000e+00
1.729482412338256836e-01 -1.112186908721923828e-01 2.084645032882690430e-01 6.389003992080688477e-01 0.000000000000000000e+00
1.207633018493652344e-01 5.860966444015502930e-02 -7.157456874847412109e-02 2.697498798370361328e-01 0.000000000000000000e+00
3.285959362983703613e-01 3.657817840576171875e-03 9.803396463394165039e-02 -2.439599037170410156e-01 0.000000000000000000e+00
3.011859655380249023e-01 1.070781350135803223e+00 9.045009613037109375e-01 2.999298572540283203e-01 0.000000000000000000e+00
2.006934285163879395e-01 5.405617356300354004e-01 5.413426160812377930e-01 5.531564950942993164e-01 0.000000000000000000e+00
1.058512926101684570e-01 5.923485159873962402e-01 4.227963685989379883e-01 4.965366125106811523e-01 0.000000000000000000e+00
2.489855051040649414e+00 4.601957201957702637e-01 8.122090101242065430e-01 5.715445876121520996e-01 0.000000000000000000e+00
1.181598186492919922e+00 2.571211457252502441e-01 6.330776214599609375e-01 4.408868551254272461e-01 0.000000000000000000e+00
9.306852817535400391e-01 1.013592481613159180e-01 7.051767110824584961e-01 5.522271394729614258e-01 0.000000000000000000e+00
1.557295322418212891e-01 6.060731410980224609e-02 5.916996598243713379e-01 6.321910023689270020e-01 0.000000000000000000e+00
-4.142282605171203613e-01 -1.999434232711791992e-01 2.616864442825317383e-02 5.728989243507385254e-01 0.000000000000000000e+00
9.314606189727783203e-01 8.651108741760253906e-01 4.251003265380859375e-03 -7.344001531600952148e-02 0.000000000000000000e+00
1.179322957992553711e+00 5.343817472457885742e-01 2.371092438697814941e-01 4.025679230690002441e-01 0.000000000000000000e+00
9.128283858299255371e-01 7.278222441673278809e-01 -3.907754421234130859e-01 1.395417213439941406e+00 0.000000000000000000e+00
-3.212289810180664062e-01 -5.507183074951171875e-02 8.057212829589843750e-02 4.394616484642028809e-01 0.000000000000000000e+00
