1.724098205566406250e+00 1.077144384384155273e+00 1.002439856529235840e+00 1.000218629837036133e+00 0.000000000000000000e+00
2.321502447128295898e+00 9.857273697853088379e-01 1.250426173210144043e+00 1.013067483901977539e+00 0.000000000000000000e+00
4.441302299499511719e+00 2.707735061645507812e+00 1.135754108428955078e+00 1.900210142135620117e+00 0.000000000000000000e+00
1.182980656623840332e+00 1.063924074172973633e+00 1.019254207611083984e+00 1.000777482986450195e+00 0.000000000000000000e+00
1.214309215545654297e+00 1.020993947982788086e+00 1.009371042251586914e+00 1.000010728836059570e+00 0.000000000000000000e+00
9.227405190467834473e-01 1.051314473152160645e+00 1.065425157546997070e+00 1.001484394073486328e+00 0.000000000000000000e+00
2.456988096237182617e-01 2.028891086578369141e+00 1.099753856658935547e+00 1.024972558021545410e+00 0.000000000000000000e+00
1.867898344993591309e+00 1.553646445274353027e+00 1.198967456817626953e+00 1.112169742584228516e+00 0.000000000000000000e+00
2.453857660293579102e+00 1.421563148498535156e+00 1.057522892951965332e+00 1.026296138763427734e+00 0.000000000000000000e+00
1.954435467720031738e+00 1.167378187179565430e+00 1.041090846061706543e+00 1.020503759384155273e+00 0.000000000000000000e+00
1.643536567687988281e+00 1.080664992332458496e+00 1.011009812355041504e+00 1.002912640571594238e+00 0.000000000000000000e+00
1.496036887168884277e+00 1.071913242340087891e+00 1.005231618881225586e+00 1.000949501991271973e+00 0.000000000000000000e+00
1.660712957382202148e+00 1.129046916961669922e+00 1.023037195205688477e+00 1.003790736198425293e+00 0.000000000000000000e+00
1.352880001068115234e+00 1.027089118957519531e+00 1.003185749053955078e+00 1.000596523284912109e+00 0.000000000000000000e+00
1.000000000000000000e+00 1.000000000000000000e+00 1.000000000000000000e+00 1.000000000000000000e+00 0.000000000000000000e+00
1.006580829620361328e+00 1.000002145767211914e+00 1.000000000000000000e+00 1.000000000000000000e+00 0.000000000000000000e+00
1.000042438507080078e+00 1.000000000000000000e+00 1.000000000000000000e+00 1.000000000000000000e+00 0.000000000000000000e+00
1.001688957214355469e+00 1.000002622604370117e+00 1.000000000000000000e+00 1.000000000000000000e+00 0.000000000000000000e+00
1.193402528762817383e+00 1.000003218650817871e+00 1.000000000000000000e+00 1.000000000000000000e+00 0.000000000000000000e+00
1.308415889739990234e+00 1.001548528671264648e+00 1.000002145767211914e+00 1.000000000000000000e+00 0.000000000000000000e+00
5.660676956176757812e+00 1.033674955368041992e+00 1.000044584274291992e+00 1.000000000000000000e+00 0.000000000000000000e+00
1.173309087753295898e+00 1.000179648399353027e+00 1.000005364418029785e+00 1.000000000000000000e+00 0.000000000000000000e+00
1.024800300598144531e+00 1.000479936599731445e+00 1.000005960464477539e+00 1.000000000000000000e+00 0.000000000000000000e+00
3.019545078277587891e+00 1.016294717788696289e+00 1.000058889389038086e+00 1.000001072883605957e+00 0.000000000000000000e+00
-9.552058219909667969e+00 -1.004448056221008301e+00 1.165270328521728516e+01 1.967239379882812500e+00 0.000000000000000000e+00
3.166072845458984375e+00 1.070590853691101074e+00 1.001979827880859375e+00 1.000023841857910156e+00 0.000000000000000000e+00
1.063658714294433594e+00 1.002411365509033203e+00 1.000178694725036621e+00 1.000004291534423828e+00 0.000000000000000000e+00
1.115592718124389648e+00 1.012160658836364746e+00 1.000988483428955078e+00 1.000110864639282227e+00 0.000000000000000000e+00
1.021979212760925293e+00 1.000013351440429688e+00 1.000000000000000000e+00 1.000000000000000000e+00 0.000000000000000000e+00
1.148423910140991211e+00 1.000167846679687500e+00 1.000000476837158203e+00 1.000000000000000000e+00 0.000000000000000000e+00
1.193012475967407227e+00 1.004447102546691895e+00 1.000092506408691406e+00 1.000010013580322266e+00 0.000000000000000000e+00
2.247885227203369141e+00 1.010584115982055664e+00 1.000061154365539551e+00 1.000000000000000000e+00 0.000000000000000000e+00
-5.395663380622863770e-01 7.593694210052490234e+00 6.912110328674316406e+00 1.658368587493896484e+00 0.000000000000000000e+00
-4.145107746124267578e+00 9.886897206306457520e-01 2.633641242980957031e+00 2.518103837966918945e+00 0.000000000000000000e+00
1.022585749626159668e+00 1.016149759292602539e+00 1.000630617141723633e+00 1.000019192695617676e+00 0.000000000000000000e+00
1.100156068801879883e+00 1.000225305557250977e+00 1.000000000000000000e+00 1.000000000000000000e+00 0.000000000000000000e+00
1.037784576416015625e+00 1.000148296356201172e+00 1.000006914138793945e+00 1.000000000000000000e+00 0.000000000000000000e+00
1.029522895812988281e+00 1.000063896179199219e+00 1.000000000000000000e+00 1.000000000000000000e+00 0.000000000000000000e+00
1.132140994071960449e+00 1.003222465515136719e+00 1.000126242637634277e+00 1.000003218650817871e+00 0.000000000000000000e+00
1.890040636062622070e+00 1.016234517097473145e+00 1.000782728195190430e+00 1.000066399574279785e+00 0.000000000000000000e+00
2.430753231048583984e+00 1.023957252502441406e+00 1.001087903976440430e+00 1.000000476837158203e+00 0.000000000000000000e+00
1.072178006172180176e+00 1.000878095626831055e+00 1.000018596649169922e+00 1.000001072883605957e+00 0.000000000000000000e+00
1.348077058792114258e+00 1.016525268554687500e+00 1.004029989242553711e+00 9.999446868896484375e-01 1.000000000000000000e+00
1.148370862007141113e+00 1.052088737487792969e+00 1.018486618995666504e+00 1.000318765640258789e+00 2.000000000000000000e+00
1.348077058792114258e+00 1.016525268554687500e+00 1.004029989242553711e+00 9.999446868896484375e-01 1.000000000000000000e+00
1.148370862007141113e+00 1.052088737487792969e+00 1.018486618995666504e+00 1.000318765640258789e+00 2.000000000000000000e+00
1.348077058792114258e+00 1.016525268554687500e+00 1.004029989242553711e+00 9.999446868896484375e-01 1.000000000000000000e+00
1.148370862007141113e+00 1.052088737487792969e+00 1.018486618995666504e+00 1.000318765640258789e+00 2.000000000000000000e+00
1.348077058792114258e+00 1.016525268554687500e+00 1.004029989242553711e+00 9.999446868896484375e-01 1.000000000000000000e+00
1.148370862007141113e+00 1.052088737487792969e+00 1.018486618995666504e+00 1.000318765640258789e+00 2.000000000000000000e+00
1.348077058792114258e+00 1.016525268554687500e+00 1.004029989242553711e+00 9.999446868896484375e-01 1.000000000000000000e+00
1.148370862007141113e+00 1.052088737487792969e+00 1.018486618995666504e+00 1.000318765640258789e+00 2.000000000000000000e+00
1.348077058792114258e+00 1.016525268554687500e+00 1.004029989242553711e+00 9.999446868896484375e-01 1.000000000000000000e+00
1.148370862007141113e+00 1.052088737487792969e+00 1.018486618995666504e+00 1.000318765640258789e+00 2.000000000000000000e+00
1.348077058792114258e+00 1.016525268554687500e+00 1.004029989242553711e+00 9.999446868896484375e-01 1.000000000000000000e+00
1.148370862007141113e+00 1.052088737487792969e+00 1.018486618995666504e+00 1.000318765640258789e+00 2.000000000000000000e+00
1.348077058792114258e+00 1.016525268554687500e+00 1.004029989242553711e+00 9.999446868896484375e-01 1.000000000000000000e+00
1.148370862007141113e+00 1.052088737487792969e+00 1.018486618995666504e+00 1.000318765640258789e+00 2.000000000000000000e+00
1.348077058792114258e+00 1.016525268554687500e+00 1.004029989242553711e+00 9.999446868896484375e-01 1.000000000000000000e+00
1.148370862007141113e+00 1.052088737487792969e+00 1.018486618995666504e+00 1.000318765640258789e+00 2.000000000000000000e+00
1.348077058792114258e+00 1.016525268554687500e+00 1.004029989242553711e+00 9.999446868896484375e-01 1.000000000000000000e+00
1.148370862007141113e+00 1.052088737487792969e+00 1.018486618995666504e+00 1.000318765640258789e+00 2.000000000000000000e+00
1.060981035232543945e+00 1.000115871429443359e+00 1.000000476837158203e+00 1.000000000000000000e+00 0.000000000000000000e+00
2.386774778366088867e+00 1.062950849533081055e+00 1.000941753387451172e+00 1.000030040740966797e+00 0.000000000000000000e+00
1.477157473564147949e+00 1.001321196556091309e+00 1.000010251998901367e+00 1.000000000000000000e+00 0.000000000000000000e+00
1.331673145294189453e+00 1.007636785507202148e+00 1.000157475471496582e+00 1.000002145767211914e+00 0.000000000000000000e+00
1.451351404190063477e+00 1.011258602142333984e+00 1.000822901725769043e+00 1.000277876853942871e+00 0.000000000000000000e+00
1.030692815780639648e+00 1.000308156013488770e+00 1.000002622604370117e+00 1.000000000000000000e+00 0.000000000000000000e+00
1.265039086341857910e+00 1.000479459762573242e+00 1.000030040740966797e+00 1.000000476837158203e+00 0.000000000000000000e+00
1.000000000000000000e+00 1.000000000000000000e+00 1.000000000000000000e+00 1.000000000000000000e+00 0.000000000000000000e+00
1.000837326049804688e+00 1.000000000000000000e+00 1.000000000000000000e+00 1.000000000000000000e+00 0.000000000000000000e+00
1.004497170448303223e+00 1.000003218650817871e+00 1.000000000000000000e+00 1.000000000000000000e+00 0.000000000000000000e+00
1.040706157684326172e+00 1.000585436820983887e+00 1.000012278556823730e+00 1.000000476837158203e+00 0.000000000000000000e+00
1.037193775177001953e+00 1.000668287277221680e+00 1.000014424324035645e+00 1.000000476837158203e+00 0.000000000000000000e+00
1.031646728515625000e+00 1.000351190567016602e+00 1.000006437301635742e+00 1.000000000000000000e+00 0.000000000000000000e+00
1.025465250015258789e+00 1.000262379646301270e+00 1.000004291534423828e+00 1.000000000000000000e+00 0.000000000000000000e+00
1.109708189964294434e+00 1.000548005104064941e+00 1.000006914138793945e+00 1.000000000000000000e+00 0.000000000000000000e+00
1.002279877662658691e+00 1.000000000000000000e+00 1.000000000000000000e+00 1.000000000000000000e+00 0.000000000000000000e+00
1.021489500999450684e+00 1.000138401985168457e+00 1.000000000000000000e+00 1.000000000000000000e+00 0.000000000000000000e+00
1.022842168807983398e+00 1.000039696693420410e+00 1.000000000000000000e+00 1.000000000000000000e+00 0.000000000000000000e+00
1.005152702331542969e+00 1.000105142593383789e+00 1.000000000000000000e+00 1.000000000000000000e+00 0.000000000000000000e+00
5.825693607330322266e+00 9.996174573898315430e-01 1.001114845275878906e+00 1.000059366226196289e+00 1.000000000000000000e+00
3.013669729232788086e+00 1.883372545242309570e+00 1.006907463073730469e+00 1.000123262405395508e+00 2.000000000000000000e+00
5.825693607330322266e+00 9.996174573898315430e-01 1.001114845275878906e+00 1.000059366226196289e+00 1.000000000000000000e+00
3.013669729232788086e+00 1.883372545242309570e+00 1.006907463073730469e+00 1.000123262405395508e+00 2.000000000000000000e+00
5.825693607330322266e+00 9.996174573898315430e-01 1.001114845275878906e+00 1.000059366226196289e+00 1.000000000000000000e+00
3.013669729232788086e+00 1.883372545242309570e+00 1.006907463073730469e+00 1.000123262405395508e+00 2.000000000000000000e+00
5.825693607330322266e+00 9.996174573898315430e-01 1.001114845275878906e+00 1.000059366226196289e+00 1.000000000000000000e+00
3.013669729232788086e+00 1.883372545242309570e+00 1.006907463073730469e+00 1.000123262405395508e+00 2.000000000000000000e+00
5.825693607330322266e+00 9.996174573898315430e-01 1.001114845275878906e+00 1.000059366226196289e+00 1.000000000000000000e+00
3.013669729232788086e+00 1.883372545242309570e+00 1.006907463073730469e+00 1.000123262405395508e+00 2.000000000000000000e+00
5.825693607330322266e+00 9.996174573898315430e-01 1.001114845275878906e+00 1.000059366226196289e+00 1.000000000000000000e+00
3.013669729232788086e+00 1.883372545242309570e+00 1.006907463073730469e+00 1.000123262405395508e+00 2.000000000000000000e+00
5.825693607330322266e+00 9.996174573898315430e-01 1.001114845275878906e+00 1.000059366226196289e+00 1.000000000000000000e+00
3.013669729232788086e+00 1.883372545242309570e+00 1.006907463073730469e+00 1.000123262405395508e+00 2.000000000000000000e+00
5.825693607330322266e+00 9.996174573898315430e-01 1.001114845275878906e+00 1.000059366226196289e+00 1.000000000000000000e+00
3.013669729232788086e+00 1.883372545242309570e+00 1.006907463073730469e+00 1.000123262405395508e+00 2.000000000000000000e+00
5.825693607330322266e+00 9.996174573898315430e-01 1.001114845275878906e+00 1.000059366226196289e+00 1.000000000000000000e+00
3.013669729232788086e+00 1.883372545242309570e+00 1.006907463073730469e+00 1.000123262405395508e+00 2.000000000000000000e+00
5.825693607330322266e+00 9.996174573898315430e-01 1.001114845275878906e+00 1.000059366226196289e+00 1.000000000000000000e+00
3.013669729232788086e+00 1.883372545242309570e+00 1.006907463073730469e+00 1.000123262405395508e+00 2.000000000000000000e+00
1.006932735443115234e+00 1.000007510185241699e+00 1.000000000000000000e+00 1.000000000000000000e+00 0.000000000000000000e+00
-1.380132079124450684e+00 -8.866615891456604004e-01 1.515427303314208984e+01 1.002879500389099121e+00 0.000000000000000000e+00
4.016630172729492188e+00 1.069814205169677734e+00 1.000025033950805664e+00 9.999630451202392578e-01 0.000000000000000000e+00
1.001491785049438477e+00 1.000010251998901367e+00 1.000000000000000000e+00 1.000000000000000000e+00 0.000000000000000000e+00
1.189503431320190430e+00 1.003026008605957031e+00 1.000000476837158203e+00 1.000000000000000000e+00 0.000000000000000000e+00
2.000980377197265625e+00 1.457250595092773438e+00 1.004857778549194336e+00 1.123215317726135254e+00 1.000000000000000000e+00
6.949441432952880859e-01 1.550482463836669922e+01 1.039446353912353516e+00 1.005921006202697754e+00 2.000000000000000000e+00
2.000980377197265625e+00 1.457250595092773438e+00 1.004857778549194336e+00 1.123215317726135254e+00 1.000000000000000000e+00
6.949441432952880859e-01 1.550482463836669922e+01 1.039446353912353516e+00 1.005921006202697754e+00 2.000000000000000000e+00
2.000980377197265625e+00 1.457250595092773438e+00 1.004857778549194336e+00 1.123215317726135254e+00 1.000000000000000000e+00
6.949441432952880859e-01 1.550482463836669922e+01 1.039446353912353516e+00 1.005921006202697754e+00 2.000000000000000000e+00
2.000980377197265625e+00 1.457250595092773438e+00 1.004857778549194336e+00 1.123215317726135254e+00 1.000000000000000000e+00
6.949441432952880859e-01 1.550482463836669922e+01 1.039446353912353516e+00 1.005921006202697754e+00 2.000000000000000000e+00
2.000980377197265625e+00 1.457250595092773438e+00 1.004857778549194336e+00 1.123215317726135254e+00 1.000000000000000000e+00
6.949441432952880859e-01 1.550482463836669922e+01 1.039446353912353516e+00 1.005921006202697754e+00 2.000000000000000000e+00
2.000980377197265625e+00 1.457250595092773438e+00 1.004857778549194336e+00 1.123215317726135254e+00 1.000000000000000000e+00
6.949441432952880859e-01 1.550482463836669922e+01 1.039446353912353516e+00 1.005921006202697754e+00 2.000000000000000000e+00
2.000980377197265625e+00 1.457250595092773438e+00 1.004857778549194336e+00 1.123215317726135254e+00 1.000000000000000000e+00
6.949441432952880859e-01 1.550482463836669922e+01 1.039446353912353516e+00 1.005921006202697754e+00 2.000000000000000000e+00
2.000980377197265625e+00 1.457250595092773438e+00 1.004857778549194336e+00 1.123215317726135254e+00 1.000000000000000000e+00
6.949441432952880859e-01 1.550482463836669922e+01 1.039446353912353516e+00 1.005921006202697754e+00 2.000000000000000000e+00
2.000980377197265625e+00 1.457250595092773438e+00 1.004857778549194336e+00 1.123215317726135254e+00 1.000000000000000000e+00
6.949441432952880859e-01 1.550482463836669922e+01 1.039446353912353516e+00 1.005921006202697754e+00 2.000000000000000000e+00
2.000980377197265625e+00 1.457250595092773438e+00 1.004857778549194336e+00 1.123215317726135254e+00 1.000000000000000000e+00
6.949441432952880859e-01 1.550482463836669922e+01 1.039446353912353516e+00 1.005921006202697754e+00 2.000000000000000000e+00
1.502235174179077148e+00 1.069262742996215820e+00 1.000285506248474121e+00 1.000003814697265625e+00 0.000000000000000000e+00
1.093340635299682617e+00 1.013867139816284180e+00 1.000872135162353516e+00 1.000040292739868164e+00 0.000000000000000000e+00
6.098220825195312500e+00 1.095825910568237305e+00 1.014801621437072754e+00 1.002376556396484375e+00 0.000000000000000000e+00
2.070399284362792969e+00 6.862372159957885742e-01 1.392112135887145996e+00 1.182486653327941895e+00 0.000000000000000000e+00
6.339010715484619141e+00 2.610099554061889648e+00 1.497010946273803711e+00 1.042537450790405273e+00 0.000000000000000000e+00
8.951692581176757812e+00 1.231421589851379395e+00 1.133189678192138672e+00 1.015655994415283203e+00 0.000000000000000000e+00
1.029788732528686523e+00 1.000231742858886719e+00 1.000042438507080078e+00 1.000000953674316406e+00 0.000000000000000000e+00
1.000986576080322266e+00 1.000161886215209961e+00 1.000001072883605957e+00 1.000000000000000000e+00 0.000000000000000000e+00
1.002914428710937500e+00 1.000019192695617676e+00 1.000001072883605957e+00 1.000000000000000000e+00 0.000000000000000000e+00
-9.919731616973876953e-01 1.604328918457031250e+01 2.034530162811279297e+00 1.033753633499145508e+00 0.000000000000000000e+00
2.659175872802734375e+00 1.133032321929931641e+00 9.999849796295166016e-01 9.993961453437805176e-01 0.000000000000000000e+00
1.606139659881591797e+00 1.002179861068725586e+00 9.999642968177795410e-01 1.000099182128906250e+00 0.000000000000000000e+00
1.037493109703063965e+00 1.000061750411987305e+00 1.000000000000000000e+00 1.000000000000000000e+00 0.000000000000000000e+00
1.050270676612854004e+00 1.000012278556823730e+00 1.000000476837158203e+00 1.000000000000000000e+00 0.000000000000000000e+00
1.128430485725402832e+00 1.002763509750366211e+00 1.000058293342590332e+00 1.000001668930053711e+00 0.000000000000000000e+00
1.001217603683471680e+00 1.000005364418029785e+00 1.000000000000000000e+00 1.000000000000000000e+00 0.000000000000000000e+00
1.000037550926208496e+00 1.000000000000000000e+00 1.000000000000000000e+00 1.000000000000000000e+00 0.000000000000000000e+00
1.008105635643005371e+00 1.000004768371582031e+00 1.000000000000000000e+00 1.000000000000000000e+00 0.000000000000000000e+00
1.032652616500854492e+00 1.000110387802124023e+00 1.000001072883605957e+00 1.000000000000000000e+00 0.000000000000000000e+00
1.255808591842651367e+00 1.005391359329223633e+00 1.000236988067626953e+00 1.000011205673217773e+00 0.000000000000000000e+00
1.058273196220397949e+00 1.000994682312011719e+00 1.000008106231689453e+00 1.000000000000000000e+00 0.000000000000000000e+00
4.140280723571777344e+00 1.020740628242492676e+00 1.000186681747436523e+00 1.000000000000000000e+00 0.000000000000000000e+00
1.073162794113159180e+00 1.005779266357421875e+00 1.000171184539794922e+00 1.000009059906005859e+00 0.000000000000000000e+00
2.854446411132812500e+00 1.000821113586425781e+00 1.000001072883605957e+00 1.000000000000000000e+00 0.000000000000000000e+00
1.128041744232177734e+00 1.000052571296691895e+00 1.000000000000000000e+00 1.000000000000000000e+00 0.000000000000000000e+00
1.019119262695312500e+00 1.000010728836059570e+00 1.000000000000000000e+00 1.000000000000000000e+00 0.000000000000000000e+00
1.212513089179992676e+00 1.000057458877563477e+00 1.000000000000000000e+00 1.000000000000000000e+00 0.000000000000000000e+00
-1.428276300430297852e+00 -2.541720628738403320e+00 1.076181173324584961e+00 1.564855957031250000e+01 1.000000000000000000e+00
1.000044584274291992e+00 1.000000000000000000e+00 1.000000000000000000e+00 1.000000000000000000e+00 2.000000000000000000e+00
-1.428276300430297852e+00 -2.541720628738403320e+00 1.076181173324584961e+00 1.564855957031250000e+01 1.000000000000000000e+00
1.000044584274291992e+00 1.000000000000000000e+00 1.000000000000000000e+00 1.000000000000000000e+00 2.000000000000000000e+00
-1.428276300430297852e+00 -2.541720628738403320e+00 1.076181173324584961e+00 1.564855957031250000e+01 1.000000000000000000e+00
1.000044584274291992e+00 1.000000000000000000e+00 1.000000000000000000e+00 1.000000000000000000e+00 2.000000000000000000e+00
-1.428276300430297852e+00 -2.541720628738403320e+00 1.076181173324584961e+00 1.564855957031250000e+01 1.000000000000000000e+00
1.000044584274291992e+00 1.000000000000000000e+00 1.000000000000000000e+00 1.000000000000000000e+00 2.000000000000000000e+00
-1.428276300430297852e+00 -2.541720628738403320e+00 1.076181173324584961e+00 1.564855957031250000e+01 1.000000000000000000e+00
1.000044584274291992e+00 1.000000000000000000e+00 1.000000000000000000e+00 1.000000000000000000e+00 2.000000000000000000e+00
-1.428276300430297852e+00 -2.541720628738403320e+00 1.076181173324584961e+00 1.564855957031250000e+01 1.000000000000000000e+00
1.000044584274291992e+00 1.000000000000000000e+00 1.000000000000000000e+00 1.000000000000000000e+00 2.000000000000000000e+00
-1.428276300430297852e+00 -2.541720628738403320e+00 1.076181173324584961e+00 1.564855957031250000e+01 1.000000000000000000e+00
1.000044584274291992e+00 1.000000000000000000e+00 1.000000000000000000e+00 1.000000000000000000e+00 2.000000000000000000e+00
-1.428276300430297852e+00 -2.541720628738403320e+00 1.076181173324584961e+00 1.564855957031250000e+01 1.000000000000000000e+00
1.000044584274291992e+00 1.000000000000000000e+00 1.000000000000000000e+00 1.000000000000000000e+00 2.000000000000000000e+00
-1.428276300430297852e+00 -2.541720628738403320e+00 1.076181173324584961e+00 1.564855957031250000e+01 1.000000000000000000e+00
1.000044584274291992e+00 1.000000000000000000e+00 1.000000000000000000e+00 1.000000000000000000e+00 2.000000000000000000e+00
-1.428276300430297852e+00 -2.541720628738403320e+00 1.076181173324584961e+00 1.564855957031250000e+01 1.000000000000000000e+00
1.000044584274291992e+00 1.000000000000000000e+00 1.000000000000000000e+00 1.000000000000000000e+00 2.000000000000000000e+00
1.000000000000000000e+00 1.000000000000000000e+00 1.000000000000000000e+00 1.000000000000000000e+00 0.000000000000000000e+00
1.000000000000000000e+00 1.000000000000000000e+00 1.000000000000000000e+00 1.000000000000000000e+00 0.000000000000000000e+00
1.000000476837158203e+00 1.000000000000000000e+00 1.000000000000000000e+00 1.000000000000000000e+00 0.000000000000000000e+00
1.000004291534423828e+00 1.000000000000000000e+00 1.000000000000000000e+00 1.000000000000000000e+00 0.000000000000000000e+00
1.000000000000000000e+00 1.000000000000000000e+00 1.000000000000000000e+00 1.000000000000000000e+00 0.000000000000000000e+00
1.000000476837158203e+00 1.000000000000000000e+00 1.000000000000000000e+00 1.000000000000000000e+00 0.000000000000000000e+00
1.000000000000000000e+00 1.000000000000000000e+00 1.000000000000000000e+00 1.000000000000000000e+00 0.000000000000000000e+00
-1.337694048881530762e+00 -2.734698057174682617e+00 -2.316161155700683594e+00 -1.531450510025024414e+00 0.000000000000000000e+00
1.895426154136657715e+00 9.849491715431213379e-01 2.779918909072875977e-01 -1.765051960945129395e+00 0.000000000000000000e+00
1.109090614318847656e+01 1.371940493583679199e+00 1.002094268798828125e+00 1.000041127204895020e+00 0.000000000000000000e+00
5.048798084259033203e+00 -2.686441540718078613e-01 -4.198860645294189453e+00 3.463839292526245117e-01 0.000000000000000000e+00
-1.140248775482177734e+00 -8.971457481384277344e-01 1.179575920104980469e+00 4.176223754882812500e+00 0.000000000000000000e+00
2.806778907775878906e+00 -5.879610538482666016e+00 -1.275894165039062500e+00 -8.841537833213806152e-01 0.000000000000000000e+00
-3.339482545852661133e+00 -5.524592399597167969e-01 -1.908184051513671875e+00 1.418930530548095703e+01 0.000000000000000000e+00
1.688702583312988281e+00 1.078585386276245117e+00 1.035259485244750977e+00 1.002294898033142090e+00 0.000000000000000000e+00
1.255729675292968750e+00 1.004926919937133789e+00 1.001025438308715820e+00 1.000334024429321289e+00 0.000000000000000000e+00
1.129444599151611328e+00 1.001450538635253906e+00 1.000095844268798828e+00 1.000001072883605957e+00 0.000000000000000000e+00
1.092721462249755859e+00 1.001067996025085449e+00 1.000015020370483398e+00 1.000000000000000000e+00 0.000000000000000000e+00
1.183767080307006836e+00 1.021741032600402832e+00 1.000531196594238281e+00 1.000003218650817871e+00 0.000000000000000000e+00
1.001374721527099609e+00 1.000001072883605957e+00 1.000000000000000000e+00 1.000000000000000000e+00 0.000000000000000000e+00
1.000386238098144531e+00 1.000000476837158203e+00 1.000000000000000000e+00 1.000000000000000000e+00 0.000000000000000000e+00
1.008149385452270508e+00 1.000002145767211914e+00 1.000000000000000000e+00 1.000000000000000000e+00 0.000000000000000000e+00
1.247016787528991699e+00 1.111533641815185547e+00 1.003675222396850586e+00 1.000003814697265625e+00 0.000000000000000000e+00
6.210725784301757812e+00 1.031307578086853027e+00 1.002004861831665039e+00 1.000018239021301270e+00 0.000000000000000000e+00
1.229481458663940430e+00 1.000477790832519531e+00 1.000011801719665527e+00 1.000000000000000000e+00 0.000000000000000000e+00
-6.538196802139282227e-01 2.339855670928955078e+00 1.161654233932495117e+00 1.016977310180664062e+00 0.000000000000000000e+00
1.035974979400634766e+00 4.825609326362609863e-01 1.252951741218566895e+00 1.145895361900329590e+00 0.000000000000000000e+00
-1.841338634490966797e+00 1.124143981933593750e+01 -3.402906656265258789e+00 2.763614654541015625e+00 0.000000000000000000e+00
1.000000000000000000e+00 1.000000000000000000e+00 1.000000000000000000e+00 1.000000000000000000e+00 0.000000000000000000e+00
1.000004291534423828e+00 1.000000000000000000e+00 1.000000000000000000e+00 1.000000000000000000e+00 0.000000000000000000e+00
1.000019311904907227e+00 1.000000000000000000e+00 1.000000000000000000e+00 1.000000000000000000e+00 0.000000000000000000e+00
1.004943847656250000e+00 1.000000000000000000e+00 1.000000000000000000e+00 1.000000000000000000e+00 0.000000000000000000e+00
1.020590901374816895e+00 1.000008583068847656e+00 1.000000000000000000e+00 1.000000000000000000e+00 0.000000000000000000e+00
1.001487970352172852e+00 1.000001668930053711e+00 1.000000000000000000e+00 1.000000000000000000e+00 0.000000000000000000e+00
1.003142118453979492e+00 1.000002622604370117e+00 1.000000000000000000e+00 1.000000000000000000e+00 0.000000000000000000e+00
1.000000000000000000e+00 1.000000000000000000e+00 1.000000000000000000e+00 1.000000000000000000e+00 0.000000000000000000e+00
1.000000000000000000e+00 1.000000000000000000e+00 1.000000000000000000e+00 1.000000000000000000e+00 0.000000000000000000e+00
1.000000000000000000e+00 1.000000000000000000e+00 1.000000000000000000e+00 1.000000000000000000e+00 0.000000000000000000e+00
1.000000000000000000e+00 1.000000000000000000e+00 1.000000000000000000e+00 1.000000000000000000e+00 0.000000000000000000e+00
1.000000000000000000e+00 1.000000000000000000e+00 1.000000000000000000e+00 1.000000000000000000e+00 0.000000000000000000e+00
1.000000000000000000e+00 1.000000000000000000e+00 1.000000000000000000e+00 1.000000000000000000e+00 0.000000000000000000e+00
1.000000000000000000e+00 1.000000000000000000e+00 1.000000000000000000e+00 1.000000000000000000e+00 0.000000000000000000e+00
1.071252465248107910e+00 1.000493288040161133e+00 1.000002622604370117e+00 1.000000000000000000e+00 0.000000000000000000e+00
1.105742931365966797e+00 1.000129222869873047e+00 1.000001072883605957e+00 1.000000000000000000e+00 0.000000000000000000e+00
5.209627628326416016e+00 1.239780426025390625e+00 1.014089822769165039e+00 1.000035285949707031e+00 0.000000000000000000e+00
6.884346008300781250e+00 1.303674221038818359e+00 1.105533599853515625e+00 1.001330375671386719e+00 0.000000000000000000e+00
1.000051975250244141e+00 1.000000000000000000e+00 1.000000000000000000e+00 1.000000000000000000e+00 0.000000000000000000e+00
1.000188827514648438e+00 1.000000000000000000e+00 1.000000000000000000e+00 1.000000000000000000e+00 0.000000000000000000e+00
1.018405199050903320e+00 1.000054717063903809e+00 1.000000000000000000e+00 1.000000000000000000e+00 0.000000000000000000e+00
1.000225305557250977e+00 1.000000000000000000e+00 1.000000000000000000e+00 1.000000000000000000e+00 0.000000000000000000e+00
1.000001072883605957e+00 1.000000000000000000e+00 1.000000000000000000e+00 1.000000000000000000e+00 0.000000000000000000e+00
1.005896568298339844e+00 1.000000000000000000e+00 1.000000000000000000e+00 1.000000000000000000e+00 0.000000000000000000e+00
1.000003218650817871e+00 1.000000000000000000e+00 1.000000000000000000e+00 1.000000000000000000e+00 0.000000000000000000e+00
1.001324415206909180e+00 1.000001072883605957e+00 1.000000000000000000e+00 1.000000000000000000e+00 0.000000000000000000e+00
1.014461874961853027e+00 1.000000476837158203e+00 1.000000000000000000e+00 1.000000000000000000e+00 0.000000000000000000e+00
-6.643238067626953125e+00 7.914513587951660156e+00 1.034147739410400391e+00 1.000000476837158203e+00 0.000000000000000000e+00
1.000003218650817871e+00 1.000000000000000000e+00 1.000000000000000000e+00 1.000000000000000000e+00 0.000000000000000000e+00
1.000000000000000000e+00 1.000000000000000000e+00 1.000000000000000000e+00 1.000000000000000000e+00 0.000000000000000000e+00
1.000000000000000000e+00 1.000000000000000000e+00 1.000000000000000000e+00 1.000000000000000000e+00 0.000000000000000000e+00
1.000002145767211914e+00 1.000000000000000000e+00 1.000000000000000000e+00 1.000000000000000000e+00 0.000000000000000000e+00
1.000000476837158203e+00 1.000000000000000000e+00 1.000000000000000000e+00 1.000000000000000000e+00 0.000000000000000000e+00
1.000002145767211914e+00 1.000000000000000000e+00 1.000000000000000000e+00 1.000000000000000000e+00 0.000000000000000000e+00
1.000000000000000000e+00 1.000000000000000000e+00 1.000000000000000000e+00 1.000000000000000000e+00 0.000000000000000000e+00
1.001672506332397461e+00 1.000000476837158203e+00 1.000000000000000000e+00 1.000000000000000000e+00 0.000000000000000000e+00
1.000667810440063477e+00 1.000000000000000000e+00 1.000000000000000000e+00 1.000000000000000000e+00 0.000000000000000000e+00
1.020714044570922852e+00 1.000010251998901367e+00 1.000000000000000000e+00 1.000000000000000000e+00 0.000000000000000000e+00
1.025761485099792480e+00 1.000125408172607422e+00 1.000000476837158203e+00 1.000000000000000000e+00 0.000000000000000000e+00
1.090545415878295898e+00 1.001058578491210938e+00 1.000003814697265625e+00 1.000000000000000000e+00 0.000000000000000000e+00
1.048772573471069336e+00 1.002832412719726562e+00 1.000019311904907227e+00 1.000000476837158203e+00 0.000000000000000000e+00
1.392373204231262207e+00 1.013727426528930664e+00 1.000127077102661133e+00 1.000076651573181152e+00 0.000000000000000000e+00
1.000641584396362305e+00 1.000000000000000000e+00 1.000000000000000000e+00 1.000000000000000000e+00 0.000000000000000000e+00
1.000002622604370117e+00 1.000000000000000000e+00 1.000000000000000000e+00 1.000000000000000000e+00 0.000000000000000000e+00
1.000025272369384766e+00 1.000000000000000000e+00 1.000000000000000000e+00 1.000000000000000000e+00 0.000000000000000000e+00
1.000000476837158203e+00 1.000000000000000000e+00 1.000000000000000000e+00 1.000000000000000000e+00 0.000000000000000000e+00
5.784418106079101562e+00 1.000213742256164551e+00 1.000002622604370117e+00 1.000000000000000000e+00 0.000000000000000000e+00
1.315271377563476562e+00 7.303200364112854004e-01 7.492709159851074219e-01 7.302386283874511719e+00 0.000000000000000000e+00
1.029168605804443359e+00 1.005443096160888672e+00 1.000135183334350586e+00 1.000046491622924805e+00 0.000000000000000000e+00
1.005556702613830566e+00 1.000486135482788086e+00 1.000008106231689453e+00 1.000000000000000000e+00 0.000000000000000000e+00
1.000155568122863770e+00 1.000000000000000000e+00 1.000000000000000000e+00 1.000000000000000000e+00 0.000000000000000000e+00
1.001265525817871094e+00 1.000000000000000000e+00 1.000000000000000000e+00 1.000000000000000000e+00 0.000000000000000000e+00
1.007423877716064453e+00 1.000000000000000000e+00 1.000000000000000000e+00 1.000000000000000000e+00 0.000000000000000000e+00
1.003457307815551758e+00 1.000000000000000000e+00 1.000000000000000000e+00 1.000000000000000000e+00 0.000000000000000000e+00
1.003256797790527344e+00 1.000000000000000000e+00 1.000000000000000000e+00 1.000000000000000000e+00 0.000000000000000000e+00
1.679641485214233398e+00 1.003949284553527832e+00 1.000231146812438965e+00 1.000000476837158203e+00 0.000000000000000000e+00
1.816908597946166992e+00 1.531041145324707031e+00 1.207615017890930176e+00 1.084701538085937500e+00 0.000000000000000000e+00
1.551432609558105469e+00 1.052650570869445801e+00 1.080486893653869629e+00 1.012282371520996094e+00 0.000000000000000000e+00
1.459224224090576172e+00 1.049559831619262695e+00 1.001680016517639160e+00 1.000020384788513184e+00 0.000000000000000000e+00
1.718426823616027832e+00 1.461128711700439453e+00 1.020954132080078125e+00 1.009545564651489258e+00 0.000000000000000000e+00
-6.045316696166992188e+00 1.397118473052978516e+01 1.056448221206665039e+00 1.023700237274169922e+00 0.000000000000000000e+00
7.268221378326416016e-01 3.164377689361572266e+00 1.453119277954101562e+00 1.117293715476989746e+00 0.000000000000000000e+00
3.432126045227050781e+00 2.160555839538574219e+00 1.180649638175964355e+00 1.038608789443969727e+00 0.000000000000000000e+00
1.000000000000000000e+00 1.000000000000000000e+00 1.000000000000000000e+00 1.000000000000000000e+00 0.000000000000000000e+00
1.000051498413085938e+00 1.000000000000000000e+00 1.000000000000000000e+00 1.000000000000000000e+00 0.000000000000000000e+00
1.000001668930053711e+00 1.000000000000000000e+00 1.000000000000000000e+00 1.000000000000000000e+00 0.000000000000000000e+00
1.000000476837158203e+00 1.000000000000000000e+00 1.000000000000000000e+00 1.000000000000000000e+00 0.000000000000000000e+00
1.000038623809814453e+00 1.000000000000000000e+00 1.000000000000000000e+00 1.000000000000000000e+00 0.000000000000000000e+00
1.000046730041503906e+00 1.000000000000000000e+00 1.000000000000000000e+00 1.000000000000000000e+00 0.000000000000000000e+00
1.002647638320922852e+00 1.000020980834960938e+00 1.000000000000000000e+00 1.000000000000000000e+00 0.000000000000000000e+00
1.049207568168640137e+00 1.000399351119995117e+00 1.000003218650817871e+00 1.000000000000000000e+00 0.000000000000000000e+00
1.038436055183410645e+00 1.000432252883911133e+00 1.000006437301635742e+00 1.000000000000000000e+00 0.000000000000000000e+00
1.106323719024658203e+00 1.001829624176025391e+00 1.000034809112548828e+00 1.000000476837158203e+00 0.000000000000000000e+00
1.088071346282958984e+00 1.001180171966552734e+00 1.000036954879760742e+00 1.000001072883605957e+00 0.000000000000000000e+00
1.064771175384521484e+00 1.000945568084716797e+00 1.000020861625671387e+00 1.000000476837158203e+00 0.000000000000000000e+00
1.050370693206787109e+00 1.000701308250427246e+00 1.000012874603271484e+00 1.000000000000000000e+00 0.000000000000000000e+00
1.060256719589233398e+00 1.000934839248657227e+00 1.000016093254089355e+00 1.000000000000000000e+00 0.000000000000000000e+00
1.025260448455810547e+00 1.000686049461364746e+00 1.000000476837158203e+00 1.000000000000000000e+00 0.000000000000000000e+00
1.000075578689575195e+00 1.000000000000000000e+00 1.000000000000000000e+00 1.000000000000000000e+00 0.000000000000000000e+00
1.010470867156982422e+00 1.000077247619628906e+00 1.000000000000000000e+00 1.000000000000000000e+00 0.000000000000000000e+00
1.005118131637573242e+00 1.000020384788513184e+00 1.000000000000000000e+00 1.000000000000000000e+00 0.000000000000000000e+00
1.000169038772583008e+00 1.000000000000000000e+00 1.000000000000000000e+00 1.000000000000000000e+00 0.000000000000000000e+00
1.000003814697265625e+00 1.000000000000000000e+00 1.000000000000000000e+00 1.000000000000000000e+00 0.000000000000000000e+00
1.000039100646972656e+00 1.000000000000000000e+00 1.000000000000000000e+00 1.000000000000000000e+00 0.000000000000000000e+00
-1.791504859924316406e+00 -1.300578594207763672e+00 -1.140135765075683594e+00 -1.036825537681579590e+00 1.000000000000000000e+00
1.000346422195434570e+00 1.000009536743164062e+00 9.999998807907104492e-01 1.000000476837158203e+00 2.000000000000000000e+00
-1.791504859924316406e+00 -1.300578594207763672e+00 -1.140135765075683594e+00 -1.036825537681579590e+00 1.000000000000000000e+00
1.000346422195434570e+00 1.000009536743164062e+00 9.999998807907104492e-01 1.000000476837158203e+00 2.000000000000000000e+00
-1.791504859924316406e+00 -1.300578594207763672e+00 -1.140135765075683594e+00 -1.036825537681579590e+00 1.000000000000000000e+00
1.000346422195434570e+00 1.000009536743164062e+00 9.999998807907104492e-01 1.000000476837158203e+00 2.000000000000000000e+00
-1.791504859924316406e+00 -1.300578594207763672e+00 -1.140135765075683594e+00 -1.036825537681579590e+00 1.000000000000000000e+00
1.000346422195434570e+00 1.000009536743164062e+00 9.999998807907104492e-01 1.000000476837158203e+00 2.000000000000000000e+00
-1.791504859924316406e+00 -1.300578594207763672e+00 -1.140135765075683594e+00 -1.036825537681579590e+00 1.000000000000000000e+00
1.000346422195434570e+00 1.000009536743164062e+00 9.999998807907104492e-01 1.000000476837158203e+00 2.000000000000000000e+00
-1.791504859924316406e+00 -1.300578594207763672e+00 -1.140135765075683594e+00 -1.036825537681579590e+00 1.000000000000000000e+00
1.000346422195434570e+00 1.000009536743164062e+00 9.999998807907104492e-01 1.000000476837158203e+00 2.000000000000000000e+00
-1.791504859924316406e+00 -1.300578594207763672e+00 -1.140135765075683594e+00 -1.036825537681579590e+00 1.000000000000000000e+00
1.000346422195434570e+00 1.000009536743164062e+00 9.999998807907104492e-01 1.000000476837158203e+00 2.000000000000000000e+00
-1.791504859924316406e+00 -1.300578594207763672e+00 -1.140135765075683594e+00 -1.036825537681579590e+00 1.000000000000000000e+00
1.000346422195434570e+00 1.000009536743164062e+00 9.999998807907104492e-01 1.000000476837158203e+00 2.000000000000000000e+00
-1.791504859924316406e+00 -1.300578594207763672e+00 -1.140135765075683594e+00 -1.036825537681579590e+00 1.000000000000000000e+00
1.000346422195434570e+00 1.000009536743164062e+00 9.999998807907104492e-01 1.000000476837158203e+00 2.000000000000000000e+00
-1.791504859924316406e+00 -1.300578594207763672e+00 -1.140135765075683594e+00 -1.036825537681579590e+00 1.000000000000000000e+00
1.000346422195434570e+00 1.000009536743164062e+00 9.999998807907104492e-01 1.000000476837158203e+00 2.000000000000000000e+00
1.017260670661926270e+00 1.000196933746337891e+00 1.000004291534423828e+00 1.000000000000000000e+00 0.000000000000000000e+00
1.077506542205810547e+00 1.000242352485656738e+00 1.000001072883605957e+00 1.000000000000000000e+00 0.000000000000000000e+00
1.036556601524353027e+00 1.000240564346313477e+00 1.000007510185241699e+00 1.000000000000000000e+00 0.000000000000000000e+00
1.008150100708007812e+00 1.000063896179199219e+00 1.000000000000000000e+00 1.000000000000000000e+00 0.000000000000000000e+00
1.034838199615478516e+00 1.000254750251770020e+00 1.000000476837158203e+00 1.000000000000000000e+00 0.000000000000000000e+00
1.008261561393737793e+00 1.000034213066101074e+00 1.000001072883605957e+00 1.000000000000000000e+00 0.000000000000000000e+00
1.055551052093505859e+00 1.000213980674743652e+00 1.000000476837158203e+00 1.000000000000000000e+00 0.000000000000000000e+00
1.000007510185241699e+00 1.000000000000000000e+00 1.000000000000000000e+00 1.000000000000000000e+00 0.000000000000000000e+00
1.002035856246948242e+00 1.000000000000000000e+00 1.000000000000000000e+00 1.000000000000000000e+00 0.000000000000000000e+00
1.000018835067749023e+00 1.000000000000000000e+00 1.000000000000000000e+00 1.000000000000000000e+00 0.000000000000000000e+00
1.000757455825805664e+00 1.000000000000000000e+00 1.000000000000000000e+00 1.000000000000000000e+00 0.000000000000000000e+00
1.000570774078369141e+00 1.000000000000000000e+00 1.000000000000000000e+00 1.000000000000000000e+00 0.000000000000000000e+00
1.003965735435485840e+00 1.000001668930053711e+00 1.000000000000000000e+00 1.000000000000000000e+00 0.000000000000000000e+00
1.033545017242431641e+00 1.000262856483459473e+00 1.000000000000000000e+00 1.000000000000000000e+00 0.000000000000000000e+00
1.186278462409973145e+00 1.019795656204223633e+00 1.000824928283691406e+00 1.000009536743164062e+00 0.000000000000000000e+00
1.054808616638183594e+00 1.003997802734375000e+00 1.000247716903686523e+00 1.000001668930053711e+00 0.000000000000000000e+00
1.062192201614379883e+00 1.000811696052551270e+00 1.000006675720214844e+00 1.000002145767211914e+00 0.000000000000000000e+00
1.072525739669799805e+00 1.001705884933471680e+00 1.000037431716918945e+00 1.000000476837158203e+00 0.000000000000000000e+00
1.015727758407592773e+00 1.000064373016357422e+00 1.000000000000000000e+00 1.000000000000000000e+00 0.000000000000000000e+00
1.090387582778930664e+00 1.001058459281921387e+00 1.000004291534423828e+00 1.000000000000000000e+00 0.000000000000000000e+00
1.053418636322021484e+00 1.004292964935302734e+00 1.000034093856811523e+00 1.000001668930053711e+00 0.000000000000000000e+00
1.000098705291748047e+00 1.000000000000000000e+00 1.000000000000000000e+00 1.000000000000000000e+00 0.000000000000000000e+00
1.008370518684387207e+00 1.000010728836059570e+00 1.000000000000000000e+00 1.000000000000000000e+00 0.000000000000000000e+00
1.000298261642456055e+00 1.000000000000000000e+00 1.000000000000000000e+00 1.000000000000000000e+00 0.000000000000000000e+00
1.000109910964965820e+00 1.000000000000000000e+00 1.000000000000000000e+00 1.000000000000000000e+00 0.000000000000000000e+00
1.001047611236572266e+00 1.000000000000000000e+00 1.000000000000000000e+00 1.000000000000000000e+00 0.000000000000000000e+00
1.000032186508178711e+00 1.000000000000000000e+00 1.000000000000000000e+00 1.000000000000000000e+00 0.000000000000000000e+00
1.000000000000000000e+00 1.000000000000000000e+00 1.000000000000000000e+00 1.000000000000000000e+00 0.000000000000000000e+00
1.373016595840454102e+00 1.010028123855590820e+00 1.000100135803222656e+00 1.000001668930053711e+00 0.000000000000000000e+00
1.222799777984619141e+00 1.020810604095458984e+00 1.000754475593566895e+00 1.000011682510375977e+00 0.000000000000000000e+00
1.002986669540405273e+00 1.000097036361694336e+00 1.000001072883605957e+00 1.000000000000000000e+00 0.000000000000000000e+00
1.361061096191406250e+00 1.000064373016357422e+00 1.000000000000000000e+00 1.000000000000000000e+00 0.000000000000000000e+00
1.148128628730773926e+00 1.001025915145874023e+00 1.000011801719665527e+00 1.000000000000000000e+00 0.000000000000000000e+00
1.077250242233276367e+00 1.000399112701416016e+00 1.000014424324035645e+00 1.000000476837158203e+00 0.000000000000000000e+00
1.545035123825073242e+00 1.005082845687866211e+00 1.000013947486877441e+00 1.000000000000000000e+00 0.000000000000000000e+00
1.008611440658569336e+00 1.000000000000000000e+00 1.000000000000000000e+00 1.000000000000000000e+00 1.000000000000000000e+00
1.027837038040161133e+00 1.000004768371582031e+00 1.000000000000000000e+00 1.000000000000000000e+00 2.000000000000000000e+00
1.008611440658569336e+00 1.000000000000000000e+00 1.000000000000000000e+00 1.000000000000000000e+00 1.000000000000000000e+00
1.027837038040161133e+00 1.000004768371582031e+00 1.000000000000000000e+00 1.000000000000000000e+00 2.000000000000000000e+00
1.008611440658569336e+00 1.000000000000000000e+00 1.000000000000000000e+00 1.000000000000000000e+00 1.000000000000000000e+00
1.027837038040161133e+00 1.000004768371582031e+00 1.000000000000000000e+00 1.000000000000000000e+00 2.000000000000000000e+00
1.008611440658569336e+00 1.000000000000000000e+00 1.000000000000000000e+00 1.000000000000000000e+00 1.000000000000000000e+00
1.027837038040161133e+00 1.000004768371582031e+00 1.000000000000000000e+00 1.000000000000000000e+00 2.000000000000000000e+00
1.008611440658569336e+00 1.000000000000000000e+00 1.000000000000000000e+00 1.000000000000000000e+00 1.000000000000000000e+00
1.027837038040161133e+00 1.000004768371582031e+00 1.000000000000000000e+00 1.000000000000000000e+00 2.000000000000000000e+00
1.008611440658569336e+00 1.000000000000000000e+00 1.000000000000000000e+00 1.000000000000000000e+00 1.000000000000000000e+00
1.027837038040161133e+00 1.000004768371582031e+00 1.000000000000000000e+00 1.000000000000000000e+00 2.000000000000000000e+00
1.008611440658569336e+00 1.000000000000000000e+00 1.000000000000000000e+00 1.000000000000000000e+00 1.000000000000000000e+00
1.027837038040161133e+00 1.000004768371582031e+00 1.000000000000000000e+00 1.000000000000000000e+00 2.000000000000000000e+00
1.008611440658569336e+00 1.000000000000000000e+00 1.000000000000000000e+00 1.000000000000000000e+00 1.000000000000000000e+00
1.027837038040161133e+00 1.000004768371582031e+00 1.000000000000000000e+00 1.000000000000000000e+00 2.000000000000000000e+00
1.008611440658569336e+00 1.000000000000000000e+00 1.000000000000000000e+00 1.000000000000000000e+00 1.000000000000000000e+00
1.027837038040161133e+00 1.000004768371582031e+00 1.000000000000000000e+00 1.000000000000000000e+00 2.000000000000000000e+00
1.008611440658569336e+00 1.000000000000000000e+00 1.000000000000000000e+00 1.000000000000000000e+00 1.000000000000000000e+00
1.027837038040161133e+00 1.000004768371582031e+00 1.000000000000000000e+00 1.000000000000000000e+00 2.000000000000000000e+00
1.162646174430847168e+00 1.003552675247192383e+00 1.000010609626770020e+00 1.000001072883605957e+00 0.000000000000000000e+00
1.324172496795654297e+00 1.014298915863037109e+00 1.000004768371582031e+00 1.000000000000000000e+00 0.000000000000000000e+00
1.013742327690124512e+00 1.000179529190063477e+00 1.000001072883605957e+00 1.000000000000000000e+00 0.000000000000000000e+00
1.397869110107421875e+00 1.015061140060424805e+00 1.000159859657287598e+00 1.000000000000000000e+00 0.000000000000000000e+00
1.423505306243896484e+00 1.025231003761291504e+00 1.000343441963195801e+00 1.000003814697265625e+00 0.000000000000000000e+00
3.973115444183349609e+00 1.096773386001586914e+00 1.000911235809326172e+00 1.000006914138793945e+00 0.000000000000000000e+00
1.007199406623840332e+00 1.000465035438537598e+00 1.000039100646972656e+00 1.000000000000000000e+00 0.000000000000000000e+00
1.232027888298034668e+00 1.000128149986267090e+00 1.000000476837158203e+00 1.000000000000000000e+00 0.000000000000000000e+00
1.014543175697326660e+00 1.000021457672119141e+00 1.000000476837158203e+00 1.000000000000000000e+00 0.000000000000000000e+00
4.835406303405761719e+00 1.210462331771850586e+00 1.012326478958129883e+00 1.000248908996582031e+00 0.000000000000000000e+00
2.780025482177734375e+00 1.006436109542846680e+00 1.001299858093261719e+00 1.000000000000000000e+00 0.000000000000000000e+00
1.000012397766113281e+00 1.000000000000000000e+00 1.000000000000000000e+00 1.000000000000000000e+00 0.000000000000000000e+00
1.036691904067993164e+00 1.001019239425659180e+00 1.000005364418029785e+00 1.000000000000000000e+00 1.000000000000000000e+00
1.001588463783264160e+00 1.000004291534423828e+00 1.000000000000000000e+00 1.000000000000000000e+00 2.000000000000000000e+00
1.036691904067993164e+00 1.001019239425659180e+00 1.000005364418029785e+00 1.000000000000000000e+00 1.000000000000000000e+00
1.001588463783264160e+00 1.000004291534423828e+00 1.000000000000000000e+00 1.000000000000000000e+00 2.000000000000000000e+00
1.036691904067993164e+00 1.001019239425659180e+00 1.000005364418029785e+00 1.000000000000000000e+00 1.000000000000000000e+00
1.001588463783264160e+00 1.000004291534423828e+00 1.000000000000000000e+00 1.000000000000000000e+00 2.000000000000000000e+00
1.036691904067993164e+00 1.001019239425659180e+00 1.000005364418029785e+00 1.000000000000000000e+00 1.000000000000000000e+00
1.001588463783264160e+00 1.000004291534423828e+00 1.000000000000000000e+00 1.000000000000000000e+00 2.000000000000000000e+00
1.036691904067993164e+00 1.001019239425659180e+00 1.000005364418029785e+00 1.000000000000000000e+00 1.000000000000000000e+00
1.001588463783264160e+00 1.000004291534423828e+00 1.000000000000000000e+00 1.000000000000000000e+00 2.000000000000000000e+00
1.036691904067993164e+00 1.001019239425659180e+00 1.000005364418029785e+00 1.000000000000000000e+00 1.000000000000000000e+00
1.001588463783264160e+00 1.000004291534423828e+00 1.000000000000000000e+00 1.000000000000000000e+00 2.000000000000000000e+00
1.036691904067993164e+00 1.001019239425659180e+00 1.000005364418029785e+00 1.000000000000000000e+00 1.000000000000000000e+00
1.001588463783264160e+00 1.000004291534423828e+00 1.000000000000000000e+00 1.000000000000000000e+00 2.000000000000000000e+00
1.036691904067993164e+00 1.001019239425659180e+00 1.000005364418029785e+00 1.000000000000000000e+00 1.000000000000000000e+00
1.001588463783264160e+00 1.000004291534423828e+00 1.000000000000000000e+00 1.000000000000000000e+00 2.000000000000000000e+00
1.036691904067993164e+00 1.001019239425659180e+00 1.000005364418029785e+00 1.000000000000000000e+00 1.000000000000000000e+00
1.001588463783264160e+00 1.000004291534423828e+00 1.000000000000000000e+00 1.000000000000000000e+00 2.000000000000000000e+00
1.036691904067993164e+00 1.001019239425659180e+00 1.000005364418029785e+00 1.000000000000000000e+00 1.000000000000000000e+00
1.001588463783264160e+00 1.000004291534423828e+00 1.000000000000000000e+00 1.000000000000000000e+00 2.000000000000000000e+00
1.117955923080444336e+00 1.002635359764099121e+00 1.000001668930053711e+00 1.000000000000000000e+00 0.000000000000000000e+00
1.051133275032043457e+00 1.003336668014526367e+00 1.000190258026123047e+00 1.000006437301635742e+00 0.000000000000000000e+00
1.024199366569519043e+00 1.000174760818481445e+00 1.000030040740966797e+00 1.000000000000000000e+00 0.000000000000000000e+00
1.257440567016601562e+00 1.027082085609436035e+00 1.000053524971008301e+00 1.000001072883605957e+00 0.000000000000000000e+00
1.287596702575683594e+00 1.000003814697265625e+00 1.000000000000000000e+00 1.000000000000000000e+00 0.000000000000000000e+00
-1.018439674377441406e+01 -2.729722499847412109e+00 -9.897319078445434570e-01 -2.174339294433593750e+00 1.000000000000000000e+00
1.005905866622924805e+00 1.000088930130004883e+00 1.000001668930053711e+00 1.000000000000000000e+00 2.000000000000000000e+00
-1.018439674377441406e+01 -2.729722499847412109e+00 -9.897319078445434570e-01 -2.174339294433593750e+00 1.000000000000000000e+00
1.005905866622924805e+00 1.000088930130004883e+00 1.000001668930053711e+00 1.000000000000000000e+00 2.000000000000000000e+00
-1.018439674377441406e+01 -2.729722499847412109e+00 -9.897319078445434570e-01 -2.174339294433593750e+00 1.000000000000000000e+00
1.005905866622924805e+00 1.000088930130004883e+00 1.000001668930053711e+00 1.000000000000000000e+00 2.000000000000000000e+00
-1.018439674377441406e+01 -2.729722499847412109e+00 -9.897319078445434570e-01 -2.174339294433593750e+00 1.000000000000000000e+00
1.005905866622924805e+00 1.000088930130004883e+00 1.000001668930053711e+00 1.000000000000000000e+00 2.000000000000000000e+00
-1.018439674377441406e+01 -2.729722499847412109e+00 -9.897319078445434570e-01 -2.174339294433593750e+00 1.000000000000000000e+00
1.005905866622924805e+00 1.000088930130004883e+00 1.000001668930053711e+00 1.000000000000000000e+00 2.000000000000000000e+00
-1.018439674377441406e+01 -2.729722499847412109e+00 -9.897319078445434570e-01 -2.174339294433593750e+00 1.000000000000000000e+00
1.005905866622924805e+00 1.000088930130004883e+00 1.000001668930053711e+00 1.000000000000000000e+00 2.000000000000000000e+00
-1.018439674377441406e+01 -2.729722499847412109e+00 -9.897319078445434570e-01 -2.174339294433593750e+00 1.000000000000000000e+00
1.005905866622924805e+00 1.000088930130004883e+00 1.000001668930053711e+00 1.000000000000000000e+00 2.000000000000000000e+00
-1.018439674377441406e+01 -2.729722499847412109e+00 -9.897319078445434570e-01 -2.174339294433593750e+00 1.000000000000000000e+00
1.005905866622924805e+00 1.000088930130004883e+00 1.000001668930053711e+00 1.000000000000000000e+00 2.000000000000000000e+00
-1.018439674377441406e+01 -2.729722499847412109e+00 -9.897319078445434570e-01 -2.174339294433593750e+00 1.000000000000000000e+00
1.005905866622924805e+00 1.000088930130004883e+00 1.000001668930053711e+00 1.000000000000000000e+00 2.000000000000000000e+00
-1.018439674377441406e+01 -2.729722499847412109e+00 -9.897319078445434570e-01 -2.174339294433593750e+00 1.000000000000000000e+00
1.005905866622924805e+00 1.000088930130004883e+00 1.000001668930053711e+00 1.000000000000000000e+00 2.000000000000000000e+00
1.560727357864379883e-01 -1.056328678131103516e+01 -3.065996766090393066e-01 5.551060676574707031e+00 0.000000000000000000e+00
1.245069313049316406e+01 1.615977764129638672e+00 1.089499711990356445e+00 1.008244752883911133e+00 0.000000000000000000e+00
1.225014090538024902e+00 1.022463798522949219e+00 1.000262022018432617e+00 1.000276923179626465e+00 0.000000000000000000e+00
1.140501976013183594e+00 1.000889539718627930e+00 1.000015854835510254e+00 1.000001549720764160e+00 0.000000000000000000e+00
1.166275739669799805e+00 1.006956815719604492e+00 1.001579165458679199e+00 1.000098943710327148e+00 0.000000000000000000e+00
1.000110387802124023e+00 1.000001072883605957e+00 1.000000000000000000e+00 1.000000000000000000e+00 0.000000000000000000e+00
6.588115215301513672e+00 1.173035979270935059e+00 1.017716884613037109e+00 1.000069141387939453e+00 0.000000000000000000e+00
5.514736175537109375e+00 -6.104976654052734375e+00 -5.480994224548339844e+00 -3.578151464462280273e-01 0.000000000000000000e+00
2.723933696746826172e+00 1.104046344757080078e+00 8.768004775047302246e-01 3.475641012191772461e-01 0.000000000000000000e+00
-3.773310184478759766e+00 -1.099703431129455566e+00 -3.575450181961059570e-02 9.750322341918945312e+00 0.000000000000000000e+00
-1.382122397422790527e+00 -1.804087996482849121e+00 -1.322657823562622070e+00 -1.435560584068298340e+00 0.000000000000000000e+00
4.992769956588745117e-01 -2.927122592926025391e+00 -1.308411121368408203e+00 -9.930372238159179688e-01 0.000000000000000000e+00
-2.376323461532592773e+00 -2.780346393585205078e+00 -1.107512712478637695e+00 -1.012265443801879883e+00 0.000000000000000000e+00
-7.076710224151611328e+00 4.806975126266479492e-01 -9.358177185058593750e+00 -1.132904529571533203e+00 0.000000000000000000e+00
1.000015497207641602e+00 1.000000000000000000e+00 1.000000000000000000e+00 1.000000000000000000e+00 0.000000000000000000e+00
1.000043392181396484e+00 1.000000000000000000e+00 1.000000000000000000e+00 1.000000000000000000e+00 0.000000000000000000e+00
1.000116348266601562e+00 1.000000000000000000e+00 1.000000000000000000e+00 1.000000000000000000e+00 0.000000000000000000e+00
1.000133037567138672e+00 1.000000000000000000e+00 1.000000000000000000e+00 1.000000000000000000e+00 0.000000000000000000e+00
1.001784086227416992e+00 1.000000476837158203e+00 1.000000000000000000e+00 1.000000000000000000e+00 0.000000000000000000e+00
1.000048875808715820e+00 1.000000000000000000e+00 1.000000000000000000e+00 1.000000000000000000e+00 0.000000000000000000e+00
1.000032186508178711e+00 1.000000000000000000e+00 1.000000000000000000e+00 1.000000000000000000e+00 0.000000000000000000e+00
1.009981155395507812e+00 1.000515103340148926e+00 1.000008583068847656e+00 1.000000000000000000e+00 0.000000000000000000e+00
1.977521657943725586e+00 1.394608259201049805e+00 1.088789701461791992e+00 1.050251960754394531e+00 0.000000000000000000e+00
1.615397572517395020e+00 1.018570661544799805e+00 1.007720232009887695e+00 1.002228736877441406e+00 0.000000000000000000e+00
1.007309556007385254e+00 1.000057935714721680e+00 1.000003695487976074e+00 1.000000476837158203e+00 0.000000000000000000e+00
1.026769995689392090e+00 1.003275513648986816e+00 1.000152111053466797e+00 1.000006437301635742e+00 0.000000000000000000e+00
1.048761367797851562e+00 1.000511646270751953e+00 1.000001072883605957e+00 1.000000000000000000e+00 0.000000000000000000e+00
1.167294502258300781e+00 1.004388928413391113e+00 1.000034809112548828e+00 1.000001072883605957e+00 0.000000000000000000e+00
2.441919803619384766e+00 1.069260835647583008e+00 1.001183867454528809e+00 1.000010251998901367e+00 0.000000000000000000e+00
1.990492582321166992e+00 1.190414428710937500e+00 1.537984609603881836e+00 1.000004291534423828e+00 0.000000000000000000e+00
-4.163814544677734375e+00 -9.178876876831054688e-03 -5.583167076110839844e-04 1.120541286468505859e+01 0.000000000000000000e+00
2.811442136764526367e+00 -2.239626646041870117e-01 1.026409983634948730e+00 2.370219945907592773e+00 0.000000000000000000e+00
-7.594944477081298828e+00 -1.182425379753112793e+00 6.301601409912109375e+00 7.970075130462646484e+00 0.000000000000000000e+00
1.264334917068481445e+00 1.007103681564331055e+00 9.996814131736755371e-01 1.000247240066528320e+00 0.000000000000000000e+00
1.579029798507690430e+00 1.018723011016845703e+00 1.001875877380371094e+00 1.000047087669372559e+00 0.000000000000000000e+00
-2.140827655792236328e+00 -1.334509611129760742e+00 -1.110247135162353516e+00 -1.073946833610534668e+00 0.000000000000000000e+00
1.149855375289916992e+00 1.091728210449218750e+00 1.182265758514404297e+00 -1.695704460144042969e+00 0.000000000000000000e+00
1.336315393447875977e+00 1.010682344436645508e+00 1.000017642974853516e+00 1.000000000000000000e+00 0.000000000000000000e+00
1.019144058227539062e+00 1.000134587287902832e+00 1.000000476837158203e+00 1.000000000000000000e+00 0.000000000000000000e+00
1.011750459671020508e+00 1.000179052352905273e+00 1.000001668930053711e+00 1.000000000000000000e+00 0.000000000000000000e+00
1.071186542510986328e+00 1.000286340713500977e+00 1.000001668930053711e+00 1.000000000000000000e+00 0.000000000000000000e+00
-1.962448120117187500e+00 -1.376464843750000000e+00 -1.060374021530151367e+00 -1.028064846992492676e+00 1.000000000000000000e+00
-1.588783025741577148e+00 -1.433306455612182617e+00 -1.114023208618164062e+00 -9.673100113868713379e-01 2.000000000000000000e+00
-1.962448120117187500e+00 -1.376464843750000000e+00 -1.060374021530151367e+00 -1.028064846992492676e+00 1.000000000000000000e+00
-1.588783025741577148e+00 -1.433306455612182617e+00 -1.114023208618164062e+00 -9.673100113868713379e-01 2.000000000000000000e+00
-1.962448120117187500e+00 -1.376464843750000000e+00 -1.060374021530151367e+00 -1.028064846992492676e+00 1.000000000000000000e+00
-1.588783025741577148e+00 -1.433306455612182617e+00 -1.114023208618164062e+00 -9.673100113868713379e-01 2.000000000000000000e+00
-1.962448120117187500e+00 -1.376464843750000000e+00 -1.060374021530151367e+00 -1.028064846992492676e+00 1.000000000000000000e+00
-1.588783025741577148e+00 -1.433306455612182617e+00 -1.114023208618164062e+00 -9.673100113868713379e-01 2.000000000000000000e+00
-1.962448120117187500e+00 -1.376464843750000000e+00 -1.060374021530151367e+00 -1.028064846992492676e+00 1.000000000000000000e+00
-1.588783025741577148e+00 -1.433306455612182617e+00 -1.114023208618164062e+00 -9.673100113868713379e-01 2.000000000000000000e+00
-1.962448120117187500e+00 -1.376464843750000000e+00 -1.060374021530151367e+00 -1.028064846992492676e+00 1.000000000000000000e+00
-1.588783025741577148e+00 -1.433306455612182617e+00 -1.114023208618164062e+00 -9.673100113868713379e-01 2.000000000000000000e+00
-1.962448120117187500e+00 -1.376464843750000000e+00 -1.060374021530151367e+00 -1.028064846992492676e+00 1.000000000000000000e+00
-1.588783025741577148e+00 -1.433306455612182617e+00 -1.114023208618164062e+00 -9.673100113868713379e-01 2.000000000000000000e+00
-1.962448120117187500e+00 -1.376464843750000000e+00 -1.060374021530151367e+00 -1.028064846992492676e+00 1.000000000000000000e+00
-1.588783025741577148e+00 -1.433306455612182617e+00 -1.114023208618164062e+00 -9.673100113868713379e-01 2.000000000000000000e+00
-1.962448120117187500e+00 -1.376464843750000000e+00 -1.060374021530151367e+00 -1.028064846992492676e+00 1.000000000000000000e+00
-1.588783025741577148e+00 -1.433306455612182617e+00 -1.114023208618164062e+00 -9.673100113868713379e-01 2.000000000000000000e+00
-1.962448120117187500e+00 -1.376464843750000000e+00 -1.060374021530151367e+00 -1.028064846992492676e+00 1.000000000000000000e+00
-1.588783025741577148e+00 -1.433306455612182617e+00 -1.114023208618164062e+00 -9.673100113868713379e-01 2.000000000000000000e+00
1.807830929756164551e+00 1.161934375762939453e+00 1.032256722450256348e+00 1.011879920959472656e+00 0.000000000000000000e+00
1.755971074104309082e+00 1.133366346359252930e+00 1.023560523986816406e+00 1.003851890563964844e+00 0.000000000000000000e+00
1.626660108566284180e+00 1.125541210174560547e+00 1.014467835426330566e+00 1.002816081047058105e+00 0.000000000000000000e+00
1.666929244995117188e+00 1.092522144317626953e+00 1.015056967735290527e+00 1.002882242202758789e+00 0.000000000000000000e+00
2.262638330459594727e+00 1.178738713264465332e+00 1.044762849807739258e+00 1.007765293121337891e+00 0.000000000000000000e+00
2.483791589736938477e+00 1.480657815933227539e+00 1.067702054977416992e+00 1.012776136398315430e+00 0.000000000000000000e+00
1.705955982208251953e+00 1.005532860755920410e+00 1.000451922416687012e+00 1.000065565109252930e+00 0.000000000000000000e+00
1.004069209098815918e+00 1.000040769577026367e+00 1.000000000000000000e+00 1.000000000000000000e+00 0.000000000000000000e+00
1.004505634307861328e+00 1.000000000000000000e+00 1.000000000000000000e+00 1.000000000000000000e+00 0.000000000000000000e+00
1.014520168304443359e+00 1.000007510185241699e+00 1.000000000000000000e+00 1.000000000000000000e+00 0.000000000000000000e+00
1.004687070846557617e+00 1.000026822090148926e+00 1.000000000000000000e+00 1.000000000000000000e+00 0.000000000000000000e+00
1.184279680252075195e+00 1.010686755180358887e+00 1.000116825103759766e+00 1.000001072883605957e+00 0.000000000000000000e+00
1.131020665168762207e+00 1.011206865310668945e+00 1.000573515892028809e+00 1.000012755393981934e+00 0.000000000000000000e+00
1.360501885414123535e+00 1.037210702896118164e+00 1.007174491882324219e+00 1.000214099884033203e+00 0.000000000000000000e+00
1.187403202056884766e+00 1.013364195823669434e+00 1.000234842300415039e+00 1.000016093254089355e+00 0.000000000000000000e+00
1.005915880203247070e+00 1.000004291534423828e+00 1.000000000000000000e+00 1.000000000000000000e+00 0.000000000000000000e+00
1.006544470787048340e+00 1.000001072883605957e+00 1.000000000000000000e+00 1.000000000000000000e+00 0.000000000000000000e+00
1.033072948455810547e+00 1.001819849014282227e+00 1.000163793563842773e+00 1.000007510185241699e+00 0.000000000000000000e+00
1.031598806381225586e+00 1.000070333480834961e+00 1.000004291534423828e+00 1.000000476837158203e+00 0.000000000000000000e+00
-7.942221164703369141e-01 3.785280227661132812e+00 1.027692079544067383e+00 1.000043511390686035e+00 0.000000000000000000e+00
1.008226633071899414e+00 1.000184535980224609e+00 1.000014543533325195e+00 1.000000000000000000e+00 0.000000000000000000e+00
2.381407260894775391e+00 1.081426620483398438e+00 1.002616882324218750e+00 1.000163793563842773e+00 0.000000000000000000e+00
1.160813093185424805e+00 1.005219578742980957e+00 1.000071763992309570e+00 1.000000476837158203e+00 0.000000000000000000e+00
1.000038623809814453e+00 1.000000000000000000e+00 1.000000000000000000e+00 1.000000000000000000e+00 0.000000000000000000e+00
1.106297254562377930e+00 1.001648426055908203e+00 1.000004768371582031e+00 1.000000000000000000e+00 0.000000000000000000e+00
2.129981756210327148e+00 1.324688792228698730e+00 1.021663427352905273e+00 1.000073909759521484e+00 0.000000000000000000e+00
-2.833154201507568359e+00 -1.209870576858520508e+00 9.835123062133789062e+00 7.146030902862548828e+00 0.000000000000000000e+00
1.215549707412719727e+00 1.000271081924438477e+00 1.000007390975952148e+00 9.999988079071044922e-01 0.000000000000000000e+00
1.000063896179199219e+00 1.000000000000000000e+00 1.000000000000000000e+00 1.000000000000000000e+00 0.000000000000000000e+00
1.000304698944091797e+00 1.000000000000000000e+00 1.000000000000000000e+00 1.000000000000000000e+00 0.000000000000000000e+00
1.016386985778808594e+00 1.000233292579650879e+00 1.000000476837158203e+00 1.000000000000000000e+00 0.000000000000000000e+00
1.011103153228759766e+00 1.000150680541992188e+00 1.000000476837158203e+00 1.000000000000000000e+00 0.000000000000000000e+00
1.080354213714599609e+00 1.007405519485473633e+00 1.003826975822448730e+00 1.000956058502197266e+00 0.000000000000000000e+00
1.001210212707519531e+00 1.000004768371582031e+00 1.000000000000000000e+00 1.000000000000000000e+00 0.000000000000000000e+00
1.000031709671020508e+00 1.000000000000000000e+00 1.000000000000000000e+00 1.000000000000000000e+00 0.000000000000000000e+00
1.000992655754089355e+00 1.000002622604370117e+00 1.000000000000000000e+00 1.000000000000000000e+00 0.000000000000000000e+00
1.024415731430053711e+00 1.000196337699890137e+00 1.000000000000000000e+00 1.000000000000000000e+00 0.000000000000000000e+00
1.000394344329833984e+00 1.000000000000000000e+00 1.000000000000000000e+00 1.000000000000000000e+00 0.000000000000000000e+00
1.000006437301635742e+00 1.000000000000000000e+00 1.000000000000000000e+00 1.000000000000000000e+00 0.000000000000000000e+00
1.035187244415283203e+00 1.000006437301635742e+00 1.000000000000000000e+00 1.000000000000000000e+00 0.000000000000000000e+00
1.000001668930053711e+00 1.000000000000000000e+00 1.000000000000000000e+00 1.000000000000000000e+00 0.000000000000000000e+00
1.000036954879760742e+00 1.000001072883605957e+00 1.000000000000000000e+00 1.000000000000000000e+00 0.000000000000000000e+00
1.237144708633422852e+00 1.019014596939086914e+00 1.000373840332031250e+00 9.997798204421997070e-01 1.000000000000000000e+00
1.001922130584716797e+00 1.000013351440429688e+00 1.000000000000000000e+00 1.000000000000000000e+00 2.000000000000000000e+00
1.237144708633422852e+00 1.019014596939086914e+00 1.000373840332031250e+00 9.997798204421997070e-01 1.000000000000000000e+00
1.001922130584716797e+00 1.000013351440429688e+00 1.000000000000000000e+00 1.000000000000000000e+00 2.000000000000000000e+00
1.237144708633422852e+00 1.019014596939086914e+00 1.000373840332031250e+00 9.997798204421997070e-01 1.000000000000000000e+00
1.001922130584716797e+00 1.000013351440429688e+00 1.000000000000000000e+00 1.000000000000000000e+00 2.000000000000000000e+00
1.237144708633422852e+00 1.019014596939086914e+00 1.000373840332031250e+00 9.997798204421997070e-01 1.000000000000000000e+00
1.001922130584716797e+00 1.000013351440429688e+00 1.000000000000000000e+00 1.000000000000000000e+00 2.000000000000000000e+00
1.237144708633422852e+00 1.019014596939086914e+00 1.000373840332031250e+00 9.997798204421997070e-01 1.000000000000000000e+00
1.001922130584716797e+00 1.000013351440429688e+00 1.000000000000000000e+00 1.000000000000000000e+00 2.000000000000000000e+00
1.237144708633422852e+00 1.019014596939086914e+00 1.000373840332031250e+00 9.997798204421997070e-01 1.000000000000000000e+00
1.001922130584716797e+00 1.000013351440429688e+00 1.000000000000000000e+00 1.000000000000000000e+00 2.000000000000000000e+00
1.237144708633422852e+00 1.019014596939086914e+00 1.000373840332031250e+00 9.997798204421997070e-01 1.000000000000000000e+00
1.001922130584716797e+00 1.000013351440429688e+00 1.000000000000000000e+00 1.000000000000000000e+00 2.000000000000000000e+00
1.237144708633422852e+00 1.019014596939086914e+00 1.000373840332031250e+00 9.997798204421997070e-01 1.000000000000000000e+00
1.001922130584716797e+00 1.000013351440429688e+00 1.000000000000000000e+00 1.000000000000000000e+00 2.000000000000000000e+00
1.237144708633422852e+00 1.019014596939086914e+00 1.000373840332031250e+00 9.997798204421997070e-01 1.000000000000000000e+00
1.001922130584716797e+00 1.000013351440429688e+00 1.000000000000000000e+00 1.000000000000000000e+00 2.000000000000000000e+00
1.237144708633422852e+00 1.019014596939086914e+00 1.000373840332031250e+00 9.997798204421997070e-01 1.000000000000000000e+00
1.001922130584716797e+00 1.000013351440429688e+00 1.000000000000000000e+00 1.000000000000000000e+00 2.000000000000000000e+00
1.002379417419433594e+00 1.000006914138793945e+00 1.000000000000000000e+00 1.000000000000000000e+00 0.000000000000000000e+00
1.010993480682373047e+00 1.000007510185241699e+00 1.000000000000000000e+00 1.000000000000000000e+00 0.000000000000000000e+00
1.012076735496520996e+00 1.000001668930053711e+00 1.000000000000000000e+00 1.000000000000000000e+00 0.000000000000000000e+00
1.000023126602172852e+00 1.000000000000000000e+00 1.000000000000000000e+00 1.000000000000000000e+00 0.000000000000000000e+00
1.000030517578125000e+00 1.000000000000000000e+00 1.000000000000000000e+00 1.000000000000000000e+00 0.000000000000000000e+00
1.000001072883605957e+00 1.000000000000000000e+00 1.000000000000000000e+00 1.000000000000000000e+00 0.000000000000000000e+00
1.000000000000000000e+00 1.000000000000000000e+00 1.000000000000000000e+00 1.000000000000000000e+00 0.000000000000000000e+00
9.750982522964477539e-01 9.449635744094848633e-01 1.080601096153259277e+00 1.001262664794921875e+00 1.000000000000000000e+00
1.033215522766113281e+00 1.001375079154968262e+00 1.000617980957031250e+00 1.000151395797729492e+00 2.000000000000000000e+00
9.750982522964477539e-01 9.449635744094848633e-01 1.080601096153259277e+00 1.001262664794921875e+00 1.000000000000000000e+00
1.033215522766113281e+00 1.001375079154968262e+00 1.000617980957031250e+00 1.000151395797729492e+00 2.000000000000000000e+00
9.750982522964477539e-01 9.449635744094848633e-01 1.080601096153259277e+00 1.001262664794921875e+00 1.000000000000000000e+00
1.033215522766113281e+00 1.001375079154968262e+00 1.000617980957031250e+00 1.000151395797729492e+00 2.000000000000000000e+00
9.750982522964477539e-01 9.449635744094848633e-01 1.080601096153259277e+00 1.001262664794921875e+00 1.000000000000000000e+00
1.033215522766113281e+00 1.001375079154968262e+00 1.000617980957031250e+00 1.000151395797729492e+00 2.000000000000000000e+00
9.750982522964477539e-01 9.449635744094848633e-01 1.080601096153259277e+00 1.001262664794921875e+00 1.000000000000000000e+00
1.033215522766113281e+00 1.001375079154968262e+00 1.000617980957031250e+00 1.000151395797729492e+00 2.000000000000000000e+00
9.750982522964477539e-01 9.449635744094848633e-01 1.080601096153259277e+00 1.001262664794921875e+00 1.000000000000000000e+00
1.033215522766113281e+00 1.001375079154968262e+00 1.000617980957031250e+00 1.000151395797729492e+00 2.000000000000000000e+00
9.750982522964477539e-01 9.449635744094848633e-01 1.080601096153259277e+00 1.001262664794921875e+00 1.000000000000000000e+00
1.033215522766113281e+00 1.001375079154968262e+00 1.000617980957031250e+00 1.000151395797729492e+00 2.000000000000000000e+00
9.750982522964477539e-01 9.449635744094848633e-01 1.080601096153259277e+00 1.001262664794921875e+00 1.000000000000000000e+00
1.033215522766113281e+00 1.001375079154968262e+00 1.000617980957031250e+00 1.000151395797729492e+00 2.000000000000000000e+00
9.750982522964477539e-01 9.449635744094848633e-01 1.080601096153259277e+00 1.001262664794921875e+00 1.000000000000000000e+00
1.033215522766113281e+00 1.001375079154968262e+00 1.000617980957031250e+00 1.000151395797729492e+00 2.000000000000000000e+00
9.750982522964477539e-01 9.449635744094848633e-01 1.080601096153259277e+00 1.001262664794921875e+00 1.000000000000000000e+00
1.033215522766113281e+00 1.001375079154968262e+00 1.000617980957031250e+00 1.000151395797729492e+00 2.000000000000000000e+00
1.001058578491210938e+00 1.000013351440429688e+00 1.000000000000000000e+00 1.000000000000000000e+00 0.000000000000000000e+00
1.132934808731079102e+00 1.000040173530578613e+00 1.000000476837158203e+00 1.000000000000000000e+00 0.000000000000000000e+00
5.989834308624267578e+00 1.011204838752746582e+00 1.000408887863159180e+00 1.000007987022399902e+00 0.000000000000000000e+00
2.082508802413940430e+00 1.156382560729980469e+00 1.006203293800354004e+00 1.000064611434936523e+00 0.000000000000000000e+00
1.283927679061889648e+00 1.016171693801879883e+00 1.001026153564453125e+00 1.000165343284606934e+00 0.000000000000000000e+00
-1.234542489051818848e+00 7.509382247924804688e+00 2.919401645660400391e+00 1.001675367355346680e+00 0.000000000000000000e+00
1.052641773223876953e+01 1.000444173812866211e+00 1.000034570693969727e+00 1.000012278556823730e+00 0.000000000000000000e+00
1.000119686126708984e+00 1.000000000000000000e+00 1.000000000000000000e+00 1.000000000000000000e+00 0.000000000000000000e+00
1.001785278320312500e+00 1.000000000000000000e+00 1.000000000000000000e+00 1.000000000000000000e+00 0.000000000000000000e+00
1.000827193260192871e+00 1.000000000000000000e+00 1.000000000000000000e+00 1.000000000000000000e+00 0.000000000000000000e+00
1.000033259391784668e+00 1.000000000000000000e+00 1.000000000000000000e+00 1.000000000000000000e+00 0.000000000000000000e+00
1.000008583068847656e+00 1.000000000000000000e+00 1.000000000000000000e+00 1.000000000000000000e+00 0.000000000000000000e+00
1.000070810317993164e+00 1.000000000000000000e+00 1.000000000000000000e+00 1.000000000000000000e+00 0.000000000000000000e+00
1.000123262405395508e+00 1.000001072883605957e+00 1.000000000000000000e+00 1.000000000000000000e+00 0.000000000000000000e+00
-1.182463645935058594e+00 1.278000736236572266e+01 3.530493497848510742e+00 1.003753304481506348e+00 0.000000000000000000e+00
-9.088561534881591797e-01 6.544622421264648438e+00 7.878901481628417969e+00 1.161132693290710449e+00 0.000000000000000000e+00
1.352665185928344727e+00 1.124422788619995117e+00 1.019181966781616211e+00 1.052283048629760742e+00 0.000000000000000000e+00
1.040131330490112305e+00 1.000239133834838867e+00 1.000001072883605957e+00 1.000000000000000000e+00 0.000000000000000000e+00
1.000923037528991699e+00 1.000001668930053711e+00 1.000000000000000000e+00 1.000000000000000000e+00 0.000000000000000000e+00
1.001266956329345703e+00 1.000000476837158203e+00 1.000000000000000000e+00 1.000000000000000000e+00 0.000000000000000000e+00
1.009898662567138672e+00 1.000006914138793945e+00 1.000000000000000000e+00 1.000000000000000000e+00 0.000000000000000000e+00
1.003441214561462402e+00 1.000000476837158203e+00 1.000000000000000000e+00 1.000000000000000000e+00 0.000000000000000000e+00
1.057123422622680664e+00 1.000015020370483398e+00 1.000000000000000000e+00 1.000000000000000000e+00 0.000000000000000000e+00
1.061277294158935547e+01 1.003626823425292969e+00 1.000128746032714844e+00 1.000010251998901367e+00 0.000000000000000000e+00
1.586092591285705566e+00 1.007291555404663086e+00 1.000583648681640625e+00 1.000033140182495117e+00 0.000000000000000000e+00
1.006670475006103516e+00 1.000074625015258789e+00 1.000000000000000000e+00 1.000000000000000000e+00 0.000000000000000000e+00
1.034165859222412109e+00 1.000000476837158203e+00 1.000000000000000000e+00 1.000000000000000000e+00 0.000000000000000000e+00
1.052713394165039062e+00 1.000143051147460938e+00 1.000002145767211914e+00 1.000000000000000000e+00 0.000000000000000000e+00
1.000033259391784668e+00 1.000000000000000000e+00 1.000000000000000000e+00 1.000000000000000000e+00 0.000000000000000000e+00
1.003532052040100098e+00 1.000013351440429688e+00 1.000000000000000000e+00 1.000000000000000000e+00 0.000000000000000000e+00
1.084342718124389648e+00 1.003326654434204102e+00 1.000002622604370117e+00 1.000000000000000000e+00 0.000000000000000000e+00
1.132782268524169922e+01 4.233327388763427734e+00 1.001544594764709473e+00 1.000003218650817871e+00 0.000000000000000000e+00
-5.916951179504394531e+00 6.022737503051757812e+00 3.972093105316162109e+00 1.003826856613159180e+00 0.000000000000000000e+00
1.211253762245178223e+00 1.005779385566711426e+00 1.000996112823486328e+00 1.000000476837158203e+00 0.000000000000000000e+00
1.047368764877319336e+00 1.000091671943664551e+00 1.000004768371582031e+00 1.000000476837158203e+00 0.000000000000000000e+00
1.305177211761474609e+00 1.005965232849121094e+00 1.000093102455139160e+00 1.000059485435485840e+00 0.000000000000000000e+00
1.074834346771240234e+00 1.000821590423583984e+00 1.000042557716369629e+00 1.000003218650817871e+00 0.000000000000000000e+00
1.118271350860595703e+00 1.019232392311096191e+00 1.004586935043334961e+00 1.002446293830871582e+00 0.000000000000000000e+00
1.026853084564208984e+00 1.000150203704833984e+00 1.000004768371582031e+00 1.000000000000000000e+00 0.000000000000000000e+00
-2.825159549713134766e+00 -2.060813188552856445e+00 -1.268616437911987305e+00 -7.565463781356811523e-01 0.000000000000000000e+00
1.035620212554931641e+00 1.000142574310302734e+00 1.000014305114746094e+00 9.999986886978149414e-01 0.000000000000000000e+00
