2.406832575798034668e-01 2.549773156642913818e-01 2.788608074188232422e-01 2.698553204536437988e-01 2.694554328918457031e-01 0.000000000000000000e+00
8.740963041782379150e-02 6.068548560142517090e-02 1.122898831963539124e-01 1.066801995038986206e-01 1.673812568187713623e-01 0.000000000000000000e+00
-1.435676962137222290e-01 -9.798507392406463623e-02 -1.204753890633583069e-01 -8.385574817657470703e-02 -6.656738370656967163e-02 0.000000000000000000e+00
-5.834772065281867981e-02 -7.175322622060775757e-02 -1.291788741946220398e-02 -6.914548575878143311e-02 -8.935755491256713867e-02 0.000000000000000000e+00
-4.499164596199989319e-02 -1.350871659815311432e-02 1.498601119965314865e-02 9.647595137357711792e-02 9.983275085687637329e-02 0.000000000000000000e+00
1.178180277347564697e-01 1.488289386034011841e-01 1.518317610025405884e-01 1.307892054319381714e-01 1.162799745798110962e-01 0.000000000000000000e+00
1.817287504673004150e-01 1.907572150230407715e-01 1.805083155632019043e-01 1.323098987340927124e-01 1.408139169216156006e-01 0.000000000000000000e+00
2.420643270015716553e-01 2.503740489482879639e-01 2.673309743404388428e-01 2.620074152946472168e-01 2.691042721271514893e-01 0.000000000000000000e+00
2.747241854667663574e-01 2.872788906097412109e-01 3.081003427505493164e-01 2.961319684982299805e-01 2.915264666080474854e-01 0.000000000000000000e+00
2.757008969783782959e-01 3.043498098850250244e-01 3.040835857391357422e-01 2.944879531860351562e-01 3.069348335266113281e-01 0.000000000000000000e+00
2.750256061553955078e-01 2.939078807830810547e-01 2.997901439666748047e-01 3.093005716800689697e-01 3.206965923309326172e-01 0.000000000000000000e+00
2.853450179100036621e-01 2.940432727336883545e-01 3.052981197834014893e-01 3.007293641567230225e-01 3.079433441162109375e-01 0.000000000000000000e+00
2.746515572071075439e-01 2.983615100383758545e-01 3.033506274223327637e-01 3.085770905017852783e-01 3.152851760387420654e-01 0.000000000000000000e+00
2.904629409313201904e-01 3.066490292549133301e-01 3.291007578372955322e-01 3.477565944194793701e-01 3.502929508686065674e-01 0.000000000000000000e+00
1.125385314226150513e-01 1.814819574356079102e-01 2.357961088418960571e-01 3.138883411884307861e-01 3.539191484451293945e-01 0.000000000000000000e+00
1.806828230619430542e-01 2.267718613147735596e-01 2.568809092044830322e-01 2.401375174522399902e-01 2.076942026615142822e-01 0.000000000000000000e+00
5.418438836932182312e-02 1.170814707875251770e-01 1.180544048547744751e-01 1.488620936870574951e-01 2.087349295616149902e-01 0.000000000000000000e+00
-1.900058239698410034e-02 -2.833888679742813110e-02 -6.168267689645290375e-03 1.017969753593206406e-02 3.432758152484893799e-02 0.000000000000000000e+00
1.228568404912948608e-01 2.244710773229598999e-01 2.392278462648391724e-01 2.087917923927307129e-01 1.435185968875885010e-01 0.000000000000000000e+00
2.156903892755508423e-01 2.418473362922668457e-01 2.159920334815979004e-01 2.450511604547500610e-01 2.579548358917236328e-01 0.000000000000000000e+00
-4.056056961417198181e-03 -1.176331657916307449e-02 6.794282793998718262e-02 2.104333043098449707e-01 2.160154134035110474e-01 0.000000000000000000e+00
2.653228044509887695e-01 3.044227361679077148e-01 3.000723421573638916e-01 3.080023527145385742e-01 3.121419847011566162e-01 0.000000000000000000e+00
1.877699643373489380e-01 1.894906461238861084e-01 2.996915876865386963e-01 3.190955221652984619e-01 3.375906050205230713e-01 0.000000000000000000e+00
-8.742499351501464844e-02 3.886319324374198914e-02 1.457256525754928589e-01 1.968741565942764282e-01 1.980490535497665405e-01 0.000000000000000000e+00
-1.275624036788940430e-01 -1.075477525591850281e-01 -9.837055206298828125e-02 -7.677999138832092285e-02 -6.435494124889373779e-02 0.000000000000000000e+00
2.831182675436139107e-03 3.273072093725204468e-02 -1.023844443261623383e-02 -2.959772013127803802e-02 -9.760791808366775513e-02 0.000000000000000000e+00
2.211450934410095215e-01 2.061227262020111084e-01 2.236673980951309204e-01 1.671825945377349854e-01 1.422441303730010986e-01 0.000000000000000000e+00
2.662277519702911377e-01 2.895815968513488770e-01 2.743756771087646484e-01 2.659623622894287109e-01 2.705693244934082031e-01 0.000000000000000000e+00
-3.681945428252220154e-02 1.585584431886672974e-01 3.052073717117309570e-01 3.410462439060211182e-01 4.720762968063354492e-01 0.000000000000000000e+00
-7.793521881103515625e-02 -8.217194676399230957e-02 1.074699591845273972e-02 7.005126029253005981e-02 8.996778726577758789e-02 0.000000000000000000e+00
-3.616059198975563049e-02 1.104756668210029602e-01 -2.786970324814319611e-02 -2.475718595087528229e-02 -3.901069983839988708e-02 0.000000000000000000e+00
-5.672278255224227905e-02 3.526129946112632751e-02 9.105429053306579590e-02 2.151008397340774536e-01 1.775607317686080933e-01 0.000000000000000000e+00
-6.026048958301544189e-02 -3.214608505368232727e-02 2.920864149928092957e-02 4.152540490031242371e-02 3.340474516153335571e-02 0.000000000000000000e+00
4.760084301233291626e-02 5.630463361740112305e-02 -7.908980478532612324e-04 9.966846555471420288e-03 8.942568302154541016e-02 0.000000000000000000e+00
1.280987542122602463e-02 8.346085250377655029e-02 3.704573214054107666e-02 4.160593450069427490e-02 5.789325386285781860e-02 0.000000000000000000e+00
1.229722425341606140e-01 2.293434888124465942e-01 2.546368837356567383e-01 2.350548952817916870e-01 1.986552923917770386e-01 0.000000000000000000e+00
1.407633423805236816e-01 2.071081399917602539e-01 2.421619147062301636e-01 2.425891757011413574e-01 2.033200114965438843e-01 0.000000000000000000e+00
2.059033215045928955e-01 2.756844758987426758e-01 2.386083155870437622e-01 2.549211978912353516e-01 2.807665765285491943e-01 0.000000000000000000e+00
2.747198641300201416e-01 2.995456755161285400e-01 3.398633599281311035e-01 2.936917245388031006e-01 3.013604283332824707e-01 0.000000000000000000e+00
2.380895018577575684e-01 3.232812881469726562e-01 3.568601310253143311e-01 3.331858515739440918e-01 3.480387628078460693e-01 0.000000000000000000e+00
2.423586398363113403e-01 3.319964706897735596e-01 3.601622581481933594e-01 3.824804425239562988e-01 3.785524368286132812e-01 0.000000000000000000e+00
1.672966629266738892e-01 1.522095203399658203e-01 2.174419909715652466e-01 2.975877821445465088e-01 3.425303995609283447e-01 0.000000000000000000e+00
-4.134701192378997803e-02 -9.406080842018127441e-02 -1.295438110828399658e-01 -1.342582404613494873e-01 -1.653667092323303223e-01 1.000000000000000000e+00
4.706498235464096069e-02 9.629785269498825073e-02 1.091044098138809204e-01 1.396483182907104492e-01 8.153296262025833130e-02 2.000000000000000000e+00
-4.134701192378997803e-02 -9.406080842018127441e-02 -1.295438110828399658e-01 -1.342582404613494873e-01 -1.653667092323303223e-01 1.000000000000000000e+00
4.706498235464096069e-02 9.629785269498825073e-02 1.091044098138809204e-01 1.396483182907104492e-01 8.153296262025833130e-02 2.000000000000000000e+00
-4.134701192378997803e-02 -9.406080842018127441e-02 -1.295438110828399658e-01 -1.342582404613494873e-01 -1.653667092323303223e-01 1.000000000000000000e+00
4.706498235464096069e-02 9.629785269498825073e-02 1.091044098138809204e-01 1.396483182907104492e-01 8.153296262025833130e-02 2.000000000000000000e+00
-4.134701192378997803e-02 -9.406080842018127441e-02 -1.295438110828399658e-01 -1.342582404613494873e-01 -1.653667092323303223e-01 1.000000000000000000e+00
4.706498235464096069e-02 9.629785269498825073e-02 1.091044098138809204e-01 1.396483182907104492e-01 8.153296262025833130e-02 2.000000000000000000e+00
-4.134701192378997803e-02 -9.406080842018127441e-02 -1.295438110828399658e-01 -1.342582404613494873e-01 -1.653667092323303223e-01 1.000000000000000000e+00
4.706498235464096069e-02 9.629785269498825073e-02 1.091044098138809204e-01 1.396483182907104492e-01 8.153296262025833130e-02 2.000000000000000000e+00
-4.134701192378997803e-02 -9.406080842018127441e-02 -1.295438110828399658e-01 -1.342582404613494873e-01 -1.653667092323303223e-01 1.000000000000000000e+00
4.706498235464096069e-02 9.629785269498825073e-02 1.091044098138809204e-01 1.396483182907104492e-01 8.153296262025833130e-02 2.000000000000000000e+00
-4.134701192378997803e-02 -9.406080842018127441e-02 -1.295438110828399658e-01 -1.342582404613494873e-01 -1.653667092323303223e-01 1.000000000000000000e+00
4.706498235464096069e-02 9.629785269498825073e-02 1.091044098138809204e-01 1.396483182907104492e-01 8.153296262025833130e-02 2.000000000000000000e+00
-4.134701192378997803e-02 -9.406080842018127441e-02 -1.295438110828399658e-01 -1.342582404613494873e-01 -1.653667092323303223e-01 1.000000000000000000e+00
4.706498235464096069e-02 9.629785269498825073e-02 1.091044098138809204e-01 1.396483182907104492e-01 8.153296262025833130e-02 2.000000000000000000e+00
-4.134701192378997803e-02 -9.406080842018127441e-02 -1.295438110828399658e-01 -1.342582404613494873e-01 -1.653667092323303223e-01 1.000000000000000000e+00
4.706498235464096069e-02 9.629785269498825073e-02 1.091044098138809204e-01 1.396483182907104492e-01 8.153296262025833130e-02 2.000000000000000000e+00
-4.134701192378997803e-02 -9.406080842018127441e-02 -1.295438110828399658e-01 -1.342582404613494873e-01 -1.653667092323303223e-01 1.000000000000000000e+00
4.706498235464096069e-02 9.629785269498825073e-02 1.091044098138809204e-01 1.396483182907104492e-01 8.153296262025833130e-02 2.000000000000000000e+00
3.578385412693023682e-01 3.702012002468109131e-01 4.267754852771759033e-01 4.328971803188323975e-01 4.044936895370483398e-01 0.000000000000000000e+00
3.099053502082824707e-01 3.936677575111389160e-01 4.442184567451477051e-01 4.451124966144561768e-01 4.634621739387512207e-01 0.000000000000000000e+00
2.707659900188446045e-01 3.556924164295196533e-01 3.573405146598815918e-01 3.340950906276702881e-01 3.395548462867736816e-01 0.000000000000000000e+00
2.290629297494888306e-01 3.138871788978576660e-01 3.318345248699188232e-01 3.384052515029907227e-01 3.461585938930511475e-01 0.000000000000000000e+00
1.726098656654357910e-01 2.330965250730514526e-01 2.624378502368927002e-01 2.647460103034973145e-01 3.100744187831878662e-01 0.000000000000000000e+00
2.527153193950653076e-01 2.949194908142089844e-01 3.267540633678436279e-01 3.307658433914184570e-01 3.167583644390106201e-01 0.000000000000000000e+00
1.635370403528213501e-01 2.390245348215103149e-01 2.383601367473602295e-01 2.771702408790588379e-01 3.048037290573120117e-01 0.000000000000000000e+00
1.066175401210784912e-01 8.571851998567581177e-02 1.204117238521575928e-01 1.574676036834716797e-01 1.171517893671989441e-01 0.000000000000000000e+00
2.777123637497425079e-02 9.842164814472198486e-02 1.030345633625984192e-01 1.331442147493362427e-01 1.638631522655487061e-01 0.000000000000000000e+00
1.545887589454650879e-01 1.850790828466415405e-01 1.692142039537429810e-01 1.130021810531616211e-01 6.660582870244979858e-02 0.000000000000000000e+00
1.706545650959014893e-01 1.662986725568771362e-01 1.680269539356231689e-01 1.627967804670333862e-01 1.519812196493148804e-01 0.000000000000000000e+00
1.687035411596298218e-01 1.690574437379837036e-01 1.653423309326171875e-01 1.628082245588302612e-01 1.570077389478683472e-01 0.000000000000000000e+00
1.702487468719482422e-01 1.725587397813796997e-01 1.698688864707946777e-01 1.683814525604248047e-01 1.642500609159469604e-01 0.000000000000000000e+00
1.716887503862380981e-01 1.692398935556411743e-01 1.662249565124511719e-01 1.690714955329895020e-01 1.717200726270675659e-01 0.000000000000000000e+00
-1.533740200102329254e-02 1.621592417359352112e-02 -2.497378503903746605e-03 5.139715969562530518e-03 -3.584471717476844788e-02 0.000000000000000000e+00
-6.066003069281578064e-02 -2.249817922711372375e-02 2.554440312087535858e-02 -7.574260234832763672e-02 4.090085253119468689e-02 0.000000000000000000e+00
2.542783915996551514e-01 2.805900871753692627e-01 2.575579881668090820e-01 2.219538688659667969e-01 1.571270376443862915e-01 0.000000000000000000e+00
2.666419148445129395e-01 3.175502121448516846e-01 2.960011959075927734e-01 2.772066891193389893e-01 2.904272377490997314e-01 0.000000000000000000e+00
2.645446360111236572e-01 2.970581352710723877e-01 3.470680117607116699e-01 3.566472828388214111e-01 3.226803243160247803e-01 0.000000000000000000e+00
-1.179642304778099060e-01 -1.358603090047836304e-01 -1.415895223617553711e-01 -1.349139511585235596e-01 -1.005177944898605347e-01 1.000000000000000000e+00
-1.096684783697128296e-01 -1.197716221213340759e-01 -1.153949499130249023e-01 -1.151880845427513123e-01 -1.127891689538955688e-01 2.000000000000000000e+00
-1.179642304778099060e-01 -1.358603090047836304e-01 -1.415895223617553711e-01 -1.349139511585235596e-01 -1.005177944898605347e-01 1.000000000000000000e+00
-1.096684783697128296e-01 -1.197716221213340759e-01 -1.153949499130249023e-01 -1.151880845427513123e-01 -1.127891689538955688e-01 2.000000000000000000e+00
-1.179642304778099060e-01 -1.358603090047836304e-01 -1.415895223617553711e-01 -1.349139511585235596e-01 -1.005177944898605347e-01 1.000000000000000000e+00
-1.096684783697128296e-01 -1.197716221213340759e-01 -1.153949499130249023e-01 -1.151880845427513123e-01 -1.127891689538955688e-01 2.000000000000000000e+00
-1.179642304778099060e-01 -1.358603090047836304e-01 -1.415895223617553711e-01 -1.349139511585235596e-01 -1.005177944898605347e-01 1.000000000000000000e+00
-1.096684783697128296e-01 -1.197716221213340759e-01 -1.153949499130249023e-01 -1.151880845427513123e-01 -1.127891689538955688e-01 2.000000000000000000e+00
-1.179642304778099060e-01 -1.358603090047836304e-01 -1.415895223617553711e-01 -1.349139511585235596e-01 -1.005177944898605347e-01 1.000000000000000000e+00
-1.096684783697128296e-01 -1.197716221213340759e-01 -1.153949499130249023e-01 -1.151880845427513123e-01 -1.127891689538955688e-01 2.000000000000000000e+00
-1.179642304778099060e-01 -1.358603090047836304e-01 -1.415895223617553711e-01 -1.349139511585235596e-01 -1.005177944898605347e-01 1.000000000000000000e+00
-1.096684783697128296e-01 -1.197716221213340759e-01 -1.153949499130249023e-01 -1.151880845427513123e-01 -1.127891689538955688e-01 2.000000000000000000e+00
-1.179642304778099060e-01 -1.358603090047836304e-01 -1.415895223617553711e-01 -1.349139511585235596e-01 -1.005177944898605347e-01 1.000000000000000000e+00
-1.096684783697128296e-01 -1.197716221213340759e-01 -1.153949499130249023e-01 -1.151880845427513123e-01 -1.127891689538955688e-01 2.000000000000000000e+00
-1.179642304778099060e-01 -1.358603090047836304e-01 -1.415895223617553711e-01 -1.349139511585235596e-01 -1.005177944898605347e-01 1.000000000000000000e+00
-1.096684783697128296e-01 -1.197716221213340759e-01 -1.153949499130249023e-01 -1.151880845427513123e-01 -1.127891689538955688e-01 2.000000000000000000e+00
-1.179642304778099060e-01 -1.358603090047836304e-01 -1.415895223617553711e-01 -1.349139511585235596e-01 -1.005177944898605347e-01 1.000000000000000000e+00
-1.096684783697128296e-01 -1.197716221213340759e-01 -1.153949499130249023e-01 -1.151880845427513123e-01 -1.127891689538955688e-01 2.000000000000000000e+00
-1.179642304778099060e-01 -1.358603090047836304e-01 -1.415895223617553711e-01 -1.349139511585235596e-01 -1.005177944898605347e-01 1.000000000000000000e+00
-1.096684783697128296e-01 -1.197716221213340759e-01 -1.153949499130249023e-01 -1.151880845427513123e-01 -1.127891689538955688e-01 2.000000000000000000e+00
1.675654388964176178e-02 3.119608387351036072e-02 6.793908029794692993e-02 5.980445817112922668e-02 6.052266061305999756e-02 0.000000000000000000e+00
-8.946382999420166016e-02 -8.281467109918594360e-02 -9.090273827314376831e-02 -3.063007630407810211e-02 5.038550496101379395e-02 0.000000000000000000e+00
-3.454225137829780579e-02 -4.273949190974235535e-02 -4.585450887680053711e-02 -8.033145964145660400e-02 -8.268658816814422607e-02 0.000000000000000000e+00
2.059354633092880249e-01 2.322349846363067627e-01 2.497334927320480347e-01 2.177562564611434937e-01 2.025141417980194092e-01 0.000000000000000000e+00
2.482713460922241211e-01 2.546041011810302734e-01 2.616766989231109619e-01 2.533600032329559326e-01 2.647447884082794189e-01 0.000000000000000000e+00
-6.745166331529617310e-02 -7.048808038234710693e-02 -6.466890126466751099e-02 -1.060992777347564697e-01 -1.473595201969146729e-01 1.000000000000000000e+00
-5.524787306785583496e-02 -3.739898651838302612e-02 1.860440243035554886e-03 5.825485289096832275e-02 3.725311532616615295e-02 2.000000000000000000e+00
-6.745166331529617310e-02 -7.048808038234710693e-02 -6.466890126466751099e-02 -1.060992777347564697e-01 -1.473595201969146729e-01 1.000000000000000000e+00
-5.524787306785583496e-02 -3.739898651838302612e-02 1.860440243035554886e-03 5.825485289096832275e-02 3.725311532616615295e-02 2.000000000000000000e+00
-6.745166331529617310e-02 -7.048808038234710693e-02 -6.466890126466751099e-02 -1.060992777347564697e-01 -1.473595201969146729e-01 1.000000000000000000e+00
-5.524787306785583496e-02 -3.739898651838302612e-02 1.860440243035554886e-03 5.825485289096832275e-02 3.725311532616615295e-02 2.000000000000000000e+00
-6.745166331529617310e-02 -7.048808038234710693e-02 -6.466890126466751099e-02 -1.060992777347564697e-01 -1.473595201969146729e-01 1.000000000000000000e+00
-5.524787306785583496e-02 -3.739898651838302612e-02 1.860440243035554886e-03 5.825485289096832275e-02 3.725311532616615295e-02 2.000000000000000000e+00
-6.745166331529617310e-02 -7.048808038234710693e-02 -6.466890126466751099e-02 -1.060992777347564697e-01 -1.473595201969146729e-01 1.000000000000000000e+00
-5.524787306785583496e-02 -3.739898651838302612e-02 1.860440243035554886e-03 5.825485289096832275e-02 3.725311532616615295e-02 2.000000000000000000e+00
-6.745166331529617310e-02 -7.048808038234710693e-02 -6.466890126466751099e-02 -1.060992777347564697e-01 -1.473595201969146729e-01 1.000000000000000000e+00
-5.524787306785583496e-02 -3.739898651838302612e-02 1.860440243035554886e-03 5.825485289096832275e-02 3.725311532616615295e-02 2.000000000000000000e+00
-6.745166331529617310e-02 -7.048808038234710693e-02 -6.466890126466751099e-02 -1.060992777347564697e-01 -1.473595201969146729e-01 1.000000000000000000e+00
-5.524787306785583496e-02 -3.739898651838302612e-02 1.860440243035554886e-03 5.825485289096832275e-02 3.725311532616615295e-02 2.000000000000000000e+00
-6.745166331529617310e-02 -7.048808038234710693e-02 -6.466890126466751099e-02 -1.060992777347564697e-01 -1.473595201969146729e-01 1.000000000000000000e+00
-5.524787306785583496e-02 -3.739898651838302612e-02 1.860440243035554886e-03 5.825485289096832275e-02 3.725311532616615295e-02 2.000000000000000000e+00
-6.745166331529617310e-02 -7.048808038234710693e-02 -6.466890126466751099e-02 -1.060992777347564697e-01 -1.473595201969146729e-01 1.000000000000000000e+00
-5.524787306785583496e-02 -3.739898651838302612e-02 1.860440243035554886e-03 5.825485289096832275e-02 3.725311532616615295e-02 2.000000000000000000e+00
-6.745166331529617310e-02 -7.048808038234710693e-02 -6.466890126466751099e-02 -1.060992777347564697e-01 -1.473595201969146729e-01 1.000000000000000000e+00
-5.524787306785583496e-02 -3.739898651838302612e-02 1.860440243035554886e-03 5.825485289096832275e-02 3.725311532616615295e-02 2.000000000000000000e+00
-3.815518692135810852e-02 -4.625312611460685730e-02 -2.959659881889820099e-02 7.365851849317550659e-02 1.478930711746215820e-01 0.000000000000000000e+00
4.655931890010833740e-02 1.041000187397003174e-01 6.733439117670059204e-02 6.984216719865798950e-02 1.256726235151290894e-01 0.000000000000000000e+00
1.455249488353729248e-01 1.474851220846176147e-01 1.645589470863342285e-01 1.597022563219070435e-01 1.007663905620574951e-01 0.000000000000000000e+00
1.822355389595031738e-01 2.098969966173171997e-01 2.359752207994461060e-01 2.407099008560180664e-01 2.349604964256286621e-01 0.000000000000000000e+00
2.234524190425872803e-01 2.322162389755249023e-01 2.852908670902252197e-01 2.944606542587280273e-01 2.843106985092163086e-01 0.000000000000000000e+00
2.269336134195327759e-01 2.516010701656341553e-01 2.535073757171630859e-01 2.873901724815368652e-01 2.792382240295410156e-01 0.000000000000000000e+00
2.632485628128051758e-01 2.850737273693084717e-01 2.863604724407196045e-01 2.867929637432098389e-01 2.912633717060089111e-01 0.000000000000000000e+00
5.121531337499618530e-02 1.753694564104080200e-01 1.831533312797546387e-01 2.072648108005523682e-01 2.075701802968978882e-01 0.000000000000000000e+00
-1.699115708470344543e-02 4.783268272876739502e-02 2.367835864424705505e-02 6.202028691768646240e-02 9.514772146940231323e-02 0.000000000000000000e+00
-1.198284476995468140e-01 -3.618657961487770081e-02 1.059375181794166565e-01 1.387235969305038452e-01 1.717088073492050171e-01 0.000000000000000000e+00
-2.098238468170166016e-01 -2.087140381336212158e-01 -1.878224313259124756e-01 -1.569338142871856689e-01 -1.075978279113769531e-01 0.000000000000000000e+00
-9.747026860713958740e-02 -9.013421088457107544e-02 -1.280423402786254883e-01 -1.515609771013259888e-01 -1.680209785699844360e-01 0.000000000000000000e+00
4.922930523753166199e-02 9.563861787319183350e-02 8.641619980335235596e-02 1.460166424512863159e-01 1.134585440158843994e-01 0.000000000000000000e+00
1.142716109752655029e-01 1.747597306966781616e-01 2.060184031724929810e-01 2.339028716087341309e-01 2.033206522464752197e-01 0.000000000000000000e+00
3.085749745368957520e-01 3.437923192977905273e-01 3.590558767318725586e-01 3.492920398712158203e-01 3.565062284469604492e-01 0.000000000000000000e+00
3.072666227817535400e-01 3.486825823783874512e-01 3.721825480461120605e-01 3.757128119468688965e-01 3.756844103336334229e-01 0.000000000000000000e+00
2.996507585048675537e-01 3.449257016181945801e-01 3.901202976703643799e-01 3.754792213439941406e-01 3.748163282871246338e-01 0.000000000000000000e+00
3.058301210403442383e-01 3.420174121856689453e-01 3.487803339958190918e-01 3.492221236228942871e-01 3.752411603927612305e-01 0.000000000000000000e+00
3.083447813987731934e-01 3.546648919582366943e-01 3.783710300922393799e-01 3.889138996601104736e-01 3.681439161300659180e-01 0.000000000000000000e+00
2.742370069026947021e-01 3.247151672840118408e-01 3.415400087833404541e-01 3.647198379039764404e-01 3.855451643466949463e-01 0.000000000000000000e+00
3.010291159152984619e-01 3.391513228416442871e-01 3.305231928825378418e-01 3.569680750370025635e-01 3.508507609367370605e-01 0.000000000000000000e+00
-1.064041554927825928e-01 -9.274254739284515381e-02 -4.577706009149551392e-02 -1.011184975504875183e-01 -1.187892332673072815e-01 0.000000000000000000e+00
4.178286995738744736e-03 5.129490420222282410e-02 3.723232075572013855e-02 -5.772397294640541077e-02 -2.856694906949996948e-02 0.000000000000000000e+00
-4.871382936835289001e-02 -5.883602425456047058e-02 -7.458591461181640625e-02 -2.960667200386524200e-02 7.206020527519285679e-04 0.000000000000000000e+00
-1.172678768634796143e-01 -1.172013729810714722e-01 -1.022673696279525757e-01 -1.087183728814125061e-01 -1.051126345992088318e-01 0.000000000000000000e+00
-1.048873085528612137e-02 6.366940587759017944e-02 4.607267677783966064e-02 -9.519252926111221313e-03 -1.007299795746803284e-01 0.000000000000000000e+00
1.980466544628143311e-01 2.150239348411560059e-01 2.127027809619903564e-01 2.228797525167465210e-01 1.961355805397033691e-01 0.000000000000000000e+00
-1.823417097330093384e-01 -1.963313370943069458e-01 -1.993630230426788330e-01 -1.575861871242523193e-01 -1.170930936932563782e-01 1.000000000000000000e+00
-8.964779227972030640e-02 -1.259288340806961060e-01 -1.452331542968750000e-01 -1.520351767539978027e-01 -1.780164986848831177e-01 2.000000000000000000e+00
-1.823417097330093384e-01 -1.963313370943069458e-01 -1.993630230426788330e-01 -1.575861871242523193e-01 -1.170930936932563782e-01 1.000000000000000000e+00
-8.964779227972030640e-02 -1.259288340806961060e-01 -1.452331542968750000e-01 -1.520351767539978027e-01 -1.780164986848831177e-01 2.000000000000000000e+00
-1.823417097330093384e-01 -1.963313370943069458e-01 -1.993630230426788330e-01 -1.575861871242523193e-01 -1.170930936932563782e-01 1.000000000000000000e+00
-8.964779227972030640e-02 -1.259288340806961060e-01 -1.452331542968750000e-01 -1.520351767539978027e-01 -1.780164986848831177e-01 2.000000000000000000e+00
-1.823417097330093384e-01 -1.963313370943069458e-01 -1.993630230426788330e-01 -1.575861871242523193e-01 -1.170930936932563782e-01 1.000000000000000000e+00
-8.964779227972030640e-02 -1.259288340806961060e-01 -1.452331542968750000e-01 -1.520351767539978027e-01 -1.780164986848831177e-01 2.000000000000000000e+00
-1.823417097330093384e-01 -1.963313370943069458e-01 -1.993630230426788330e-01 -1.575861871242523193e-01 -1.170930936932563782e-01 1.000000000000000000e+00
-8.964779227972030640e-02 -1.259288340806961060e-01 -1.452331542968750000e-01 -1.520351767539978027e-01 -1.780164986848831177e-01 2.000000000000000000e+00
-1.823417097330093384e-01 -1.963313370943069458e-01 -1.993630230426788330e-01 -1.575861871242523193e-01 -1.170930936932563782e-01 1.000000000000000000e+00
-8.964779227972030640e-02 -1.259288340806961060e-01 -1.452331542968750000e-01 -1.520351767539978027e-01 -1.780164986848831177e-01 2.000000000000000000e+00
-1.823417097330093384e-01 -1.963313370943069458e-01 -1.993630230426788330e-01 -1.575861871242523193e-01 -1.170930936932563782e-01 1.000000000000000000e+00
-8.964779227972030640e-02 -1.259288340806961060e-01 -1.452331542968750000e-01 -1.520351767539978027e-01 -1.780164986848831177e-01 2.000000000000000000e+00
-1.823417097330093384e-01 -1.963313370943069458e-01 -1.993630230426788330e-01 -1.575861871242523193e-01 -1.170930936932563782e-01 1.000000000000000000e+00
-8.964779227972030640e-02 -1.259288340806961060e-01 -1.452331542968750000e-01 -1.520351767539978027e-01 -1.780164986848831177e-01 2.000000000000000000e+00
-1.823417097330093384e-01 -1.963313370943069458e-01 -1.993630230426788330e-01 -1.575861871242523193e-01 -1.170930936932563782e-01 1.000000000000000000e+00
-8.964779227972030640e-02 -1.259288340806961060e-01 -1.452331542968750000e-01 -1.520351767539978027e-01 -1.780164986848831177e-01 2.000000000000000000e+00
-1.823417097330093384e-01 -1.963313370943069458e-01 -1.993630230426788330e-01 -1.575861871242523193e-01 -1.170930936932563782e-01 1.000000000000000000e+00
-8.964779227972030640e-02 -1.259288340806961060e-01 -1.452331542968750000e-01 -1.520351767539978027e-01 -1.780164986848831177e-01 2.000000000000000000e+00
3.710518181324005127e-01 4.870888888835906982e-01 5.193510055541992188e-01 5.442432761192321777e-01 5.056769251823425293e-01 0.000000000000000000e+00
4.548613131046295166e-01 4.519725441932678223e-01 4.593115150928497314e-01 4.426026642322540283e-01 4.604823589324951172e-01 0.000000000000000000e+00
3.989649415016174316e-01 4.450242519378662109e-01 5.079861283302307129e-01 5.588397383689880371e-01 5.999557375907897949e-01 0.000000000000000000e+00
4.624374210834503174e-01 5.449486970901489258e-01 5.767437815666198730e-01 5.365827679634094238e-01 5.204955935478210449e-01 0.000000000000000000e+00
3.944020867347717285e-01 4.500070214271545410e-01 4.701197743415832520e-01 4.993745088577270508e-01 5.684745907783508301e-01 0.000000000000000000e+00
3.989242017269134521e-01 5.034986138343811035e-01 5.329692959785461426e-01 5.364652276039123535e-01 5.512641072273254395e-01 0.000000000000000000e+00
4.123252630233764648e-01 4.447299540042877197e-01 4.750201702117919922e-01 4.710966944694519043e-01 5.265545248985290527e-01 0.000000000000000000e+00
2.935501635074615479e-01 3.126107156276702881e-01 3.134095072746276855e-01 3.232229351997375488e-01 3.276813626289367676e-01 0.000000000000000000e+00
2.675779461860656738e-01 3.612079620361328125e-01 3.732486069202423096e-01 3.295296430587768555e-01 3.280120193958282471e-01 0.000000000000000000e+00
2.709393501281738281e-01 3.339934647083282471e-01 3.614006042480468750e-01 3.482075631618499756e-01 3.961554765701293945e-01 0.000000000000000000e+00
2.591198384761810303e-01 2.842975556850433350e-01 2.993740141391754150e-01 3.026717305183410645e-01 3.161872625350952148e-01 0.000000000000000000e+00
2.852563560009002686e-01 2.989970743656158447e-01 3.081237375736236572e-01 3.113090693950653076e-01 3.139452040195465088e-01 0.000000000000000000e+00
1.670227795839309692e-01 1.760728359222412109e-01 1.892491728067398071e-01 2.221834212541580200e-01 2.835595011711120605e-01 0.000000000000000000e+00
3.819036483764648438e-02 8.432068675756454468e-02 8.617235720157623291e-02 1.080478951334953308e-01 1.391049027442932129e-01 0.000000000000000000e+00
2.355007976293563843e-01 2.836509943008422852e-01 2.680506706237792969e-01 2.670157849788665771e-01 2.571348547935485840e-01 0.000000000000000000e+00
1.992549002170562744e-01 2.625326514244079590e-01 2.653313875198364258e-01 2.872644364833831787e-01 3.144751191139221191e-01 0.000000000000000000e+00
1.987499445676803589e-01 2.177801132202148438e-01 2.585503160953521729e-01 2.615910768508911133e-01 2.701167464256286621e-01 0.000000000000000000e+00
2.196034044027328491e-01 2.607129812240600586e-01 2.915195226669311523e-01 2.931269407272338867e-01 2.655448317527770996e-01 0.000000000000000000e+00
1.424199789762496948e-01 2.047841250896453857e-01 2.496529817581176758e-01 2.399635761976242065e-01 2.561242580413818359e-01 0.000000000000000000e+00
1.529777795076370239e-01 1.511464416980743408e-01 1.949153244495391846e-01 2.200994193553924561e-01 1.884603500366210938e-01 0.000000000000000000e+00
5.865118280053138733e-02 1.541888415813446045e-01 1.801229268312454224e-01 1.962483525276184082e-01 2.321328967809677124e-01 0.000000000000000000e+00
-1.015289053320884705e-01 7.715335115790367126e-03 -2.575486898422241211e-02 -1.772417873144149780e-02 -6.850889325141906738e-02 0.000000000000000000e+00
-1.309821307659149170e-01 -1.340348124504089355e-01 -1.312860697507858276e-01 -1.440714597702026367e-01 -1.447897255420684814e-01 0.000000000000000000e+00
-1.541032642126083374e-01 -1.564571708440780640e-01 -1.258154511451721191e-01 -1.282662600278854370e-01 -1.266397833824157715e-01 0.000000000000000000e+00
-1.510807275772094727e-01 -1.587774455547332764e-01 -1.714791059494018555e-01 -1.648533940315246582e-01 -1.615532338619232178e-01 0.000000000000000000e+00
-1.392722725868225098e-01 -1.349084228277206421e-01 -1.537830531597137451e-01 -1.367626190185546875e-01 -1.440047323703765869e-01 0.000000000000000000e+00
-1.651559621095657349e-01 -1.632320731878280640e-01 -1.689130663871765137e-01 -1.546387374401092529e-01 -1.648048162460327148e-01 0.000000000000000000e+00
-1.546669602394104004e-01 -1.599831879138946533e-01 -1.696816682815551758e-01 -1.696309447288513184e-01 -1.667492240667343140e-01 0.000000000000000000e+00
1.489524394273757935e-01 2.148909419775009155e-01 8.182843029499053955e-02 1.682302057743072510e-01 1.835677772760391235e-01 0.000000000000000000e+00
2.048777192831039429e-01 2.031817585229873657e-01 2.735531032085418701e-01 2.597774863243103027e-01 2.562570571899414062e-01 0.000000000000000000e+00
2.350821346044540405e-01 3.116895258426666260e-01 3.108132779598236084e-01 3.152246475219726562e-01 2.832622826099395752e-01 0.000000000000000000e+00
1.071174219250679016e-01 7.798268646001815796e-02 1.690988987684249878e-01 2.584108114242553711e-01 2.963743805885314941e-01 0.000000000000000000e+00
-2.849232777953147888e-02 6.434635818004608154e-02 4.257841035723686218e-02 5.469251051545143127e-02 -4.289169237017631531e-02 0.000000000000000000e+00
-5.205518379807472229e-02 6.220576539635658264e-02 1.400478929281234741e-01 1.278413385152816772e-01 4.714565724134445190e-02 0.000000000000000000e+00
5.657059699296951294e-02 8.384872227907180786e-02 9.824260137975215912e-03 -1.918344385921955109e-02 -7.334933429956436157e-02 0.000000000000000000e+00
3.464986383914947510e-01 3.721724748611450195e-01 3.971942365169525146e-01 4.034644663333892822e-01 4.003648161888122559e-01 0.000000000000000000e+00
3.449663519859313965e-01 3.904867768287658691e-01 4.046683013439178467e-01 4.122805297374725342e-01 4.168277680873870850e-01 0.000000000000000000e+00
3.559049069881439209e-01 3.925065398216247559e-01 4.118410348892211914e-01 4.139788746833801270e-01 4.150451123714447021e-01 0.000000000000000000e+00
3.477856516838073730e-01 3.681209385395050049e-01 3.883846700191497803e-01 3.932982087135314941e-01 4.110278487205505371e-01 0.000000000000000000e+00
3.413715064525604248e-01 3.773547410964965820e-01 4.134405851364135742e-01 4.122267067432403564e-01 4.162255823612213135e-01 0.000000000000000000e+00
3.674796819686889648e-01 4.055609107017517090e-01 4.180734753608703613e-01 4.094743728637695312e-01 3.986810743808746338e-01 0.000000000000000000e+00
2.912575900554656982e-01 3.113744258880615234e-01 3.631731867790222168e-01 4.241818189620971680e-01 4.202473461627960205e-01 0.000000000000000000e+00
3.787367939949035645e-01 4.372747838497161865e-01 5.223420262336730957e-01 5.230882763862609863e-01 5.320816040039062500e-01 0.000000000000000000e+00
3.686296343803405762e-01 4.311757981777191162e-01 4.546582698822021484e-01 4.725526273250579834e-01 4.682371318340301514e-01 0.000000000000000000e+00
2.550457715988159180e-01 2.863951623439788818e-01 3.359283506870269775e-01 3.638843297958374023e-01 4.031498730182647705e-01 0.000000000000000000e+00
2.454841136932373047e-01 2.604067921638488770e-01 2.909544110298156738e-01 3.035985231399536133e-01 3.047066628932952881e-01 0.000000000000000000e+00
2.180725634098052979e-01 2.827032208442687988e-01 2.708844840526580811e-01 2.730473279953002930e-01 2.751571536064147949e-01 0.000000000000000000e+00
1.577063947916030884e-01 2.488377094268798828e-01 2.420744895935058594e-01 2.608177661895751953e-01 2.669108211994171143e-01 0.000000000000000000e+00
1.146800294518470764e-01 1.760997623205184937e-01 2.292076796293258667e-01 2.127288877964019775e-01 2.196947187185287476e-01 0.000000000000000000e+00
3.033197820186614990e-01 3.426648676395416260e-01 3.452543914318084717e-01 3.313415348529815674e-01 2.603393197059631348e-01 0.000000000000000000e+00
3.411723673343658447e-01 3.905140757560729980e-01 3.661885857582092285e-01 3.847329020500183105e-01 4.340976476669311523e-01 0.000000000000000000e+00
2.648600041866302490e-01 3.616956174373626709e-01 3.933237791061401367e-01 4.293154180049896240e-01 4.098968207836151123e-01 0.000000000000000000e+00
-2.559632062911987305e-02 1.308524608612060547e-01 1.957242935895919800e-01 2.258271425962448120e-01 3.565775156021118164e-01 0.000000000000000000e+00
-6.150252744555473328e-02 -8.956497162580490112e-02 1.828198693692684174e-02 1.086891517043113708e-01 2.647180110216140747e-02 0.000000000000000000e+00
-1.149745509028434753e-01 -4.364614561200141907e-02 -8.529350161552429199e-02 -8.047622442245483398e-02 -4.033638536930084229e-02 0.000000000000000000e+00
-1.253716051578521729e-01 -1.199720203876495361e-01 -8.205707371234893799e-02 -3.481416404247283936e-02 -8.736976981163024902e-02 0.000000000000000000e+00
3.620284497737884521e-01 4.074981510639190674e-01 4.521369338035583496e-01 5.196121335029602051e-01 5.574920773506164551e-01 0.000000000000000000e+00
4.212214052677154541e-01 5.326561927795410156e-01 5.374974608421325684e-01 4.998123943805694580e-01 4.712005555629730225e-01 0.000000000000000000e+00
4.228720068931579590e-01 4.786455035209655762e-01 4.978481233119964600e-01 5.048438310623168945e-01 5.330315828323364258e-01 0.000000000000000000e+00
4.437355399131774902e-01 5.385552048683166504e-01 5.720472335815429688e-01 5.894015431404113770e-01 5.499655008316040039e-01 0.000000000000000000e+00
4.119830727577209473e-01 4.518082737922668457e-01 4.725201725959777832e-01 4.696586728096008301e-01 5.180495977401733398e-01 0.000000000000000000e+00
4.349243938922882080e-01 5.062699317932128906e-01 5.478586554527282715e-01 5.635758042335510254e-01 5.596055984497070312e-01 0.000000000000000000e+00
4.426404833793640137e-01 4.284105002880096436e-01 4.661392867565155029e-01 4.635576605796813965e-01 5.087243318557739258e-01 0.000000000000000000e+00
2.568577229976654053e-01 2.620601952075958252e-01 2.659245729446411133e-01 2.655945122241973877e-01 2.685401141643524170e-01 0.000000000000000000e+00
2.487959861755371094e-01 2.591907680034637451e-01 2.661923170089721680e-01 2.641966342926025391e-01 2.683911025524139404e-01 0.000000000000000000e+00
2.568423449993133545e-01 2.625101804733276367e-01 2.638285160064697266e-01 2.675591409206390381e-01 2.697271406650543213e-01 0.000000000000000000e+00
2.596542835235595703e-01 2.743092179298400879e-01 2.724348604679107666e-01 2.770230174064636230e-01 2.729917466640472412e-01 0.000000000000000000e+00
2.467264086008071899e-01 2.589499354362487793e-01 2.649339735507965088e-01 2.622051835060119629e-01 2.623004615306854248e-01 0.000000000000000000e+00
2.435255646705627441e-01 2.625403404235839844e-01 2.709501981735229492e-01 2.807808518409729004e-01 2.776408493518829346e-01 0.000000000000000000e+00
2.739223539829254150e-01 2.837924361228942871e-01 2.841642796993255615e-01 2.668601870536804199e-01 2.666993141174316406e-01 0.000000000000000000e+00
2.142581939697265625e-01 2.628902494907379150e-01 3.113732039928436279e-01 3.446890115737915039e-01 3.468564748764038086e-01 0.000000000000000000e+00
1.145927682518959045e-01 1.655776947736740112e-01 1.627268493175506592e-01 1.629939228296279907e-01 2.405742704868316650e-01 0.000000000000000000e+00
-4.086652304977178574e-03 6.215384230017662048e-02 9.151215851306915283e-02 1.997437328100204468e-01 1.540661901235580444e-01 0.000000000000000000e+00
-1.059848293662071228e-01 1.794988056644797325e-03 2.385440096259117126e-02 1.170529201626777649e-01 7.764443755149841309e-02 0.000000000000000000e+00
-1.523050665855407715e-01 -1.179204434156417847e-01 -1.067002639174461365e-01 -1.080911681056022644e-01 -8.698540180921554565e-02 0.000000000000000000e+00
-1.171874403953552246e-01 -9.748294949531555176e-02 -1.188129931688308716e-01 -1.018282473087310791e-01 -1.303941458463668823e-01 0.000000000000000000e+00
-1.314775794744491577e-01 -1.196212023496627808e-01 -7.988192886114120483e-02 -8.467265963554382324e-02 -8.773871511220932007e-02 0.000000000000000000e+00
2.295460253953933716e-01 3.672030270099639893e-01 4.167487919330596924e-01 4.179916083812713623e-01 4.159154593944549561e-01 0.000000000000000000e+00
3.977001830935478210e-02 -5.152067169547080994e-03 6.321004778146743774e-02 1.801633983850479126e-01 2.041709870100021362e-01 0.000000000000000000e+00
1.864740550518035889e-01 2.358440756797790527e-01 1.922143846750259399e-01 1.507749408483505249e-01 9.899263083934783936e-02 0.000000000000000000e+00
1.220581009984016418e-01 1.462552696466445923e-01 1.546220332384109497e-01 1.540416777133941650e-01 1.823413670063018799e-01 0.000000000000000000e+00
-2.031313721090555191e-03 6.267953664064407349e-02 1.350334435701370239e-01 2.639412283897399902e-01 2.660995125770568848e-01 0.000000000000000000e+00
2.109230011701583862e-01 2.866450250148773193e-01 2.260881960391998291e-01 1.176474690437316895e-01 9.308818727731704712e-02 0.000000000000000000e+00
2.081184387207031250e-01 3.009880185127258301e-01 3.487460911273956299e-01 3.377229571342468262e-01 2.909892201423645020e-01 0.000000000000000000e+00
3.149604797363281250e-01 3.472584187984466553e-01 3.881779015064239502e-01 4.049814939498901367e-01 4.303711056709289551e-01 0.000000000000000000e+00
2.883130908012390137e-01 3.035591244697570801e-01 3.120977580547332764e-01 3.246934711933135986e-01 3.275754749774932861e-01 0.000000000000000000e+00
2.936777770519256592e-01 3.250410556793212891e-01 3.457040488719940186e-01 3.259786367416381836e-01 3.178177773952484131e-01 0.000000000000000000e+00
2.150237411260604858e-01 2.536429166793823242e-01 2.899338603019714355e-01 3.017606139183044434e-01 3.272733092308044434e-01 0.000000000000000000e+00
1.509019881486892700e-01 1.905922144651412964e-01 3.009660243988037109e-01 2.650863826274871826e-01 2.836747467517852783e-01 0.000000000000000000e+00
2.133653014898300171e-01 2.325267195701599121e-01 3.330819010734558105e-01 3.416108787059783936e-01 2.758076488971710205e-01 0.000000000000000000e+00
-3.845538571476936340e-02 1.097057238221168518e-01 2.238305360078811646e-01 2.549829781055450439e-01 2.819668054580688477e-01 0.000000000000000000e+00
3.824962079524993896e-01 4.790802597999572754e-01 4.918339550495147705e-01 5.048235058784484863e-01 4.946820437908172607e-01 0.000000000000000000e+00
3.802462518215179443e-01 4.234503507614135742e-01 4.807543456554412842e-01 5.030454397201538086e-01 4.969072043895721436e-01 0.000000000000000000e+00
4.112414121627807617e-01 4.787654280662536621e-01 5.330569744110107422e-01 5.351509451866149902e-01 5.018694996833801270e-01 0.000000000000000000e+00
3.077126443386077881e-01 3.336007297039031982e-01 3.696726560592651367e-01 3.958663940429687500e-01 4.514554738998413086e-01 0.000000000000000000e+00
3.302486836910247803e-01 4.062121212482452393e-01 4.226492941379547119e-01 4.376534521579742432e-01 4.026234149932861328e-01 0.000000000000000000e+00
1.675579100847244263e-01 1.992991417646408081e-01 2.522023022174835205e-01 3.281373679637908936e-01 3.869340419769287109e-01 0.000000000000000000e+00
-1.007814146578311920e-02 1.375618875026702881e-01 2.219236642122268677e-01 2.237966358661651611e-01 2.604031562805175781e-01 0.000000000000000000e+00
3.549655675888061523e-01 3.948851525783538818e-01 4.116573929786682129e-01 4.155756235122680664e-01 4.162214398384094238e-01 0.000000000000000000e+00
3.675403296947479248e-01 4.039156436920166016e-01 4.175081551074981689e-01 4.242251515388488770e-01 4.255874454975128174e-01 0.000000000000000000e+00
3.553291857242584229e-01 4.061949253082275391e-01 4.205482304096221924e-01 4.276563525199890137e-01 4.307460486888885498e-01 0.000000000000000000e+00
3.573381602764129639e-01 3.928200900554656982e-01 4.137063920497894287e-01 4.208019375801086426e-01 4.265561401844024658e-01 0.000000000000000000e+00
3.643152415752410889e-01 4.085864722728729248e-01 4.319615662097930908e-01 4.379107654094696045e-01 4.383837580680847168e-01 0.000000000000000000e+00
3.602817058563232422e-01 4.037313163280487061e-01 4.261532425880432129e-01 4.319658279418945312e-01 4.398802816867828369e-01 0.000000000000000000e+00
3.545600175857543945e-01 3.962066173553466797e-01 4.147720336914062500e-01 4.279572963714599609e-01 4.345836937427520752e-01 0.000000000000000000e+00
-2.573920413851737976e-03 8.140856772661209106e-02 2.024163454771041870e-01 2.341946512460708618e-01 2.176452279090881348e-01 0.000000000000000000e+00
-4.234762862324714661e-02 -2.026860974729061127e-02 9.229949116706848145e-02 -4.474265035241842270e-03 3.665478527545928955e-02 0.000000000000000000e+00
1.211661323904991150e-01 1.254196763038635254e-01 1.225054189562797546e-01 1.218666210770606995e-01 7.203835528343915939e-03 0.000000000000000000e+00
8.563058078289031982e-02 2.084965109825134277e-01 2.074228376150131226e-01 2.470075935125350952e-01 2.538361549377441406e-01 0.000000000000000000e+00
5.641168728470802307e-02 1.949227750301361084e-01 1.653017699718475342e-01 1.650986820459365845e-01 2.083283811807632446e-01 0.000000000000000000e+00
2.135732173919677734e-01 2.549364864826202393e-01 2.366713285446166992e-01 2.373616099357604980e-01 2.152791172266006470e-01 0.000000000000000000e+00
3.175536990165710449e-01 3.422007262706756592e-01 3.067306578159332275e-01 3.168011605739593506e-01 3.275785446166992188e-01 0.000000000000000000e+00
-6.594307720661163330e-02 -6.065099686384201050e-02 -6.077069044113159180e-02 -3.942118957638740540e-02 -4.356549680233001709e-02 1.000000000000000000e+00
1.130702812224626541e-02 8.292666077613830566e-02 7.444357126951217651e-02 6.149144098162651062e-02 7.154767960309982300e-02 2.000000000000000000e+00
-6.594307720661163330e-02 -6.065099686384201050e-02 -6.077069044113159180e-02 -3.942118957638740540e-02 -4.356549680233001709e-02 1.000000000000000000e+00
1.130702812224626541e-02 8.292666077613830566e-02 7.444357126951217651e-02 6.149144098162651062e-02 7.154767960309982300e-02 2.000000000000000000e+00
-6.594307720661163330e-02 -6.065099686384201050e-02 -6.077069044113159180e-02 -3.942118957638740540e-02 -4.356549680233001709e-02 1.000000000000000000e+00
1.130702812224626541e-02 8.292666077613830566e-02 7.444357126951217651e-02 6.149144098162651062e-02 7.154767960309982300e-02 2.000000000000000000e+00
-6.594307720661163330e-02 -6.065099686384201050e-02 -6.077069044113159180e-02 -3.942118957638740540e-02 -4.356549680233001709e-02 1.000000000000000000e+00
1.130702812224626541e-02 8.292666077613830566e-02 7.444357126951217651e-02 6.149144098162651062e-02 7.154767960309982300e-02 2.000000000000000000e+00
-6.594307720661163330e-02 -6.065099686384201050e-02 -6.077069044113159180e-02 -3.942118957638740540e-02 -4.356549680233001709e-02 1.000000000000000000e+00
1.130702812224626541e-02 8.292666077613830566e-02 7.444357126951217651e-02 6.149144098162651062e-02 7.154767960309982300e-02 2.000000000000000000e+00
-6.594307720661163330e-02 -6.065099686384201050e-02 -6.077069044113159180e-02 -3.942118957638740540e-02 -4.356549680233001709e-02 1.000000000000000000e+00
1.130702812224626541e-02 8.292666077613830566e-02 7.444357126951217651e-02 6.149144098162651062e-02 7.154767960309982300e-02 2.000000000000000000e+00
-6.594307720661163330e-02 -6.065099686384201050e-02 -6.077069044113159180e-02 -3.942118957638740540e-02 -4.356549680233001709e-02 1.000000000000000000e+00
1.130702812224626541e-02 8.292666077613830566e-02 7.444357126951217651e-02 6.149144098162651062e-02 7.154767960309982300e-02 2.000000000000000000e+00
-6.594307720661163330e-02 -6.065099686384201050e-02 -6.077069044113159180e-02 -3.942118957638740540e-02 -4.356549680233001709e-02 1.000000000000000000e+00
1.130702812224626541e-02 8.292666077613830566e-02 7.444357126951217651e-02 6.149144098162651062e-02 7.154767960309982300e-02 2.000000000000000000e+00
-6.594307720661163330e-02 -6.065099686384201050e-02 -6.077069044113159180e-02 -3.942118957638740540e-02 -4.356549680233001709e-02 1.000000000000000000e+00
1.130702812224626541e-02 8.292666077613830566e-02 7.444357126951217651e-02 6.149144098162651062e-02 7.154767960309982300e-02 2.000000000000000000e+00
-6.594307720661163330e-02 -6.065099686384201050e-02 -6.077069044113159180e-02 -3.942118957638740540e-02 -4.356549680233001709e-02 1.000000000000000000e+00
1.130702812224626541e-02 8.292666077613830566e-02 7.444357126951217651e-02 6.149144098162651062e-02 7.154767960309982300e-02 2.000000000000000000e+00
2.526808083057403564e-01 2.766405940055847168e-01 2.646547257900238037e-01 2.741165161132812500e-01 2.754733562469482422e-01 0.000000000000000000e+00
2.446174770593643188e-01 2.623865306377410889e-01 2.794896960258483887e-01 2.784426510334014893e-01 2.791927158832550049e-01 0.000000000000000000e+00
2.446038275957107544e-01 2.510818541049957275e-01 2.517915964126586914e-01 2.661289572715759277e-01 2.696690857410430908e-01 0.000000000000000000e+00
2.101932018995285034e-01 2.321942597627639771e-01 2.361803650856018066e-01 2.445215731859207153e-01 2.483696788549423218e-01 0.000000000000000000e+00
2.264149785041809082e-01 2.385705560445785522e-01 2.355884760618209839e-01 2.328803092241287231e-01 2.415834218263626099e-01 0.000000000000000000e+00
2.527663409709930420e-01 2.572002410888671875e-01 2.567659616470336914e-01 2.528698146343231201e-01 2.508144080638885498e-01 0.000000000000000000e+00
2.302459031343460083e-01 2.511686980724334717e-01 2.761516571044921875e-01 2.777356207370758057e-01 2.723833024501800537e-01 0.000000000000000000e+00
1.921527683734893799e-01 2.508813738822937012e-01 2.776046693325042725e-01 3.062329292297363281e-01 3.126784265041351318e-01 0.000000000000000000e+00
1.713908016681671143e-01 2.251923382282257080e-01 2.233897298574447632e-01 2.374032586812973022e-01 2.280753552913665771e-01 0.000000000000000000e+00
1.972170472145080566e-01 2.048878222703933716e-01 2.178345769643783569e-01 2.157547324895858765e-01 2.194931358098983765e-01 0.000000000000000000e+00
9.964448213577270508e-02 1.798211187124252319e-01 2.237259596586227417e-01 2.214579582214355469e-01 1.920919418334960938e-01 0.000000000000000000e+00
4.597622528672218323e-02 7.227846235036849976e-02 1.042292416095733643e-01 8.906964957714080811e-02 5.338574573397636414e-02 0.000000000000000000e+00
8.995588123798370361e-02 9.988791495561599731e-02 9.294106066226959229e-02 1.313470751047134399e-01 1.468315720558166504e-01 0.000000000000000000e+00
-1.000192761421203613e-01 -8.861922472715377808e-02 -4.650964215397834778e-02 -6.581144779920578003e-02 4.064825922250747681e-02 0.000000000000000000e+00
2.614611387252807617e-01 2.959350645542144775e-01 2.683845460414886475e-01 2.381952702999114990e-01 2.363432347774505615e-01 0.000000000000000000e+00
2.450990676879882812e-01 2.674590051174163818e-01 2.599986791610717773e-01 2.438832074403762817e-01 2.591988146305084229e-01 0.000000000000000000e+00
2.729940414428710938e-01 2.828821837902069092e-01 2.855487763881683350e-01 2.685711979866027832e-01 2.803600728511810303e-01 0.000000000000000000e+00
2.751349508762359619e-01 2.829906344413757324e-01 2.866819798946380615e-01 2.975004017353057861e-01 2.941805422306060791e-01 0.000000000000000000e+00
2.711863815784454346e-01 2.774954438209533691e-01 2.933304905891418457e-01 2.971962988376617432e-01 2.845172286033630371e-01 0.000000000000000000e+00
2.365985363721847534e-01 2.410597950220108032e-01 2.714372873306274414e-01 2.843049466609954834e-01 2.762289941310882568e-01 0.000000000000000000e+00
2.530798614025115967e-01 2.680184543132781982e-01 2.591313719749450684e-01 2.768693268299102783e-01 2.493015974760055542e-01 0.000000000000000000e+00
-5.903623998165130615e-02 -6.020742934197187424e-03 7.406053692102432251e-02 1.520276516675949097e-01 1.294929236173629761e-01 0.000000000000000000e+00
9.985019266605377197e-02 7.746600359678268433e-02 1.380553245544433594e-01 1.350382864475250244e-01 1.019907891750335693e-01 0.000000000000000000e+00
2.627336978912353516e-01 2.529780268669128418e-01 2.975929677486419678e-01 2.892822921276092529e-01 3.010595738887786865e-01 0.000000000000000000e+00
3.065894544124603271e-01 3.640179932117462158e-01 3.822837769985198975e-01 3.919295668601989746e-01 3.463392555713653564e-01 0.000000000000000000e+00
1.978821605443954468e-01 2.670814394950866699e-01 2.925113439559936523e-01 3.109526038169860840e-01 3.631541728973388672e-01 0.000000000000000000e+00
9.938478469848632812e-02 1.070103943347930908e-01 1.896839290857315063e-01 2.070218473672866821e-01 1.965016126632690430e-01 0.000000000000000000e+00
-1.136975288391113281e-01 -3.909254074096679688e-02 3.072634339332580566e-02 2.158211022615432739e-01 1.205255240201950073e-01 0.000000000000000000e+00
1.227754983119666576e-03 1.777523756027221680e-02 -4.424962028861045837e-02 -6.572957336902618408e-02 6.782419048249721527e-03 0.000000000000000000e+00
1.013646423816680908e-01 1.186481192708015442e-01 1.833623796701431274e-01 4.584316536784172058e-02 6.548809260129928589e-02 0.000000000000000000e+00
1.601381450891494751e-01 2.170477360486984253e-01 2.066950947046279907e-01 2.165210098028182983e-01 2.248964011669158936e-01 0.000000000000000000e+00
2.167787253856658936e-01 2.794285714626312256e-01 2.733926475048065186e-01 2.670515179634094238e-01 2.726663947105407715e-01 0.000000000000000000e+00
2.654088735580444336e-01 2.793284654617309570e-01 2.891491353511810303e-01 2.882967591285705566e-01 2.867141366004943848e-01 0.000000000000000000e+00
2.739974260330200195e-01 2.973057031631469727e-01 2.923724353313446045e-01 3.263846933841705322e-01 3.180809915065765381e-01 0.000000000000000000e+00
2.075071632862091064e-01 2.754633724689483643e-01 2.921321392059326172e-01 2.922200560569763184e-01 2.977761030197143555e-01 0.000000000000000000e+00
-6.848169118165969849e-02 -5.900093540549278259e-02 -7.216176390647888184e-02 -3.977963328361511230e-02 -2.501147799193859100e-02 1.000000000000000000e+00
3.207291662693023682e-02 5.224277451634407043e-02 4.212927445769309998e-02 1.785165257751941681e-02 4.158218204975128174e-02 2.000000000000000000e+00
-6.848169118165969849e-02 -5.900093540549278259e-02 -7.216176390647888184e-02 -3.977963328361511230e-02 -2.501147799193859100e-02 1.000000000000000000e+00
3.207291662693023682e-02 5.224277451634407043e-02 4.212927445769309998e-02 1.785165257751941681e-02 4.158218204975128174e-02 2.000000000000000000e+00
-6.848169118165969849e-02 -5.900093540549278259e-02 -7.216176390647888184e-02 -3.977963328361511230e-02 -2.501147799193859100e-02 1.000000000000000000e+00
3.207291662693023682e-02 5.224277451634407043e-02 4.212927445769309998e-02 1.785165257751941681e-02 4.158218204975128174e-02 2.000000000000000000e+00
-6.848169118165969849e-02 -5.900093540549278259e-02 -7.216176390647888184e-02 -3.977963328361511230e-02 -2.501147799193859100e-02 1.000000000000000000e+00
3.207291662693023682e-02 5.224277451634407043e-02 4.212927445769309998e-02 1.785165257751941681e-02 4.158218204975128174e-02 2.000000000000000000e+00
-6.848169118165969849e-02 -5.900093540549278259e-02 -7.216176390647888184e-02 -3.977963328361511230e-02 -2.501147799193859100e-02 1.000000000000000000e+00
3.207291662693023682e-02 5.224277451634407043e-02 4.212927445769309998e-02 1.785165257751941681e-02 4.158218204975128174e-02 2.000000000000000000e+00
-6.848169118165969849e-02 -5.900093540549278259e-02 -7.216176390647888184e-02 -3.977963328361511230e-02 -2.501147799193859100e-02 1.000000000000000000e+00
3.207291662693023682e-02 5.224277451634407043e-02 4.212927445769309998e-02 1.785165257751941681e-02 4.158218204975128174e-02 2.000000000000000000e+00
-6.848169118165969849e-02 -5.900093540549278259e-02 -7.216176390647888184e-02 -3.977963328361511230e-02 -2.501147799193859100e-02 1.000000000000000000e+00
3.207291662693023682e-02 5.224277451634407043e-02 4.212927445769309998e-02 1.785165257751941681e-02 4.158218204975128174e-02 2.000000000000000000e+00
-6.848169118165969849e-02 -5.900093540549278259e-02 -7.216176390647888184e-02 -3.977963328361511230e-02 -2.501147799193859100e-02 1.000000000000000000e+00
3.207291662693023682e-02 5.224277451634407043e-02 4.212927445769309998e-02 1.785165257751941681e-02 4.158218204975128174e-02 2.000000000000000000e+00
-6.848169118165969849e-02 -5.900093540549278259e-02 -7.216176390647888184e-02 -3.977963328361511230e-02 -2.501147799193859100e-02 1.000000000000000000e+00
3.207291662693023682e-02 5.224277451634407043e-02 4.212927445769309998e-02 1.785165257751941681e-02 4.158218204975128174e-02 2.000000000000000000e+00
-6.848169118165969849e-02 -5.900093540549278259e-02 -7.216176390647888184e-02 -3.977963328361511230e-02 -2.501147799193859100e-02 1.000000000000000000e+00
3.207291662693023682e-02 5.224277451634407043e-02 4.212927445769309998e-02 1.785165257751941681e-02 4.158218204975128174e-02 2.000000000000000000e+00
3.238239288330078125e-01 3.486813306808471680e-01 3.643279075622558594e-01 3.819347918033599854e-01 4.015060365200042725e-01 0.000000000000000000e+00
2.504120469093322754e-01 2.581326365470886230e-01 2.894109785556793213e-01 3.485584855079650879e-01 3.861977159976959229e-01 0.000000000000000000e+00
1.347113847732543945e-01 1.199283301830291748e-01 6.915851682424545288e-02 1.913301795721054077e-01 2.356659621000289917e-01 0.000000000000000000e+00
2.499243021011352539e-01 2.867012321949005127e-01 3.221177160739898682e-01 2.908116579055786133e-01 2.234953194856643677e-01 0.000000000000000000e+00
-2.148588374257087708e-02 2.027226090431213379e-01 2.610571682453155518e-01 2.657369673252105713e-01 3.337007164955139160e-01 0.000000000000000000e+00
1.613579392433166504e-01 1.053286120295524597e-01 3.183541120961308479e-03 -7.221071422100067139e-02 -9.161728620529174805e-02 0.000000000000000000e+00
-1.189964860677719116e-01 -1.152389198541641235e-01 -9.867408126592636108e-02 1.886245608329772949e-01 2.332901060581207275e-01 0.000000000000000000e+00
-1.011060774326324463e-01 -9.389156103134155273e-02 -3.739243000745773315e-02 7.245580106973648071e-02 1.868004649877548218e-01 0.000000000000000000e+00
-1.498350352048873901e-01 -1.377714276313781738e-01 -1.943347007036209106e-01 -1.842358261346817017e-01 -1.599536538124084473e-01 0.000000000000000000e+00
-4.153310135006904602e-02 2.688200771808624268e-02 8.296328596770763397e-03 -9.215416759252548218e-02 -1.186769977211952209e-01 0.000000000000000000e+00
2.128289937973022461e-01 2.382184863090515137e-01 2.152879983186721802e-01 1.865251660346984863e-01 1.351622045040130615e-01 0.000000000000000000e+00
3.543128967285156250e-01 3.839281499385833740e-01 3.836549520492553711e-01 3.742310702800750732e-01 3.677190244197845459e-01 0.000000000000000000e+00
2.139731794595718384e-01 2.490042001008987427e-01 2.633444964885711670e-01 2.645604312419891357e-01 2.588010728359222412e-01 1.000000000000000000e+00
1.972480267286300659e-01 1.966790556907653809e-01 2.005353718996047974e-01 2.351348102092742920e-01 2.225688099861145020e-01 2.000000000000000000e+00
2.139731794595718384e-01 2.490042001008987427e-01 2.633444964885711670e-01 2.645604312419891357e-01 2.588010728359222412e-01 1.000000000000000000e+00
1.972480267286300659e-01 1.966790556907653809e-01 2.005353718996047974e-01 2.351348102092742920e-01 2.225688099861145020e-01 2.000000000000000000e+00
2.139731794595718384e-01 2.490042001008987427e-01 2.633444964885711670e-01 2.645604312419891357e-01 2.588010728359222412e-01 1.000000000000000000e+00
1.972480267286300659e-01 1.966790556907653809e-01 2.005353718996047974e-01 2.351348102092742920e-01 2.225688099861145020e-01 2.000000000000000000e+00
2.139731794595718384e-01 2.490042001008987427e-01 2.633444964885711670e-01 2.645604312419891357e-01 2.588010728359222412e-01 1.000000000000000000e+00
1.972480267286300659e-01 1.966790556907653809e-01 2.005353718996047974e-01 2.351348102092742920e-01 2.225688099861145020e-01 2.000000000000000000e+00
2.139731794595718384e-01 2.490042001008987427e-01 2.633444964885711670e-01 2.645604312419891357e-01 2.588010728359222412e-01 1.000000000000000000e+00
1.972480267286300659e-01 1.966790556907653809e-01 2.005353718996047974e-01 2.351348102092742920e-01 2.225688099861145020e-01 2.000000000000000000e+00
2.139731794595718384e-01 2.490042001008987427e-01 2.633444964885711670e-01 2.645604312419891357e-01 2.588010728359222412e-01 1.000000000000000000e+00
1.972480267286300659e-01 1.966790556907653809e-01 2.005353718996047974e-01 2.351348102092742920e-01 2.225688099861145020e-01 2.000000000000000000e+00
2.139731794595718384e-01 2.490042001008987427e-01 2.633444964885711670e-01 2.645604312419891357e-01 2.588010728359222412e-01 1.000000000000000000e+00
1.972480267286300659e-01 1.966790556907653809e-01 2.005353718996047974e-01 2.351348102092742920e-01 2.225688099861145020e-01 2.000000000000000000e+00
2.139731794595718384e-01 2.490042001008987427e-01 2.633444964885711670e-01 2.645604312419891357e-01 2.588010728359222412e-01 1.000000000000000000e+00
1.972480267286300659e-01 1.966790556907653809e-01 2.005353718996047974e-01 2.351348102092742920e-01 2.225688099861145020e-01 2.000000000000000000e+00
2.139731794595718384e-01 2.490042001008987427e-01 2.633444964885711670e-01 2.645604312419891357e-01 2.588010728359222412e-01 1.000000000000000000e+00
1.972480267286300659e-01 1.966790556907653809e-01 2.005353718996047974e-01 2.351348102092742920e-01 2.225688099861145020e-01 2.000000000000000000e+00
2.139731794595718384e-01 2.490042001008987427e-01 2.633444964885711670e-01 2.645604312419891357e-01 2.588010728359222412e-01 1.000000000000000000e+00
1.972480267286300659e-01 1.966790556907653809e-01 2.005353718996047974e-01 2.351348102092742920e-01 2.225688099861145020e-01 2.000000000000000000e+00
-9.272938966751098633e-02 -1.208679601550102234e-01 -1.127133667469024658e-01 -9.935177117586135864e-02 -8.653576672077178955e-02 0.000000000000000000e+00
-6.322290003299713135e-02 -8.661486208438873291e-02 -1.120475903153419495e-01 -1.016477718949317932e-01 -8.245877176523208618e-02 0.000000000000000000e+00
1.198749057948589325e-02 1.133858710527420044e-01 6.833372265100479126e-02 1.195902973413467407e-01 1.066464707255363464e-01 0.000000000000000000e+00
2.699031531810760498e-01 2.698074281215667725e-01 2.652497887611389160e-01 1.911454200744628906e-01 1.845848262310028076e-01 0.000000000000000000e+00
3.108312189579010010e-01 3.477458655834197998e-01 3.320158421993255615e-01 3.020190298557281494e-01 3.084885179996490479e-01 0.000000000000000000e+00
-1.142898499965667725e-01 -1.174869760870933533e-01 -1.405736654996871948e-01 -1.597038209438323975e-01 -2.176366150379180908e-01 1.000000000000000000e+00
-9.629664570093154907e-02 -7.013444602489471436e-02 -8.129115402698516846e-02 -8.867636322975158691e-02 -7.324708998203277588e-02 2.000000000000000000e+00
-1.142898499965667725e-01 -1.174869760870933533e-01 -1.405736654996871948e-01 -1.597038209438323975e-01 -2.176366150379180908e-01 1.000000000000000000e+00
-9.629664570093154907e-02 -7.013444602489471436e-02 -8.129115402698516846e-02 -8.867636322975158691e-02 -7.324708998203277588e-02 2.000000000000000000e+00
-1.142898499965667725e-01 -1.174869760870933533e-01 -1.405736654996871948e-01 -1.597038209438323975e-01 -2.176366150379180908e-01 1.000000000000000000e+00
-9.629664570093154907e-02 -7.013444602489471436e-02 -8.129115402698516846e-02 -8.867636322975158691e-02 -7.324708998203277588e-02 2.000000000000000000e+00
-1.142898499965667725e-01 -1.174869760870933533e-01 -1.405736654996871948e-01 -1.597038209438323975e-01 -2.176366150379180908e-01 1.000000000000000000e+00
-9.629664570093154907e-02 -7.013444602489471436e-02 -8.129115402698516846e-02 -8.867636322975158691e-02 -7.324708998203277588e-02 2.000000000000000000e+00
-1.142898499965667725e-01 -1.174869760870933533e-01 -1.405736654996871948e-01 -1.597038209438323975e-01 -2.176366150379180908e-01 1.000000000000000000e+00
-9.629664570093154907e-02 -7.013444602489471436e-02 -8.129115402698516846e-02 -8.867636322975158691e-02 -7.324708998203277588e-02 2.000000000000000000e+00
-1.142898499965667725e-01 -1.174869760870933533e-01 -1.405736654996871948e-01 -1.597038209438323975e-01 -2.176366150379180908e-01 1.000000000000000000e+00
-9.629664570093154907e-02 -7.013444602489471436e-02 -8.129115402698516846e-02 -8.867636322975158691e-02 -7.324708998203277588e-02 2.000000000000000000e+00
-1.142898499965667725e-01 -1.174869760870933533e-01 -1.405736654996871948e-01 -1.597038209438323975e-01 -2.176366150379180908e-01 1.000000000000000000e+00
-9.629664570093154907e-02 -7.013444602489471436e-02 -8.129115402698516846e-02 -8.867636322975158691e-02 -7.324708998203277588e-02 2.000000000000000000e+00
-1.142898499965667725e-01 -1.174869760870933533e-01 -1.405736654996871948e-01 -1.597038209438323975e-01 -2.176366150379180908e-01 1.000000000000000000e+00
-9.629664570093154907e-02 -7.013444602489471436e-02 -8.129115402698516846e-02 -8.867636322975158691e-02 -7.324708998203277588e-02 2.000000000000000000e+00
-1.142898499965667725e-01 -1.174869760870933533e-01 -1.405736654996871948e-01 -1.597038209438323975e-01 -2.176366150379180908e-01 1.000000000000000000e+00
-9.629664570093154907e-02 -7.013444602489471436e-02 -8.129115402698516846e-02 -8.867636322975158691e-02 -7.324708998203277588e-02 2.000000000000000000e+00
-1.142898499965667725e-01 -1.174869760870933533e-01 -1.405736654996871948e-01 -1.597038209438323975e-01 -2.176366150379180908e-01 1.000000000000000000e+00
-9.629664570093154907e-02 -7.013444602489471436e-02 -8.129115402698516846e-02 -8.867636322975158691e-02 -7.324708998203277588e-02 2.000000000000000000e+00
2.119240760803222656e-01 2.459065020084381104e-01 2.497408390045166016e-01 2.637002766132354736e-01 2.674843966960906982e-01 0.000000000000000000e+00
8.301806449890136719e-02 1.055804416537284851e-01 1.297613978385925293e-01 1.059692502021789551e-01 6.584703922271728516e-02 0.000000000000000000e+00
3.931838646531105042e-02 7.245163619518280029e-02 8.026567287743091583e-03 4.686532169580459595e-02 6.041824445128440857e-02 0.000000000000000000e+00
1.423269212245941162e-01 1.547844856977462769e-01 1.856746226549148560e-01 1.763335615396499634e-01 1.682243794202804565e-01 0.000000000000000000e+00
5.137438327074050903e-02 1.096753180027008057e-01 1.155888140201568604e-01 1.398119181394577026e-01 6.962803006172180176e-02 0.000000000000000000e+00
1.406272351741790771e-01 1.662723720073699951e-01 1.219648495316505432e-01 9.882757067680358887e-02 1.014185324311256409e-01 0.000000000000000000e+00
1.520576030015945435e-01 1.518472433090209961e-01 1.540633141994476318e-01 1.957052052021026611e-01 1.748669892549514771e-01 0.000000000000000000e+00
2.339481860399246216e-01 2.463978081941604614e-01 2.243871241807937622e-01 2.390851229429244995e-01 2.526486217975616455e-01 0.000000000000000000e+00
2.527487277984619141e-01 2.667692005634307861e-01 2.756040394306182861e-01 2.693218588829040527e-01 2.714781463146209717e-01 0.000000000000000000e+00
9.542059153318405151e-02 1.701871752738952637e-01 2.222204804420471191e-01 2.229186147451400757e-01 2.410946041345596313e-01 0.000000000000000000e+00
-8.707847446203231812e-02 -3.913738951086997986e-02 -7.793080061674118042e-02 -6.234374269843101501e-02 -6.292882561683654785e-02 0.000000000000000000e+00
-6.108767539262771606e-02 -4.047517478466033936e-02 -1.299664843827486038e-02 -1.422169059514999390e-01 -1.653327196836471558e-01 0.000000000000000000e+00
1.349445432424545288e-01 5.466488748788833618e-02 -1.153995841741561890e-01 -1.465032696723937988e-01 -1.577906310558319092e-01 0.000000000000000000e+00
1.951852440834045410e-01 2.344388663768768311e-01 2.133898288011550903e-01 1.667977273464202881e-01 1.395478397607803345e-01 0.000000000000000000e+00
2.185344547033309937e-01 2.320571839809417725e-01 2.307226657867431641e-01 2.301161736249923706e-01 2.238061279058456421e-01 0.000000000000000000e+00
1.913900077342987061e-01 2.180609107017517090e-01 2.397714555263519287e-01 2.418497949838638306e-01 2.448874115943908691e-01 0.000000000000000000e+00
2.547339200973510742e-01 2.794738709926605225e-01 2.640849053859710693e-01 2.646370232105255127e-01 2.626889050006866455e-01 0.000000000000000000e+00
2.908741533756256104e-01 3.010379970073699951e-01 2.956100106239318848e-01 2.925152778625488281e-01 2.899023890495300293e-01 0.000000000000000000e+00
3.086596131324768066e-01 3.315223455429077148e-01 3.340864479541778564e-01 3.344500958919525146e-01 3.218171000480651855e-01 0.000000000000000000e+00
3.085176944732666016e-01 3.412663042545318604e-01 3.885166943073272705e-01 3.929469287395477295e-01 3.953927159309387207e-01 0.000000000000000000e+00
1.278620213270187378e-01 2.352221012115478516e-01 2.884550988674163818e-01 3.278436064720153809e-01 3.241019845008850098e-01 0.000000000000000000e+00
1.861449480056762695e-01 2.289535552263259888e-01 2.201509922742843628e-01 1.917946189641952515e-01 2.013505548238754272e-01 0.000000000000000000e+00
2.203158736228942871e-01 2.463114708662033081e-01 2.499309182167053223e-01 2.658454179763793945e-01 2.401362955570220947e-01 0.000000000000000000e+00
2.157687544822692871e-01 2.413313835859298706e-01 2.453365027904510498e-01 2.659676074981689453e-01 2.627147436141967773e-01 0.000000000000000000e+00
2.727541029453277588e-01 2.854305505752563477e-01 2.596474587917327881e-01 2.651743888854980469e-01 2.660349309444427490e-01 0.000000000000000000e+00
2.589458227157592773e-01 2.653884589672088623e-01 2.861425876617431641e-01 2.987006604671478271e-01 3.022103905677795410e-01 0.000000000000000000e+00
2.760181128978729248e-01 2.953805327415466309e-01 2.955081760883331299e-01 2.984968423843383789e-01 2.995529770851135254e-01 0.000000000000000000e+00
2.689667046070098877e-01 2.909149527549743652e-01 3.053059875965118408e-01 3.023242950439453125e-01 3.016536533832550049e-01 0.000000000000000000e+00
-1.393570303916931152e-01 -6.874468922615051270e-02 6.240178272128105164e-02 5.127556622028350830e-02 6.962205469608306885e-02 0.000000000000000000e+00
-6.646832078695297241e-02 -1.065934598445892334e-01 -7.285723835229873657e-02 -9.061267971992492676e-02 -7.818508148193359375e-02 0.000000000000000000e+00
-2.737330831587314606e-02 -3.990127146244049072e-02 1.518618129193782806e-02 2.715703845024108887e-02 -5.082847783342003822e-04 0.000000000000000000e+00
-9.472063928842544556e-02 -4.669584706425666809e-02 -2.666685730218887329e-02 -2.488727495074272156e-02 1.220572516322135925e-01 0.000000000000000000e+00
1.284512132406234741e-01 8.885575085878372192e-02 1.465128362178802490e-01 3.877912089228630066e-02 -9.387548081576824188e-03 0.000000000000000000e+00
1.793270111083984375e-01 2.246859669685363770e-01 2.088874876499176025e-01 2.213808447122573853e-01 2.189103960990905762e-01 0.000000000000000000e+00
2.173555791378021240e-01 2.379623353481292725e-01 2.500811219215393066e-01 2.687065899372100830e-01 2.515661418437957764e-01 0.000000000000000000e+00
-1.717103719711303711e-01 -1.749261915683746338e-01 -1.623986661434173584e-01 -1.401273459196090698e-01 -1.477665603160858154e-01 0.000000000000000000e+00
-1.447027474641799927e-01 -1.365333199501037598e-01 -9.836806356906890869e-02 -1.443858444690704346e-01 -1.595149189233779907e-01 0.000000000000000000e+00
-7.984652183949947357e-03 3.316514194011688232e-03 -1.614306867122650146e-02 -2.981889247894287109e-02 -6.135701015591621399e-02 0.000000000000000000e+00
1.155516598373651505e-02 9.397917240858078003e-02 4.934326931834220886e-02 3.631148859858512878e-02 1.248261556029319763e-01 0.000000000000000000e+00
2.682575881481170654e-01 2.604812979698181152e-01 2.902262508869171143e-01 2.123935967683792114e-01 1.554806083440780640e-01 0.000000000000000000e+00
3.891973197460174561e-01 4.345831274986267090e-01 4.476091265678405762e-01 3.943259119987487793e-01 3.376253545284271240e-01 0.000000000000000000e+00
-2.042167931795120239e-01 -1.881237030029296875e-01 -1.821461021900177002e-01 -1.728309690952301025e-01 -1.635688394308090210e-01 1.000000000000000000e+00
-1.471529752016067505e-01 -1.552371978759765625e-01 -1.351547241210937500e-01 -1.783729642629623413e-01 -1.691546887159347534e-01 2.000000000000000000e+00
-2.042167931795120239e-01 -1.881237030029296875e-01 -1.821461021900177002e-01 -1.728309690952301025e-01 -1.635688394308090210e-01 1.000000000000000000e+00
-1.471529752016067505e-01 -1.552371978759765625e-01 -1.351547241210937500e-01 -1.783729642629623413e-01 -1.691546887159347534e-01 2.000000000000000000e+00
-2.042167931795120239e-01 -1.881237030029296875e-01 -1.821461021900177002e-01 -1.728309690952301025e-01 -1.635688394308090210e-01 1.000000000000000000e+00
-1.471529752016067505e-01 -1.552371978759765625e-01 -1.351547241210937500e-01 -1.783729642629623413e-01 -1.691546887159347534e-01 2.000000000000000000e+00
-2.042167931795120239e-01 -1.881237030029296875e-01 -1.821461021900177002e-01 -1.728309690952301025e-01 -1.635688394308090210e-01 1.000000000000000000e+00
-1.471529752016067505e-01 -1.552371978759765625e-01 -1.351547241210937500e-01 -1.783729642629623413e-01 -1.691546887159347534e-01 2.000000000000000000e+00
-2.042167931795120239e-01 -1.881237030029296875e-01 -1.821461021900177002e-01 -1.728309690952301025e-01 -1.635688394308090210e-01 1.000000000000000000e+00
-1.471529752016067505e-01 -1.552371978759765625e-01 -1.351547241210937500e-01 -1.783729642629623413e-01 -1.691546887159347534e-01 2.000000000000000000e+00
-2.042167931795120239e-01 -1.881237030029296875e-01 -1.821461021900177002e-01 -1.728309690952301025e-01 -1.635688394308090210e-01 1.000000000000000000e+00
-1.471529752016067505e-01 -1.552371978759765625e-01 -1.351547241210937500e-01 -1.783729642629623413e-01 -1.691546887159347534e-01 2.000000000000000000e+00
-2.042167931795120239e-01 -1.881237030029296875e-01 -1.821461021900177002e-01 -1.728309690952301025e-01 -1.635688394308090210e-01 1.000000000000000000e+00
-1.471529752016067505e-01 -1.552371978759765625e-01 -1.351547241210937500e-01 -1.783729642629623413e-01 -1.691546887159347534e-01 2.000000000000000000e+00
-2.042167931795120239e-01 -1.881237030029296875e-01 -1.821461021900177002e-01 -1.728309690952301025e-01 -1.635688394308090210e-01 1.000000000000000000e+00
-1.471529752016067505e-01 -1.552371978759765625e-01 -1.351547241210937500e-01 -1.783729642629623413e-01 -1.691546887159347534e-01 2.000000000000000000e+00
-2.042167931795120239e-01 -1.881237030029296875e-01 -1.821461021900177002e-01 -1.728309690952301025e-01 -1.635688394308090210e-01 1.000000000000000000e+00
-1.471529752016067505e-01 -1.552371978759765625e-01 -1.351547241210937500e-01 -1.783729642629623413e-01 -1.691546887159347534e-01 2.000000000000000000e+00
-2.042167931795120239e-01 -1.881237030029296875e-01 -1.821461021900177002e-01 -1.728309690952301025e-01 -1.635688394308090210e-01 1.000000000000000000e+00
-1.471529752016067505e-01 -1.552371978759765625e-01 -1.351547241210937500e-01 -1.783729642629623413e-01 -1.691546887159347534e-01 2.000000000000000000e+00
1.797695308923721313e-01 1.634129583835601807e-01 1.641549766063690186e-01 1.670946627855300903e-01 1.295328736305236816e-01 0.000000000000000000e+00
1.856546550989151001e-01 1.760232299566268921e-01 1.612934768199920654e-01 1.596389859914779663e-01 1.585078090429306030e-01 0.000000000000000000e+00
1.897875815629959106e-01 2.016451358795166016e-01 1.842541992664337158e-01 1.835278421640396118e-01 1.931170225143432617e-01 0.000000000000000000e+00
1.172957569360733032e-01 1.459396332502365112e-01 1.396372616291046143e-01 1.629617810249328613e-01 1.757565438747406006e-01 0.000000000000000000e+00
9.662131965160369873e-02 6.855143606662750244e-02 1.193657666444778442e-01 1.128537803888320923e-01 1.183643043041229248e-01 0.000000000000000000e+00
2.061873972415924072e-01 1.987921744585037231e-01 1.722338348627090454e-01 1.530559659004211426e-01 1.474121659994125366e-01 0.000000000000000000e+00
1.512183994054794312e-02 6.658853590488433838e-02 1.433059871196746826e-01 1.872531622648239136e-01 1.994593888521194458e-01 0.000000000000000000e+00
2.537478879094123840e-02 1.813541054725646973e-01 1.947474628686904907e-01 2.325137555599212646e-01 1.968611031770706177e-01 0.000000000000000000e+00
1.406815648078918457e-02 5.481326952576637268e-02 5.916921049356460571e-02 3.268684819340705872e-02 7.189568132162094116e-02 0.000000000000000000e+00
-1.525157094001770020e-01 -9.485320746898651123e-02 -1.008982285857200623e-01 -6.193894520401954651e-02 9.216203354299068451e-03 0.000000000000000000e+00
-1.035933047533035278e-01 -8.732496201992034912e-02 -1.266328692436218262e-01 -1.403048783540725708e-01 -1.643970310688018799e-01 0.000000000000000000e+00
-9.074958413839340210e-02 -1.202626377344131470e-01 -1.080392673611640930e-01 -7.144613564014434814e-02 -7.243700325489044189e-02 0.000000000000000000e+00
4.792507365345954895e-02 4.714863002300262451e-02 2.100580185651779175e-02 4.072738811373710632e-03 -6.342337280511856079e-02 0.000000000000000000e+00
1.303841322660446167e-01 1.461354494094848633e-01 1.356800943613052368e-01 9.741041064262390137e-02 7.792489230632781982e-02 0.000000000000000000e+00
1.956592798233032227e-01 2.376791387796401978e-01 2.531135678291320801e-01 2.377863377332687378e-01 2.267972826957702637e-01 0.000000000000000000e+00
2.383721023797988892e-01 2.844793200492858887e-01 3.112669885158538818e-01 3.378225266933441162e-01 2.965550422668457031e-01 0.000000000000000000e+00
3.103435337543487549e-01 3.274325430393218994e-01 3.413343727588653564e-01 3.439462780952453613e-01 3.148044347763061523e-01 0.000000000000000000e+00
3.291590213775634766e-01 3.651626408100128174e-01 3.547267615795135498e-01 3.632475733757019043e-01 3.437718152999877930e-01 0.000000000000000000e+00
1.476765424013137817e-01 2.068004608154296875e-01 2.236673533916473389e-01 2.861190438270568848e-01 3.314252197742462158e-01 0.000000000000000000e+00
-7.812403887510299683e-02 -6.671763211488723755e-02 5.938659608364105225e-02 1.406828016042709351e-01 1.925490796566009521e-01 0.000000000000000000e+00
-1.352305859327316284e-01 -1.085063591599464417e-01 -5.575932189822196960e-02 -7.243450731039047241e-03 -7.889448665082454681e-03 0.000000000000000000e+00
2.677183449268341064e-01 2.832334339618682861e-01 2.805449664592742920e-01 2.898949682712554932e-01 3.118590116500854492e-01 0.000000000000000000e+00
2.503286600112915039e-01 2.793264091014862061e-01 2.826063930988311768e-01 3.022817373275756836e-01 2.914010882377624512e-01 0.000000000000000000e+00
2.699282467365264893e-01 2.768924236297607422e-01 2.772961556911468506e-01 2.959897220134735107e-01 2.960015535354614258e-01 0.000000000000000000e+00
2.413998991250991821e-01 2.670672237873077393e-01 2.733176350593566895e-01 2.780803143978118896e-01 2.650462388992309570e-01 0.000000000000000000e+00
2.160356491804122925e-01 2.206703871488571167e-01 2.746116816997528076e-01 2.889657914638519287e-01 2.795970439910888672e-01 0.000000000000000000e+00
2.246658504009246826e-01 2.544122040271759033e-01 2.760310769081115723e-01 2.820617854595184326e-01 2.850765585899353027e-01 0.000000000000000000e+00
2.436534166336059570e-01 2.809148132801055908e-01 3.032118082046508789e-01 2.871208190917968750e-01 2.938848137855529785e-01 0.000000000000000000e+00
2.408539056777954102e-01 2.688478529453277588e-01 2.910559177398681641e-01 2.909896075725555420e-01 2.888593673706054688e-01 0.000000000000000000e+00
2.900819480419158936e-01 3.070530295372009277e-01 3.125560283660888672e-01 3.026443719863891602e-01 2.711815834045410156e-01 0.000000000000000000e+00
2.977318763732910156e-01 3.064565956592559814e-01 3.035194873809814453e-01 2.968609333038330078e-01 3.120279610157012939e-01 0.000000000000000000e+00
2.671028971672058105e-01 2.671566307544708252e-01 2.753721475601196289e-01 2.830934524536132812e-01 3.025612533092498779e-01 0.000000000000000000e+00
1.941806972026824951e-01 1.703121215105056763e-01 2.109663635492324829e-01 2.332040071487426758e-01 2.831240892410278320e-01 0.000000000000000000e+00
9.270102530717849731e-02 1.031809486448764801e-02 -1.078774109482765198e-01 1.471623126417398453e-02 9.731843322515487671e-02 0.000000000000000000e+00
3.574947416782379150e-01 3.968573510646820068e-01 4.025923311710357666e-01 3.714809119701385498e-01 3.533562123775482178e-01 0.000000000000000000e+00
2.762609720230102539e-02 1.236630380153656006e-01 1.377703547477722168e-01 1.242376565933227539e-01 1.482921093702316284e-01 0.000000000000000000e+00
2.201135009527206421e-01 2.687337994575500488e-01 2.756038904190063477e-01 2.349069267511367798e-01 2.124227434396743774e-01 0.000000000000000000e+00
2.763316035270690918e-01 2.933713495731353760e-01 3.209023177623748779e-01 3.000880777835845947e-01 2.909047603607177734e-01 0.000000000000000000e+00
2.992083728313446045e-01 3.366163671016693115e-01 3.588132858276367188e-01 3.740348815917968750e-01 4.079580008983612061e-01 0.000000000000000000e+00
3.730223476886749268e-01 4.106547236442565918e-01 4.314991235733032227e-01 4.230945706367492676e-01 3.790618777275085449e-01 0.000000000000000000e+00
3.837329149246215820e-01 4.190486669540405273e-01 4.582429826259613037e-01 4.810887277126312256e-01 4.874851405620574951e-01 0.000000000000000000e+00
3.798641264438629150e-01 4.502477347850799561e-01 4.618629813194274902e-01 4.533933699131011963e-01 4.685505032539367676e-01 0.000000000000000000e+00
-7.706682384014129639e-02 9.520371677353978157e-04 -5.957455933094024658e-02 -3.666593134403228760e-02 -2.748736925423145294e-02 1.000000000000000000e+00
1.176044121384620667e-01 9.041871130466461182e-02 1.414465010166168213e-01 9.337679296731948853e-02 9.809827804565429688e-02 2.000000000000000000e+00
-7.706682384014129639e-02 9.520371677353978157e-04 -5.957455933094024658e-02 -3.666593134403228760e-02 -2.748736925423145294e-02 1.000000000000000000e+00
1.176044121384620667e-01 9.041871130466461182e-02 1.414465010166168213e-01 9.337679296731948853e-02 9.809827804565429688e-02 2.000000000000000000e+00
-7.706682384014129639e-02 9.520371677353978157e-04 -5.957455933094024658e-02 -3.666593134403228760e-02 -2.748736925423145294e-02 1.000000000000000000e+00
1.176044121384620667e-01 9.041871130466461182e-02 1.414465010166168213e-01 9.337679296731948853e-02 9.809827804565429688e-02 2.000000000000000000e+00
-7.706682384014129639e-02 9.520371677353978157e-04 -5.957455933094024658e-02 -3.666593134403228760e-02 -2.748736925423145294e-02 1.000000000000000000e+00
1.176044121384620667e-01 9.041871130466461182e-02 1.414465010166168213e-01 9.337679296731948853e-02 9.809827804565429688e-02 2.000000000000000000e+00
-7.706682384014129639e-02 9.520371677353978157e-04 -5.957455933094024658e-02 -3.666593134403228760e-02 -2.748736925423145294e-02 1.000000000000000000e+00
1.176044121384620667e-01 9.041871130466461182e-02 1.414465010166168213e-01 9.337679296731948853e-02 9.809827804565429688e-02 2.000000000000000000e+00
-7.706682384014129639e-02 9.520371677353978157e-04 -5.957455933094024658e-02 -3.666593134403228760e-02 -2.748736925423145294e-02 1.000000000000000000e+00
1.176044121384620667e-01 9.041871130466461182e-02 1.414465010166168213e-01 9.337679296731948853e-02 9.809827804565429688e-02 2.000000000000000000e+00
-7.706682384014129639e-02 9.520371677353978157e-04 -5.957455933094024658e-02 -3.666593134403228760e-02 -2.748736925423145294e-02 1.000000000000000000e+00
1.176044121384620667e-01 9.041871130466461182e-02 1.414465010166168213e-01 9.337679296731948853e-02 9.809827804565429688e-02 2.000000000000000000e+00
-7.706682384014129639e-02 9.520371677353978157e-04 -5.957455933094024658e-02 -3.666593134403228760e-02 -2.748736925423145294e-02 1.000000000000000000e+00
1.176044121384620667e-01 9.041871130466461182e-02 1.414465010166168213e-01 9.337679296731948853e-02 9.809827804565429688e-02 2.000000000000000000e+00
-7.706682384014129639e-02 9.520371677353978157e-04 -5.957455933094024658e-02 -3.666593134403228760e-02 -2.748736925423145294e-02 1.000000000000000000e+00
1.176044121384620667e-01 9.041871130466461182e-02 1.414465010166168213e-01 9.337679296731948853e-02 9.809827804565429688e-02 2.000000000000000000e+00
-7.706682384014129639e-02 9.520371677353978157e-04 -5.957455933094024658e-02 -3.666593134403228760e-02 -2.748736925423145294e-02 1.000000000000000000e+00
1.176044121384620667e-01 9.041871130466461182e-02 1.414465010166168213e-01 9.337679296731948853e-02 9.809827804565429688e-02 2.000000000000000000e+00
1.943048238754272461e-01 2.914049625396728516e-01 2.774462997913360596e-01 2.609469294548034668e-01 2.159923166036605835e-01 0.000000000000000000e+00
2.617850899696350098e-01 3.000074326992034912e-01 3.149922490119934082e-01 3.324779868125915527e-01 3.169179558753967285e-01 0.000000000000000000e+00
3.110437989234924316e-01 3.873682618141174316e-01 4.483182132244110107e-01 4.516249597072601318e-01 4.286949932575225830e-01 0.000000000000000000e+00
3.089381158351898193e-01 3.845862448215484619e-01 3.998826444149017334e-01 4.308515787124633789e-01 4.476256966590881348e-01 0.000000000000000000e+00
8.729249984025955200e-02 1.444501429796218872e-01 1.886201500892639160e-01 3.063329756259918213e-01 3.772381246089935303e-01 0.000000000000000000e+00
-2.323595993220806122e-02 2.978700678795576096e-03 5.850166082382202148e-03 7.779903709888458252e-02 1.067053228616714478e-01 0.000000000000000000e+00
-1.876202784478664398e-02 4.566076770424842834e-02 2.306248247623443604e-02 3.327882662415504456e-02 5.164316669106483459e-02 0.000000000000000000e+00
2.494835108518600464e-02 2.794331125915050507e-02 5.358703434467315674e-02 1.578150391578674316e-01 1.525692194700241089e-01 1.000000000000000000e+00
1.632306426763534546e-01 1.940867304801940918e-01 2.120925039052963257e-01 1.712862998247146606e-01 1.760005801916122437e-01 2.000000000000000000e+00
2.494835108518600464e-02 2.794331125915050507e-02 5.358703434467315674e-02 1.578150391578674316e-01 1.525692194700241089e-01 1.000000000000000000e+00
1.632306426763534546e-01 1.940867304801940918e-01 2.120925039052963257e-01 1.712862998247146606e-01 1.760005801916122437e-01 2.000000000000000000e+00
2.494835108518600464e-02 2.794331125915050507e-02 5.358703434467315674e-02 1.578150391578674316e-01 1.525692194700241089e-01 1.000000000000000000e+00
1.632306426763534546e-01 1.940867304801940918e-01 2.120925039052963257e-01 1.712862998247146606e-01 1.760005801916122437e-01 2.000000000000000000e+00
2.494835108518600464e-02 2.794331125915050507e-02 5.358703434467315674e-02 1.578150391578674316e-01 1.525692194700241089e-01 1.000000000000000000e+00
1.632306426763534546e-01 1.940867304801940918e-01 2.120925039052963257e-01 1.712862998247146606e-01 1.760005801916122437e-01 2.000000000000000000e+00
2.494835108518600464e-02 2.794331125915050507e-02 5.358703434467315674e-02 1.578150391578674316e-01 1.525692194700241089e-01 1.000000000000000000e+00
1.632306426763534546e-01 1.940867304801940918e-01 2.120925039052963257e-01 1.712862998247146606e-01 1.760005801916122437e-01 2.000000000000000000e+00
2.494835108518600464e-02 2.794331125915050507e-02 5.358703434467315674e-02 1.578150391578674316e-01 1.525692194700241089e-01 1.000000000000000000e+00
1.632306426763534546e-01 1.940867304801940918e-01 2.120925039052963257e-01 1.712862998247146606e-01 1.760005801916122437e-01 2.000000000000000000e+00
2.494835108518600464e-02 2.794331125915050507e-02 5.358703434467315674e-02 1.578150391578674316e-01 1.525692194700241089e-01 1.000000000000000000e+00
1.632306426763534546e-01 1.940867304801940918e-01 2.120925039052963257e-01 1.712862998247146606e-01 1.760005801916122437e-01 2.000000000000000000e+00
2.494835108518600464e-02 2.794331125915050507e-02 5.358703434467315674e-02 1.578150391578674316e-01 1.525692194700241089e-01 1.000000000000000000e+00
1.632306426763534546e-01 1.940867304801940918e-01 2.120925039052963257e-01 1.712862998247146606e-01 1.760005801916122437e-01 2.000000000000000000e+00
2.494835108518600464e-02 2.794331125915050507e-02 5.358703434467315674e-02 1.578150391578674316e-01 1.525692194700241089e-01 1.000000000000000000e+00
1.632306426763534546e-01 1.940867304801940918e-01 2.120925039052963257e-01 1.712862998247146606e-01 1.760005801916122437e-01 2.000000000000000000e+00
2.494835108518600464e-02 2.794331125915050507e-02 5.358703434467315674e-02 1.578150391578674316e-01 1.525692194700241089e-01 1.000000000000000000e+00
1.632306426763534546e-01 1.940867304801940918e-01 2.120925039052963257e-01 1.712862998247146606e-01 1.760005801916122437e-01 2.000000000000000000e+00
2.446090877056121826e-01 3.109683394432067871e-01 3.079800903797149658e-01 3.013077080249786377e-01 3.375082612037658691e-01 0.000000000000000000e+00
3.023356497287750244e-01 3.679051399230957031e-01 3.887917399406433105e-01 4.326349794864654541e-01 3.672611713409423828e-01 0.000000000000000000e+00
2.901425659656524658e-01 3.698211610317230225e-01 4.041478931903839111e-01 4.033308327198028564e-01 4.044862687587738037e-01 0.000000000000000000e+00
1.773300319910049438e-01 2.295630276203155518e-01 3.425015211105346680e-01 3.879143595695495605e-01 4.057650566101074219e-01 0.000000000000000000e+00
3.651439771056175232e-02 6.541787832975387573e-02 1.348240971565246582e-01 1.717785596847534180e-01 2.234254777431488037e-01 0.000000000000000000e+00
-5.457147955894470215e-02 -8.887876756489276886e-03 5.008868500590324402e-02 1.220923513174057007e-01 1.228786408901214600e-01 0.000000000000000000e+00
-1.179596409201622009e-02 -5.562867969274520874e-02 -6.693684309720993042e-02 -1.208966374397277832e-01 -5.408485233783721924e-02 0.000000000000000000e+00
2.041049152612686157e-01 2.342482656240463257e-01 2.265527099370956421e-01 2.829262614250183105e-01 2.757542133331298828e-01 0.000000000000000000e+00
1.174448058009147644e-01 2.380747944116592407e-01 3.236244916915893555e-01 3.186505138874053955e-01 3.482733666896820068e-01 0.000000000000000000e+00
1.496714800596237183e-01 2.423039972782135010e-01 2.289807796478271484e-01 2.803111374378204346e-01 2.223087847232818604e-01 0.000000000000000000e+00
1.044237837195396423e-01 2.378866076469421387e-01 2.730865180492401123e-01 2.606427669525146484e-01 2.790798246860504150e-01 0.000000000000000000e+00
1.433194428682327271e-01 1.987536996603012085e-01 2.666047811508178711e-01 2.149930745363235474e-01 2.728692889213562012e-01 0.000000000000000000e+00
2.054027467966079712e-01 3.026292920112609863e-01 3.426340818405151367e-01 3.141822218894958496e-01 3.064731061458587646e-01 0.000000000000000000e+00
2.630425691604614258e-01 2.935862839221954346e-01 3.230634629726409912e-01 3.196432888507843018e-01 3.062832951545715332e-01 0.000000000000000000e+00
1.261268556118011475e-02 -2.609604503959417343e-03 1.373969367705285549e-03 5.373338609933853149e-02 1.965535432100296021e-01 0.000000000000000000e+00
9.564360370859503746e-04 -2.973706834018230438e-02 -3.253209590911865234e-02 7.771243155002593994e-02 -4.624158143997192383e-02 0.000000000000000000e+00
-1.056761667132377625e-02 1.067860983312129974e-02 4.431353509426116943e-02 -3.383349394425749779e-04 6.817800458520650864e-03 0.000000000000000000e+00
1.295356303453445435e-01 1.538847088813781738e-01 1.365281790494918823e-01 2.120544463396072388e-01 1.498693674802780151e-01 0.000000000000000000e+00
2.356571257114410400e-01 2.379423379898071289e-01 2.445231527090072632e-01 2.309339642524719238e-01 1.782881170511245728e-01 0.000000000000000000e+00
3.120978474617004395e-01 3.162820935249328613e-01 3.168601393699645996e-01 3.078210055828094482e-01 2.917467951774597168e-01 0.000000000000000000e+00
3.185809254646301270e-01 3.367491662502288818e-01 3.502261042594909668e-01 3.560425341129302979e-01 3.651211857795715332e-01 0.000000000000000000e+00
1.934528723359107971e-02 1.681247800588607788e-01 3.002458512783050537e-01 3.345637023448944092e-01 3.827174901962280273e-01 0.000000000000000000e+00
-9.117133170366287231e-02 -3.701996058225631714e-02 6.578394025564193726e-02 7.446120679378509521e-02 8.060768991708755493e-02 0.000000000000000000e+00
1.567282080650329590e-01 2.246835678815841675e-01 1.946841180324554443e-01 1.947786957025527954e-01 2.098147384822368622e-02 0.000000000000000000e+00
1.578041166067123413e-01 1.846316158771514893e-01 1.640040874481201172e-01 1.685923486948013306e-01 2.181135714054107666e-01 0.000000000000000000e+00
2.579303681850433350e-01 2.738443911075592041e-01 2.450380325317382812e-01 2.404312491416931152e-01 2.261943817138671875e-01 0.000000000000000000e+00
2.787218689918518066e-01 3.158767223358154297e-01 3.018435835838317871e-01 3.080126941204071045e-01 2.918126583099365234e-01 0.000000000000000000e+00
3.033763170242309570e-01 3.142339885234832764e-01 3.327635228633880615e-01 3.414070606231689453e-01 3.353359103202819824e-01 0.000000000000000000e+00
3.328329920768737793e-01 3.681012690067291260e-01 3.506101071834564209e-01 3.446644246578216553e-01 3.314092755317687988e-01 0.000000000000000000e+00
1.569616496562957764e-01 2.313072532415390015e-01 2.980681657791137695e-01 3.646029233932495117e-01 3.760195374488830566e-01 0.000000000000000000e+00
1.255117356777191162e-01 1.741384267807006836e-01 1.357773393392562866e-01 1.663874983787536621e-01 1.733375787734985352e-01 0.000000000000000000e+00
1.133459508419036865e-01 1.521922945976257324e-01 2.168133854866027832e-01 2.532069981098175049e-01 2.528998851776123047e-01 0.000000000000000000e+00
-1.483477652072906494e-01 -1.398721933364868164e-01 -1.330815106630325317e-01 -5.448947846889495850e-02 1.122507825493812561e-01 0.000000000000000000e+00
-1.159922704100608826e-01 -1.126121953129768372e-01 -3.113185055553913116e-02 2.640810236334800720e-02 4.116480425000190735e-02 0.000000000000000000e+00
8.388151973485946655e-02 8.970652520656585693e-02 1.199229899793863297e-02 2.078039944171905518e-02 -7.169944699853658676e-03 0.000000000000000000e+00
1.514335125684738159e-01 1.400080919265747070e-01 1.168185696005821228e-01 1.127980872988700867e-01 1.079194322228431702e-01 0.000000000000000000e+00
2.747887670993804932e-01 2.963365316390991211e-01 2.759228050708770752e-01 2.708811461925506592e-01 2.347996383905410767e-01 0.000000000000000000e+00
2.653274238109588623e-01 2.910182774066925049e-01 3.122638463973999023e-01 3.223418295383453369e-01 3.205379843711853027e-01 0.000000000000000000e+00
1.872853487730026245e-01 2.058347612619400024e-01 2.244807034730911255e-01 2.387312650680541992e-01 2.666237652301788330e-01 0.000000000000000000e+00
-7.680837064981460571e-02 -1.266048252582550049e-01 -1.155880838632583618e-01 -7.295765727758407593e-02 4.268786311149597168e-02 0.000000000000000000e+00
1.259734481573104858e-01 8.496405929327011108e-02 -8.522668853402137756e-03 -7.875370234251022339e-02 -1.442771255970001221e-01 0.000000000000000000e+00
