1.016384735703468323e-01 1.011429652571678162e-01 1.012981981039047241e-01 1.013206094503402710e-01 1.011580675840377808e-01 0.000000000000000000e+00
9.963008016347885132e-02 1.006222516298294067e-01 1.004722192883491516e-01 1.005778163671493530e-01 1.010343506932258606e-01 0.000000000000000000e+00
1.009125262498855591e-01 1.016405820846557617e-01 1.021249145269393921e-01 1.011897400021553040e-01 1.009977757930755615e-01 0.000000000000000000e+00
1.012460067868232727e-01 1.018169447779655457e-01 1.017343774437904358e-01 1.020369827747344971e-01 9.983266890048980713e-02 0.000000000000000000e+00
9.988390654325485229e-02 1.000191643834114075e-01 1.003994792699813843e-01 1.011610627174377441e-01 1.016277521848678589e-01 0.000000000000000000e+00
1.002867817878723145e-01 1.006424427032470703e-01 1.002230569720268250e-01 1.001237481832504272e-01 1.002012044191360474e-01 0.000000000000000000e+00
1.018748134374618530e-01 1.013597026467323303e-01 1.012241467833518982e-01 1.012455821037292480e-01 1.009253337979316711e-01 0.000000000000000000e+00
1.015664711594581604e-01 1.013178154826164246e-01 1.018739566206932068e-01 1.020347625017166138e-01 1.014024540781974792e-01 0.000000000000000000e+00
1.017511337995529175e-01 1.014585196971893311e-01 1.014807671308517456e-01 1.014402732253074646e-01 1.013913974165916443e-01 0.000000000000000000e+00
1.017310991883277893e-01 1.014604270458221436e-01 1.014212742447853088e-01 1.014612466096878052e-01 1.014381125569343567e-01 0.000000000000000000e+00
1.017571091651916504e-01 1.015029475092887878e-01 1.014795303344726562e-01 1.014949753880500793e-01 1.014757901430130005e-01 0.000000000000000000e+00
1.017101407051086426e-01 1.014220491051673889e-01 1.014541611075401306e-01 1.015066578984260559e-01 1.015142127871513367e-01 0.000000000000000000e+00
1.016716063022613525e-01 1.015012785792350769e-01 1.015427410602569580e-01 1.014895439147949219e-01 1.016151756048202515e-01 0.000000000000000000e+00
1.022549644112586975e-01 1.018965989351272583e-01 1.022977009415626526e-01 1.014241874217987061e-01 1.015242263674736023e-01 0.000000000000000000e+00
9.890586137771606445e-02 9.998308867216110229e-02 9.769001603126525879e-02 9.624680131673812866e-02 1.003010347485542297e-01 0.000000000000000000e+00
1.012965515255928040e-01 9.911509603261947632e-02 8.919714391231536865e-02 8.388721197843551636e-02 9.479748457670211792e-02 0.000000000000000000e+00
1.041599735617637634e-01 1.009473279118537903e-01 8.305300772190093994e-02 7.380829751491546631e-02 9.615939110517501831e-02 0.000000000000000000e+00
1.058891937136650085e-01 1.033383458852767944e-01 8.351095020771026611e-02 7.845927774906158447e-02 9.918475896120071411e-02 0.000000000000000000e+00
1.011146679520606995e-01 9.943551570177078247e-02 7.159096002578735352e-02 8.506865054368972778e-02 9.057528525590896606e-02 0.000000000000000000e+00
9.909073263406753540e-02 1.002844274044036865e-01 9.248379617929458618e-02 7.960906624794006348e-02 8.879698067903518677e-02 0.000000000000000000e+00
7.191807776689529419e-02 7.583826035261154175e-02 8.028335124254226685e-02 8.262023329734802246e-02 8.330837637186050415e-02 0.000000000000000000e+00
1.014527305960655212e-01 1.008933559060096741e-01 1.006103232502937317e-01 1.008691042661666870e-01 1.006305962800979614e-01 0.000000000000000000e+00
1.002262979745864868e-01 1.005542129278182983e-01 1.011282950639724731e-01 1.014065518975257874e-01 1.020746305584907532e-01 0.000000000000000000e+00
9.869964420795440674e-02 1.001329720020294189e-01 1.008217707276344299e-01 1.007358878850936890e-01 1.007067337632179260e-01 0.000000000000000000e+00
7.261633872985839844e-02 8.769634366035461426e-02 9.797631204128265381e-02 9.978473931550979614e-02 9.861740469932556152e-02 0.000000000000000000e+00
1.957193203270435333e-02 5.687238648533821106e-02 9.292048960924148560e-02 9.387932717800140381e-02 8.416072279214859009e-02 0.000000000000000000e+00
9.192865341901779175e-02 9.119265526533126831e-02 9.595495462417602539e-02 8.860909938812255859e-02 7.532449811697006226e-02 0.000000000000000000e+00
9.661626815795898438e-02 9.707225114107131958e-02 9.872148185968399048e-02 9.627068787813186646e-02 9.535352885723114014e-02 0.000000000000000000e+00
9.892900288105010986e-02 9.365107119083404541e-02 1.002060547471046448e-01 1.048595309257507324e-01 1.025365665555000305e-01 0.000000000000000000e+00
9.456519037485122681e-02 9.323495626449584961e-02 1.023686900734901428e-01 1.017542406916618347e-01 1.008383035659790039e-01 0.000000000000000000e+00
9.176394343376159668e-02 9.570395946502685547e-02 1.034147515892982483e-01 1.010430827736854553e-01 1.004218384623527527e-01 0.000000000000000000e+00
9.097842127084732056e-02 9.492257237434387207e-02 1.026042923331260681e-01 1.002147123217582703e-01 9.900233894586563110e-02 0.000000000000000000e+00
9.193585067987442017e-02 9.617928415536880493e-02 1.007419899106025696e-01 1.006573513150215149e-01 1.000662669539451599e-01 0.000000000000000000e+00
9.391638636589050293e-02 9.878914058208465576e-02 1.013614907860755920e-01 9.934219717979431152e-02 1.011391356587409973e-01 0.000000000000000000e+00
9.685984253883361816e-02 1.005656868219375610e-01 1.021579280495643616e-01 1.029731854796409607e-01 1.012062281370162964e-01 0.000000000000000000e+00
6.465351581573486328e-02 9.325144439935684204e-02 8.252227306365966797e-02 7.461114227771759033e-02 6.697163730859756470e-02 0.000000000000000000e+00
7.176021486520767212e-02 9.905391186475753784e-02 8.655317127704620361e-02 7.502967864274978638e-02 7.903116941452026367e-02 0.000000000000000000e+00
1.002146601676940918e-01 1.005512550473213196e-01 9.461763501167297363e-02 8.676562458276748657e-02 9.162075072526931763e-02 0.000000000000000000e+00
9.939379990100860596e-02 1.008572131395339966e-01 9.941331297159194946e-02 9.729668498039245605e-02 1.008366271853446960e-01 0.000000000000000000e+00
9.903228282928466797e-02 1.008556261658668518e-01 9.729246795177459717e-02 9.832768887281417847e-02 9.953656047582626343e-02 0.000000000000000000e+00
9.884943813085556030e-02 1.010610088706016541e-01 9.848438948392868042e-02 9.410510957241058350e-02 1.011147126555442810e-01 0.000000000000000000e+00
9.254539757966995239e-02 9.994991123676300049e-02 8.691620826721191406e-02 8.233219385147094727e-02 9.673674404621124268e-02 0.000000000000000000e+00
4.094759002327919006e-02 7.761240005493164062e-02 7.959099113941192627e-02 7.262204587459564209e-02 7.233928889036178589e-02 1.000000000000000000e+00
4.412909969687461853e-02 8.200612664222717285e-02 8.197066187858581543e-02 7.469541579484939575e-02 7.345899194478988647e-02 2.000000000000000000e+00
4.094759002327919006e-02 7.761240005493164062e-02 7.959099113941192627e-02 7.262204587459564209e-02 7.233928889036178589e-02 1.000000000000000000e+00
4.412909969687461853e-02 8.200612664222717285e-02 8.197066187858581543e-02 7.469541579484939575e-02 7.345899194478988647e-02 2.000000000000000000e+00
4.094759002327919006e-02 7.761240005493164062e-02 7.959099113941192627e-02 7.262204587459564209e-02 7.233928889036178589e-02 1.000000000000000000e+00
4.412909969687461853e-02 8.200612664222717285e-02 8.197066187858581543e-02 7.469541579484939575e-02 7.345899194478988647e-02 2.000000000000000000e+00
4.094759002327919006e-02 7.761240005493164062e-02 7.959099113941192627e-02 7.262204587459564209e-02 7.233928889036178589e-02 1.000000000000000000e+00
4.412909969687461853e-02 8.200612664222717285e-02 8.197066187858581543e-02 7.469541579484939575e-02 7.345899194478988647e-02 2.000000000000000000e+00
4.094759002327919006e-02 7.761240005493164062e-02 7.959099113941192627e-02 7.262204587459564209e-02 7.233928889036178589e-02 1.000000000000000000e+00
4.412909969687461853e-02 8.200612664222717285e-02 8.197066187858581543e-02 7.469541579484939575e-02 7.345899194478988647e-02 2.000000000000000000e+00
4.094759002327919006e-02 7.761240005493164062e-02 7.959099113941192627e-02 7.262204587459564209e-02 7.233928889036178589e-02 1.000000000000000000e+00
4.412909969687461853e-02 8.200612664222717285e-02 8.197066187858581543e-02 7.469541579484939575e-02 7.345899194478988647e-02 2.000000000000000000e+00
4.094759002327919006e-02 7.761240005493164062e-02 7.959099113941192627e-02 7.262204587459564209e-02 7.233928889036178589e-02 1.000000000000000000e+00
4.412909969687461853e-02 8.200612664222717285e-02 8.197066187858581543e-02 7.469541579484939575e-02 7.345899194478988647e-02 2.000000000000000000e+00
4.094759002327919006e-02 7.761240005493164062e-02 7.959099113941192627e-02 7.262204587459564209e-02 7.233928889036178589e-02 1.000000000000000000e+00
4.412909969687461853e-02 8.200612664222717285e-02 8.197066187858581543e-02 7.469541579484939575e-02 7.345899194478988647e-02 2.000000000000000000e+00
4.094759002327919006e-02 7.761240005493164062e-02 7.959099113941192627e-02 7.262204587459564209e-02 7.233928889036178589e-02 1.000000000000000000e+00
4.412909969687461853e-02 8.200612664222717285e-02 8.197066187858581543e-02 7.469541579484939575e-02 7.345899194478988647e-02 2.000000000000000000e+00
4.094759002327919006e-02 7.761240005493164062e-02 7.959099113941192627e-02 7.262204587459564209e-02 7.233928889036178589e-02 1.000000000000000000e+00
4.412909969687461853e-02 8.200612664222717285e-02 8.197066187858581543e-02 7.469541579484939575e-02 7.345899194478988647e-02 2.000000000000000000e+00
8.515822142362594604e-02 9.522272646427154541e-02 1.016069650650024414e-01 1.004742309451103210e-01 1.006392762064933777e-01 0.000000000000000000e+00
8.875561505556106567e-02 9.931199997663497925e-02 9.862585365772247314e-02 1.001609414815902710e-01 1.005964130163192749e-01 0.000000000000000000e+00
9.599192440509796143e-02 1.003043875098228455e-01 9.787145256996154785e-02 1.021121591329574585e-01 1.016092523932456970e-01 0.000000000000000000e+00
9.621598571538925171e-02 9.925644099712371826e-02 9.669423848390579224e-02 9.419033676385879517e-02 1.017674654722213745e-01 0.000000000000000000e+00
9.658686071634292603e-02 9.998647868633270264e-02 9.843616187572479248e-02 1.011883318424224854e-01 1.003588289022445679e-01 0.000000000000000000e+00
9.652289003133773804e-02 1.003402024507522583e-01 9.247792512178421021e-02 9.864857047796249390e-02 1.013907566666603088e-01 0.000000000000000000e+00
9.603339433670043945e-02 9.921556711196899414e-02 1.005749851465225220e-01 1.011108905076980591e-01 1.012519598007202148e-01 0.000000000000000000e+00
9.425246715545654297e-02 1.023449003696441650e-01 9.879466146230697632e-02 1.010453626513481140e-01 1.024311929941177368e-01 0.000000000000000000e+00
9.979280084371566772e-02 1.014738529920578003e-01 9.669175744056701660e-02 9.736581891775131226e-02 9.969238936901092529e-02 0.000000000000000000e+00
1.008352115750312805e-01 1.009366959333419800e-01 1.006473004817962646e-01 1.008971109986305237e-01 1.011294648051261902e-01 0.000000000000000000e+00
1.013220548629760742e-01 1.012789607048034668e-01 1.014575809240341187e-01 1.014662384986877441e-01 1.012838855385780334e-01 0.000000000000000000e+00
1.013492420315742493e-01 1.013334020972251892e-01 1.014721542596817017e-01 1.015496999025344849e-01 1.014680862426757812e-01 0.000000000000000000e+00
1.014164611697196960e-01 1.013303846120834351e-01 1.014940366148948669e-01 1.016024053096771240e-01 1.015543118119239807e-01 0.000000000000000000e+00
1.014441996812820435e-01 1.013551056385040283e-01 1.015371754765510559e-01 1.015643849968910217e-01 1.015410572290420532e-01 0.000000000000000000e+00
9.358492493629455566e-02 9.893614798784255981e-02 9.916570782661437988e-02 1.008388847112655640e-01 1.021847650408744812e-01 0.000000000000000000e+00
9.614766389131546021e-02 9.992438554763793945e-02 1.018877625465393066e-01 1.017559617757797241e-01 1.016229912638664246e-01 0.000000000000000000e+00
9.498912841081619263e-02 1.008914485573768616e-01 1.005085855722427368e-01 1.004459261894226074e-01 1.011669635772705078e-01 0.000000000000000000e+00
9.744527935981750488e-02 1.010854244232177734e-01 1.018771007657051086e-01 1.016786098480224609e-01 1.017541661858558655e-01 0.000000000000000000e+00
1.000953391194343567e-01 1.019226908683776855e-01 1.019799038767814636e-01 1.019953489303588867e-01 1.017896682024002075e-01 0.000000000000000000e+00
9.251900017261505127e-02 9.922450780868530273e-02 1.034617647528648376e-01 1.020589992403984070e-01 1.013643890619277954e-01 1.000000000000000000e+00
9.148801118135452271e-02 1.000066846609115601e-01 1.030218005180358887e-01 1.024738848209381104e-01 1.019361242651939392e-01 2.000000000000000000e+00
9.251900017261505127e-02 9.922450780868530273e-02 1.034617647528648376e-01 1.020589992403984070e-01 1.013643890619277954e-01 1.000000000000000000e+00
9.148801118135452271e-02 1.000066846609115601e-01 1.030218005180358887e-01 1.024738848209381104e-01 1.019361242651939392e-01 2.000000000000000000e+00
9.251900017261505127e-02 9.922450780868530273e-02 1.034617647528648376e-01 1.020589992403984070e-01 1.013643890619277954e-01 1.000000000000000000e+00
9.148801118135452271e-02 1.000066846609115601e-01 1.030218005180358887e-01 1.024738848209381104e-01 1.019361242651939392e-01 2.000000000000000000e+00
9.251900017261505127e-02 9.922450780868530273e-02 1.034617647528648376e-01 1.020589992403984070e-01 1.013643890619277954e-01 1.000000000000000000e+00
9.148801118135452271e-02 1.000066846609115601e-01 1.030218005180358887e-01 1.024738848209381104e-01 1.019361242651939392e-01 2.000000000000000000e+00
9.251900017261505127e-02 9.922450780868530273e-02 1.034617647528648376e-01 1.020589992403984070e-01 1.013643890619277954e-01 1.000000000000000000e+00
9.148801118135452271e-02 1.000066846609115601e-01 1.030218005180358887e-01 1.024738848209381104e-01 1.019361242651939392e-01 2.000000000000000000e+00
9.251900017261505127e-02 9.922450780868530273e-02 1.034617647528648376e-01 1.020589992403984070e-01 1.013643890619277954e-01 1.000000000000000000e+00
9.148801118135452271e-02 1.000066846609115601e-01 1.030218005180358887e-01 1.024738848209381104e-01 1.019361242651939392e-01 2.000000000000000000e+00
9.251900017261505127e-02 9.922450780868530273e-02 1.034617647528648376e-01 1.020589992403984070e-01 1.013643890619277954e-01 1.000000000000000000e+00
9.148801118135452271e-02 1.000066846609115601e-01 1.030218005180358887e-01 1.024738848209381104e-01 1.019361242651939392e-01 2.000000000000000000e+00
9.251900017261505127e-02 9.922450780868530273e-02 1.034617647528648376e-01 1.020589992403984070e-01 1.013643890619277954e-01 1.000000000000000000e+00
9.148801118135452271e-02 1.000066846609115601e-01 1.030218005180358887e-01 1.024738848209381104e-01 1.019361242651939392e-01 2.000000000000000000e+00
9.251900017261505127e-02 9.922450780868530273e-02 1.034617647528648376e-01 1.020589992403984070e-01 1.013643890619277954e-01 1.000000000000000000e+00
9.148801118135452271e-02 1.000066846609115601e-01 1.030218005180358887e-01 1.024738848209381104e-01 1.019361242651939392e-01 2.000000000000000000e+00
9.251900017261505127e-02 9.922450780868530273e-02 1.034617647528648376e-01 1.020589992403984070e-01 1.013643890619277954e-01 1.000000000000000000e+00
9.148801118135452271e-02 1.000066846609115601e-01 1.030218005180358887e-01 1.024738848209381104e-01 1.019361242651939392e-01 2.000000000000000000e+00
9.293451905250549316e-02 9.640548378229141235e-02 1.011875420808792114e-01 1.005470082163810730e-01 1.020395532250404358e-01 0.000000000000000000e+00
9.605153650045394897e-02 9.597087651491165161e-02 9.080886840820312500e-02 9.779120236635208130e-02 1.015808135271072388e-01 0.000000000000000000e+00
9.097036719322204590e-02 1.002779826521873474e-01 1.028369590640068054e-01 1.032019928097724915e-01 1.016114652156829834e-01 0.000000000000000000e+00
9.529547393321990967e-02 1.013663783669471741e-01 1.014508083462715149e-01 1.014418601989746094e-01 1.010812222957611084e-01 0.000000000000000000e+00
1.018174961209297180e-01 1.015598252415657043e-01 1.012102738022804260e-01 1.016849875450134277e-01 1.011389270424842834e-01 0.000000000000000000e+00
9.206347912549972534e-02 9.683065116405487061e-02 1.020163521170616150e-01 9.986287355422973633e-02 9.972218424081802368e-02 1.000000000000000000e+00
9.342435002326965332e-02 9.837372601032257080e-02 8.928769826889038086e-02 9.864962846040725708e-02 1.017835512757301331e-01 2.000000000000000000e+00
9.206347912549972534e-02 9.683065116405487061e-02 1.020163521170616150e-01 9.986287355422973633e-02 9.972218424081802368e-02 1.000000000000000000e+00
9.342435002326965332e-02 9.837372601032257080e-02 8.928769826889038086e-02 9.864962846040725708e-02 1.017835512757301331e-01 2.000000000000000000e+00
9.206347912549972534e-02 9.683065116405487061e-02 1.020163521170616150e-01 9.986287355422973633e-02 9.972218424081802368e-02 1.000000000000000000e+00
9.342435002326965332e-02 9.837372601032257080e-02 8.928769826889038086e-02 9.864962846040725708e-02 1.017835512757301331e-01 2.000000000000000000e+00
9.206347912549972534e-02 9.683065116405487061e-02 1.020163521170616150e-01 9.986287355422973633e-02 9.972218424081802368e-02 1.000000000000000000e+00
9.342435002326965332e-02 9.837372601032257080e-02 8.928769826889038086e-02 9.864962846040725708e-02 1.017835512757301331e-01 2.000000000000000000e+00
9.206347912549972534e-02 9.683065116405487061e-02 1.020163521170616150e-01 9.986287355422973633e-02 9.972218424081802368e-02 1.000000000000000000e+00
9.342435002326965332e-02 9.837372601032257080e-02 8.928769826889038086e-02 9.864962846040725708e-02 1.017835512757301331e-01 2.000000000000000000e+00
9.206347912549972534e-02 9.683065116405487061e-02 1.020163521170616150e-01 9.986287355422973633e-02 9.972218424081802368e-02 1.000000000000000000e+00
9.342435002326965332e-02 9.837372601032257080e-02 8.928769826889038086e-02 9.864962846040725708e-02 1.017835512757301331e-01 2.000000000000000000e+00
9.206347912549972534e-02 9.683065116405487061e-02 1.020163521170616150e-01 9.986287355422973633e-02 9.972218424081802368e-02 1.000000000000000000e+00
9.342435002326965332e-02 9.837372601032257080e-02 8.928769826889038086e-02 9.864962846040725708e-02 1.017835512757301331e-01 2.000000000000000000e+00
9.206347912549972534e-02 9.683065116405487061e-02 1.020163521170616150e-01 9.986287355422973633e-02 9.972218424081802368e-02 1.000000000000000000e+00
9.342435002326965332e-02 9.837372601032257080e-02 8.928769826889038086e-02 9.864962846040725708e-02 1.017835512757301331e-01 2.000000000000000000e+00
9.206347912549972534e-02 9.683065116405487061e-02 1.020163521170616150e-01 9.986287355422973633e-02 9.972218424081802368e-02 1.000000000000000000e+00
9.342435002326965332e-02 9.837372601032257080e-02 8.928769826889038086e-02 9.864962846040725708e-02 1.017835512757301331e-01 2.000000000000000000e+00
9.206347912549972534e-02 9.683065116405487061e-02 1.020163521170616150e-01 9.986287355422973633e-02 9.972218424081802368e-02 1.000000000000000000e+00
9.342435002326965332e-02 9.837372601032257080e-02 8.928769826889038086e-02 9.864962846040725708e-02 1.017835512757301331e-01 2.000000000000000000e+00
1.005285903811454773e-01 1.012744754552841187e-01 1.024532392621040344e-01 1.025850474834442139e-01 1.019568145275115967e-01 0.000000000000000000e+00
1.010573357343673706e-01 1.014195531606674194e-01 1.021614223718643188e-01 1.019940674304962158e-01 1.023617237806320190e-01 0.000000000000000000e+00
1.016298159956932068e-01 1.016879975795745850e-01 1.014664396643638611e-01 1.013705953955650330e-01 1.022360771894454956e-01 0.000000000000000000e+00
1.014464199542999268e-01 1.010266691446304321e-01 1.008854508399963379e-01 1.010795459151268005e-01 1.010815873742103577e-01 0.000000000000000000e+00
1.014049425721168518e-01 1.008479967713356018e-01 1.009795889258384705e-01 1.007346138358116150e-01 1.007314696907997131e-01 0.000000000000000000e+00
1.006370782852172852e-01 1.008262783288955688e-01 1.011298969388008118e-01 1.005799397826194763e-01 1.003534495830535889e-01 0.000000000000000000e+00
1.014055237174034119e-01 1.015593335032463074e-01 1.014120653271675110e-01 1.010572239756584167e-01 1.004907414317131042e-01 0.000000000000000000e+00
1.013494431972503662e-01 9.871100634336471558e-02 1.022303625941276550e-01 1.001902371644973755e-01 1.007639318704605103e-01 0.000000000000000000e+00
9.978926181793212891e-02 9.369119256734848022e-02 9.670584648847579956e-02 9.765076637268066406e-02 9.718482196331024170e-02 0.000000000000000000e+00
9.808863699436187744e-02 9.328213334083557129e-02 9.628780186176300049e-02 9.511929750442504883e-02 9.095411747694015503e-02 0.000000000000000000e+00
9.750360250473022461e-02 9.223786741495132446e-02 9.501717239618301392e-02 9.377027302980422974e-02 8.978011459112167358e-02 0.000000000000000000e+00
1.027415245771408081e-01 9.885141253471374512e-02 9.898725897073745728e-02 9.552028775215148926e-02 8.992942422628402710e-02 0.000000000000000000e+00
1.017113998532295227e-01 9.865805506706237793e-02 9.529943764209747314e-02 9.892760217189788818e-02 9.428918361663818359e-02 0.000000000000000000e+00
1.027446389198303223e-01 1.010277643799781799e-01 1.010983288288116455e-01 1.015291437506675720e-01 1.009098887443542480e-01 0.000000000000000000e+00
1.008792519569396973e-01 9.681930392980575562e-02 1.014794111251831055e-01 1.004092246294021606e-01 9.921930730342864990e-02 0.000000000000000000e+00
9.931196272373199463e-02 9.699789434671401978e-02 9.872604906558990479e-02 9.735314548015594482e-02 9.703180938959121704e-02 0.000000000000000000e+00
1.011417210102081299e-01 9.701511263847351074e-02 9.849282354116439819e-02 9.756633639335632324e-02 9.766210615634918213e-02 0.000000000000000000e+00
1.004182845354080200e-01 9.663520753383636475e-02 1.009409874677658081e-01 9.943560510873794556e-02 9.798480570316314697e-02 0.000000000000000000e+00
9.411688148975372314e-02 9.574127197265625000e-02 9.730658680200576782e-02 9.778420627117156982e-02 9.763845056295394897e-02 0.000000000000000000e+00
9.510864317417144775e-02 9.586098045110702515e-02 9.612692892551422119e-02 9.739170968532562256e-02 9.610768407583236694e-02 0.000000000000000000e+00
9.541179239749908447e-02 9.575209021568298340e-02 9.691514074802398682e-02 9.657573699951171875e-02 9.613362699747085571e-02 0.000000000000000000e+00
9.708641469478607178e-02 9.938296675682067871e-02 1.009191870689392090e-01 1.004492491483688354e-01 1.016691252589225769e-01 0.000000000000000000e+00
9.547607600688934326e-02 1.005953922867774963e-01 9.644918143749237061e-02 1.007858142256736755e-01 1.015012562274932861e-01 0.000000000000000000e+00
9.321157634258270264e-02 9.987032413482666016e-02 8.716122806072235107e-02 9.313316643238067627e-02 9.833145886659622192e-02 0.000000000000000000e+00
9.040196985006332397e-02 9.618175774812698364e-02 1.004221141338348389e-01 1.006760224699974060e-01 1.007775440812110901e-01 0.000000000000000000e+00
9.491420537233352661e-02 9.922719746828079224e-02 1.001082509756088257e-01 1.009068787097930908e-01 9.944664686918258667e-02 0.000000000000000000e+00
9.659416228532791138e-02 1.003425195813179016e-01 1.010887622833251953e-01 1.007098183035850525e-01 9.981713443994522095e-02 0.000000000000000000e+00
8.098759502172470093e-02 9.868644922971725464e-02 9.590679407119750977e-02 1.002469956874847412e-01 9.562855213880538940e-02 1.000000000000000000e+00
9.393583983182907104e-02 1.004364863038063049e-01 9.381832182407379150e-02 9.801282733678817749e-02 1.015182808041572571e-01 2.000000000000000000e+00
8.098759502172470093e-02 9.868644922971725464e-02 9.590679407119750977e-02 1.002469956874847412e-01 9.562855213880538940e-02 1.000000000000000000e+00
9.393583983182907104e-02 1.004364863038063049e-01 9.381832182407379150e-02 9.801282733678817749e-02 1.015182808041572571e-01 2.000000000000000000e+00
8.098759502172470093e-02 9.868644922971725464e-02 9.590679407119750977e-02 1.002469956874847412e-01 9.562855213880538940e-02 1.000000000000000000e+00
9.393583983182907104e-02 1.004364863038063049e-01 9.381832182407379150e-02 9.801282733678817749e-02 1.015182808041572571e-01 2.000000000000000000e+00
8.098759502172470093e-02 9.868644922971725464e-02 9.590679407119750977e-02 1.002469956874847412e-01 9.562855213880538940e-02 1.000000000000000000e+00
9.393583983182907104e-02 1.004364863038063049e-01 9.381832182407379150e-02 9.801282733678817749e-02 1.015182808041572571e-01 2.000000000000000000e+00
8.098759502172470093e-02 9.868644922971725464e-02 9.590679407119750977e-02 1.002469956874847412e-01 9.562855213880538940e-02 1.000000000000000000e+00
9.393583983182907104e-02 1.004364863038063049e-01 9.381832182407379150e-02 9.801282733678817749e-02 1.015182808041572571e-01 2.000000000000000000e+00
8.098759502172470093e-02 9.868644922971725464e-02 9.590679407119750977e-02 1.002469956874847412e-01 9.562855213880538940e-02 1.000000000000000000e+00
9.393583983182907104e-02 1.004364863038063049e-01 9.381832182407379150e-02 9.801282733678817749e-02 1.015182808041572571e-01 2.000000000000000000e+00
8.098759502172470093e-02 9.868644922971725464e-02 9.590679407119750977e-02 1.002469956874847412e-01 9.562855213880538940e-02 1.000000000000000000e+00
9.393583983182907104e-02 1.004364863038063049e-01 9.381832182407379150e-02 9.801282733678817749e-02 1.015182808041572571e-01 2.000000000000000000e+00
8.098759502172470093e-02 9.868644922971725464e-02 9.590679407119750977e-02 1.002469956874847412e-01 9.562855213880538940e-02 1.000000000000000000e+00
9.393583983182907104e-02 1.004364863038063049e-01 9.381832182407379150e-02 9.801282733678817749e-02 1.015182808041572571e-01 2.000000000000000000e+00
8.098759502172470093e-02 9.868644922971725464e-02 9.590679407119750977e-02 1.002469956874847412e-01 9.562855213880538940e-02 1.000000000000000000e+00
9.393583983182907104e-02 1.004364863038063049e-01 9.381832182407379150e-02 9.801282733678817749e-02 1.015182808041572571e-01 2.000000000000000000e+00
8.098759502172470093e-02 9.868644922971725464e-02 9.590679407119750977e-02 1.002469956874847412e-01 9.562855213880538940e-02 1.000000000000000000e+00
9.393583983182907104e-02 1.004364863038063049e-01 9.381832182407379150e-02 9.801282733678817749e-02 1.015182808041572571e-01 2.000000000000000000e+00
8.683949708938598633e-02 9.910231828689575195e-02 9.721662104129791260e-02 9.897117316722869873e-02 9.970516711473464966e-02 0.000000000000000000e+00
8.777991682291030884e-02 9.896085411310195923e-02 9.772515296936035156e-02 9.929154068231582642e-02 1.002809405326843262e-01 0.000000000000000000e+00
8.779102563858032227e-02 9.914439916610717773e-02 9.771958738565444946e-02 1.003700718283653259e-01 1.004559472203254700e-01 0.000000000000000000e+00
8.812546730041503906e-02 9.875295311212539673e-02 9.714577347040176392e-02 9.942953288555145264e-02 1.002912372350692749e-01 0.000000000000000000e+00
8.668947219848632812e-02 9.816017001867294312e-02 9.680631011724472046e-02 9.978116303682327271e-02 1.000271365046501160e-01 0.000000000000000000e+00
8.614689111709594727e-02 9.830573201179504395e-02 9.667109698057174683e-02 9.971465170383453369e-02 1.002399846911430359e-01 0.000000000000000000e+00
8.595001697540283203e-02 9.803599119186401367e-02 9.671112149953842163e-02 9.912010282278060913e-02 9.942182898521423340e-02 0.000000000000000000e+00
1.019987538456916809e-01 1.020062789320945740e-01 1.017895862460136414e-01 1.019293069839477539e-01 1.007762700319290161e-01 0.000000000000000000e+00
9.803096204996109009e-02 9.841957688331604004e-02 9.317838400602340698e-02 9.280005842447280884e-02 9.804874658584594727e-02 0.000000000000000000e+00
1.006108075380325317e-01 1.004900857806205750e-01 9.836108982563018799e-02 9.676628559827804565e-02 9.750731289386749268e-02 0.000000000000000000e+00
1.013220325112342834e-01 1.012783423066139221e-01 1.003189459443092346e-01 9.969432651996612549e-02 9.919381141662597656e-02 0.000000000000000000e+00
1.016501337289810181e-01 1.015264391899108887e-01 1.021412387490272522e-01 1.019589900970458984e-01 1.018660366535186768e-01 0.000000000000000000e+00
1.002222523093223572e-01 1.006174907088279724e-01 9.850811958312988281e-02 9.786979854106903076e-02 1.006349250674247742e-01 0.000000000000000000e+00
9.563935548067092896e-02 9.974560886621475220e-02 9.406151622533798218e-02 8.914308995008468628e-02 9.853675216436386108e-02 0.000000000000000000e+00
8.963742852210998535e-02 9.749795496463775635e-02 9.883780777454376221e-02 9.906011819839477539e-02 9.941820800304412842e-02 0.000000000000000000e+00
9.406819194555282593e-02 9.770338982343673706e-02 1.004295721650123596e-01 9.803107380867004395e-02 9.862111508846282959e-02 0.000000000000000000e+00
8.941526710987091064e-02 9.802357852458953857e-02 1.006403788924217224e-01 9.974342584609985352e-02 9.872253239154815674e-02 0.000000000000000000e+00
9.312206506729125977e-02 9.739340841770172119e-02 9.910845756530761719e-02 9.746773540973663330e-02 9.886564314365386963e-02 0.000000000000000000e+00
9.053669869899749756e-02 9.744090586900711060e-02 1.013109013438224792e-01 9.893286228179931641e-02 1.003662720322608948e-01 0.000000000000000000e+00
9.346407651901245117e-02 9.706184267997741699e-02 9.823178499937057495e-02 9.671314805746078491e-02 9.864107519388198853e-02 0.000000000000000000e+00
9.187841415405273438e-02 9.755357354879379272e-02 1.022860780358314514e-01 1.012323647737503052e-01 1.001596599817276001e-01 0.000000000000000000e+00
9.676688164472579956e-02 1.017659232020378113e-01 8.795308321714401245e-02 9.735564887523651123e-02 1.019742190837860107e-01 0.000000000000000000e+00
9.408877044916152954e-02 9.859255701303482056e-02 9.345664829015731812e-02 9.721111506223678589e-02 9.306063503026962280e-02 0.000000000000000000e+00
9.222721308469772339e-02 9.686635434627532959e-02 9.360545873641967773e-02 1.020901575684547424e-01 1.016641333699226379e-01 0.000000000000000000e+00
9.126599878072738647e-02 1.012366265058517456e-01 8.902717381715774536e-02 9.902529418468475342e-02 1.009183824062347412e-01 0.000000000000000000e+00
9.336571395397186279e-02 9.796428680419921875e-02 9.479957073926925659e-02 1.030400097370147705e-01 1.027050465345382690e-01 0.000000000000000000e+00
9.135609120130538940e-02 9.914062917232513428e-02 9.374020248651504517e-02 1.024219617247581482e-01 1.014287024736404419e-01 0.000000000000000000e+00
9.196609258651733398e-02 9.951771795749664307e-02 8.872812986373901367e-02 9.825232625007629395e-02 1.018230766057968140e-01 0.000000000000000000e+00
9.447448700666427612e-02 1.001806184649467468e-01 9.806440770626068115e-02 9.936729073524475098e-02 1.013754010200500488e-01 0.000000000000000000e+00
9.449534863233566284e-02 1.010066717863082886e-01 9.542282670736312866e-02 1.013142541050910950e-01 1.014587059617042542e-01 0.000000000000000000e+00
9.511205554008483887e-02 1.005894392728805542e-01 1.021467745304107666e-01 1.025064215064048767e-01 1.018654704093933105e-01 0.000000000000000000e+00
9.449626505374908447e-02 1.001376211643218994e-01 1.022661030292510986e-01 1.019174829125404358e-01 1.018018051981925964e-01 0.000000000000000000e+00
9.418316930532455444e-02 9.964495152235031128e-02 9.728686511516571045e-02 1.027816981077194214e-01 1.026292741298675537e-01 0.000000000000000000e+00
9.501652419567108154e-02 1.013241708278656006e-01 9.866165369749069214e-02 1.023571193218231201e-01 1.010143980383872986e-01 0.000000000000000000e+00
9.563041478395462036e-02 1.008564978837966919e-01 1.010063588619232178e-01 1.018406823277473450e-01 1.020187959074974060e-01 0.000000000000000000e+00
1.017613559961318970e-01 1.013611927628517151e-01 1.015029028058052063e-01 1.015151515603065491e-01 1.015504971146583557e-01 0.000000000000000000e+00
1.017472967505455017e-01 1.013438254594802856e-01 1.015465483069419861e-01 1.015451550483703613e-01 1.015609502792358398e-01 0.000000000000000000e+00
1.017119884490966797e-01 1.013553515076637268e-01 1.015451401472091675e-01 1.015417128801345825e-01 1.015480384230613708e-01 0.000000000000000000e+00
1.018228605389595032e-01 1.014501154422760010e-01 1.014919281005859375e-01 1.015659421682357788e-01 1.014955341815948486e-01 0.000000000000000000e+00
1.018256619572639465e-01 1.014338582754135132e-01 1.016048938035964966e-01 1.015940159559249878e-01 1.016451716423034668e-01 0.000000000000000000e+00
1.017493829131126404e-01 1.013999953866004944e-01 1.015942916274070740e-01 1.015414521098136902e-01 1.015165075659751892e-01 0.000000000000000000e+00
1.014448553323745728e-01 1.026340350508689880e-01 1.006529331207275391e-01 1.010932996869087219e-01 1.013428494334220886e-01 0.000000000000000000e+00
9.748744219541549683e-02 1.001855581998825073e-01 1.011439785361289978e-01 1.008703261613845825e-01 1.008327454328536987e-01 0.000000000000000000e+00
9.814516454935073853e-02 9.909101575613021851e-02 1.015948057174682617e-01 1.010837480425834656e-01 1.013545244932174683e-01 0.000000000000000000e+00
9.827160835266113281e-02 9.969177097082138062e-02 1.012317389249801636e-01 1.006573811173439026e-01 1.006074100732803345e-01 0.000000000000000000e+00
9.745468199253082275e-02 1.006075367331504822e-01 1.021778658032417297e-01 1.015163287520408630e-01 1.009132266044616699e-01 0.000000000000000000e+00
9.809993207454681396e-02 1.005793288350105286e-01 1.015666052699089050e-01 1.010455191135406494e-01 1.012947931885719299e-01 0.000000000000000000e+00
9.748116135597229004e-02 1.005621403455734253e-01 1.018051281571388245e-01 1.010079383850097656e-01 1.011520326137542725e-01 0.000000000000000000e+00
9.726714342832565308e-02 1.005363091826438904e-01 9.964308887720108032e-02 1.010331809520721436e-01 1.005550920963287354e-01 0.000000000000000000e+00
4.049608483910560608e-02 7.438450306653976440e-02 1.039737313985824585e-01 9.192822128534317017e-02 8.292836695909500122e-02 0.000000000000000000e+00
1.084633916616439819e-01 8.634676039218902588e-02 1.035665422677993774e-01 1.034829169511795044e-01 9.180527180433273315e-02 0.000000000000000000e+00
9.490978717803955078e-02 9.576139599084854126e-02 1.039486452937126160e-01 1.052813455462455750e-01 9.868981689214706421e-02 0.000000000000000000e+00
8.980568498373031616e-02 9.646650403738021851e-02 1.024970412254333496e-01 1.038792133331298828e-01 1.012538820505142212e-01 0.000000000000000000e+00
8.992850035429000854e-02 9.617759287357330322e-02 1.018267273902893066e-01 1.022706925868988037e-01 1.025260984897613525e-01 0.000000000000000000e+00
9.034956991672515869e-02 9.817420691251754761e-02 1.024746149778366089e-01 1.014611646533012390e-01 1.015119105577468872e-01 0.000000000000000000e+00
9.374177455902099609e-02 9.604102373123168945e-02 9.909289330244064331e-02 9.991157799959182739e-02 9.721814841032028198e-02 0.000000000000000000e+00
8.954125642776489258e-02 9.914692491292953491e-02 9.800877422094345093e-02 9.908840805292129517e-02 9.784463047981262207e-02 0.000000000000000000e+00
8.806199580430984497e-02 9.917423129081726074e-02 1.010254546999931335e-01 9.769780188798904419e-02 9.970008581876754761e-02 0.000000000000000000e+00
8.961047232151031494e-02 9.840222448110580444e-02 9.797475486993789673e-02 1.000572443008422852e-01 1.001842841506004333e-01 0.000000000000000000e+00
8.981509506702423096e-02 9.902772307395935059e-02 9.852910041809082031e-02 9.988752007484436035e-02 9.876853227615356445e-02 0.000000000000000000e+00
8.874583989381790161e-02 9.881915897130966187e-02 9.757412970066070557e-02 9.754160791635513306e-02 9.847334027290344238e-02 0.000000000000000000e+00
8.694180846214294434e-02 9.878058731555938721e-02 9.927570819854736328e-02 9.859249740839004517e-02 1.001792773604393005e-01 0.000000000000000000e+00
8.944538235664367676e-02 9.844690561294555664e-02 9.716550260782241821e-02 9.997499734163284302e-02 9.901228547096252441e-02 0.000000000000000000e+00
1.017468422651290894e-01 1.015135571360588074e-01 1.017486080527305603e-01 1.017493978142738342e-01 1.018221676349639893e-01 0.000000000000000000e+00
1.018897145986557007e-01 1.014097109436988831e-01 1.016713380813598633e-01 1.018032953143119812e-01 1.017644703388214111e-01 0.000000000000000000e+00
1.018578335642814636e-01 1.013691648840904236e-01 1.016446053981781006e-01 1.017426326870918274e-01 1.017194688320159912e-01 0.000000000000000000e+00
1.018259227275848389e-01 1.013351529836654663e-01 1.015042141079902649e-01 1.016078740358352661e-01 1.015379875898361206e-01 0.000000000000000000e+00
1.008022055029869080e-01 1.020602881908416748e-01 1.015170589089393616e-01 1.007983982563018799e-01 1.015054807066917419e-01 0.000000000000000000e+00
1.008013859391212463e-01 1.019745618104934692e-01 1.018686518073081970e-01 1.022413372993469238e-01 1.023041382431983948e-01 0.000000000000000000e+00
1.009192541241645813e-01 1.020518615841865540e-01 1.019174009561538696e-01 1.022708266973495483e-01 1.023378819227218628e-01 0.000000000000000000e+00
1.009929478168487549e-01 9.683022648096084595e-02 9.604575484991073608e-02 9.645988047122955322e-02 1.017522662878036499e-01 0.000000000000000000e+00
8.753158152103424072e-02 9.820234775543212891e-02 9.637298434972763062e-02 9.773529320955276489e-02 1.002224236726760864e-01 0.000000000000000000e+00
8.500160276889801025e-02 9.145577996969223022e-02 9.725984185934066772e-02 9.936912357807159424e-02 9.874472022056579590e-02 0.000000000000000000e+00
8.467523753643035889e-02 9.147364646196365356e-02 9.627727419137954712e-02 9.852998703718185425e-02 9.756983816623687744e-02 0.000000000000000000e+00
8.523491770029067993e-02 9.274148195981979370e-02 9.659712016582489014e-02 9.883714467287063599e-02 9.676600992679595947e-02 0.000000000000000000e+00
8.482145518064498901e-02 9.310144931077957153e-02 9.858024120330810547e-02 9.834854304790496826e-02 9.655586630105972290e-02 0.000000000000000000e+00
8.467146009206771851e-02 9.212969243526458740e-02 9.694129228591918945e-02 9.939908981323242188e-02 9.879316389560699463e-02 0.000000000000000000e+00
9.969098120927810669e-02 9.953450411558151245e-02 9.310036152601242065e-02 9.412699937820434570e-02 9.884499758481979370e-02 0.000000000000000000e+00
1.003883853554725647e-01 9.882094711065292358e-02 8.942968398332595825e-02 9.370885044336318970e-02 9.905647486448287964e-02 0.000000000000000000e+00
1.014339104294776917e-01 9.861656278371810913e-02 9.583066403865814209e-02 8.894606679677963257e-02 9.199807792901992798e-02 0.000000000000000000e+00
1.020205095410346985e-01 1.003319695591926575e-01 8.832041919231414795e-02 8.164574950933456421e-02 9.720606356859207153e-02 0.000000000000000000e+00
1.045170873403549194e-01 1.014929190278053284e-01 9.601901471614837646e-02 8.622778952121734619e-02 9.950079768896102905e-02 0.000000000000000000e+00
1.004635840654373169e-01 9.905982017517089844e-02 9.082064777612686157e-02 9.553055465221405029e-02 1.006900221109390259e-01 0.000000000000000000e+00
9.954043477773666382e-02 1.002172902226448059e-01 8.607001602649688721e-02 7.807657867670059204e-02 9.607245028018951416e-02 0.000000000000000000e+00
1.012144237756729126e-01 1.011398285627365112e-01 1.011863946914672852e-01 1.011812686920166016e-01 1.008410826325416565e-01 0.000000000000000000e+00
1.012675911188125610e-01 1.013230904936790466e-01 1.012922078371047974e-01 1.018000617623329163e-01 1.014886498451232910e-01 0.000000000000000000e+00
1.009018942713737488e-01 1.011977270245552063e-01 1.012390702962875366e-01 1.012800782918930054e-01 1.012148559093475342e-01 0.000000000000000000e+00
9.883340448141098022e-02 1.025379449129104614e-01 1.038860753178596497e-01 1.034762412309646606e-01 1.020229980349540710e-01 0.000000000000000000e+00
9.918487817049026489e-02 1.024631485342979431e-01 1.026242300868034363e-01 1.036106050014495850e-01 1.024461910128593445e-01 0.000000000000000000e+00
9.873069822788238525e-02 9.973824024200439453e-02 1.054076105356216431e-01 1.060408204793930054e-01 1.043063923716545105e-01 0.000000000000000000e+00
3.088313341140747070e-02 6.502583622932434082e-02 9.188091754913330078e-02 9.734998643398284912e-02 9.674435853958129883e-02 0.000000000000000000e+00
8.547317981719970703e-02 9.734129905700683594e-02 9.730975329875946045e-02 9.952041506767272949e-02 9.800698608160018921e-02 0.000000000000000000e+00
8.546667546033859253e-02 9.572285413742065430e-02 9.928428381681442261e-02 9.962614625692367554e-02 9.830941259860992432e-02 0.000000000000000000e+00
8.649228513240814209e-02 9.783711284399032593e-02 9.589041024446487427e-02 9.810164570808410645e-02 9.812910109758377075e-02 0.000000000000000000e+00
8.575174957513809204e-02 9.651073813438415527e-02 9.576047211885452271e-02 9.730704128742218018e-02 9.768187254667282104e-02 0.000000000000000000e+00
8.705664426088333130e-02 9.759560227394104004e-02 9.842216968536376953e-02 9.843073040246963501e-02 9.935055673122406006e-02 0.000000000000000000e+00
8.785592764616012573e-02 9.675317257642745972e-02 9.646437317132949829e-02 9.796079248189926147e-02 9.928825497627258301e-02 0.000000000000000000e+00
8.853846043348312378e-02 9.852578490972518921e-02 9.820461273193359375e-02 9.968264400959014893e-02 9.878399968147277832e-02 0.000000000000000000e+00
1.021904423832893372e-01 1.017768532037734985e-01 1.019172370433807373e-01 1.019023880362510681e-01 1.019004061818122864e-01 0.000000000000000000e+00
1.021000742912292480e-01 1.018680483102798462e-01 1.018968895077705383e-01 1.018991395831108093e-01 1.018527522683143616e-01 0.000000000000000000e+00
1.021840721368789673e-01 1.017915830016136169e-01 1.019105911254882812e-01 1.019078865647315979e-01 1.018880233168601990e-01 0.000000000000000000e+00
1.021447628736495972e-01 1.017525121569633484e-01 1.018824428319931030e-01 1.018705964088439941e-01 1.019025966525077820e-01 0.000000000000000000e+00
1.021705716848373413e-01 1.017752662301063538e-01 1.018374115228652954e-01 1.018267050385475159e-01 1.018599718809127808e-01 0.000000000000000000e+00
1.022047251462936401e-01 1.017259508371353149e-01 1.018498241901397705e-01 1.018801927566528320e-01 1.018780693411827087e-01 0.000000000000000000e+00
1.022070571780204773e-01 1.017241030931472778e-01 1.018873006105422974e-01 1.019171923398971558e-01 1.019001305103302002e-01 0.000000000000000000e+00
8.942658454179763794e-02 8.678492158651351929e-02 8.276218175888061523e-02 8.504514396190643311e-02 8.578990399837493896e-02 0.000000000000000000e+00
8.909845352172851562e-02 8.905050903558731079e-02 8.793121576309204102e-02 8.614285290241241455e-02 8.264516294002532959e-02 0.000000000000000000e+00
8.994746208190917969e-02 8.660226315259933472e-02 8.598761260509490967e-02 8.580163866281509399e-02 8.179960399866104126e-02 0.000000000000000000e+00
9.637133777141571045e-02 9.062620997428894043e-02 9.044473618268966675e-02 8.736064285039901733e-02 8.183802664279937744e-02 0.000000000000000000e+00
1.006133258342742920e-01 9.737996757030487061e-02 9.659795463085174561e-02 9.532361477613449097e-02 9.022023528814315796e-02 0.000000000000000000e+00
1.013611629605293274e-01 1.031378954648971558e-01 1.044163554906845093e-01 1.021655499935150146e-01 1.008373573422431946e-01 0.000000000000000000e+00
1.001934558153152466e-01 1.004449203610420227e-01 1.006715670228004456e-01 1.012687832117080688e-01 1.022487282752990723e-01 0.000000000000000000e+00
8.677638322114944458e-02 8.883266150951385498e-02 8.286510407924652100e-02 8.466447144746780396e-02 7.775563001632690430e-02 1.000000000000000000e+00
9.022691100835800171e-02 9.100820869207382202e-02 8.767981082201004028e-02 8.731988072395324707e-02 8.006211370229721069e-02 2.000000000000000000e+00
8.677638322114944458e-02 8.883266150951385498e-02 8.286510407924652100e-02 8.466447144746780396e-02 7.775563001632690430e-02 1.000000000000000000e+00
9.022691100835800171e-02 9.100820869207382202e-02 8.767981082201004028e-02 8.731988072395324707e-02 8.006211370229721069e-02 2.000000000000000000e+00
8.677638322114944458e-02 8.883266150951385498e-02 8.286510407924652100e-02 8.466447144746780396e-02 7.775563001632690430e-02 1.000000000000000000e+00
9.022691100835800171e-02 9.100820869207382202e-02 8.767981082201004028e-02 8.731988072395324707e-02 8.006211370229721069e-02 2.000000000000000000e+00
8.677638322114944458e-02 8.883266150951385498e-02 8.286510407924652100e-02 8.466447144746780396e-02 7.775563001632690430e-02 1.000000000000000000e+00
9.022691100835800171e-02 9.100820869207382202e-02 8.767981082201004028e-02 8.731988072395324707e-02 8.006211370229721069e-02 2.000000000000000000e+00
8.677638322114944458e-02 8.883266150951385498e-02 8.286510407924652100e-02 8.466447144746780396e-02 7.775563001632690430e-02 1.000000000000000000e+00
9.022691100835800171e-02 9.100820869207382202e-02 8.767981082201004028e-02 8.731988072395324707e-02 8.006211370229721069e-02 2.000000000000000000e+00
8.677638322114944458e-02 8.883266150951385498e-02 8.286510407924652100e-02 8.466447144746780396e-02 7.775563001632690430e-02 1.000000000000000000e+00
9.022691100835800171e-02 9.100820869207382202e-02 8.767981082201004028e-02 8.731988072395324707e-02 8.006211370229721069e-02 2.000000000000000000e+00
8.677638322114944458e-02 8.883266150951385498e-02 8.286510407924652100e-02 8.466447144746780396e-02 7.775563001632690430e-02 1.000000000000000000e+00
9.022691100835800171e-02 9.100820869207382202e-02 8.767981082201004028e-02 8.731988072395324707e-02 8.006211370229721069e-02 2.000000000000000000e+00
8.677638322114944458e-02 8.883266150951385498e-02 8.286510407924652100e-02 8.466447144746780396e-02 7.775563001632690430e-02 1.000000000000000000e+00
9.022691100835800171e-02 9.100820869207382202e-02 8.767981082201004028e-02 8.731988072395324707e-02 8.006211370229721069e-02 2.000000000000000000e+00
8.677638322114944458e-02 8.883266150951385498e-02 8.286510407924652100e-02 8.466447144746780396e-02 7.775563001632690430e-02 1.000000000000000000e+00
9.022691100835800171e-02 9.100820869207382202e-02 8.767981082201004028e-02 8.731988072395324707e-02 8.006211370229721069e-02 2.000000000000000000e+00
8.677638322114944458e-02 8.883266150951385498e-02 8.286510407924652100e-02 8.466447144746780396e-02 7.775563001632690430e-02 1.000000000000000000e+00
9.022691100835800171e-02 9.100820869207382202e-02 8.767981082201004028e-02 8.731988072395324707e-02 8.006211370229721069e-02 2.000000000000000000e+00
1.017324924468994141e-01 1.012740656733512878e-01 1.015826463699340820e-01 1.015725731849670410e-01 1.016037762165069580e-01 0.000000000000000000e+00
1.016996800899505615e-01 1.013060212135314941e-01 1.016506552696228027e-01 1.015681847929954529e-01 1.016230881214141846e-01 0.000000000000000000e+00
1.016644239425659180e-01 1.013591066002845764e-01 1.015262976288795471e-01 1.016997396945953369e-01 1.016459986567497253e-01 0.000000000000000000e+00
1.017418280243873596e-01 1.013609021902084351e-01 1.016829162836074829e-01 1.016304194927215576e-01 1.015987247228622437e-01 0.000000000000000000e+00
1.016883105039596558e-01 1.014579683542251587e-01 1.016459763050079346e-01 1.016987413167953491e-01 1.016486510634422302e-01 0.000000000000000000e+00
1.017185151576995850e-01 1.012246310710906982e-01 1.016113534569740295e-01 1.015895232558250427e-01 1.016262546181678772e-01 0.000000000000000000e+00
1.016401425004005432e-01 1.016591116786003113e-01 1.013474166393280029e-01 1.015055775642395020e-01 1.015068292617797852e-01 0.000000000000000000e+00
9.012234956026077271e-02 9.704564511775970459e-02 9.676019847393035889e-02 9.617292135953903198e-02 9.691797196865081787e-02 0.000000000000000000e+00
9.512841701507568359e-02 9.707023948431015015e-02 9.687197208404541016e-02 9.772303700447082520e-02 9.749726951122283936e-02 0.000000000000000000e+00
9.911382198333740234e-02 9.849020093679428101e-02 1.014932766556739807e-01 1.003568246960639954e-01 9.941661357879638672e-02 0.000000000000000000e+00
9.589183330535888672e-02 9.715659171342849731e-02 9.893356263637542725e-02 1.005526483058929443e-01 9.893669188022613525e-02 0.000000000000000000e+00
9.037256240844726562e-02 9.700665622949600220e-02 9.682508558034896851e-02 9.729253500699996948e-02 9.740768373012542725e-02 0.000000000000000000e+00
9.151069819927215576e-02 9.806357324123382568e-02 9.886369854211807251e-02 9.728062152862548828e-02 9.645145386457443237e-02 0.000000000000000000e+00
9.515926986932754517e-02 9.432923793792724609e-02 9.574323147535324097e-02 9.723526239395141602e-02 9.861936420202255249e-02 0.000000000000000000e+00
1.006968021392822266e-01 1.006995588541030884e-01 1.006276533007621765e-01 1.005737781524658203e-01 1.002947688102722168e-01 0.000000000000000000e+00
1.005823463201522827e-01 1.006471514701843262e-01 1.002482697367668152e-01 1.005425080657005310e-01 1.009078249335289001e-01 0.000000000000000000e+00
1.018973588943481445e-01 1.015579104423522949e-01 1.015226840972900391e-01 1.013256236910820007e-01 1.009474620223045349e-01 0.000000000000000000e+00
1.019374802708625793e-01 1.016126424074172974e-01 1.018533781170845032e-01 1.018734946846961975e-01 1.017317399382591248e-01 0.000000000000000000e+00
1.019003987312316895e-01 1.014683842658996582e-01 1.019500419497489929e-01 1.020017489790916443e-01 1.018595471978187561e-01 0.000000000000000000e+00
1.016294434666633606e-01 1.017335727810859680e-01 1.017535999417304993e-01 1.016748398542404175e-01 1.015787273645401001e-01 0.000000000000000000e+00
1.018681228160858154e-01 1.016279160976409912e-01 1.016088575124740601e-01 1.016288623213768005e-01 1.015744432806968689e-01 0.000000000000000000e+00
9.374723583459854126e-02 9.326744824647903442e-02 9.083420783281326294e-02 1.000755876302719116e-01 1.008598282933235168e-01 0.000000000000000000e+00
9.389097988605499268e-02 9.616540372371673584e-02 1.014564409852027893e-01 1.017862856388092041e-01 9.909450262784957886e-02 0.000000000000000000e+00
9.685891121625900269e-02 9.775163978338241577e-02 1.006340757012367249e-01 9.981007128953933716e-02 1.006808429956436157e-01 0.000000000000000000e+00
9.771633893251419067e-02 9.946514666080474854e-02 1.014629527926445007e-01 1.015088558197021484e-01 1.002640649676322937e-01 0.000000000000000000e+00
9.500610083341598511e-02 1.017722263932228088e-01 1.012249886989593506e-01 1.009427830576896667e-01 1.008100062608718872e-01 0.000000000000000000e+00
9.577790647745132446e-02 1.007969900965690613e-01 1.017872765660285950e-01 1.012836396694183350e-01 1.005301252007484436e-01 0.000000000000000000e+00
9.632948040962219238e-02 9.969249367713928223e-02 7.147739827632904053e-02 7.824607193470001221e-02 1.009271740913391113e-01 0.000000000000000000e+00
4.725798591971397400e-02 9.712808579206466675e-02 9.601274132728576660e-02 9.725335985422134399e-02 1.011443510651588440e-01 0.000000000000000000e+00
5.879558995366096497e-02 1.012937873601913452e-01 9.719027578830718994e-02 1.006860584020614624e-01 9.912513196468353271e-02 0.000000000000000000e+00
1.584028266370296478e-02 1.012285649776458740e-01 8.446814119815826416e-02 9.585977345705032349e-02 9.640224277973175049e-02 0.000000000000000000e+00
5.228308588266372681e-02 1.009727641940116882e-01 9.678632020950317383e-02 9.954200685024261475e-02 9.803800284862518311e-02 0.000000000000000000e+00
2.355778776109218597e-02 1.008075699210166931e-01 8.692640811204910278e-02 9.318698942661285400e-02 9.472256898880004883e-02 0.000000000000000000e+00
6.022959947586059570e-02 1.008968204259872437e-01 9.924243390560150146e-02 9.952495247125625610e-02 1.006269827485084534e-01 0.000000000000000000e+00
3.433851525187492371e-02 1.011423841118812561e-01 9.310814738273620605e-02 9.043537825345993042e-02 9.840118139982223511e-02 0.000000000000000000e+00
8.521065860986709595e-02 1.000166758894920349e-01 9.587077051401138306e-02 9.476483613252639771e-02 9.059174358844757080e-02 1.000000000000000000e+00
7.296049594879150391e-02 9.954310953617095947e-02 9.848908334970474243e-02 9.890972077846527100e-02 9.996756911277770996e-02 2.000000000000000000e+00
8.521065860986709595e-02 1.000166758894920349e-01 9.587077051401138306e-02 9.476483613252639771e-02 9.059174358844757080e-02 1.000000000000000000e+00
7.296049594879150391e-02 9.954310953617095947e-02 9.848908334970474243e-02 9.890972077846527100e-02 9.996756911277770996e-02 2.000000000000000000e+00
8.521065860986709595e-02 1.000166758894920349e-01 9.587077051401138306e-02 9.476483613252639771e-02 9.059174358844757080e-02 1.000000000000000000e+00
7.296049594879150391e-02 9.954310953617095947e-02 9.848908334970474243e-02 9.890972077846527100e-02 9.996756911277770996e-02 2.000000000000000000e+00
8.521065860986709595e-02 1.000166758894920349e-01 9.587077051401138306e-02 9.476483613252639771e-02 9.059174358844757080e-02 1.000000000000000000e+00
7.296049594879150391e-02 9.954310953617095947e-02 9.848908334970474243e-02 9.890972077846527100e-02 9.996756911277770996e-02 2.000000000000000000e+00
8.521065860986709595e-02 1.000166758894920349e-01 9.587077051401138306e-02 9.476483613252639771e-02 9.059174358844757080e-02 1.000000000000000000e+00
7.296049594879150391e-02 9.954310953617095947e-02 9.848908334970474243e-02 9.890972077846527100e-02 9.996756911277770996e-02 2.000000000000000000e+00
8.521065860986709595e-02 1.000166758894920349e-01 9.587077051401138306e-02 9.476483613252639771e-02 9.059174358844757080e-02 1.000000000000000000e+00
7.296049594879150391e-02 9.954310953617095947e-02 9.848908334970474243e-02 9.890972077846527100e-02 9.996756911277770996e-02 2.000000000000000000e+00
8.521065860986709595e-02 1.000166758894920349e-01 9.587077051401138306e-02 9.476483613252639771e-02 9.059174358844757080e-02 1.000000000000000000e+00
7.296049594879150391e-02 9.954310953617095947e-02 9.848908334970474243e-02 9.890972077846527100e-02 9.996756911277770996e-02 2.000000000000000000e+00
8.521065860986709595e-02 1.000166758894920349e-01 9.587077051401138306e-02 9.476483613252639771e-02 9.059174358844757080e-02 1.000000000000000000e+00
7.296049594879150391e-02 9.954310953617095947e-02 9.848908334970474243e-02 9.890972077846527100e-02 9.996756911277770996e-02 2.000000000000000000e+00
8.521065860986709595e-02 1.000166758894920349e-01 9.587077051401138306e-02 9.476483613252639771e-02 9.059174358844757080e-02 1.000000000000000000e+00
7.296049594879150391e-02 9.954310953617095947e-02 9.848908334970474243e-02 9.890972077846527100e-02 9.996756911277770996e-02 2.000000000000000000e+00
8.521065860986709595e-02 1.000166758894920349e-01 9.587077051401138306e-02 9.476483613252639771e-02 9.059174358844757080e-02 1.000000000000000000e+00
7.296049594879150391e-02 9.954310953617095947e-02 9.848908334970474243e-02 9.890972077846527100e-02 9.996756911277770996e-02 2.000000000000000000e+00
1.007034629583358765e-01 1.011120304465293884e-01 9.831537306308746338e-02 9.799872338771820068e-02 9.855020046234130859e-02 0.000000000000000000e+00
1.026418730616569519e-01 1.020217910408973694e-01 1.020183265209197998e-01 1.019279137253761292e-01 1.005330905318260193e-01 0.000000000000000000e+00
9.096650034189224243e-02 1.016888022422790527e-01 8.632238954305648804e-02 7.851123809814453125e-02 8.017964661121368408e-02 0.000000000000000000e+00
8.510160446166992188e-02 9.901563823223114014e-02 7.838315516710281372e-02 8.329659700393676758e-02 8.690656721591949463e-02 0.000000000000000000e+00
8.697152882814407349e-02 9.388019889593124390e-02 8.484729379415512085e-02 9.238265454769134521e-02 9.755674749612808228e-02 0.000000000000000000e+00
8.821421861648559570e-02 9.610882401466369629e-02 9.443456679582595825e-02 1.022194176912307739e-01 9.931289404630661011e-02 0.000000000000000000e+00
8.578954637050628662e-02 1.005132794380187988e-01 9.289989620447158813e-02 1.013217493891716003e-01 1.014840677380561829e-01 0.000000000000000000e+00
9.995032101869583130e-02 1.026683151721954346e-01 1.019459813833236694e-01 1.011228784918785095e-01 1.017319858074188232e-01 0.000000000000000000e+00
7.722160965204238892e-02 1.016871705651283264e-01 1.008698642253875732e-01 1.019998714327812195e-01 1.018287464976310730e-01 0.000000000000000000e+00
3.802391514182090759e-02 1.003197953104972839e-01 8.984012901782989502e-02 9.082793444395065308e-02 9.601303189992904663e-02 0.000000000000000000e+00
9.589142352342605591e-02 9.977035224437713623e-02 9.600847959518432617e-02 1.003065556287765503e-01 1.008451953530311584e-01 0.000000000000000000e+00
1.008613705635070801e-01 1.007935553789138794e-01 1.002649590373039246e-01 1.014696732163429260e-01 1.017744764685630798e-01 0.000000000000000000e+00
1.013133004307746887e-01 1.010706648230552673e-01 1.010066568851470947e-01 1.010984256863594055e-01 1.009795218706130981e-01 1.000000000000000000e+00
1.015402674674987793e-01 1.012588590383529663e-01 1.012936159968376160e-01 1.012147590517997742e-01 1.011771932244300842e-01 2.000000000000000000e+00
1.013133004307746887e-01 1.010706648230552673e-01 1.010066568851470947e-01 1.010984256863594055e-01 1.009795218706130981e-01 1.000000000000000000e+00
1.015402674674987793e-01 1.012588590383529663e-01 1.012936159968376160e-01 1.012147590517997742e-01 1.011771932244300842e-01 2.000000000000000000e+00
1.013133004307746887e-01 1.010706648230552673e-01 1.010066568851470947e-01 1.010984256863594055e-01 1.009795218706130981e-01 1.000000000000000000e+00
1.015402674674987793e-01 1.012588590383529663e-01 1.012936159968376160e-01 1.012147590517997742e-01 1.011771932244300842e-01 2.000000000000000000e+00
1.013133004307746887e-01 1.010706648230552673e-01 1.010066568851470947e-01 1.010984256863594055e-01 1.009795218706130981e-01 1.000000000000000000e+00
1.015402674674987793e-01 1.012588590383529663e-01 1.012936159968376160e-01 1.012147590517997742e-01 1.011771932244300842e-01 2.000000000000000000e+00
1.013133004307746887e-01 1.010706648230552673e-01 1.010066568851470947e-01 1.010984256863594055e-01 1.009795218706130981e-01 1.000000000000000000e+00
1.015402674674987793e-01 1.012588590383529663e-01 1.012936159968376160e-01 1.012147590517997742e-01 1.011771932244300842e-01 2.000000000000000000e+00
1.013133004307746887e-01 1.010706648230552673e-01 1.010066568851470947e-01 1.010984256863594055e-01 1.009795218706130981e-01 1.000000000000000000e+00
1.015402674674987793e-01 1.012588590383529663e-01 1.012936159968376160e-01 1.012147590517997742e-01 1.011771932244300842e-01 2.000000000000000000e+00
1.013133004307746887e-01 1.010706648230552673e-01 1.010066568851470947e-01 1.010984256863594055e-01 1.009795218706130981e-01 1.000000000000000000e+00
1.015402674674987793e-01 1.012588590383529663e-01 1.012936159968376160e-01 1.012147590517997742e-01 1.011771932244300842e-01 2.000000000000000000e+00
1.013133004307746887e-01 1.010706648230552673e-01 1.010066568851470947e-01 1.010984256863594055e-01 1.009795218706130981e-01 1.000000000000000000e+00
1.015402674674987793e-01 1.012588590383529663e-01 1.012936159968376160e-01 1.012147590517997742e-01 1.011771932244300842e-01 2.000000000000000000e+00
1.013133004307746887e-01 1.010706648230552673e-01 1.010066568851470947e-01 1.010984256863594055e-01 1.009795218706130981e-01 1.000000000000000000e+00
1.015402674674987793e-01 1.012588590383529663e-01 1.012936159968376160e-01 1.012147590517997742e-01 1.011771932244300842e-01 2.000000000000000000e+00
1.013133004307746887e-01 1.010706648230552673e-01 1.010066568851470947e-01 1.010984256863594055e-01 1.009795218706130981e-01 1.000000000000000000e+00
1.015402674674987793e-01 1.012588590383529663e-01 1.012936159968376160e-01 1.012147590517997742e-01 1.011771932244300842e-01 2.000000000000000000e+00
8.835414052009582520e-02 9.672032296657562256e-02 9.734708070755004883e-02 9.908606857061386108e-02 9.874352067708969116e-02 0.000000000000000000e+00
8.954382687807083130e-02 9.811290353536605835e-02 9.604878723621368408e-02 9.825877100229263306e-02 9.956426918506622314e-02 0.000000000000000000e+00
9.408457577228546143e-02 9.634966403245925903e-02 9.646882861852645874e-02 9.780377149581909180e-02 9.872213006019592285e-02 0.000000000000000000e+00
1.001813486218452454e-01 9.802445024251937866e-02 9.877782315015792847e-02 9.952561557292938232e-02 9.593171626329421997e-02 0.000000000000000000e+00
9.733903408050537109e-02 1.022786423563957214e-01 1.026027426123619080e-01 1.012345403432846069e-01 9.957016259431838989e-02 0.000000000000000000e+00
8.396473526954650879e-02 9.147679060697555542e-02 9.837774932384490967e-02 9.563039988279342651e-02 9.388641268014907837e-02 1.000000000000000000e+00
8.730714023113250732e-02 9.399162977933883667e-02 9.878670424222946167e-02 9.831570833921432495e-02 9.734462201595306396e-02 2.000000000000000000e+00
8.396473526954650879e-02 9.147679060697555542e-02 9.837774932384490967e-02 9.563039988279342651e-02 9.388641268014907837e-02 1.000000000000000000e+00
8.730714023113250732e-02 9.399162977933883667e-02 9.878670424222946167e-02 9.831570833921432495e-02 9.734462201595306396e-02 2.000000000000000000e+00
8.396473526954650879e-02 9.147679060697555542e-02 9.837774932384490967e-02 9.563039988279342651e-02 9.388641268014907837e-02 1.000000000000000000e+00
8.730714023113250732e-02 9.399162977933883667e-02 9.878670424222946167e-02 9.831570833921432495e-02 9.734462201595306396e-02 2.000000000000000000e+00
8.396473526954650879e-02 9.147679060697555542e-02 9.837774932384490967e-02 9.563039988279342651e-02 9.388641268014907837e-02 1.000000000000000000e+00
8.730714023113250732e-02 9.399162977933883667e-02 9.878670424222946167e-02 9.831570833921432495e-02 9.734462201595306396e-02 2.000000000000000000e+00
8.396473526954650879e-02 9.147679060697555542e-02 9.837774932384490967e-02 9.563039988279342651e-02 9.388641268014907837e-02 1.000000000000000000e+00
8.730714023113250732e-02 9.399162977933883667e-02 9.878670424222946167e-02 9.831570833921432495e-02 9.734462201595306396e-02 2.000000000000000000e+00
8.396473526954650879e-02 9.147679060697555542e-02 9.837774932384490967e-02 9.563039988279342651e-02 9.388641268014907837e-02 1.000000000000000000e+00
8.730714023113250732e-02 9.399162977933883667e-02 9.878670424222946167e-02 9.831570833921432495e-02 9.734462201595306396e-02 2.000000000000000000e+00
8.396473526954650879e-02 9.147679060697555542e-02 9.837774932384490967e-02 9.563039988279342651e-02 9.388641268014907837e-02 1.000000000000000000e+00
8.730714023113250732e-02 9.399162977933883667e-02 9.878670424222946167e-02 9.831570833921432495e-02 9.734462201595306396e-02 2.000000000000000000e+00
8.396473526954650879e-02 9.147679060697555542e-02 9.837774932384490967e-02 9.563039988279342651e-02 9.388641268014907837e-02 1.000000000000000000e+00
8.730714023113250732e-02 9.399162977933883667e-02 9.878670424222946167e-02 9.831570833921432495e-02 9.734462201595306396e-02 2.000000000000000000e+00
8.396473526954650879e-02 9.147679060697555542e-02 9.837774932384490967e-02 9.563039988279342651e-02 9.388641268014907837e-02 1.000000000000000000e+00
8.730714023113250732e-02 9.399162977933883667e-02 9.878670424222946167e-02 9.831570833921432495e-02 9.734462201595306396e-02 2.000000000000000000e+00
8.396473526954650879e-02 9.147679060697555542e-02 9.837774932384490967e-02 9.563039988279342651e-02 9.388641268014907837e-02 1.000000000000000000e+00
8.730714023113250732e-02 9.399162977933883667e-02 9.878670424222946167e-02 9.831570833921432495e-02 9.734462201595306396e-02 2.000000000000000000e+00
1.017934978008270264e-01 1.013989746570587158e-01 1.015270724892616272e-01 1.016805097460746765e-01 1.018270552158355713e-01 0.000000000000000000e+00
9.933507442474365234e-02 1.017577797174453735e-01 1.024627089500427246e-01 1.023120284080505371e-01 1.020677462220191956e-01 0.000000000000000000e+00
9.985866397619247437e-02 1.012870445847511292e-01 1.014174595475196838e-01 1.023047789931297302e-01 1.024619862437248230e-01 0.000000000000000000e+00
1.008342131972312927e-01 1.005763038992881775e-01 1.016810312867164612e-01 1.025996506214141846e-01 1.022290587425231934e-01 0.000000000000000000e+00
9.118242561817169189e-02 9.690897166728973389e-02 1.009957939386367798e-01 1.002367138862609863e-01 1.014776229858398438e-01 0.000000000000000000e+00
9.447831660509109497e-02 9.671188890933990479e-02 9.693688899278640747e-02 9.922347962856292725e-02 9.852108359336853027e-02 0.000000000000000000e+00
9.591414034366607666e-02 9.788442403078079224e-02 1.017203181982040405e-01 9.979502856731414795e-02 9.850688278675079346e-02 0.000000000000000000e+00
1.016242280602455139e-01 1.013499349355697632e-01 1.014138385653495789e-01 1.014252379536628723e-01 1.014465540647506714e-01 0.000000000000000000e+00
1.015402302145957947e-01 1.014701053500175476e-01 1.016336455941200256e-01 1.016354784369468689e-01 1.011554971337318420e-01 0.000000000000000000e+00
1.015051752328872681e-01 1.014105230569839478e-01 1.016669720411300659e-01 1.016734391450881958e-01 1.017790660262107849e-01 0.000000000000000000e+00
1.018420904874801636e-01 1.016240864992141724e-01 1.019760817289352417e-01 1.017596200108528137e-01 1.019146665930747986e-01 0.000000000000000000e+00
1.018908917903900146e-01 1.018808633089065552e-01 1.020751595497131348e-01 1.022718548774719238e-01 1.021303683519363403e-01 0.000000000000000000e+00
1.011952236294746399e-01 1.006122305989265442e-01 1.004250571131706238e-01 1.001415476202964783e-01 1.008001118898391724e-01 0.000000000000000000e+00
1.001908257603645325e-01 1.002527028322219849e-01 9.997709840536117554e-02 1.003445610404014587e-01 1.003097370266914368e-01 0.000000000000000000e+00
9.864623099565505981e-02 1.021038889884948730e-01 1.020081862807273865e-01 1.024684458971023560e-01 1.015165448188781738e-01 0.000000000000000000e+00
1.006012111902236938e-01 9.963329136371612549e-02 1.014139056205749512e-01 1.026559323072433472e-01 1.023379117250442505e-01 0.000000000000000000e+00
9.853633493185043335e-02 1.024890169501304626e-01 1.021557897329330444e-01 1.010453775525093079e-01 1.004021912813186646e-01 0.000000000000000000e+00
1.024475023150444031e-01 1.012195572257041931e-01 1.019338816404342651e-01 1.022250503301620483e-01 1.021025180816650391e-01 0.000000000000000000e+00
9.878380596637725830e-02 1.022180989384651184e-01 1.022192910313606262e-01 1.019788682460784912e-01 1.014745980501174927e-01 0.000000000000000000e+00
1.003894060850143433e-01 1.018931418657302856e-01 1.007404103875160217e-01 1.022140756249427795e-01 1.015062034130096436e-01 0.000000000000000000e+00
9.003721922636032104e-02 9.713342785835266113e-02 9.890601038932800293e-02 1.006756424903869629e-01 1.027332991361618042e-01 0.000000000000000000e+00
8.462016284465789795e-02 1.009953841567039490e-01 9.863673150539398193e-02 9.967580437660217285e-02 1.009368225932121277e-01 0.000000000000000000e+00
9.857278317213058472e-02 1.004614382982254028e-01 9.845479577779769897e-02 9.919011592864990234e-02 9.948076307773590088e-02 0.000000000000000000e+00
1.015375703573226929e-01 1.008484512567520142e-01 9.882277995347976685e-02 9.905056655406951904e-02 1.001979187130928040e-01 0.000000000000000000e+00
1.008183062076568604e-01 1.010307595133781433e-01 1.005044728517532349e-01 1.002497822046279907e-01 9.951446950435638428e-02 0.000000000000000000e+00
1.012397855520248413e-01 1.016503497958183289e-01 1.013852953910827637e-01 1.010923534631729126e-01 1.009242907166481018e-01 0.000000000000000000e+00
1.015911474823951721e-01 1.014286577701568604e-01 1.015578433871269226e-01 1.016741916537284851e-01 1.016506403684616089e-01 0.000000000000000000e+00
1.017588675022125244e-01 1.013424545526504517e-01 1.014992147684097290e-01 1.016673818230628967e-01 1.014749184250831604e-01 0.000000000000000000e+00
9.206999838352203369e-02 9.013952314853668213e-02 9.721646457910537720e-02 9.430147707462310791e-02 8.428288996219635010e-02 0.000000000000000000e+00
9.778734296560287476e-02 9.461236745119094849e-02 9.757848083972930908e-02 9.584085643291473389e-02 9.180402755737304688e-02 0.000000000000000000e+00
9.808862954378128052e-02 9.638950973749160767e-02 1.006783768534660339e-01 1.003419533371925354e-01 9.732010215520858765e-02 0.000000000000000000e+00
9.912160038948059082e-02 9.991763532161712646e-02 1.013400405645370483e-01 1.010949984192848206e-01 9.654207527637481689e-02 0.000000000000000000e+00
1.006152480840682983e-01 1.021986752748489380e-01 1.024073213338851929e-01 1.012551411986351013e-01 1.011592894792556763e-01 0.000000000000000000e+00
1.009848043322563171e-01 1.003911718726158142e-01 1.000708043575286865e-01 1.004675403237342834e-01 1.017572283744812012e-01 0.000000000000000000e+00
1.009961813688278198e-01 1.012398675084114075e-01 1.011814102530479431e-01 1.008654832839965820e-01 1.005983129143714905e-01 0.000000000000000000e+00
1.015498489141464233e-01 9.006888419389724731e-02 9.355916827917098999e-02 9.002051502466201782e-02 8.394206315279006958e-02 0.000000000000000000e+00
1.006548553705215454e-01 9.389744699001312256e-02 9.559844434261322021e-02 9.496185928583145142e-02 8.985409885644912720e-02 0.000000000000000000e+00
9.323801845312118530e-02 9.289503842592239380e-02 9.364771097898483276e-02 9.509669244289398193e-02 9.035410732030868530e-02 0.000000000000000000e+00
9.696344286203384399e-02 9.047265350818634033e-02 9.243766963481903076e-02 9.622950851917266846e-02 8.944214135408401489e-02 0.000000000000000000e+00
1.001028642058372498e-01 9.909795224666595459e-02 1.001139730215072632e-01 9.583000838756561279e-02 9.122990071773529053e-02 0.000000000000000000e+00
9.956484287977218628e-02 9.993320703506469727e-02 9.952950477600097656e-02 1.016664355993270874e-01 1.015863418579101562e-01 0.000000000000000000e+00
9.698761999607086182e-02 8.632963895797729492e-02 8.398391306400299072e-02 8.672029525041580200e-02 8.589758723974227905e-02 1.000000000000000000e+00
9.655150771141052246e-02 8.551340550184249878e-02 8.694986253976821899e-02 8.673284202814102173e-02 8.524496853351593018e-02 2.000000000000000000e+00
9.698761999607086182e-02 8.632963895797729492e-02 8.398391306400299072e-02 8.672029525041580200e-02 8.589758723974227905e-02 1.000000000000000000e+00
9.655150771141052246e-02 8.551340550184249878e-02 8.694986253976821899e-02 8.673284202814102173e-02 8.524496853351593018e-02 2.000000000000000000e+00
9.698761999607086182e-02 8.632963895797729492e-02 8.398391306400299072e-02 8.672029525041580200e-02 8.589758723974227905e-02 1.000000000000000000e+00
9.655150771141052246e-02 8.551340550184249878e-02 8.694986253976821899e-02 8.673284202814102173e-02 8.524496853351593018e-02 2.000000000000000000e+00
9.698761999607086182e-02 8.632963895797729492e-02 8.398391306400299072e-02 8.672029525041580200e-02 8.589758723974227905e-02 1.000000000000000000e+00
9.655150771141052246e-02 8.551340550184249878e-02 8.694986253976821899e-02 8.673284202814102173e-02 8.524496853351593018e-02 2.000000000000000000e+00
9.698761999607086182e-02 8.632963895797729492e-02 8.398391306400299072e-02 8.672029525041580200e-02 8.589758723974227905e-02 1.000000000000000000e+00
9.655150771141052246e-02 8.551340550184249878e-02 8.694986253976821899e-02 8.673284202814102173e-02 8.524496853351593018e-02 2.000000000000000000e+00
9.698761999607086182e-02 8.632963895797729492e-02 8.398391306400299072e-02 8.672029525041580200e-02 8.589758723974227905e-02 1.000000000000000000e+00
9.655150771141052246e-02 8.551340550184249878e-02 8.694986253976821899e-02 8.673284202814102173e-02 8.524496853351593018e-02 2.000000000000000000e+00
9.698761999607086182e-02 8.632963895797729492e-02 8.398391306400299072e-02 8.672029525041580200e-02 8.589758723974227905e-02 1.000000000000000000e+00
9.655150771141052246e-02 8.551340550184249878e-02 8.694986253976821899e-02 8.673284202814102173e-02 8.524496853351593018e-02 2.000000000000000000e+00
9.698761999607086182e-02 8.632963895797729492e-02 8.398391306400299072e-02 8.672029525041580200e-02 8.589758723974227905e-02 1.000000000000000000e+00
9.655150771141052246e-02 8.551340550184249878e-02 8.694986253976821899e-02 8.673284202814102173e-02 8.524496853351593018e-02 2.000000000000000000e+00
9.698761999607086182e-02 8.632963895797729492e-02 8.398391306400299072e-02 8.672029525041580200e-02 8.589758723974227905e-02 1.000000000000000000e+00
9.655150771141052246e-02 8.551340550184249878e-02 8.694986253976821899e-02 8.673284202814102173e-02 8.524496853351593018e-02 2.000000000000000000e+00
9.698761999607086182e-02 8.632963895797729492e-02 8.398391306400299072e-02 8.672029525041580200e-02 8.589758723974227905e-02 1.000000000000000000e+00
9.655150771141052246e-02 8.551340550184249878e-02 8.694986253976821899e-02 8.673284202814102173e-02 8.524496853351593018e-02 2.000000000000000000e+00
1.019172742962837219e-01 1.014890298247337341e-01 1.015776544809341431e-01 1.017095744609832764e-01 1.017369553446769714e-01 0.000000000000000000e+00
1.018945723772048950e-01 1.014581322669982910e-01 1.016189232468605042e-01 1.015990227460861206e-01 1.016052365303039551e-01 0.000000000000000000e+00
1.019027531147003174e-01 1.014804318547248840e-01 1.016783490777015686e-01 1.016136482357978821e-01 1.015922054648399353e-01 0.000000000000000000e+00
1.018778234720230103e-01 1.014453992247581482e-01 1.015955656766891479e-01 1.015883386135101318e-01 1.015868410468101501e-01 0.000000000000000000e+00
1.011936739087104797e-01 1.015291139483451843e-01 1.014126241207122803e-01 1.015562042593955994e-01 1.015296503901481628e-01 0.000000000000000000e+00
1.018010526895523071e-01 1.015350222587585449e-01 1.016046628355979919e-01 1.018228381872177124e-01 1.018065214157104492e-01 0.000000000000000000e+00
1.015259400010108948e-01 1.005581915378570557e-01 9.901366382837295532e-02 9.982986748218536377e-02 1.011537685990333557e-01 0.000000000000000000e+00
8.495605736970901489e-02 9.300128370523452759e-02 9.804531186819076538e-02 9.719267487525939941e-02 9.691353887319564819e-02 0.000000000000000000e+00
8.541569113731384277e-02 9.666275978088378906e-02 9.783274680376052856e-02 9.896817058324813843e-02 9.874740988016128540e-02 0.000000000000000000e+00
8.625470101833343506e-02 9.815032780170440674e-02 9.632053226232528687e-02 9.906064718961715698e-02 9.917489439249038696e-02 0.000000000000000000e+00
7.687454670667648315e-02 9.674981236457824707e-02 9.641895443201065063e-02 9.835817664861679077e-02 9.851166605949401855e-02 0.000000000000000000e+00
8.061027526855468750e-02 9.812056273221969604e-02 9.847491979598999023e-02 9.849001467227935791e-02 9.885929524898529053e-02 0.000000000000000000e+00
9.411542862653732300e-02 9.960917383432388306e-02 9.822788089513778687e-02 9.770976006984710693e-02 9.745130687952041626e-02 0.000000000000000000e+00
9.769872575998306274e-02 1.023390740156173706e-01 1.021412387490272522e-01 1.010252460837364197e-01 1.003058180212974548e-01 0.000000000000000000e+00
1.072507947683334351e-01 8.927135914564132690e-02 9.207436442375183105e-02 9.161774069070816040e-02 9.141432493925094604e-02 0.000000000000000000e+00
9.189919382333755493e-02 9.160824865102767944e-02 9.687420725822448730e-02 9.469886124134063721e-02 9.517199546098709106e-02 0.000000000000000000e+00
9.803678095340728760e-02 1.011914536356925964e-01 1.007834151387214661e-01 9.754343330860137939e-02 9.501846879720687866e-02 0.000000000000000000e+00
1.020347252488136292e-01 1.017761901021003723e-01 1.019575595855712891e-01 1.021431088447570801e-01 1.017276421189308167e-01 0.000000000000000000e+00
8.365260809659957886e-02 8.075013756752014160e-02 9.891225397586822510e-02 1.013019755482673645e-01 9.739081561565399170e-02 0.000000000000000000e+00
3.557847440242767334e-02 5.705507099628448486e-02 7.924631983041763306e-02 8.225288987159729004e-02 8.375413715839385986e-02 0.000000000000000000e+00
-1.083980202674865723e-01 2.187035046517848969e-02 4.296970739960670471e-02 5.239342525601387024e-02 5.931016057729721069e-02 0.000000000000000000e+00
1.014117673039436340e-01 1.012763231992721558e-01 1.012057065963745117e-01 1.009725853800773621e-01 1.008852273225784302e-01 0.000000000000000000e+00
1.016761213541030884e-01 1.009764149785041809e-01 1.008610129356384277e-01 1.021373569965362549e-01 1.022491976618766785e-01 0.000000000000000000e+00
1.017078682780265808e-01 1.018336489796638489e-01 1.017326638102531433e-01 1.014400720596313477e-01 1.014161631464958191e-01 0.000000000000000000e+00
1.016676351428031921e-01 1.009531095623970032e-01 1.004682555794715881e-01 1.006085723638534546e-01 1.008759886026382446e-01 0.000000000000000000e+00
1.006836816668510437e-01 1.012027859687805176e-01 1.004742458462715149e-01 1.019946783781051636e-01 1.012716442346572876e-01 0.000000000000000000e+00
1.011193320155143738e-01 1.020441651344299316e-01 1.017260998487472534e-01 9.973917156457901001e-02 1.010293588042259216e-01 0.000000000000000000e+00
1.019845902919769287e-01 1.011590957641601562e-01 1.009122431278228760e-01 1.005036607384681702e-01 1.006531491875648499e-01 0.000000000000000000e+00
1.005562171339988708e-01 1.018483862280845642e-01 1.017243936657905579e-01 1.018559932708740234e-01 1.017764434218406677e-01 0.000000000000000000e+00
1.009080559015274048e-01 1.018071174621582031e-01 1.018062531948089600e-01 1.012463048100471497e-01 1.012933775782585144e-01 0.000000000000000000e+00
1.013446748256683350e-01 1.017311736941337585e-01 1.019628569483757019e-01 1.019230484962463379e-01 1.020007207989692688e-01 0.000000000000000000e+00
1.017288938164710999e-01 1.014023050665855408e-01 1.015000492334365845e-01 1.015861928462982178e-01 1.017111018300056458e-01 0.000000000000000000e+00
9.502330422401428223e-02 1.006230711936950684e-01 8.894047886133193970e-02 9.274172782897949219e-02 9.120368957519531250e-02 0.000000000000000000e+00
9.480414539575576782e-02 1.011620461940765381e-01 9.674385190010070801e-02 1.012243479490280151e-01 1.017512232065200806e-01 0.000000000000000000e+00
9.636288881301879883e-02 1.014608740806579590e-01 9.427393227815628052e-02 1.024510934948921204e-01 1.019608080387115479e-01 0.000000000000000000e+00
9.948361665010452271e-02 9.895558655261993408e-02 9.973064064979553223e-02 9.847580641508102417e-02 9.629168361425399780e-02 0.000000000000000000e+00
9.948951750993728638e-02 9.939119964838027954e-02 1.005638986825942993e-01 1.022049710154533386e-01 9.874761104583740234e-02 0.000000000000000000e+00
9.943265467882156372e-02 1.010107919573783875e-01 1.015852466225624084e-01 1.016226187348365784e-01 1.005951166152954102e-01 0.000000000000000000e+00
1.004706397652626038e-01 1.015626713633537292e-01 1.017272844910621643e-01 1.023820117115974426e-01 1.001534163951873779e-01 0.000000000000000000e+00
1.011265367269515991e-01 9.961173683404922485e-02 1.004565656185150146e-01 1.011181026697158813e-01 1.026015207171440125e-01 0.000000000000000000e+00
9.979368001222610474e-02 1.003616377711296082e-01 1.005095764994621277e-01 1.004695072770118713e-01 1.002699062228202820e-01 0.000000000000000000e+00
1.009581983089447021e-01 1.013806909322738647e-01 1.013472974300384521e-01 1.011772230267524719e-01 1.005363464355468750e-01 0.000000000000000000e+00
9.742933511734008789e-02 9.673653542995452881e-02 1.010134145617485046e-01 9.997876733541488647e-02 9.617000073194503784e-02 1.000000000000000000e+00
9.862717241048812866e-02 9.728242456912994385e-02 9.766386449337005615e-02 1.000365093350410461e-01 9.673482179641723633e-02 2.000000000000000000e+00
9.742933511734008789e-02 9.673653542995452881e-02 1.010134145617485046e-01 9.997876733541488647e-02 9.617000073194503784e-02 1.000000000000000000e+00
9.862717241048812866e-02 9.728242456912994385e-02 9.766386449337005615e-02 1.000365093350410461e-01 9.673482179641723633e-02 2.000000000000000000e+00
9.742933511734008789e-02 9.673653542995452881e-02 1.010134145617485046e-01 9.997876733541488647e-02 9.617000073194503784e-02 1.000000000000000000e+00
9.862717241048812866e-02 9.728242456912994385e-02 9.766386449337005615e-02 1.000365093350410461e-01 9.673482179641723633e-02 2.000000000000000000e+00
9.742933511734008789e-02 9.673653542995452881e-02 1.010134145617485046e-01 9.997876733541488647e-02 9.617000073194503784e-02 1.000000000000000000e+00
9.862717241048812866e-02 9.728242456912994385e-02 9.766386449337005615e-02 1.000365093350410461e-01 9.673482179641723633e-02 2.000000000000000000e+00
9.742933511734008789e-02 9.673653542995452881e-02 1.010134145617485046e-01 9.997876733541488647e-02 9.617000073194503784e-02 1.000000000000000000e+00
9.862717241048812866e-02 9.728242456912994385e-02 9.766386449337005615e-02 1.000365093350410461e-01 9.673482179641723633e-02 2.000000000000000000e+00
9.742933511734008789e-02 9.673653542995452881e-02 1.010134145617485046e-01 9.997876733541488647e-02 9.617000073194503784e-02 1.000000000000000000e+00
9.862717241048812866e-02 9.728242456912994385e-02 9.766386449337005615e-02 1.000365093350410461e-01 9.673482179641723633e-02 2.000000000000000000e+00
9.742933511734008789e-02 9.673653542995452881e-02 1.010134145617485046e-01 9.997876733541488647e-02 9.617000073194503784e-02 1.000000000000000000e+00
9.862717241048812866e-02 9.728242456912994385e-02 9.766386449337005615e-02 1.000365093350410461e-01 9.673482179641723633e-02 2.000000000000000000e+00
9.742933511734008789e-02 9.673653542995452881e-02 1.010134145617485046e-01 9.997876733541488647e-02 9.617000073194503784e-02 1.000000000000000000e+00
9.862717241048812866e-02 9.728242456912994385e-02 9.766386449337005615e-02 1.000365093350410461e-01 9.673482179641723633e-02 2.000000000000000000e+00
9.742933511734008789e-02 9.673653542995452881e-02 1.010134145617485046e-01 9.997876733541488647e-02 9.617000073194503784e-02 1.000000000000000000e+00
9.862717241048812866e-02 9.728242456912994385e-02 9.766386449337005615e-02 1.000365093350410461e-01 9.673482179641723633e-02 2.000000000000000000e+00
9.742933511734008789e-02 9.673653542995452881e-02 1.010134145617485046e-01 9.997876733541488647e-02 9.617000073194503784e-02 1.000000000000000000e+00
9.862717241048812866e-02 9.728242456912994385e-02 9.766386449337005615e-02 1.000365093350410461e-01 9.673482179641723633e-02 2.000000000000000000e+00
9.631589055061340332e-02 1.000738143920898438e-01 9.334493428468704224e-02 9.295079857110977173e-02 9.754205495119094849e-02 0.000000000000000000e+00
8.396434783935546875e-02 9.985344856977462769e-02 9.736591577529907227e-02 9.824000298976898193e-02 9.968268871307373047e-02 0.000000000000000000e+00
5.715787783265113831e-02 1.002527475357055664e-01 1.027930974960327148e-01 1.007919088006019592e-01 1.025673374533653259e-01 0.000000000000000000e+00
2.432675845921039581e-02 8.507201820611953735e-02 1.032251119613647461e-01 1.015102565288543701e-01 1.018490716814994812e-01 0.000000000000000000e+00
-5.663782730698585510e-02 5.263293161988258362e-02 1.006845459342002869e-01 1.041973084211349487e-01 1.019671186804771423e-01 0.000000000000000000e+00
-8.499154448509216309e-02 4.430582374334335327e-02 9.006036818027496338e-02 6.621259450912475586e-02 6.505174934864044189e-02 0.000000000000000000e+00
-7.307940721511840820e-02 4.380045831203460693e-02 7.512303441762924194e-02 5.850205570459365845e-02 5.548755824565887451e-02 0.000000000000000000e+00
6.640453636646270752e-02 9.842286258935928345e-02 8.778607100248336792e-02 8.743052184581756592e-02 9.244035184383392334e-02 1.000000000000000000e+00
9.272124618291854858e-02 1.006018668413162231e-01 9.838944673538208008e-02 9.362824261188507080e-02 8.829604834318161011e-02 2.000000000000000000e+00
6.640453636646270752e-02 9.842286258935928345e-02 8.778607100248336792e-02 8.743052184581756592e-02 9.244035184383392334e-02 1.000000000000000000e+00
9.272124618291854858e-02 1.006018668413162231e-01 9.838944673538208008e-02 9.362824261188507080e-02 8.829604834318161011e-02 2.000000000000000000e+00
6.640453636646270752e-02 9.842286258935928345e-02 8.778607100248336792e-02 8.743052184581756592e-02 9.244035184383392334e-02 1.000000000000000000e+00
9.272124618291854858e-02 1.006018668413162231e-01 9.838944673538208008e-02 9.362824261188507080e-02 8.829604834318161011e-02 2.000000000000000000e+00
6.640453636646270752e-02 9.842286258935928345e-02 8.778607100248336792e-02 8.743052184581756592e-02 9.244035184383392334e-02 1.000000000000000000e+00
9.272124618291854858e-02 1.006018668413162231e-01 9.838944673538208008e-02 9.362824261188507080e-02 8.829604834318161011e-02 2.000000000000000000e+00
6.640453636646270752e-02 9.842286258935928345e-02 8.778607100248336792e-02 8.743052184581756592e-02 9.244035184383392334e-02 1.000000000000000000e+00
9.272124618291854858e-02 1.006018668413162231e-01 9.838944673538208008e-02 9.362824261188507080e-02 8.829604834318161011e-02 2.000000000000000000e+00
6.640453636646270752e-02 9.842286258935928345e-02 8.778607100248336792e-02 8.743052184581756592e-02 9.244035184383392334e-02 1.000000000000000000e+00
9.272124618291854858e-02 1.006018668413162231e-01 9.838944673538208008e-02 9.362824261188507080e-02 8.829604834318161011e-02 2.000000000000000000e+00
6.640453636646270752e-02 9.842286258935928345e-02 8.778607100248336792e-02 8.743052184581756592e-02 9.244035184383392334e-02 1.000000000000000000e+00
9.272124618291854858e-02 1.006018668413162231e-01 9.838944673538208008e-02 9.362824261188507080e-02 8.829604834318161011e-02 2.000000000000000000e+00
6.640453636646270752e-02 9.842286258935928345e-02 8.778607100248336792e-02 8.743052184581756592e-02 9.244035184383392334e-02 1.000000000000000000e+00
9.272124618291854858e-02 1.006018668413162231e-01 9.838944673538208008e-02 9.362824261188507080e-02 8.829604834318161011e-02 2.000000000000000000e+00
6.640453636646270752e-02 9.842286258935928345e-02 8.778607100248336792e-02 8.743052184581756592e-02 9.244035184383392334e-02 1.000000000000000000e+00
9.272124618291854858e-02 1.006018668413162231e-01 9.838944673538208008e-02 9.362824261188507080e-02 8.829604834318161011e-02 2.000000000000000000e+00
6.640453636646270752e-02 9.842286258935928345e-02 8.778607100248336792e-02 8.743052184581756592e-02 9.244035184383392334e-02 1.000000000000000000e+00
9.272124618291854858e-02 1.006018668413162231e-01 9.838944673538208008e-02 9.362824261188507080e-02 8.829604834318161011e-02 2.000000000000000000e+00
1.003834158182144165e-01 1.002323552966117859e-01 9.982300549745559692e-02 9.893833100795745850e-02 9.985491633415222168e-02 0.000000000000000000e+00
1.014527156949043274e-01 1.015124022960662842e-01 1.004031673073768616e-01 9.939219057559967041e-02 9.990854561328887939e-02 0.000000000000000000e+00
9.828709810972213745e-02 1.010949313640594482e-01 9.626063704490661621e-02 9.498075395822525024e-02 1.004327759146690369e-01 0.000000000000000000e+00
9.886685758829116821e-02 1.018851920962333679e-01 1.006696373224258423e-01 1.004605218768119812e-01 1.002715677022933960e-01 0.000000000000000000e+00
9.078579396009445190e-02 1.002004742622375488e-01 8.988112956285476685e-02 8.760432898998260498e-02 9.270695596933364868e-02 0.000000000000000000e+00
9.272288531064987183e-02 9.778130799531936646e-02 8.584411442279815674e-02 8.989216387271881104e-02 9.853941202163696289e-02 0.000000000000000000e+00
9.801184386014938354e-02 9.838840365409851074e-02 9.311693161725997925e-02 8.745461702346801758e-02 8.936917036771774292e-02 0.000000000000000000e+00
6.790922582149505615e-02 8.457823842763900757e-02 9.685887396335601807e-02 9.463378787040710449e-02 9.335929155349731445e-02 0.000000000000000000e+00
6.806947290897369385e-02 8.471550792455673218e-02 9.714246541261672974e-02 9.523038566112518311e-02 9.376276284456253052e-02 0.000000000000000000e+00
6.974504888057708740e-02 8.457610756158828735e-02 9.713421761989593506e-02 9.573140740394592285e-02 9.346397966146469116e-02 0.000000000000000000e+00
7.087733596563339233e-02 8.608797192573547363e-02 9.562740474939346313e-02 9.376759827136993408e-02 9.231731295585632324e-02 0.000000000000000000e+00
7.591670006513595581e-02 9.045084565877914429e-02 9.805897623300552368e-02 9.492100030183792114e-02 9.296084940433502197e-02 0.000000000000000000e+00
8.175475895404815674e-02 9.491376578807830811e-02 9.825387597084045410e-02 9.795427322387695312e-02 9.709677100181579590e-02 0.000000000000000000e+00
8.672139048576354980e-02 9.823856502771377563e-02 9.784363210201263428e-02 9.851212054491043091e-02 9.826802462339401245e-02 0.000000000000000000e+00
9.819310903549194336e-02 9.398524463176727295e-02 9.546929597854614258e-02 9.478577971458435059e-02 9.113999456167221069e-02 0.000000000000000000e+00
1.003698408603668213e-01 1.009548604488372803e-01 1.009075939655303955e-01 1.004440784454345703e-01 9.779612720012664795e-02 0.000000000000000000e+00
1.005508229136466980e-01 1.007139459252357483e-01 1.015890538692474365e-01 1.018451005220413208e-01 1.023155674338340759e-01 0.000000000000000000e+00
9.987939894199371338e-02 9.997800737619400024e-02 9.969385713338851929e-02 1.001031249761581421e-01 1.011204794049263000e-01 0.000000000000000000e+00
1.005258783698081970e-01 1.005328446626663208e-01 1.002893224358558655e-01 1.004304364323616028e-01 1.002888754010200500e-01 0.000000000000000000e+00
1.017449423670768738e-01 1.013848930597305298e-01 1.014882773160934448e-01 1.013031676411628723e-01 1.010294854640960693e-01 0.000000000000000000e+00
1.013392060995101929e-01 1.014212518930435181e-01 1.016314327716827393e-01 1.016639322042465210e-01 1.016461327672004700e-01 0.000000000000000000e+00
1.031924709677696228e-01 9.996377676725387573e-02 1.035309284925460815e-01 1.039507538080215454e-01 1.025070324540138245e-01 0.000000000000000000e+00
3.904883936047554016e-02 1.006353199481964111e-01 6.919915229082107544e-02 7.710251212120056152e-02 9.679531306028366089e-02 0.000000000000000000e+00
3.780765458941459656e-02 9.591667354106903076e-02 9.989754855632781982e-02 9.856878966093063354e-02 9.870693087577819824e-02 0.000000000000000000e+00
9.267549216747283936e-02 1.013335138559341431e-01 9.745645523071289062e-02 1.012723669409751892e-01 1.010503321886062622e-01 0.000000000000000000e+00
1.004296317696571350e-01 1.009715050458908081e-01 9.638550132513046265e-02 1.013191491365432739e-01 1.015124842524528503e-01 0.000000000000000000e+00
9.707592427730560303e-02 1.002926304936408997e-01 1.001039370894432068e-01 1.008532568812370300e-01 9.742500633001327515e-02 0.000000000000000000e+00
1.010270714759826660e-01 1.008205711841583252e-01 1.009917184710502625e-01 1.012072265148162842e-01 1.008316874504089355e-01 0.000000000000000000e+00
1.015725806355476379e-01 1.014417260885238647e-01 1.013122871518135071e-01 1.012066379189491272e-01 1.008789017796516418e-01 0.000000000000000000e+00
8.550774306058883667e-02 9.736979007720947266e-02 1.014372557401657104e-01 1.011362969875335693e-01 1.019483953714370728e-01 0.000000000000000000e+00
4.899717122316360474e-02 8.099805563688278198e-02 9.501087665557861328e-02 9.443415701389312744e-02 9.874853491783142090e-02 0.000000000000000000e+00
4.381119832396507263e-02 7.933671027421951294e-02 9.437368810176849365e-02 9.221751242876052856e-02 8.397160470485687256e-02 0.000000000000000000e+00
9.081309661269187927e-03 6.129171326756477356e-02 7.859161496162414551e-02 8.046057820320129395e-02 8.191293478012084961e-02 0.000000000000000000e+00
3.026912547647953033e-02 6.742030382156372070e-02 9.419103711843490601e-02 8.403114974498748779e-02 7.596251368522644043e-02 0.000000000000000000e+00
4.236136376857757568e-02 7.747856527566909790e-02 9.254607558250427246e-02 7.815565168857574463e-02 7.110787183046340942e-02 0.000000000000000000e+00
6.907949596643447876e-02 8.513631671667098999e-02 8.003208786249160767e-02 9.090100228786468506e-02 9.125407785177230835e-02 0.000000000000000000e+00
9.304056316614151001e-02 1.000805348157882690e-01 9.587266296148300171e-02 9.515909105539321899e-02 9.140031784772872925e-02 0.000000000000000000e+00
1.019767895340919495e-01 1.018041744828224182e-01 1.020624190568923950e-01 1.010284796357154846e-01 1.000469252467155457e-01 0.000000000000000000e+00
1.017924994230270386e-01 1.016139239072799683e-01 1.018967032432556152e-01 1.019444316625595093e-01 1.018645018339157104e-01 0.000000000000000000e+00
7.667739689350128174e-02 9.321001917123794556e-02 9.883147478103637695e-02 9.702687710523605347e-02 1.011607125401496887e-01 0.000000000000000000e+00
8.583939075469970703e-02 9.764776378870010376e-02 9.519417583942413330e-02 9.152076393365859985e-02 9.175730496644973755e-02 0.000000000000000000e+00
