2.406101822853088379e-01 2.549197077751159668e-01 2.788210511207580566e-01 2.698034644126892090e-01 2.694035172462463379e-01 0.000000000000000000e+00
8.723126351833343506e-02 6.042141839861869812e-02 1.121192872524261475e-01 1.065026298165321350e-01 1.672823280096054077e-01 0.000000000000000000e+00
-1.436558812856674194e-01 -9.809734672307968140e-02 -1.205637753009796143e-01 -8.397392928600311279e-02 -6.681756675243377686e-02 0.000000000000000000e+00
-5.860024690628051758e-02 -7.194667309522628784e-02 -1.318556349724531174e-02 -6.935293972492218018e-02 -8.947320282459259033e-02 0.000000000000000000e+00
-4.529171809554100037e-02 -1.381225232034921646e-02 1.468245219439268112e-02 9.627266228199005127e-02 9.965387731790542603e-02 0.000000000000000000e+00
1.176227852702140808e-01 1.486591696739196777e-01 1.516623795032501221e-01 1.306188553571701050e-01 1.161027848720550537e-01 0.000000000000000000e+00
1.816016286611557007e-01 1.906586438417434692e-01 1.803869307041168213e-01 1.321320086717605591e-01 1.406382024288177490e-01 0.000000000000000000e+00
2.419952303171157837e-01 2.503174245357513428e-01 2.672797739505767822e-01 2.619554400444030762e-01 2.690663337707519531e-01 0.000000000000000000e+00
2.746818065643310547e-01 2.872413694858551025e-01 3.080622255802154541e-01 2.960935533046722412e-01 2.914879024028778076e-01 0.000000000000000000e+00
2.756585180759429932e-01 3.043115735054016113e-01 3.040453493595123291e-01 2.944495081901550293e-01 3.068966865539550781e-01 0.000000000000000000e+00
2.749832272529602051e-01 2.938693761825561523e-01 2.997517883777618408e-01 3.092624545097351074e-01 3.206386268138885498e-01 0.000000000000000000e+00
2.853029072284698486e-01 2.940047681331634521e-01 3.052598834037780762e-01 3.006910383701324463e-01 3.079052269458770752e-01 0.000000000000000000e+00
2.746091783046722412e-01 2.983231246471405029e-01 3.033123612403869629e-01 3.085389733314514160e-01 3.152269721031188965e-01 0.000000000000000000e+00
2.904115021228790283e-01 3.066117167472839355e-01 3.290440142154693604e-01 3.477022945880889893e-01 3.502387702465057373e-01 0.000000000000000000e+00
1.122468262910842896e-01 1.812903136014938354e-01 2.356183230876922607e-01 3.137163817882537842e-01 3.537570536136627197e-01 0.000000000000000000e+00
1.804684698581695557e-01 2.265604287385940552e-01 2.567313909530639648e-01 2.399860471487045288e-01 2.074924260377883911e-01 0.000000000000000000e+00
5.393573641777038574e-02 1.168239787220954895e-01 1.177969202399253845e-01 1.486067473888397217e-01 2.085402607917785645e-01 0.000000000000000000e+00
-1.919872500002384186e-02 -2.853689529001712799e-02 -6.417521741241216660e-03 9.930395521223545074e-03 3.407864272594451904e-02 0.000000000000000000e+00
1.226069405674934387e-01 2.242595404386520386e-01 2.390440404415130615e-01 2.085973918437957764e-01 1.432632505893707275e-01 0.000000000000000000e+00
2.155335843563079834e-01 2.416826486587524414e-01 2.157932221889495850e-01 2.448868751525878906e-01 2.577916085720062256e-01 0.000000000000000000e+00
-4.309389274567365646e-03 -1.201625447720289230e-02 6.764794886112213135e-02 2.102529853582382202e-01 2.158493697643280029e-01 0.000000000000000000e+00
2.652495503425598145e-01 3.043617606163024902e-01 3.000124990940093994e-01 3.079484403133392334e-01 3.120853602886199951e-01 0.000000000000000000e+00
1.876719594001770020e-01 1.893927156925201416e-01 2.996102869510650635e-01 3.190270364284515381e-01 3.375218808650970459e-01 0.000000000000000000e+00
-8.755827695131301880e-02 3.856123611330986023e-02 1.455493867397308350e-01 1.967765092849731445e-01 1.979514956474304199e-01 0.000000000000000000e+00
-1.276611536741256714e-01 -1.076473668217658997e-01 -9.847230464220046997e-02 -7.698426395654678345e-02 -6.460428982973098755e-02 0.000000000000000000e+00
2.628707792609930038e-03 3.252064809203147888e-02 -1.045738067477941513e-02 -2.982102707028388977e-02 -9.777873009443283081e-02 0.000000000000000000e+00
2.210974693298339844e-01 2.060602307319641113e-01 2.236173450946807861e-01 1.670611649751663208e-01 1.421018391847610474e-01 0.000000000000000000e+00
2.661789357662200928e-01 2.895447909832000732e-01 2.743273079395294189e-01 2.659145593643188477e-01 2.705154120922088623e-01 0.000000000000000000e+00
-3.694887459278106689e-02 1.583928912878036499e-01 3.050816059112548828e-01 3.409233689308166504e-01 4.719773828983306885e-01 0.000000000000000000e+00
-7.804275304079055786e-02 -8.223094791173934937e-02 1.061627641320228577e-02 6.987866014242172241e-02 8.979167044162750244e-02 0.000000000000000000e+00
-3.628953173756599426e-02 1.103349179029464722e-01 -2.800414338707923889e-02 -2.489052899181842804e-02 -3.913963586091995239e-02 0.000000000000000000e+00
-5.685737729072570801e-02 3.512248396873474121e-02 9.091164916753768921e-02 2.149852812290191650e-01 1.774296313524246216e-01 0.000000000000000000e+00
-6.040918827056884766e-02 -3.229221329092979431e-02 2.906331606209278107e-02 4.138122871518135071e-02 3.326255455613136292e-02 0.000000000000000000e+00
4.744208231568336487e-02 5.614833161234855652e-02 -9.454038809053599834e-04 9.814484044909477234e-03 8.927658945322036743e-02 0.000000000000000000e+00
1.263983268290758133e-02 8.329410851001739502e-02 3.688028454780578613e-02 4.144271090626716614e-02 5.773247778415679932e-02 0.000000000000000000e+00
1.227507740259170532e-01 2.291386276483535767e-01 2.544336020946502686e-01 2.348469793796539307e-01 1.984307020902633667e-01 0.000000000000000000e+00
1.405453830957412720e-01 2.069074809551239014e-01 2.419640272855758667e-01 2.423907965421676636e-01 2.031173706054687500e-01 0.000000000000000000e+00
2.057078033685684204e-01 2.755124568939208984e-01 2.384156882762908936e-01 2.547263503074645996e-01 2.805945873260498047e-01 0.000000000000000000e+00
2.745521366596221924e-01 2.993859946727752686e-01 3.397047519683837891e-01 2.935259342193603516e-01 3.011954724788665771e-01 0.000000000000000000e+00
2.378934919834136963e-01 3.231131434440612793e-01 3.567036092281341553e-01 3.330263495445251465e-01 3.478819727897644043e-01 0.000000000000000000e+00
2.422087341547012329e-01 3.318385183811187744e-01 3.599984645843505859e-01 3.823229670524597168e-01 3.783950507640838623e-01 0.000000000000000000e+00
1.670794486999511719e-01 1.519867330789566040e-01 2.172736674547195435e-01 2.974259257316589355e-01 3.423735797405242920e-01 0.000000000000000000e+00
-4.163757711648941040e-02 -9.426344186067581177e-02 -1.297015994787216187e-01 -1.344201415777206421e-01 -1.655448973178863525e-01 1.000000000000000000e+00
4.681802541017532349e-02 9.609256684780120850e-02 1.088991314172744751e-01 1.394379585981369019e-01 8.131163567304611206e-02 2.000000000000000000e+00
-4.163757711648941040e-02 -9.426344186067581177e-02 -1.297015994787216187e-01 -1.344201415777206421e-01 -1.655448973178863525e-01 1.000000000000000000e+00
4.681802541017532349e-02 9.609256684780120850e-02 1.088991314172744751e-01 1.394379585981369019e-01 8.131163567304611206e-02 2.000000000000000000e+00
-4.163757711648941040e-02 -9.426344186067581177e-02 -1.297015994787216187e-01 -1.344201415777206421e-01 -1.655448973178863525e-01 1.000000000000000000e+00
4.681802541017532349e-02 9.609256684780120850e-02 1.088991314172744751e-01 1.394379585981369019e-01 8.131163567304611206e-02 2.000000000000000000e+00
-4.163757711648941040e-02 -9.426344186067581177e-02 -1.297015994787216187e-01 -1.344201415777206421e-01 -1.655448973178863525e-01 1.000000000000000000e+00
4.681802541017532349e-02 9.609256684780120850e-02 1.088991314172744751e-01 1.394379585981369019e-01 8.131163567304611206e-02 2.000000000000000000e+00
-4.163757711648941040e-02 -9.426344186067581177e-02 -1.297015994787216187e-01 -1.344201415777206421e-01 -1.655448973178863525e-01 1.000000000000000000e+00
4.681802541017532349e-02 9.609256684780120850e-02 1.088991314172744751e-01 1.394379585981369019e-01 8.131163567304611206e-02 2.000000000000000000e+00
-4.163757711648941040e-02 -9.426344186067581177e-02 -1.297015994787216187e-01 -1.344201415777206421e-01 -1.655448973178863525e-01 1.000000000000000000e+00
4.681802541017532349e-02 9.609256684780120850e-02 1.088991314172744751e-01 1.394379585981369019e-01 8.131163567304611206e-02 2.000000000000000000e+00
-4.163757711648941040e-02 -9.426344186067581177e-02 -1.297015994787216187e-01 -1.344201415777206421e-01 -1.655448973178863525e-01 1.000000000000000000e+00
4.681802541017532349e-02 9.609256684780120850e-02 1.088991314172744751e-01 1.394379585981369019e-01 8.131163567304611206e-02 2.000000000000000000e+00
-4.163757711648941040e-02 -9.426344186067581177e-02 -1.297015994787216187e-01 -1.344201415777206421e-01 -1.655448973178863525e-01 1.000000000000000000e+00
4.681802541017532349e-02 9.609256684780120850e-02 1.088991314172744751e-01 1.394379585981369019e-01 8.131163567304611206e-02 2.000000000000000000e+00
-4.163757711648941040e-02 -9.426344186067581177e-02 -1.297015994787216187e-01 -1.344201415777206421e-01 -1.655448973178863525e-01 1.000000000000000000e+00
4.681802541017532349e-02 9.609256684780120850e-02 1.088991314172744751e-01 1.394379585981369019e-01 8.131163567304611206e-02 2.000000000000000000e+00
-4.163757711648941040e-02 -9.426344186067581177e-02 -1.297015994787216187e-01 -1.344201415777206421e-01 -1.655448973178863525e-01 1.000000000000000000e+00
4.681802541017532349e-02 9.609256684780120850e-02 1.088991314172744751e-01 1.394379585981369019e-01 8.131163567304611206e-02 2.000000000000000000e+00
3.577283024787902832e-01 3.700919449329376221e-01 4.266718029975891113e-01 4.327941834926605225e-01 4.043880999088287354e-01 0.000000000000000000e+00
3.097920119762420654e-01 3.935612440109252930e-01 4.441157281398773193e-01 4.450099468231201172e-01 4.633615016937255859e-01 0.000000000000000000e+00
2.706767022609710693e-01 3.556095957756042480e-01 3.572577536106109619e-01 3.339920043945312500e-01 3.394436240196228027e-01 0.000000000000000000e+00
2.289718389511108398e-01 3.138117194175720215e-01 3.317524492740631104e-01 3.383235931396484375e-01 3.460774719715118408e-01 0.000000000000000000e+00
1.724490225315093994e-01 2.330059558153152466e-01 2.623498141765594482e-01 2.646531462669372559e-01 3.099983632564544678e-01 0.000000000000000000e+00
2.526261508464813232e-01 2.948475778102874756e-01 3.266716301441192627e-01 3.306837081909179688e-01 3.166795074939727783e-01 0.000000000000000000e+00
1.633754223585128784e-01 2.389344424009323120e-01 2.382702231407165527e-01 2.770780324935913086e-01 3.047200143337249756e-01 0.000000000000000000e+00
1.064431443810462952e-01 8.554569631814956665e-02 1.202444583177566528e-01 1.573234796524047852e-01 1.169957742094993591e-01 0.000000000000000000e+00
2.760617621243000031e-02 9.826794266700744629e-02 1.028806790709495544e-01 1.329961419105529785e-01 1.637396067380905151e-01 0.000000000000000000e+00
1.543842256069183350e-01 1.849462687969207764e-01 1.690451800823211670e-01 1.128078550100326538e-01 6.643541902303695679e-02 0.000000000000000000e+00
1.705023497343063354e-01 1.661462187767028809e-01 1.678747236728668213e-01 1.626443564891815186e-01 1.517874896526336670e-01 0.000000000000000000e+00
1.685512065887451172e-01 1.689051091670989990e-01 1.651898473501205444e-01 1.626556515693664551e-01 1.568508297204971313e-01 0.000000000000000000e+00
1.700965315103530884e-01 1.724065691232681274e-01 1.697166711091995239e-01 1.682291924953460693e-01 1.640975773334503174e-01 0.000000000000000000e+00
1.715371459722518921e-01 1.690875589847564697e-01 1.660725474357604980e-01 1.689192354679107666e-01 1.715752184391021729e-01 0.000000000000000000e+00
-1.550242491066455841e-02 1.605311781167984009e-02 -2.657980890944600105e-03 4.981297999620437622e-03 -3.600075095891952515e-02 0.000000000000000000e+00
-6.076993420720100403e-02 -2.267222851514816284e-02 2.537279576063156128e-02 -7.586383074522018433e-02 4.073383659124374390e-02 0.000000000000000000e+00
2.542132735252380371e-01 2.805177867412567139e-01 2.574859857559204102e-01 2.218735367059707642e-01 1.569625139236450195e-01 0.000000000000000000e+00
2.665756940841674805e-01 3.174740970134735107e-01 2.959260046482086182e-01 2.771325111389160156e-01 2.903534770011901855e-01 0.000000000000000000e+00
2.644803822040557861e-01 2.969955503940582275e-01 3.469983339309692383e-01 3.565773069858551025e-01 3.226079046726226807e-01 0.000000000000000000e+00
-1.180234104394912720e-01 -1.359194219112396240e-01 -1.416484415531158447e-01 -1.349729150533676147e-01 -1.005899608135223389e-01 1.000000000000000000e+00
-1.097254008054733276e-01 -1.198307126760482788e-01 -1.154542192816734314e-01 -1.152474135160446167e-01 -1.128462851047515869e-01 2.000000000000000000e+00
-1.180234104394912720e-01 -1.359194219112396240e-01 -1.416484415531158447e-01 -1.349729150533676147e-01 -1.005899608135223389e-01 1.000000000000000000e+00
-1.097254008054733276e-01 -1.198307126760482788e-01 -1.154542192816734314e-01 -1.152474135160446167e-01 -1.128462851047515869e-01 2.000000000000000000e+00
-1.180234104394912720e-01 -1.359194219112396240e-01 -1.416484415531158447e-01 -1.349729150533676147e-01 -1.005899608135223389e-01 1.000000000000000000e+00
-1.097254008054733276e-01 -1.198307126760482788e-01 -1.154542192816734314e-01 -1.152474135160446167e-01 -1.128462851047515869e-01 2.000000000000000000e+00
-1.180234104394912720e-01 -1.359194219112396240e-01 -1.416484415531158447e-01 -1.349729150533676147e-01 -1.005899608135223389e-01 1.000000000000000000e+00
-1.097254008054733276e-01 -1.198307126760482788e-01 -1.154542192816734314e-01 -1.152474135160446167e-01 -1.128462851047515869e-01 2.000000000000000000e+00
-1.180234104394912720e-01 -1.359194219112396240e-01 -1.416484415531158447e-01 -1.349729150533676147e-01 -1.005899608135223389e-01 1.000000000000000000e+00
-1.097254008054733276e-01 -1.198307126760482788e-01 -1.154542192816734314e-01 -1.152474135160446167e-01 -1.128462851047515869e-01 2.000000000000000000e+00
-1.180234104394912720e-01 -1.359194219112396240e-01 -1.416484415531158447e-01 -1.349729150533676147e-01 -1.005899608135223389e-01 1.000000000000000000e+00
-1.097254008054733276e-01 -1.198307126760482788e-01 -1.154542192816734314e-01 -1.152474135160446167e-01 -1.128462851047515869e-01 2.000000000000000000e+00
-1.180234104394912720e-01 -1.359194219112396240e-01 -1.416484415531158447e-01 -1.349729150533676147e-01 -1.005899608135223389e-01 1.000000000000000000e+00
-1.097254008054733276e-01 -1.198307126760482788e-01 -1.154542192816734314e-01 -1.152474135160446167e-01 -1.128462851047515869e-01 2.000000000000000000e+00
-1.180234104394912720e-01 -1.359194219112396240e-01 -1.416484415531158447e-01 -1.349729150533676147e-01 -1.005899608135223389e-01 1.000000000000000000e+00
-1.097254008054733276e-01 -1.198307126760482788e-01 -1.154542192816734314e-01 -1.152474135160446167e-01 -1.128462851047515869e-01 2.000000000000000000e+00
-1.180234104394912720e-01 -1.359194219112396240e-01 -1.416484415531158447e-01 -1.349729150533676147e-01 -1.005899608135223389e-01 1.000000000000000000e+00
-1.097254008054733276e-01 -1.198307126760482788e-01 -1.154542192816734314e-01 -1.152474135160446167e-01 -1.128462851047515869e-01 2.000000000000000000e+00
-1.180234104394912720e-01 -1.359194219112396240e-01 -1.416484415531158447e-01 -1.349729150533676147e-01 -1.005899608135223389e-01 1.000000000000000000e+00
-1.097254008054733276e-01 -1.198307126760482788e-01 -1.154542192816734314e-01 -1.152474135160446167e-01 -1.128462851047515869e-01 2.000000000000000000e+00
1.661043614149093628e-02 3.105289116501808167e-02 6.779473274946212769e-02 5.966014787554740906e-02 6.038249284029006958e-02 0.000000000000000000e+00
-8.952938765287399292e-02 -8.293701708316802979e-02 -9.096135944128036499e-02 -3.077382966876029968e-02 5.023366585373878479e-02 0.000000000000000000e+00
-3.469312563538551331e-02 -4.288415610790252686e-02 -4.599593579769134521e-02 -8.045367151498794556e-02 -8.280515670776367188e-02 0.000000000000000000e+00
2.058117240667343140e-01 2.321461141109466553e-01 2.496513873338699341e-01 2.176558375358581543e-01 2.023945003747940063e-01 0.000000000000000000e+00
2.482248246669769287e-01 2.545354366302490234e-01 2.616086602210998535e-01 2.532959878444671631e-01 2.646725177764892578e-01 0.000000000000000000e+00
-6.759712100028991699e-02 -7.063107192516326904e-02 -6.480196118354797363e-02 -1.061574742197990417e-01 -1.474197804927825928e-01 1.000000000000000000e+00
-5.537748336791992188e-02 -3.753793239593505859e-02 1.711858669295907021e-03 5.810745432972908020e-02 3.710303455591201782e-02 2.000000000000000000e+00
-6.759712100028991699e-02 -7.063107192516326904e-02 -6.480196118354797363e-02 -1.061574742197990417e-01 -1.474197804927825928e-01 1.000000000000000000e+00
-5.537748336791992188e-02 -3.753793239593505859e-02 1.711858669295907021e-03 5.810745432972908020e-02 3.710303455591201782e-02 2.000000000000000000e+00
-6.759712100028991699e-02 -7.063107192516326904e-02 -6.480196118354797363e-02 -1.061574742197990417e-01 -1.474197804927825928e-01 1.000000000000000000e+00
-5.537748336791992188e-02 -3.753793239593505859e-02 1.711858669295907021e-03 5.810745432972908020e-02 3.710303455591201782e-02 2.000000000000000000e+00
-6.759712100028991699e-02 -7.063107192516326904e-02 -6.480196118354797363e-02 -1.061574742197990417e-01 -1.474197804927825928e-01 1.000000000000000000e+00
-5.537748336791992188e-02 -3.753793239593505859e-02 1.711858669295907021e-03 5.810745432972908020e-02 3.710303455591201782e-02 2.000000000000000000e+00
-6.759712100028991699e-02 -7.063107192516326904e-02 -6.480196118354797363e-02 -1.061574742197990417e-01 -1.474197804927825928e-01 1.000000000000000000e+00
-5.537748336791992188e-02 -3.753793239593505859e-02 1.711858669295907021e-03 5.810745432972908020e-02 3.710303455591201782e-02 2.000000000000000000e+00
-6.759712100028991699e-02 -7.063107192516326904e-02 -6.480196118354797363e-02 -1.061574742197990417e-01 -1.474197804927825928e-01 1.000000000000000000e+00
-5.537748336791992188e-02 -3.753793239593505859e-02 1.711858669295907021e-03 5.810745432972908020e-02 3.710303455591201782e-02 2.000000000000000000e+00
-6.759712100028991699e-02 -7.063107192516326904e-02 -6.480196118354797363e-02 -1.061574742197990417e-01 -1.474197804927825928e-01 1.000000000000000000e+00
-5.537748336791992188e-02 -3.753793239593505859e-02 1.711858669295907021e-03 5.810745432972908020e-02 3.710303455591201782e-02 2.000000000000000000e+00
-6.759712100028991699e-02 -7.063107192516326904e-02 -6.480196118354797363e-02 -1.061574742197990417e-01 -1.474197804927825928e-01 1.000000000000000000e+00
-5.537748336791992188e-02 -3.753793239593505859e-02 1.711858669295907021e-03 5.810745432972908020e-02 3.710303455591201782e-02 2.000000000000000000e+00
-6.759712100028991699e-02 -7.063107192516326904e-02 -6.480196118354797363e-02 -1.061574742197990417e-01 -1.474197804927825928e-01 1.000000000000000000e+00
-5.537748336791992188e-02 -3.753793239593505859e-02 1.711858669295907021e-03 5.810745432972908020e-02 3.710303455591201782e-02 2.000000000000000000e+00
-6.759712100028991699e-02 -7.063107192516326904e-02 -6.480196118354797363e-02 -1.061574742197990417e-01 -1.474197804927825928e-01 1.000000000000000000e+00
-5.537748336791992188e-02 -3.753793239593505859e-02 1.711858669295907021e-03 5.810745432972908020e-02 3.710303455591201782e-02 2.000000000000000000e+00
-3.842546418309211731e-02 -4.650554805994033813e-02 -2.986698597669601440e-02 7.335268706083297729e-02 1.477384418249130249e-01 0.000000000000000000e+00
4.625721275806427002e-02 1.039138734340667725e-01 6.704327464103698730e-02 6.954088062047958374e-02 1.254788488149642944e-01 0.000000000000000000e+00
1.453846096992492676e-01 1.473457664251327515e-01 1.644601076841354370e-01 1.596032381057739258e-01 1.005801260471343994e-01 0.000000000000000000e+00
1.821373254060745239e-01 2.098227441310882568e-01 2.358924746513366699e-01 2.406272739171981812e-01 2.348776757717132568e-01 0.000000000000000000e+00
2.233785688877105713e-01 2.321427613496780396e-01 2.852087914943695068e-01 2.943790853023529053e-01 2.842285633087158203e-01 0.000000000000000000e+00
2.268598973751068115e-01 2.515271604061126709e-01 2.534251511096954346e-01 2.873080670833587646e-01 2.791556119918823242e-01 0.000000000000000000e+00
2.631746828556060791e-01 2.849999964237213135e-01 2.862854599952697754e-01 2.867178618907928467e-01 2.911885082721710205e-01 0.000000000000000000e+00
5.093016102910041809e-02 1.752503067255020142e-01 1.830297410488128662e-01 2.071424424648284912e-01 2.074478119611740112e-01 0.000000000000000000e+00
-1.720673590898513794e-02 4.759114235639572144e-02 2.345534041523933411e-02 6.177922338247299194e-02 9.488400071859359741e-02 0.000000000000000000e+00
-1.199540123343467712e-01 -3.640227392315864563e-02 1.056887581944465637e-01 1.385044604539871216e-01 1.715793460607528687e-01 0.000000000000000000e+00
-2.099005877971649170e-01 -2.087908238172531128e-01 -1.879139095544815063e-01 -1.570401787757873535e-01 -1.077236980199813843e-01 0.000000000000000000e+00
-9.760480374097824097e-02 -9.027010202407836914e-02 -1.281679868698120117e-01 -1.516535878181457520e-01 -1.681130826473236084e-01 0.000000000000000000e+00
4.894141852855682373e-02 9.536620974540710449e-02 8.613057434558868408e-02 1.458294093608856201e-01 1.132110804319381714e-01 0.000000000000000000e+00
1.140023618936538696e-01 1.746429949998855591e-01 2.059014141559600830e-01 2.338021099567413330e-01 2.032035142183303833e-01 0.000000000000000000e+00
3.084979355335235596e-01 3.437208831310272217e-01 3.589719533920288086e-01 3.492074310779571533e-01 3.564221858978271484e-01 0.000000000000000000e+00
3.071890175342559814e-01 3.486103415489196777e-01 3.720979392528533936e-01 3.756284713745117188e-01 3.755999505519866943e-01 0.000000000000000000e+00
2.995789945125579834e-01 3.448541164398193359e-01 3.900388479232788086e-01 3.753967583179473877e-01 3.747339546680450439e-01 0.000000000000000000e+00
3.057586252689361572e-01 3.419460356235504150e-01 3.486956954002380371e-01 3.491375148296356201e-01 3.751584291458129883e-01 0.000000000000000000e+00
3.082566261291503906e-01 3.545891642570495605e-01 3.782990276813507080e-01 3.888503909111022949e-01 3.680809438228607178e-01 0.000000000000000000e+00
2.741517424583435059e-01 3.246310055255889893e-01 3.414651453495025635e-01 3.646456301212310791e-01 3.854720890522003174e-01 0.000000000000000000e+00
3.009520173072814941e-01 3.390694558620452881e-01 3.304405808448791504e-01 3.568960130214691162e-01 3.507782220840454102e-01 0.000000000000000000e+00
-1.064776927232742310e-01 -9.283612668514251709e-02 -4.593775048851966858e-02 -1.011966764926910400e-01 -1.188493892550468445e-01 0.000000000000000000e+00
4.011117853224277496e-03 5.112447217106819153e-02 3.706225380301475525e-02 -5.782347172498703003e-02 -2.872467227280139923e-02 0.000000000000000000e+00
-4.887309297919273376e-02 -5.900035798549652100e-02 -7.471159100532531738e-02 -2.978511340916156769e-02 5.536898388527333736e-04 0.000000000000000000e+00
-1.173262596130371094e-01 -1.172595992684364319e-01 -1.023259833455085754e-01 -1.087772175669670105e-01 -1.051718592643737793e-01 0.000000000000000000e+00
-1.065326388925313950e-02 6.350560486316680908e-02 4.591598734259605408e-02 -9.670559316873550415e-03 -1.007888838648796082e-01 0.000000000000000000e+00
1.979563683271408081e-01 2.149512916803359985e-01 2.126309722661972046e-01 2.228005528450012207e-01 1.960126012563705444e-01 0.000000000000000000e+00
-1.823836714029312134e-01 -1.963722705841064453e-01 -1.994039863348007202e-01 -1.576731950044631958e-01 -1.172197535634040833e-01 1.000000000000000000e+00
-8.973290771245956421e-02 -1.259905099868774414e-01 -1.452952176332473755e-01 -1.520647853612899780e-01 -1.780562400817871094e-01 2.000000000000000000e+00
-1.823836714029312134e-01 -1.963722705841064453e-01 -1.994039863348007202e-01 -1.576731950044631958e-01 -1.172197535634040833e-01 1.000000000000000000e+00
-8.973290771245956421e-02 -1.259905099868774414e-01 -1.452952176332473755e-01 -1.520647853612899780e-01 -1.780562400817871094e-01 2.000000000000000000e+00
-1.823836714029312134e-01 -1.963722705841064453e-01 -1.994039863348007202e-01 -1.576731950044631958e-01 -1.172197535634040833e-01 1.000000000000000000e+00
-8.973290771245956421e-02 -1.259905099868774414e-01 -1.452952176332473755e-01 -1.520647853612899780e-01 -1.780562400817871094e-01 2.000000000000000000e+00
-1.823836714029312134e-01 -1.963722705841064453e-01 -1.994039863348007202e-01 -1.576731950044631958e-01 -1.172197535634040833e-01 1.000000000000000000e+00
-8.973290771245956421e-02 -1.259905099868774414e-01 -1.452952176332473755e-01 -1.520647853612899780e-01 -1.780562400817871094e-01 2.000000000000000000e+00
-1.823836714029312134e-01 -1.963722705841064453e-01 -1.994039863348007202e-01 -1.576731950044631958e-01 -1.172197535634040833e-01 1.000000000000000000e+00
-8.973290771245956421e-02 -1.259905099868774414e-01 -1.452952176332473755e-01 -1.520647853612899780e-01 -1.780562400817871094e-01 2.000000000000000000e+00
-1.823836714029312134e-01 -1.963722705841064453e-01 -1.994039863348007202e-01 -1.576731950044631958e-01 -1.172197535634040833e-01 1.000000000000000000e+00
-8.973290771245956421e-02 -1.259905099868774414e-01 -1.452952176332473755e-01 -1.520647853612899780e-01 -1.780562400817871094e-01 2.000000000000000000e+00
-1.823836714029312134e-01 -1.963722705841064453e-01 -1.994039863348007202e-01 -1.576731950044631958e-01 -1.172197535634040833e-01 1.000000000000000000e+00
-8.973290771245956421e-02 -1.259905099868774414e-01 -1.452952176332473755e-01 -1.520647853612899780e-01 -1.780562400817871094e-01 2.000000000000000000e+00
-1.823836714029312134e-01 -1.963722705841064453e-01 -1.994039863348007202e-01 -1.576731950044631958e-01 -1.172197535634040833e-01 1.000000000000000000e+00
-8.973290771245956421e-02 -1.259905099868774414e-01 -1.452952176332473755e-01 -1.520647853612899780e-01 -1.780562400817871094e-01 2.000000000000000000e+00
-1.823836714029312134e-01 -1.963722705841064453e-01 -1.994039863348007202e-01 -1.576731950044631958e-01 -1.172197535634040833e-01 1.000000000000000000e+00
-8.973290771245956421e-02 -1.259905099868774414e-01 -1.452952176332473755e-01 -1.520647853612899780e-01 -1.780562400817871094e-01 2.000000000000000000e+00
-1.823836714029312134e-01 -1.963722705841064453e-01 -1.994039863348007202e-01 -1.576731950044631958e-01 -1.172197535634040833e-01 1.000000000000000000e+00
-8.973290771245956421e-02 -1.259905099868774414e-01 -1.452952176332473755e-01 -1.520647853612899780e-01 -1.780562400817871094e-01 2.000000000000000000e+00
3.709554076194763184e-01 4.870060086250305176e-01 5.192717313766479492e-01 5.441628694534301758e-01 5.055961608886718750e-01 0.000000000000000000e+00
4.547866284847259521e-01 4.518901705741882324e-01 4.592298567295074463e-01 4.425271451473236084e-01 4.604083895683288574e-01 0.000000000000000000e+00
3.988709747791290283e-01 4.449436068534851074e-01 5.079056024551391602e-01 5.587611794471740723e-01 5.998934507369995117e-01 0.000000000000000000e+00
4.623583257198333740e-01 5.448724031448364258e-01 5.766703486442565918e-01 5.365014076232910156e-01 5.204164385795593262e-01 0.000000000000000000e+00
3.943077027797698975e-01 4.499267637729644775e-01 4.700391590595245361e-01 4.992930591106414795e-01 5.684001445770263672e-01 0.000000000000000000e+00
3.988302350044250488e-01 5.034176707267761230e-01 5.328916311264038086e-01 5.363838672637939453e-01 5.511845350265502930e-01 0.000000000000000000e+00
4.122471511363983154e-01 4.446546733379364014e-01 4.749400019645690918e-01 4.710161387920379639e-01 5.264761447906494141e-01 0.000000000000000000e+00
2.935037314891815186e-01 3.125524818897247314e-01 3.133520483970642090e-01 3.231659233570098877e-01 3.276244997978210449e-01 0.000000000000000000e+00
2.674116790294647217e-01 3.610563874244689941e-01 3.730986714363098145e-01 3.293742239475250244e-01 3.279141485691070557e-01 0.000000000000000000e+00
2.708042562007904053e-01 3.338874280452728271e-01 3.612803518772125244e-01 3.480564057826995850e-01 3.960085809230804443e-01 0.000000000000000000e+00
2.590509355068206787e-01 2.842094898223876953e-01 2.992876172065734863e-01 3.025839626789093018e-01 3.160885274410247803e-01 0.000000000000000000e+00
2.852142453193664551e-01 2.989587187767028809e-01 3.080652952194213867e-01 3.112506866455078125e-01 3.138878047466278076e-01 0.000000000000000000e+00
1.668264418840408325e-01 1.758773922920227051e-01 1.890776306390762329e-01 2.220167964696884155e-01 2.834722995758056641e-01 0.000000000000000000e+00
3.787738457322120667e-02 8.401252329349517822e-02 8.586446940898895264e-02 1.077542677521705627e-01 1.388633549213409424e-01 0.000000000000000000e+00
2.353989034891128540e-01 2.835571467876434326e-01 2.679601907730102539e-01 2.669255137443542480e-01 2.570430636405944824e-01 0.000000000000000000e+00
1.991683542728424072e-01 2.624300122261047363e-01 2.652284801006317139e-01 2.871755063533782959e-01 3.143950998783111572e-01 0.000000000000000000e+00
1.986406296491622925e-01 2.176721245050430298e-01 2.584502100944519043e-01 2.614982724189758301e-01 2.700261175632476807e-01 0.000000000000000000e+00
2.194943875074386597e-01 2.606223225593566895e-01 2.914302051067352295e-01 2.930354177951812744e-01 2.654498815536499023e-01 0.000000000000000000e+00
1.422540098428726196e-01 2.046761512756347656e-01 2.495618462562561035e-01 2.398723214864730835e-01 2.560330927371978760e-01 0.000000000000000000e+00
1.528702080249786377e-01 1.510265022516250610e-01 1.947949379682540894e-01 2.200015038251876831e-01 1.883380115032196045e-01 0.000000000000000000e+00
5.834053456783294678e-02 1.540637761354446411e-01 1.800019890069961548e-01 1.961288601160049438e-01 2.320287674665451050e-01 0.000000000000000000e+00
-1.016108468174934387e-01 7.542578969150781631e-03 -2.591667696833610535e-02 -1.788475364446640015e-02 -6.862178444862365723e-02 0.000000000000000000e+00
-1.310405135154724121e-01 -1.340932697057723999e-01 -1.313447505235671997e-01 -1.441306769847869873e-01 -1.448490321636199951e-01 0.000000000000000000e+00
-1.541616022586822510e-01 -1.565154790878295898e-01 -1.258738934993743896e-01 -1.283246725797653198e-01 -1.266982257366180420e-01 0.000000000000000000e+00
-1.511391401290893555e-01 -1.588357239961624146e-01 -1.715371310710906982e-01 -1.649115532636642456e-01 -1.616114675998687744e-01 0.000000000000000000e+00
-1.393309235572814941e-01 -1.349667906761169434e-01 -1.538414359092712402e-01 -1.368212997913360596e-01 -1.440632790327072144e-01 0.000000000000000000e+00
-1.652141064405441284e-01 -1.632902622222900391e-01 -1.689711660146713257e-01 -1.546970903873443604e-01 -1.648629903793334961e-01 0.000000000000000000e+00
-1.547253727912902832e-01 -1.600415110588073730e-01 -1.697397828102111816e-01 -1.696890145540237427e-01 -1.668073385953903198e-01 0.000000000000000000e+00
1.487906873226165771e-01 2.147817164659500122e-01 8.166151493787765503e-02 1.680770218372344971e-01 1.834328770637512207e-01 0.000000000000000000e+00
2.047673761844635010e-01 2.030690759420394897e-01 2.734637260437011719e-01 2.596875131130218506e-01 2.561670839786529541e-01 0.000000000000000000e+00
2.349921613931655884e-01 3.116078972816467285e-01 3.107316792011260986e-01 3.151433467864990234e-01 2.831692099571228027e-01 0.000000000000000000e+00
1.069515272974967957e-01 7.781809568405151367e-02 1.689379364252090454e-01 2.583221495151519775e-01 2.962994873523712158e-01 0.000000000000000000e+00
-2.865881845355033875e-02 6.417883932590484619e-02 4.240883886814117432e-02 5.452218651771545410e-02 -4.305020719766616821e-02 0.000000000000000000e+00
-5.221320316195487976e-02 6.203609704971313477e-02 1.398817449808120728e-01 1.276766955852508545e-01 4.698071256279945374e-02 0.000000000000000000e+00
5.640083551406860352e-02 8.368187397718429565e-02 9.658579714596271515e-03 -1.934899203479290009e-02 -7.351540774106979370e-02 0.000000000000000000e+00
3.464418053627014160e-01 3.721059560775756836e-01 3.971297740936279297e-01 4.034003615379333496e-01 4.003023803234100342e-01 0.000000000000000000e+00
3.449094593524932861e-01 3.904218673706054688e-01 4.046043157577514648e-01 4.122188091278076172e-01 4.167663455009460449e-01 0.000000000000000000e+00
3.558484911918640137e-01 3.924418091773986816e-01 4.117774367332458496e-01 4.139172434806823730e-01 4.149836003780364990e-01 0.000000000000000000e+00
3.477288484573364258e-01 3.680542409420013428e-01 3.883197009563446045e-01 3.932334780693054199e-01 4.109660387039184570e-01 0.000000000000000000e+00
3.413144350051879883e-01 3.772885501384735107e-01 4.133771359920501709e-01 4.121649861335754395e-01 4.161641001701354980e-01 0.000000000000000000e+00
3.674246370792388916e-01 4.054969549179077148e-01 4.180121123790740967e-01 4.094124734401702881e-01 3.986185491085052490e-01 0.000000000000000000e+00
2.911667227745056152e-01 3.112850785255432129e-01 3.631019592285156250e-01 4.241108000278472900e-01 4.201794564723968506e-01 0.000000000000000000e+00
3.786578774452209473e-01 4.371939897537231445e-01 5.222520828247070312e-01 5.229943990707397461e-01 5.319888591766357422e-01 0.000000000000000000e+00
3.685519099235534668e-01 4.310984611511230469e-01 4.545788168907165527e-01 4.724526703357696533e-01 4.681366086006164551e-01 0.000000000000000000e+00
2.549585998058319092e-01 2.863160669803619385e-01 3.358465433120727539e-01 3.638019263744354248e-01 4.030660390853881836e-01 0.000000000000000000e+00
2.453932762145996094e-01 2.603230476379394531e-01 2.908791601657867432e-01 3.035201132297515869e-01 3.046283721923828125e-01 0.000000000000000000e+00
2.179994434118270874e-01 2.826318740844726562e-01 2.708147466182708740e-01 2.729705274105072021e-01 2.750806808471679688e-01 0.000000000000000000e+00
1.575396358966827393e-01 2.487740516662597656e-01 2.419886142015457153e-01 2.607446908950805664e-01 2.668382227420806885e-01 0.000000000000000000e+00
1.145050451159477234e-01 1.759593039751052856e-01 2.291187345981597900e-01 2.126349210739135742e-01 2.196059226989746094e-01 0.000000000000000000e+00
3.031819760799407959e-01 3.425379395484924316e-01 3.451237976551055908e-01 3.312077820301055908e-01 2.601747512817382812e-01 0.000000000000000000e+00
3.410527408123016357e-01 3.904112875461578369e-01 3.660819232463836670e-01 3.846277892589569092e-01 4.339970052242279053e-01 0.000000000000000000e+00
2.647236585617065430e-01 3.615851104259490967e-01 3.932182192802429199e-01 4.292108118534088135e-01 4.097907543182373047e-01 0.000000000000000000e+00
-2.573093771934509277e-02 1.307239830493927002e-01 1.955589056015014648e-01 2.256733626127243042e-01 3.564664125442504883e-01 0.000000000000000000e+00
-6.164469569921493530e-02 -8.967023342847824097e-02 1.813670247793197632e-02 1.085584387183189392e-01 2.633029967546463013e-02 0.000000000000000000e+00
-1.150309965014457703e-01 -4.379618167877197266e-02 -8.541890233755111694e-02 -8.061910420656204224e-02 -4.048081487417221069e-02 0.000000000000000000e+00
-1.254292875528335571e-01 -1.200372502207756042e-01 -8.217015117406845093e-02 -3.496988490223884583e-02 -8.745705336332321167e-02 0.000000000000000000e+00
3.619319796562194824e-01 4.074049592018127441e-01 4.520626068115234375e-01 5.195329189300537109e-01 5.574167966842651367e-01 0.000000000000000000e+00
4.211393594741821289e-01 5.325784087181091309e-01 5.374169945716857910e-01 4.997274577617645264e-01 4.711161255836486816e-01 0.000000000000000000e+00
4.227915406227111816e-01 4.785618782043457031e-01 4.977627396583557129e-01 5.047629475593566895e-01 5.329498052597045898e-01 0.000000000000000000e+00
4.436561167240142822e-01 5.384743213653564453e-01 5.719817876815795898e-01 5.893381237983703613e-01 5.498977899551391602e-01 0.000000000000000000e+00
4.118998050689697266e-01 4.517339468002319336e-01 4.724408090114593506e-01 4.695740640163421631e-01 5.179696679115295410e-01 0.000000000000000000e+00
4.348443448543548584e-01 5.061891674995422363e-01 5.477821826934814453e-01 5.635095834732055664e-01 5.595388412475585938e-01 0.000000000000000000e+00
4.425666034221649170e-01 4.283350110054016113e-01 4.660586714744567871e-01 4.634763896465301514e-01 5.086438655853271484e-01 0.000000000000000000e+00
2.568149268627166748e-01 2.620174884796142578e-01 2.658819556236267090e-01 2.655518949031829834e-01 2.684975862503051758e-01 0.000000000000000000e+00
2.487448602914810181e-01 2.591480314731597900e-01 2.661497294902801514e-01 2.641539871692657471e-01 2.683485746383666992e-01 0.000000000000000000e+00
2.567995488643646240e-01 2.624674737453460693e-01 2.637858688831329346e-01 2.675165832042694092e-01 2.696846425533294678e-01 0.000000000000000000e+00
2.596115171909332275e-01 2.742668390274047852e-01 2.723924219608306885e-01 2.769806981086730957e-01 2.729493379592895508e-01 0.000000000000000000e+00
2.466712296009063721e-01 2.589010894298553467e-01 2.648913860321044922e-01 2.621624767780303955e-01 2.622577548027038574e-01 0.000000000000000000e+00
2.434703260660171509e-01 2.624962329864501953e-01 2.709063291549682617e-01 2.807444334030151367e-01 2.776043713092803955e-01 0.000000000000000000e+00
2.738727927207946777e-01 2.837559878826141357e-01 2.841279208660125732e-01 2.668247818946838379e-01 2.666554152965545654e-01 0.000000000000000000e+00
2.141881585121154785e-01 2.628047168254852295e-01 3.113271892070770264e-01 3.446320593357086182e-01 3.467996120452880859e-01 0.000000000000000000e+00
1.142575442790985107e-01 1.654118448495864868e-01 1.625961810350418091e-01 1.628691554069519043e-01 2.404738366603851318e-01 0.000000000000000000e+00
-4.429192282259464264e-03 6.181320175528526306e-02 9.117532521486282349e-02 1.995164901018142700e-01 1.538268774747848511e-01 0.000000000000000000e+00
-1.061191931366920471e-01 1.454203273169696331e-03 2.351462841033935547e-02 1.167172864079475403e-01 7.730504125356674194e-02 0.000000000000000000e+00
-1.524234116077423096e-01 -1.180532649159431458e-01 -1.068335622549057007e-01 -1.082249879837036133e-01 -8.712027966976165771e-02 0.000000000000000000e+00
-1.173202991485595703e-01 -9.761719405651092529e-02 -1.189466938376426697e-01 -1.019630879163742065e-01 -1.305132508277893066e-01 0.000000000000000000e+00
-1.315979510545730591e-01 -1.197544485330581665e-01 -8.001555502414703369e-02 -8.480561524629592896e-02 -8.790609985589981079e-02 0.000000000000000000e+00
2.293746173381805420e-01 3.670482039451599121e-01 4.166017174720764160e-01 4.178447723388671875e-01 4.158062040805816650e-01 0.000000000000000000e+00
3.951616585254669189e-02 -5.405976902693510056e-03 6.291550397872924805e-02 1.799883246421813965e-01 2.039726227521896362e-01 0.000000000000000000e+00
1.862773597240447998e-01 2.356597334146499634e-01 1.919914036989212036e-01 1.505145430564880371e-01 9.874133765697479248e-02 0.000000000000000000e+00
1.218005716800689697e-01 1.459850668907165527e-01 1.543664783239364624e-01 1.537860035896301270e-01 1.821267306804656982e-01 0.000000000000000000e+00
-2.273399149999022484e-03 6.240449845790863037e-02 1.347762495279312134e-01 2.637922763824462891e-01 2.659522891044616699e-01 0.000000000000000000e+00
2.107098996639251709e-01 2.864996194839477539e-01 2.258989661931991577e-01 1.173750534653663635e-01 9.281446784734725952e-02 0.000000000000000000e+00
2.079050242900848389e-01 3.008439838886260986e-01 3.486002981662750244e-01 3.375758528709411621e-01 2.908442020416259766e-01 0.000000000000000000e+00
3.149164915084838867e-01 3.472040891647338867e-01 3.881147205829620361e-01 4.049192965030670166e-01 4.303047955036163330e-01 0.000000000000000000e+00
2.882735133171081543e-01 3.035172522068023682e-01 3.120562434196472168e-01 3.246338367462158203e-01 3.275159001350402832e-01 0.000000000000000000e+00
2.936012744903564453e-01 3.249846100807189941e-01 3.456437289714813232e-01 3.259373605251312256e-01 3.177762925624847412e-01 0.000000000000000000e+00
2.149134576320648193e-01 2.535556256771087646e-01 2.898473441600799561e-01 3.016747832298278809e-01 3.272045552730560303e-01 0.000000000000000000e+00
1.507527381181716919e-01 1.904802620410919189e-01 3.008730709552764893e-01 2.649878561496734619e-01 2.835772037506103516e-01 0.000000000000000000e+00
2.132792174816131592e-01 2.324388325214385986e-01 3.329921662807464600e-01 3.415212631225585938e-01 2.757102251052856445e-01 0.000000000000000000e+00
-3.867027908563613892e-02 1.095220372080802917e-01 2.237508296966552734e-01 2.548915445804595947e-01 2.818787693977355957e-01 0.000000000000000000e+00
3.824064135551452637e-01 4.790005683898925781e-01 4.917517304420471191e-01 5.047426819801330566e-01 4.946027100086212158e-01 0.000000000000000000e+00
3.801548480987548828e-01 4.233617484569549561e-01 4.806733429431915283e-01 5.029675960540771484e-01 4.968255162239074707e-01 0.000000000000000000e+00
4.111594557762145996e-01 4.786818027496337891e-01 5.329783558845520020e-01 5.350723862648010254e-01 5.017883181571960449e-01 0.000000000000000000e+00
3.076071441173553467e-01 3.335117697715759277e-01 3.695808053016662598e-01 3.957775533199310303e-01 4.513816237449645996e-01 0.000000000000000000e+00
3.301547467708587646e-01 4.061243236064910889e-01 4.225722849369049072e-01 4.375772774219512939e-01 4.025337994098663330e-01 0.000000000000000000e+00
1.673228144645690918e-01 1.991126388311386108e-01 2.520927190780639648e-01 3.280385732650756836e-01 3.868435323238372803e-01 0.000000000000000000e+00
-1.040518749505281448e-02 1.372675597667694092e-01 2.218146026134490967e-01 2.236873060464859009e-01 2.602953314781188965e-01 0.000000000000000000e+00
3.549124300479888916e-01 3.948224484920501709e-01 4.115955531597137451e-01 4.155136346817016602e-01 4.161599576473236084e-01 0.000000000000000000e+00
3.674752712249755859e-01 4.038534462451934814e-01 4.174467623233795166e-01 4.241584539413452148e-01 4.255208671092987061e-01 0.000000000000000000e+00
3.552760481834411621e-01 4.061328470706939697e-01 4.204812943935394287e-01 4.275899529457092285e-01 4.306756258010864258e-01 0.000000000000000000e+00
3.572851121425628662e-01 3.927572071552276611e-01 4.136447608470916748e-01 4.207350313663482666e-01 4.264896512031555176e-01 0.000000000000000000e+00
3.642507493495941162e-01 4.085245430469512939e-01 4.318912029266357422e-01 4.378408491611480713e-01 4.383138418197631836e-01 0.000000000000000000e+00
3.602170050144195557e-01 4.036691188812255859e-01 4.260866940021514893e-01 4.318954646587371826e-01 4.398105442523956299e-01 0.000000000000000000e+00
3.545068800449371338e-01 3.961439430713653564e-01 4.147104620933532715e-01 4.278908967971801758e-01 4.345135390758514404e-01 0.000000000000000000e+00
-2.686225809156894684e-03 8.119960874319076538e-02 2.022515982389450073e-01 2.340290993452072144e-01 2.174784094095230103e-01 0.000000000000000000e+00
-4.245923832058906555e-02 -2.038323879241943359e-02 9.209075570106506348e-02 -4.588251467794179916e-03 3.644421324133872986e-02 0.000000000000000000e+00
1.209600493311882019e-01 1.252137124538421631e-01 1.222918406128883362e-01 1.216530427336692810e-01 6.982451304793357849e-03 0.000000000000000000e+00
8.540808409452438354e-02 2.083092629909515381e-01 2.072126567363739014e-01 2.468833774328231812e-01 2.537124454975128174e-01 0.000000000000000000e+00
5.616040900349617004e-02 1.948098689317703247e-01 1.650843918323516846e-01 1.648850440979003906e-01 2.082040458917617798e-01 0.000000000000000000e+00
2.134626358747482300e-01 2.548484206199645996e-01 2.365779131650924683e-01 2.372610121965408325e-01 2.151790410280227661e-01 0.000000000000000000e+00
3.174729645252227783e-01 3.421333730220794678e-01 3.066497147083282471e-01 3.167207539081573486e-01 3.274987339973449707e-01 0.000000000000000000e+00
-6.605367362499237061e-02 -6.076186150312423706e-02 -6.088155508041381836e-02 -3.953285887837409973e-02 -4.368566349148750305e-02 1.000000000000000000e+00
1.110719703137874603e-02 8.271764963865280151e-02 7.423450797796249390e-02 6.128198280930519104e-02 7.133850455284118652e-02 2.000000000000000000e+00
-6.605367362499237061e-02 -6.076186150312423706e-02 -6.088155508041381836e-02 -3.953285887837409973e-02 -4.368566349148750305e-02 1.000000000000000000e+00
1.110719703137874603e-02 8.271764963865280151e-02 7.423450797796249390e-02 6.128198280930519104e-02 7.133850455284118652e-02 2.000000000000000000e+00
-6.605367362499237061e-02 -6.076186150312423706e-02 -6.088155508041381836e-02 -3.953285887837409973e-02 -4.368566349148750305e-02 1.000000000000000000e+00
1.110719703137874603e-02 8.271764963865280151e-02 7.423450797796249390e-02 6.128198280930519104e-02 7.133850455284118652e-02 2.000000000000000000e+00
-6.605367362499237061e-02 -6.076186150312423706e-02 -6.088155508041381836e-02 -3.953285887837409973e-02 -4.368566349148750305e-02 1.000000000000000000e+00
1.110719703137874603e-02 8.271764963865280151e-02 7.423450797796249390e-02 6.128198280930519104e-02 7.133850455284118652e-02 2.000000000000000000e+00
-6.605367362499237061e-02 -6.076186150312423706e-02 -6.088155508041381836e-02 -3.953285887837409973e-02 -4.368566349148750305e-02 1.000000000000000000e+00
1.110719703137874603e-02 8.271764963865280151e-02 7.423450797796249390e-02 6.128198280930519104e-02 7.133850455284118652e-02 2.000000000000000000e+00
-6.605367362499237061e-02 -6.076186150312423706e-02 -6.088155508041381836e-02 -3.953285887837409973e-02 -4.368566349148750305e-02 1.000000000000000000e+00
1.110719703137874603e-02 8.271764963865280151e-02 7.423450797796249390e-02 6.128198280930519104e-02 7.133850455284118652e-02 2.000000000000000000e+00
-6.605367362499237061e-02 -6.076186150312423706e-02 -6.088155508041381836e-02 -3.953285887837409973e-02 -4.368566349148750305e-02 1.000000000000000000e+00
1.110719703137874603e-02 8.271764963865280151e-02 7.423450797796249390e-02 6.128198280930519104e-02 7.133850455284118652e-02 2.000000000000000000e+00
-6.605367362499237061e-02 -6.076186150312423706e-02 -6.088155508041381836e-02 -3.953285887837409973e-02 -4.368566349148750305e-02 1.000000000000000000e+00
1.110719703137874603e-02 8.271764963865280151e-02 7.423450797796249390e-02 6.128198280930519104e-02 7.133850455284118652e-02 2.000000000000000000e+00
-6.605367362499237061e-02 -6.076186150312423706e-02 -6.088155508041381836e-02 -3.953285887837409973e-02 -4.368566349148750305e-02 1.000000000000000000e+00
1.110719703137874603e-02 8.271764963865280151e-02 7.423450797796249390e-02 6.128198280930519104e-02 7.133850455284118652e-02 2.000000000000000000e+00
-6.605367362499237061e-02 -6.076186150312423706e-02 -6.088155508041381836e-02 -3.953285887837409973e-02 -4.368566349148750305e-02 1.000000000000000000e+00
1.110719703137874603e-02 8.271764963865280151e-02 7.423450797796249390e-02 6.128198280930519104e-02 7.133850455284118652e-02 2.000000000000000000e+00
2.526320815086364746e-01 2.765982747077941895e-01 2.646120786666870117e-01 2.740741372108459473e-01 2.754309773445129395e-01 0.000000000000000000e+00
2.445483654737472534e-01 2.623438239097595215e-01 2.794474363327026367e-01 2.784003913402557373e-01 2.791504561901092529e-01 0.000000000000000000e+00
2.445347160100936890e-01 2.510330975055694580e-01 2.517486512660980225e-01 2.660863697528839111e-01 2.696265876293182373e-01 0.000000000000000000e+00
2.100970000028610229e-01 2.321246862411499023e-01 2.361109405755996704e-01 2.444605976343154907e-01 2.483266741037368774e-01 0.000000000000000000e+00
2.263452112674713135e-01 2.385011911392211914e-01 2.355189919471740723e-01 2.328107357025146484e-01 2.415141314268112183e-01 0.000000000000000000e+00
2.527176141738891602e-01 2.571574449539184570e-01 2.567231655120849609e-01 2.528268992900848389e-01 2.507714629173278809e-01 0.000000000000000000e+00
2.301757186651229858e-01 2.511097788810729980e-01 2.761093080043792725e-01 2.776933014392852783e-01 2.723408639430999756e-01 0.000000000000000000e+00
1.920437067747116089e-01 2.507750391960144043e-01 2.775145769119262695e-01 3.061414957046508789e-01 3.125885128974914551e-01 0.000000000000000000e+00
1.713052988052368164e-01 2.250929325819015503e-01 2.232936918735504150e-01 2.373066842555999756e-01 2.279780209064483643e-01 0.000000000000000000e+00
1.971390247344970703e-01 2.048101425170898438e-01 2.177717834711074829e-01 2.156922072172164917e-01 2.194311320781707764e-01 0.000000000000000000e+00
9.942402690649032593e-02 1.797296702861785889e-01 2.236677408218383789e-01 2.213979661464691162e-01 1.920132488012313843e-01 0.000000000000000000e+00
4.562968388199806213e-02 7.193285226821899414e-02 1.039110571146011353e-01 8.874881267547607422e-02 5.304082483053207397e-02 0.000000000000000000e+00
8.964318037033081055e-02 9.965784102678298950e-02 9.271022677421569824e-02 1.311713457107543945e-01 1.467029154300689697e-01 0.000000000000000000e+00
-1.001514196395874023e-01 -8.878484368324279785e-02 -4.682730510830879211e-02 -6.597439944744110107e-02 4.031986370682716370e-02 0.000000000000000000e+00
2.613889276981353760e-01 2.958801090717315674e-01 2.683116793632507324e-01 2.381211519241333008e-01 2.362684160470962524e-01 0.000000000000000000e+00
2.450262904167175293e-01 2.673861682415008545e-01 2.599268257617950439e-01 2.438093572854995728e-01 2.591255605220794678e-01 0.000000000000000000e+00
2.729424834251403809e-01 2.828427851200103760e-01 2.854976356029510498e-01 2.685131728649139404e-01 2.803024947643280029e-01 0.000000000000000000e+00
2.750925719738006592e-01 2.829485237598419189e-01 2.866398990154266357e-01 2.974620163440704346e-01 2.941375672817230225e-01 0.000000000000000000e+00
2.711439132690429688e-01 2.774531245231628418e-01 2.932931184768676758e-01 2.971578836441040039e-01 2.844750881195068359e-01 0.000000000000000000e+00
2.365253269672393799e-01 2.409871667623519897e-01 2.713803946971893311e-01 2.842654883861541748e-01 2.761775255203247070e-01 0.000000000000000000e+00
2.530249655246734619e-01 2.679759562015533447e-01 2.590793967247009277e-01 2.768178880214691162e-01 2.492292672395706177e-01 0.000000000000000000e+00
-5.912968888878822327e-02 -6.127437110990285873e-03 7.393574714660644531e-02 1.519047319889068604e-01 1.293580383062362671e-01 0.000000000000000000e+00
9.970822185277938843e-02 7.734385132789611816e-02 1.379002034664154053e-01 1.348852515220642090e-01 1.018344312906265259e-01 0.000000000000000000e+00
2.626378536224365234e-01 2.528506219387054443e-01 2.974667251110076904e-01 2.891548871994018555e-01 3.009326457977294922e-01 0.000000000000000000e+00
3.065107762813568115e-01 3.639093339443206787e-01 3.821764886379241943e-01 3.918229043483734131e-01 3.462331891059875488e-01 0.000000000000000000e+00
1.977693438529968262e-01 2.670056223869323730e-01 2.924285531044006348e-01 3.108696341514587402e-01 3.630441129207611084e-01 0.000000000000000000e+00
9.920817613601684570e-02 1.068382188677787781e-01 1.895889490842819214e-01 2.069403976202011108e-01 1.964223086833953857e-01 0.000000000000000000e+00
-1.137730032205581665e-01 -3.927434235811233521e-02 3.053158521652221680e-02 2.157389819622039795e-01 1.203495040535926819e-01 0.000000000000000000e+00
9.892281377688050270e-04 1.753035932779312134e-02 -4.441950470209121704e-02 -6.584233045578002930e-02 6.595806684345006943e-03 0.000000000000000000e+00
1.011878773570060730e-01 1.184768006205558777e-01 1.832055002450942993e-01 4.565905034542083740e-02 6.530623883008956909e-02 0.000000000000000000e+00
1.599424332380294800e-01 2.168827950954437256e-01 2.065282166004180908e-01 2.163635194301605225e-01 2.247416526079177856e-01 0.000000000000000000e+00
2.166245579719543457e-01 2.793158590793609619e-01 2.732800543308258057e-01 2.669191658496856689e-01 2.725315690040588379e-01 0.000000000000000000e+00
2.652572393417358398e-01 2.791981399059295654e-01 2.890330255031585693e-01 2.881834506988525391e-01 2.866006195545196533e-01 0.000000000000000000e+00
2.738628089427947998e-01 2.971927225589752197e-01 2.922596633434295654e-01 3.262580037117004395e-01 3.179512917995452881e-01 0.000000000000000000e+00
2.073178738355636597e-01 2.753277719020843506e-01 2.919961214065551758e-01 2.920870780944824219e-01 2.976628541946411133e-01 0.000000000000000000e+00
-6.857498735189437866e-02 -5.913197621703147888e-02 -7.224883139133453369e-02 -3.990057855844497681e-02 -2.516298368573188782e-02 1.000000000000000000e+00
3.190486878156661987e-02 5.207556113600730896e-02 4.196585714817047119e-02 1.769731193780899048e-02 4.140833392739295959e-02 2.000000000000000000e+00
-6.857498735189437866e-02 -5.913197621703147888e-02 -7.224883139133453369e-02 -3.990057855844497681e-02 -2.516298368573188782e-02 1.000000000000000000e+00
3.190486878156661987e-02 5.207556113600730896e-02 4.196585714817047119e-02 1.769731193780899048e-02 4.140833392739295959e-02 2.000000000000000000e+00
-6.857498735189437866e-02 -5.913197621703147888e-02 -7.224883139133453369e-02 -3.990057855844497681e-02 -2.516298368573188782e-02 1.000000000000000000e+00
3.190486878156661987e-02 5.207556113600730896e-02 4.196585714817047119e-02 1.769731193780899048e-02 4.140833392739295959e-02 2.000000000000000000e+00
-6.857498735189437866e-02 -5.913197621703147888e-02 -7.224883139133453369e-02 -3.990057855844497681e-02 -2.516298368573188782e-02 1.000000000000000000e+00
3.190486878156661987e-02 5.207556113600730896e-02 4.196585714817047119e-02 1.769731193780899048e-02 4.140833392739295959e-02 2.000000000000000000e+00
-6.857498735189437866e-02 -5.913197621703147888e-02 -7.224883139133453369e-02 -3.990057855844497681e-02 -2.516298368573188782e-02 1.000000000000000000e+00
3.190486878156661987e-02 5.207556113600730896e-02 4.196585714817047119e-02 1.769731193780899048e-02 4.140833392739295959e-02 2.000000000000000000e+00
-6.857498735189437866e-02 -5.913197621703147888e-02 -7.224883139133453369e-02 -3.990057855844497681e-02 -2.516298368573188782e-02 1.000000000000000000e+00
3.190486878156661987e-02 5.207556113600730896e-02 4.196585714817047119e-02 1.769731193780899048e-02 4.140833392739295959e-02 2.000000000000000000e+00
-6.857498735189437866e-02 -5.913197621703147888e-02 -7.224883139133453369e-02 -3.990057855844497681e-02 -2.516298368573188782e-02 1.000000000000000000e+00
3.190486878156661987e-02 5.207556113600730896e-02 4.196585714817047119e-02 1.769731193780899048e-02 4.140833392739295959e-02 2.000000000000000000e+00
-6.857498735189437866e-02 -5.913197621703147888e-02 -7.224883139133453369e-02 -3.990057855844497681e-02 -2.516298368573188782e-02 1.000000000000000000e+00
3.190486878156661987e-02 5.207556113600730896e-02 4.196585714817047119e-02 1.769731193780899048e-02 4.140833392739295959e-02 2.000000000000000000e+00
-6.857498735189437866e-02 -5.913197621703147888e-02 -7.224883139133453369e-02 -3.990057855844497681e-02 -2.516298368573188782e-02 1.000000000000000000e+00
3.190486878156661987e-02 5.207556113600730896e-02 4.196585714817047119e-02 1.769731193780899048e-02 4.140833392739295959e-02 2.000000000000000000e+00
-6.857498735189437866e-02 -5.913197621703147888e-02 -7.224883139133453369e-02 -3.990057855844497681e-02 -2.516298368573188782e-02 1.000000000000000000e+00
3.190486878156661987e-02 5.207556113600730896e-02 4.196585714817047119e-02 1.769731193780899048e-02 4.140833392739295959e-02 2.000000000000000000e+00
3.237603604793548584e-01 3.486157357692718506e-01 3.642634153366088867e-01 3.818698227405548096e-01 4.014449417591094971e-01 0.000000000000000000e+00
2.503549754619598389e-01 2.580883800983428955e-01 2.893692255020141602e-01 3.485003411769866943e-01 3.861302435398101807e-01 0.000000000000000000e+00
1.345536857843399048e-01 1.197632849216461182e-01 6.897012889385223389e-02 1.911769658327102661e-01 2.356218695640563965e-01 0.000000000000000000e+00
2.498312294483184814e-01 2.866069674491882324e-01 3.220324218273162842e-01 2.907291650772094727e-01 2.233999520540237427e-01 0.000000000000000000e+00
-2.161798626184463501e-02 2.025689929723739624e-01 2.609224617481231689e-01 2.656055092811584473e-01 3.335776329040527344e-01 0.000000000000000000e+00
1.612145453691482544e-01 1.051864847540855408e-01 3.047009697183966637e-03 -7.232875376939773560e-02 -9.167545288801193237e-02 0.000000000000000000e+00
-1.190552264451980591e-01 -1.152975857257843018e-01 -9.873281419277191162e-02 1.884917020797729492e-01 2.331791371107101440e-01 0.000000000000000000e+00
-1.012070253491401672e-01 -9.401223063468933105e-02 -3.769260644912719727e-02 7.225494086742401123e-02 1.866751909255981445e-01 0.000000000000000000e+00
-1.499480903148651123e-01 -1.378890722990036011e-01 -1.944089233875274658e-01 -1.843082904815673828e-01 -1.600413173437118530e-01 0.000000000000000000e+00
-4.168991371989250183e-02 2.670386247336864471e-02 8.163568563759326935e-03 -9.220892935991287231e-02 -1.187632977962493896e-01 0.000000000000000000e+00
2.127441614866256714e-01 2.381345927715301514e-01 2.152069509029388428e-01 1.864022165536880493e-01 1.350183337926864624e-01 0.000000000000000000e+00
3.542412817478179932e-01 3.838616013526916504e-01 3.835872411727905273e-01 3.741562962532043457e-01 3.676407039165496826e-01 0.000000000000000000e+00
2.138772010803222656e-01 2.489472180604934692e-01 2.633063793182373047e-01 2.645177543163299561e-01 2.587482631206512451e-01 1.000000000000000000e+00
1.971241086721420288e-01 1.965551376342773438e-01 2.004169523715972900e-01 2.350774258375167847e-01 2.224989235401153564e-01 2.000000000000000000e+00
2.138772010803222656e-01 2.489472180604934692e-01 2.633063793182373047e-01 2.645177543163299561e-01 2.587482631206512451e-01 1.000000000000000000e+00
1.971241086721420288e-01 1.965551376342773438e-01 2.004169523715972900e-01 2.350774258375167847e-01 2.224989235401153564e-01 2.000000000000000000e+00
2.138772010803222656e-01 2.489472180604934692e-01 2.633063793182373047e-01 2.645177543163299561e-01 2.587482631206512451e-01 1.000000000000000000e+00
1.971241086721420288e-01 1.965551376342773438e-01 2.004169523715972900e-01 2.350774258375167847e-01 2.224989235401153564e-01 2.000000000000000000e+00
2.138772010803222656e-01 2.489472180604934692e-01 2.633063793182373047e-01 2.645177543163299561e-01 2.587482631206512451e-01 1.000000000000000000e+00
1.971241086721420288e-01 1.965551376342773438e-01 2.004169523715972900e-01 2.350774258375167847e-01 2.224989235401153564e-01 2.000000000000000000e+00
2.138772010803222656e-01 2.489472180604934692e-01 2.633063793182373047e-01 2.645177543163299561e-01 2.587482631206512451e-01 1.000000000000000000e+00
1.971241086721420288e-01 1.965551376342773438e-01 2.004169523715972900e-01 2.350774258375167847e-01 2.224989235401153564e-01 2.000000000000000000e+00
2.138772010803222656e-01 2.489472180604934692e-01 2.633063793182373047e-01 2.645177543163299561e-01 2.587482631206512451e-01 1.000000000000000000e+00
1.971241086721420288e-01 1.965551376342773438e-01 2.004169523715972900e-01 2.350774258375167847e-01 2.224989235401153564e-01 2.000000000000000000e+00
2.138772010803222656e-01 2.489472180604934692e-01 2.633063793182373047e-01 2.645177543163299561e-01 2.587482631206512451e-01 1.000000000000000000e+00
1.971241086721420288e-01 1.965551376342773438e-01 2.004169523715972900e-01 2.350774258375167847e-01 2.224989235401153564e-01 2.000000000000000000e+00
2.138772010803222656e-01 2.489472180604934692e-01 2.633063793182373047e-01 2.645177543163299561e-01 2.587482631206512451e-01 1.000000000000000000e+00
1.971241086721420288e-01 1.965551376342773438e-01 2.004169523715972900e-01 2.350774258375167847e-01 2.224989235401153564e-01 2.000000000000000000e+00
2.138772010803222656e-01 2.489472180604934692e-01 2.633063793182373047e-01 2.645177543163299561e-01 2.587482631206512451e-01 1.000000000000000000e+00
1.971241086721420288e-01 1.965551376342773438e-01 2.004169523715972900e-01 2.350774258375167847e-01 2.224989235401153564e-01 2.000000000000000000e+00
2.138772010803222656e-01 2.489472180604934692e-01 2.633063793182373047e-01 2.645177543163299561e-01 2.587482631206512451e-01 1.000000000000000000e+00
1.971241086721420288e-01 1.965551376342773438e-01 2.004169523715972900e-01 2.350774258375167847e-01 2.224989235401153564e-01 2.000000000000000000e+00
-9.289321303367614746e-02 -1.209979206323623657e-01 -1.128444001078605652e-01 -9.948379546403884888e-02 -8.670317381620407104e-02 0.000000000000000000e+00
-6.343296170234680176e-02 -8.677513152360916138e-02 -1.122073084115982056e-01 -1.018089279532432556e-01 -8.262183517217636108e-02 0.000000000000000000e+00
1.172974519431591034e-02 1.131765171885490417e-01 6.809445470571517944e-02 1.193846389651298523e-01 1.064103171229362488e-01 0.000000000000000000e+00
2.698372304439544678e-01 2.697347104549407959e-01 2.651639878749847412e-01 1.910763829946517944e-01 1.844847500324249268e-01 0.000000000000000000e+00
3.107901513576507568e-01 3.476972579956054688e-01 3.319711685180664062e-01 3.019808232784271240e-01 3.084254562854766846e-01 0.000000000000000000e+00
-1.144254058599472046e-01 -1.176230087876319885e-01 -1.406961977481842041e-01 -1.598262935876846313e-01 -2.177519798278808594e-01 1.000000000000000000e+00
-9.643007814884185791e-02 -7.030387222766876221e-02 -8.142632246017456055e-02 -8.881191164255142212e-02 -7.338370382785797119e-02 2.000000000000000000e+00
-1.144254058599472046e-01 -1.176230087876319885e-01 -1.406961977481842041e-01 -1.598262935876846313e-01 -2.177519798278808594e-01 1.000000000000000000e+00
-9.643007814884185791e-02 -7.030387222766876221e-02 -8.142632246017456055e-02 -8.881191164255142212e-02 -7.338370382785797119e-02 2.000000000000000000e+00
-1.144254058599472046e-01 -1.176230087876319885e-01 -1.406961977481842041e-01 -1.598262935876846313e-01 -2.177519798278808594e-01 1.000000000000000000e+00
-9.643007814884185791e-02 -7.030387222766876221e-02 -8.142632246017456055e-02 -8.881191164255142212e-02 -7.338370382785797119e-02 2.000000000000000000e+00
-1.144254058599472046e-01 -1.176230087876319885e-01 -1.406961977481842041e-01 -1.598262935876846313e-01 -2.177519798278808594e-01 1.000000000000000000e+00
-9.643007814884185791e-02 -7.030387222766876221e-02 -8.142632246017456055e-02 -8.881191164255142212e-02 -7.338370382785797119e-02 2.000000000000000000e+00
-1.144254058599472046e-01 -1.176230087876319885e-01 -1.406961977481842041e-01 -1.598262935876846313e-01 -2.177519798278808594e-01 1.000000000000000000e+00
-9.643007814884185791e-02 -7.030387222766876221e-02 -8.142632246017456055e-02 -8.881191164255142212e-02 -7.338370382785797119e-02 2.000000000000000000e+00
-1.144254058599472046e-01 -1.176230087876319885e-01 -1.406961977481842041e-01 -1.598262935876846313e-01 -2.177519798278808594e-01 1.000000000000000000e+00
-9.643007814884185791e-02 -7.030387222766876221e-02 -8.142632246017456055e-02 -8.881191164255142212e-02 -7.338370382785797119e-02 2.000000000000000000e+00
-1.144254058599472046e-01 -1.176230087876319885e-01 -1.406961977481842041e-01 -1.598262935876846313e-01 -2.177519798278808594e-01 1.000000000000000000e+00
-9.643007814884185791e-02 -7.030387222766876221e-02 -8.142632246017456055e-02 -8.881191164255142212e-02 -7.338370382785797119e-02 2.000000000000000000e+00
-1.144254058599472046e-01 -1.176230087876319885e-01 -1.406961977481842041e-01 -1.598262935876846313e-01 -2.177519798278808594e-01 1.000000000000000000e+00
-9.643007814884185791e-02 -7.030387222766876221e-02 -8.142632246017456055e-02 -8.881191164255142212e-02 -7.338370382785797119e-02 2.000000000000000000e+00
-1.144254058599472046e-01 -1.176230087876319885e-01 -1.406961977481842041e-01 -1.598262935876846313e-01 -2.177519798278808594e-01 1.000000000000000000e+00
-9.643007814884185791e-02 -7.030387222766876221e-02 -8.142632246017456055e-02 -8.881191164255142212e-02 -7.338370382785797119e-02 2.000000000000000000e+00
-1.144254058599472046e-01 -1.176230087876319885e-01 -1.406961977481842041e-01 -1.598262935876846313e-01 -2.177519798278808594e-01 1.000000000000000000e+00
-9.643007814884185791e-02 -7.030387222766876221e-02 -8.142632246017456055e-02 -8.881191164255142212e-02 -7.338370382785797119e-02 2.000000000000000000e+00
2.118118256330490112e-01 2.458541095256805420e-01 2.496885508298873901e-01 2.636486589908599854e-01 2.674333751201629639e-01 0.000000000000000000e+00
8.279456198215484619e-02 1.053779572248458862e-01 1.296196430921554565e-01 1.058248877525329590e-01 6.562599539756774902e-02 0.000000000000000000e+00
3.903084620833396912e-02 7.222752273082733154e-02 7.715638261288404465e-03 4.658254981040954590e-02 6.019412726163864136e-02 0.000000000000000000e+00
1.421867311000823975e-01 1.546425521373748779e-01 1.855971962213516235e-01 1.762303560972213745e-01 1.680869162082672119e-01 0.000000000000000000e+00
5.102600902318954468e-02 1.093541681766510010e-01 1.153572052717208862e-01 1.396951079368591309e-01 6.930954009294509888e-02 0.000000000000000000e+00
1.405105888843536377e-01 1.661656051874160767e-01 1.218107566237449646e-01 9.847985208034515381e-02 1.010716110467910767e-01 0.000000000000000000e+00
1.519633978605270386e-01 1.517524570226669312e-01 1.539686322212219238e-01 1.956420242786407471e-01 1.747919172048568726e-01 0.000000000000000000e+00
2.338899821043014526e-01 2.463453561067581177e-01 2.243137061595916748e-01 2.390121966600418091e-01 2.525897622108459473e-01 0.000000000000000000e+00
2.526918947696685791e-01 2.667312026023864746e-01 2.755662202835083008e-01 2.692838907241821289e-01 2.714356780052185059e-01 0.000000000000000000e+00
9.517290443181991577e-02 1.700416058301925659e-01 2.221245169639587402e-01 2.228487282991409302e-01 2.410373836755752563e-01 0.000000000000000000e+00
-8.731862902641296387e-02 -3.938922658562660217e-02 -7.819104194641113281e-02 -6.260465830564498901e-02 -6.318557262420654297e-02 0.000000000000000000e+00
-6.132367253303527832e-02 -4.070191457867622375e-02 -1.317104510962963104e-02 -1.423976272344589233e-01 -1.654786169528961182e-01 0.000000000000000000e+00
1.347506791353225708e-01 5.437978357076644897e-02 -1.155461296439170837e-01 -1.465649604797363281e-01 -1.578607112169265747e-01 0.000000000000000000e+00
1.950854957103729248e-01 2.343637198209762573e-01 2.132912874221801758e-01 1.666293889284133911e-01 1.393719613552093506e-01 0.000000000000000000e+00
2.184641361236572266e-01 2.319996953010559082e-01 2.306651473045349121e-01 2.300587594509124756e-01 2.237477451562881470e-01 0.000000000000000000e+00
1.913104057312011719e-01 2.180036753416061401e-01 2.397095113992691040e-01 2.417876869440078735e-01 2.448281794786453247e-01 0.000000000000000000e+00
2.546747922897338867e-01 2.794207632541656494e-01 2.640266418457031250e-01 2.645785510540008545e-01 2.626289129257202148e-01 0.000000000000000000e+00
2.908371090888977051e-01 3.010002076625823975e-01 2.955751419067382812e-01 2.924792468547821045e-01 2.898668944835662842e-01 0.000000000000000000e+00
3.086244165897369385e-01 3.314912915229797363e-01 3.340395092964172363e-01 3.344018757343292236e-01 3.217817842960357666e-01 0.000000000000000000e+00
3.084812760353088379e-01 3.412138819694519043e-01 3.884569108486175537e-01 3.928888142108917236e-01 3.953312933444976807e-01 0.000000000000000000e+00
1.276781708002090454e-01 2.351166754961013794e-01 2.883670628070831299e-01 3.277719914913177490e-01 3.240218162536621094e-01 0.000000000000000000e+00
1.860399842262268066e-01 2.288446426391601562e-01 2.200465649366378784e-01 1.916753202676773071e-01 2.012594342231750488e-01 0.000000000000000000e+00
2.202262878417968750e-01 2.462447434663772583e-01 2.498647123575210571e-01 2.657559216022491455e-01 2.400442957878112793e-01 0.000000000000000000e+00
2.156740874052047729e-01 2.412608712911605835e-01 2.452686429023742676e-01 2.659131288528442383e-01 2.626480162143707275e-01 0.000000000000000000e+00
2.727027833461761475e-01 2.853904366493225098e-01 2.595899999141693115e-01 2.651171684265136719e-01 2.659777700901031494e-01 0.000000000000000000e+00
2.588931322097778320e-01 2.653363049030303955e-01 2.861029207706451416e-01 2.986613214015960693e-01 3.021685481071472168e-01 0.000000000000000000e+00
2.759782075881958008e-01 2.953411638736724854e-01 2.954687774181365967e-01 2.984564602375030518e-01 2.995125949382781982e-01 0.000000000000000000e+00
2.689241170883178711e-01 2.908717989921569824e-01 3.052616119384765625e-01 3.022821247577667236e-01 3.016112744808197021e-01 0.000000000000000000e+00
-1.394666880369186401e-01 -6.885636597871780396e-02 6.219225376844406128e-02 5.106517300009727478e-02 6.939882785081863403e-02 0.000000000000000000e+00
-6.660741567611694336e-02 -1.067039668560028076e-01 -7.296882569789886475e-02 -9.072363376617431641e-02 -7.829583436250686646e-02 0.000000000000000000e+00
-2.758896723389625549e-02 -4.011655971407890320e-02 1.496317330747842789e-02 2.693188749253749847e-02 -7.193385390564799309e-04 0.000000000000000000e+00
-9.484580159187316895e-02 -4.689747840166091919e-02 -2.691083960235118866e-02 -2.511696703732013702e-02 1.218283027410507202e-01 0.000000000000000000e+00
1.281715482473373413e-01 8.857106417417526245e-02 1.463805437088012695e-01 3.845904022455215454e-02 -9.669233113527297974e-03 0.000000000000000000e+00
1.792292296886444092e-01 2.246131896972656250e-01 2.088142186403274536e-01 2.213080674409866333e-01 2.188293784856796265e-01 0.000000000000000000e+00
2.172576189041137695e-01 2.378881722688674927e-01 2.500074803829193115e-01 2.686336338520050049e-01 2.514939606189727783e-01 0.000000000000000000e+00
-1.718176007270812988e-01 -1.750332415103912354e-01 -1.625061482191085815e-01 -1.402356177568435669e-01 -1.478746980428695679e-01 0.000000000000000000e+00
-1.448115557432174683e-01 -1.366422772407531738e-01 -9.847785532474517822e-02 -1.444941908121109009e-01 -1.596226841211318970e-01 0.000000000000000000e+00
-8.202577009797096252e-03 3.099804045632481575e-03 -1.636148989200592041e-02 -3.003710508346557617e-02 -6.149952858686447144e-02 0.000000000000000000e+00
1.133096870034933090e-02 9.371306747198104858e-02 4.910190403461456299e-02 3.608859702944755554e-02 1.246326491236686707e-01 0.000000000000000000e+00
2.681704163551330566e-01 2.603935301303863525e-01 2.901353240013122559e-01 2.123050242662429810e-01 1.552938967943191528e-01 0.000000000000000000e+00
3.891270756721496582e-01 4.345100820064544678e-01 4.475345313549041748e-01 3.942465484142303467e-01 3.375527858734130859e-01 0.000000000000000000e+00
-2.043232768774032593e-01 -1.882309019565582275e-01 -1.822536289691925049e-01 -1.729388833045959473e-01 -1.636772006750106812e-01 1.000000000000000000e+00
-1.472612023353576660e-01 -1.553452610969543457e-01 -1.352635025978088379e-01 -1.784803569316864014e-01 -1.692625135183334351e-01 2.000000000000000000e+00
-2.043232768774032593e-01 -1.882309019565582275e-01 -1.822536289691925049e-01 -1.729388833045959473e-01 -1.636772006750106812e-01 1.000000000000000000e+00
-1.472612023353576660e-01 -1.553452610969543457e-01 -1.352635025978088379e-01 -1.784803569316864014e-01 -1.692625135183334351e-01 2.000000000000000000e+00
-2.043232768774032593e-01 -1.882309019565582275e-01 -1.822536289691925049e-01 -1.729388833045959473e-01 -1.636772006750106812e-01 1.000000000000000000e+00
-1.472612023353576660e-01 -1.553452610969543457e-01 -1.352635025978088379e-01 -1.784803569316864014e-01 -1.692625135183334351e-01 2.000000000000000000e+00
-2.043232768774032593e-01 -1.882309019565582275e-01 -1.822536289691925049e-01 -1.729388833045959473e-01 -1.636772006750106812e-01 1.000000000000000000e+00
-1.472612023353576660e-01 -1.553452610969543457e-01 -1.352635025978088379e-01 -1.784803569316864014e-01 -1.692625135183334351e-01 2.000000000000000000e+00
-2.043232768774032593e-01 -1.882309019565582275e-01 -1.822536289691925049e-01 -1.729388833045959473e-01 -1.636772006750106812e-01 1.000000000000000000e+00
-1.472612023353576660e-01 -1.553452610969543457e-01 -1.352635025978088379e-01 -1.784803569316864014e-01 -1.692625135183334351e-01 2.000000000000000000e+00
-2.043232768774032593e-01 -1.882309019565582275e-01 -1.822536289691925049e-01 -1.729388833045959473e-01 -1.636772006750106812e-01 1.000000000000000000e+00
-1.472612023353576660e-01 -1.553452610969543457e-01 -1.352635025978088379e-01 -1.784803569316864014e-01 -1.692625135183334351e-01 2.000000000000000000e+00
-2.043232768774032593e-01 -1.882309019565582275e-01 -1.822536289691925049e-01 -1.729388833045959473e-01 -1.636772006750106812e-01 1.000000000000000000e+00
-1.472612023353576660e-01 -1.553452610969543457e-01 -1.352635025978088379e-01 -1.784803569316864014e-01 -1.692625135183334351e-01 2.000000000000000000e+00
-2.043232768774032593e-01 -1.882309019565582275e-01 -1.822536289691925049e-01 -1.729388833045959473e-01 -1.636772006750106812e-01 1.000000000000000000e+00
-1.472612023353576660e-01 -1.553452610969543457e-01 -1.352635025978088379e-01 -1.784803569316864014e-01 -1.692625135183334351e-01 2.000000000000000000e+00
-2.043232768774032593e-01 -1.882309019565582275e-01 -1.822536289691925049e-01 -1.729388833045959473e-01 -1.636772006750106812e-01 1.000000000000000000e+00
-1.472612023353576660e-01 -1.553452610969543457e-01 -1.352635025978088379e-01 -1.784803569316864014e-01 -1.692625135183334351e-01 2.000000000000000000e+00
-2.043232768774032593e-01 -1.882309019565582275e-01 -1.822536289691925049e-01 -1.729388833045959473e-01 -1.636772006750106812e-01 1.000000000000000000e+00
-1.472612023353576660e-01 -1.553452610969543457e-01 -1.352635025978088379e-01 -1.784803569316864014e-01 -1.692625135183334351e-01 2.000000000000000000e+00
1.796183735132217407e-01 1.632598489522933960e-01 1.640039384365081787e-01 1.669442355632781982e-01 1.293310821056365967e-01 0.000000000000000000e+00
1.855110079050064087e-01 1.758790761232376099e-01 1.611401587724685669e-01 1.594838500022888184e-01 1.583526730537414551e-01 0.000000000000000000e+00
1.896442025899887085e-01 2.015268057584762573e-01 1.841104477643966675e-01 1.833840906620025635e-01 1.929738223552703857e-01 0.000000000000000000e+00
1.170640140771865845e-01 1.457287967205047607e-01 1.394245624542236328e-01 1.628068238496780396e-01 1.756123751401901245e-01 0.000000000000000000e+00
9.644410759210586548e-02 6.833131611347198486e-02 1.191194802522659302e-01 1.126069352030754089e-01 1.181325539946556091e-01 0.000000000000000000e+00
2.060461044311523438e-01 1.986444890499114990e-01 1.720835268497467041e-01 1.528573632240295410e-01 1.472233384847640991e-01 0.000000000000000000e+00
1.496761292219161987e-02 6.643293797969818115e-02 1.431322246789932251e-01 1.871284991502761841e-01 1.993619352579116821e-01 0.000000000000000000e+00
2.503464929759502411e-02 1.811097860336303711e-01 1.945034414529800415e-01 2.323771715164184570e-01 1.966162770986557007e-01 0.000000000000000000e+00
1.373524218797683716e-02 5.448040738701820374e-02 5.883489176630973816e-02 3.235003724694252014e-02 7.155875861644744873e-02 0.000000000000000000e+00
-1.526554077863693237e-01 -9.501216560602188110e-02 -1.010580882430076599e-01 -6.214267387986183167e-02 8.884941227734088898e-03 0.000000000000000000e+00
-1.037571132183074951e-01 -8.748899400234222412e-02 -1.267611235380172729e-01 -1.404564827680587769e-01 -1.645016521215438843e-01 0.000000000000000000e+00
-9.096155315637588501e-02 -1.204640641808509827e-01 -1.082541793584823608e-01 -7.164089381694793701e-02 -7.262944430112838745e-02 0.000000000000000000e+00
4.769051447510719299e-02 4.689880460500717163e-02 2.075430005788803101e-02 3.819998353719711304e-03 -6.364084780216217041e-02 0.000000000000000000e+00
1.301815211772918701e-01 1.459425836801528931e-01 1.354821324348449707e-01 9.720947593450546265e-02 7.771953195333480835e-02 0.000000000000000000e+00
1.955422610044479370e-01 2.375670373439788818e-01 2.530224025249481201e-01 2.376822084188461304e-01 2.266906797885894775e-01 0.000000000000000000e+00
2.383243888616561890e-01 2.844181954860687256e-01 3.111957311630249023e-01 3.377504944801330566e-01 2.964832484722137451e-01 0.000000000000000000e+00
3.103114664554595947e-01 3.274018764495849609e-01 3.413035869598388672e-01 3.439169228076934814e-01 3.147693574428558350e-01 0.000000000000000000e+00
3.291015326976776123e-01 3.650968670845031738e-01 3.546761274337768555e-01 3.631987273693084717e-01 3.437236249446868896e-01 0.000000000000000000e+00
1.475285142660140991e-01 2.066922932863235474e-01 2.235656231641769409e-01 2.860436439514160156e-01 3.313901126384735107e-01 0.000000000000000000e+00
-7.825450599193572998e-02 -6.693001836538314819e-02 5.923279374837875366e-02 1.405412554740905762e-01 1.924058198928833008e-01 0.000000000000000000e+00
-1.353302150964736938e-01 -1.086075752973556519e-01 -5.595828592777252197e-02 -7.443059701472520828e-03 -8.101681247353553772e-03 0.000000000000000000e+00
2.676784396171569824e-01 2.831939160823822021e-01 2.804935574531555176e-01 2.898438572883605957e-01 3.118190765380859375e-01 0.000000000000000000e+00
2.502561807632446289e-01 2.792685031890869141e-01 2.825549840927124023e-01 3.022434413433074951e-01 2.913625538349151611e-01 0.000000000000000000e+00
2.698777318000793457e-01 2.768546640872955322e-01 2.772538363933563232e-01 2.959505021572113037e-01 2.959623336791992188e-01 0.000000000000000000e+00
2.413266599178314209e-01 2.670089006423950195e-01 2.732461392879486084e-01 2.780223786830902100e-01 2.649878561496734619e-01 0.000000000000000000e+00
2.159616947174072266e-01 2.205964326858520508e-01 2.745536267757415771e-01 2.889263927936553955e-01 2.795455753803253174e-01 0.000000000000000000e+00
2.245921939611434937e-01 2.543397247791290283e-01 2.759581208229064941e-01 2.819890975952148438e-01 2.850027084350585938e-01 0.000000000000000000e+00
2.435807287693023682e-01 2.808634340763092041e-01 3.031611144542694092e-01 2.870652973651885986e-01 2.938259840011596680e-01 0.000000000000000000e+00
2.407997101545333862e-01 2.688054442405700684e-01 2.909969687461853027e-01 2.909260988235473633e-01 2.887887954711914062e-01 0.000000000000000000e+00
2.900366783142089844e-01 3.069918751716613770e-01 3.124972879886627197e-01 3.025850951671600342e-01 2.711360156536102295e-01 0.000000000000000000e+00
2.976943552494049072e-01 3.064197599887847900e-01 3.034835159778594971e-01 2.968247234821319580e-01 3.119715154170989990e-01 0.000000000000000000e+00
2.670510709285736084e-01 2.671047747135162354e-01 2.753261625766754150e-01 2.830474376678466797e-01 3.025230467319488525e-01 0.000000000000000000e+00
1.940633356571197510e-01 1.701787412166595459e-01 2.108746767044067383e-01 2.331143766641616821e-01 2.830515503883361816e-01 0.000000000000000000e+00
9.254573285579681396e-02 1.015733275562524796e-02 -1.079460680484771729e-01 1.455801725387573242e-02 9.714391827583312988e-02 0.000000000000000000e+00
3.574159145355224609e-01 3.967774808406829834e-01 4.025133550167083740e-01 3.714000582695007324e-01 3.532783687114715576e-01 0.000000000000000000e+00
2.735084481537342072e-02 1.233648955821990967e-01 1.375197917222976685e-01 1.240053549408912659e-01 1.480910778045654297e-01 0.000000000000000000e+00
2.199969887733459473e-01 2.686404287815093994e-01 2.755064070224761963e-01 2.348115891218185425e-01 2.123102545738220215e-01 0.000000000000000000e+00
2.762404084205627441e-01 2.932745516300201416e-01 3.208049237728118896e-01 2.999892830848693848e-01 2.908053994178771973e-01 0.000000000000000000e+00
2.991183400154113770e-01 3.365287780761718750e-01 3.587247431278228760e-01 3.739459216594696045e-01 4.078610241413116455e-01 0.000000000000000000e+00
3.729674220085144043e-01 4.105744659900665283e-01 4.314148128032684326e-01 4.230004251003265381e-01 3.789637386798858643e-01 0.000000000000000000e+00
3.836820423603057861e-01 4.189747869968414307e-01 4.581696689128875732e-01 4.810173809528350830e-01 4.874143600463867188e-01 0.000000000000000000e+00
3.797951638698577881e-01 4.501762986183166504e-01 4.617924988269805908e-01 4.533222019672393799e-01 4.684779644012451172e-01 0.000000000000000000e+00
-7.727733999490737915e-02 6.996541051194071770e-04 -5.978787690401077271e-02 -3.690563887357711792e-02 -2.772651612758636475e-02 1.000000000000000000e+00
1.173056289553642273e-01 9.010300785303115845e-02 1.412514299154281616e-01 9.309353679418563843e-02 9.782275557518005371e-02 2.000000000000000000e+00
-7.727733999490737915e-02 6.996541051194071770e-04 -5.978787690401077271e-02 -3.690563887357711792e-02 -2.772651612758636475e-02 1.000000000000000000e+00
1.173056289553642273e-01 9.010300785303115845e-02 1.412514299154281616e-01 9.309353679418563843e-02 9.782275557518005371e-02 2.000000000000000000e+00
-7.727733999490737915e-02 6.996541051194071770e-04 -5.978787690401077271e-02 -3.690563887357711792e-02 -2.772651612758636475e-02 1.000000000000000000e+00
1.173056289553642273e-01 9.010300785303115845e-02 1.412514299154281616e-01 9.309353679418563843e-02 9.782275557518005371e-02 2.000000000000000000e+00
-7.727733999490737915e-02 6.996541051194071770e-04 -5.978787690401077271e-02 -3.690563887357711792e-02 -2.772651612758636475e-02 1.000000000000000000e+00
1.173056289553642273e-01 9.010300785303115845e-02 1.412514299154281616e-01 9.309353679418563843e-02 9.782275557518005371e-02 2.000000000000000000e+00
-7.727733999490737915e-02 6.996541051194071770e-04 -5.978787690401077271e-02 -3.690563887357711792e-02 -2.772651612758636475e-02 1.000000000000000000e+00
1.173056289553642273e-01 9.010300785303115845e-02 1.412514299154281616e-01 9.309353679418563843e-02 9.782275557518005371e-02 2.000000000000000000e+00
-7.727733999490737915e-02 6.996541051194071770e-04 -5.978787690401077271e-02 -3.690563887357711792e-02 -2.772651612758636475e-02 1.000000000000000000e+00
1.173056289553642273e-01 9.010300785303115845e-02 1.412514299154281616e-01 9.309353679418563843e-02 9.782275557518005371e-02 2.000000000000000000e+00
-7.727733999490737915e-02 6.996541051194071770e-04 -5.978787690401077271e-02 -3.690563887357711792e-02 -2.772651612758636475e-02 1.000000000000000000e+00
1.173056289553642273e-01 9.010300785303115845e-02 1.412514299154281616e-01 9.309353679418563843e-02 9.782275557518005371e-02 2.000000000000000000e+00
-7.727733999490737915e-02 6.996541051194071770e-04 -5.978787690401077271e-02 -3.690563887357711792e-02 -2.772651612758636475e-02 1.000000000000000000e+00
1.173056289553642273e-01 9.010300785303115845e-02 1.412514299154281616e-01 9.309353679418563843e-02 9.782275557518005371e-02 2.000000000000000000e+00
-7.727733999490737915e-02 6.996541051194071770e-04 -5.978787690401077271e-02 -3.690563887357711792e-02 -2.772651612758636475e-02 1.000000000000000000e+00
1.173056289553642273e-01 9.010300785303115845e-02 1.412514299154281616e-01 9.309353679418563843e-02 9.782275557518005371e-02 2.000000000000000000e+00
-7.727733999490737915e-02 6.996541051194071770e-04 -5.978787690401077271e-02 -3.690563887357711792e-02 -2.772651612758636475e-02 1.000000000000000000e+00
1.173056289553642273e-01 9.010300785303115845e-02 1.412514299154281616e-01 9.309353679418563843e-02 9.782275557518005371e-02 2.000000000000000000e+00
1.941103637218475342e-01 2.912345528602600098e-01 2.772754132747650146e-01 2.607743740081787109e-01 2.157934904098510742e-01 0.000000000000000000e+00
2.615892887115478516e-01 2.998360395431518555e-01 3.148243725299835205e-01 3.323183059692382812e-01 3.167503476142883301e-01 0.000000000000000000e+00
3.108904659748077393e-01 3.872160315513610840e-01 4.481684863567352295e-01 4.514786303043365479e-01 4.285453855991363525e-01 0.000000000000000000e+00
3.087709844112396240e-01 3.844399154186248779e-01 3.997392356395721436e-01 4.307134449481964111e-01 4.474813342094421387e-01 0.000000000000000000e+00
8.708808571100234985e-02 1.442498713731765747e-01 1.884340196847915649e-01 3.061630427837371826e-01 3.770887851715087891e-01 0.000000000000000000e+00
-2.339528873562812805e-02 2.734408481046557426e-03 5.607926286756992340e-03 7.759921997785568237e-02 1.065030694007873535e-01 0.000000000000000000e+00
-1.901066675782203674e-02 4.539277032017707825e-02 2.281217835843563080e-02 3.303142264485359192e-02 5.143676698207855225e-02 0.000000000000000000e+00
2.468087710440158844e-02 2.767036668956279755e-02 5.331905931234359741e-02 1.575949937105178833e-01 1.523524075746536255e-01 1.000000000000000000e+00
1.630151569843292236e-01 1.938747763633728027e-01 2.118926197290420532e-01 1.710704565048217773e-01 1.757885515689849854e-01 2.000000000000000000e+00
2.468087710440158844e-02 2.767036668956279755e-02 5.331905931234359741e-02 1.575949937105178833e-01 1.523524075746536255e-01 1.000000000000000000e+00
1.630151569843292236e-01 1.938747763633728027e-01 2.118926197290420532e-01 1.710704565048217773e-01 1.757885515689849854e-01 2.000000000000000000e+00
2.468087710440158844e-02 2.767036668956279755e-02 5.331905931234359741e-02 1.575949937105178833e-01 1.523524075746536255e-01 1.000000000000000000e+00
1.630151569843292236e-01 1.938747763633728027e-01 2.118926197290420532e-01 1.710704565048217773e-01 1.757885515689849854e-01 2.000000000000000000e+00
2.468087710440158844e-02 2.767036668956279755e-02 5.331905931234359741e-02 1.575949937105178833e-01 1.523524075746536255e-01 1.000000000000000000e+00
1.630151569843292236e-01 1.938747763633728027e-01 2.118926197290420532e-01 1.710704565048217773e-01 1.757885515689849854e-01 2.000000000000000000e+00
2.468087710440158844e-02 2.767036668956279755e-02 5.331905931234359741e-02 1.575949937105178833e-01 1.523524075746536255e-01 1.000000000000000000e+00
1.630151569843292236e-01 1.938747763633728027e-01 2.118926197290420532e-01 1.710704565048217773e-01 1.757885515689849854e-01 2.000000000000000000e+00
2.468087710440158844e-02 2.767036668956279755e-02 5.331905931234359741e-02 1.575949937105178833e-01 1.523524075746536255e-01 1.000000000000000000e+00
1.630151569843292236e-01 1.938747763633728027e-01 2.118926197290420532e-01 1.710704565048217773e-01 1.757885515689849854e-01 2.000000000000000000e+00
2.468087710440158844e-02 2.767036668956279755e-02 5.331905931234359741e-02 1.575949937105178833e-01 1.523524075746536255e-01 1.000000000000000000e+00
1.630151569843292236e-01 1.938747763633728027e-01 2.118926197290420532e-01 1.710704565048217773e-01 1.757885515689849854e-01 2.000000000000000000e+00
2.468087710440158844e-02 2.767036668956279755e-02 5.331905931234359741e-02 1.575949937105178833e-01 1.523524075746536255e-01 1.000000000000000000e+00
1.630151569843292236e-01 1.938747763633728027e-01 2.118926197290420532e-01 1.710704565048217773e-01 1.757885515689849854e-01 2.000000000000000000e+00
2.468087710440158844e-02 2.767036668956279755e-02 5.331905931234359741e-02 1.575949937105178833e-01 1.523524075746536255e-01 1.000000000000000000e+00
1.630151569843292236e-01 1.938747763633728027e-01 2.118926197290420532e-01 1.710704565048217773e-01 1.757885515689849854e-01 2.000000000000000000e+00
2.468087710440158844e-02 2.767036668956279755e-02 5.331905931234359741e-02 1.575949937105178833e-01 1.523524075746536255e-01 1.000000000000000000e+00
1.630151569843292236e-01 1.938747763633728027e-01 2.118926197290420532e-01 1.710704565048217773e-01 1.757885515689849854e-01 2.000000000000000000e+00
2.444384098052978516e-01 3.108063638210296631e-01 3.078213334083557129e-01 3.011482059955596924e-01 3.373528122901916504e-01 0.000000000000000000e+00
3.021664917469024658e-01 3.677484393119812012e-01 3.886261880397796631e-01 4.324776232242584229e-01 3.671059012413024902e-01 0.000000000000000000e+00
2.899468839168548584e-01 3.696496188640594482e-01 4.039847254753112793e-01 4.031686782836914062e-01 4.043242931365966797e-01 0.000000000000000000e+00
1.771494597196578979e-01 2.293837070465087891e-01 3.423193395137786865e-01 3.877448737621307373e-01 4.056131839752197266e-01 0.000000000000000000e+00
3.621620684862136841e-02 6.512066721916198730e-02 1.346147507429122925e-01 1.715983301401138306e-01 2.232455760240554810e-01 0.000000000000000000e+00
-5.481858551502227783e-02 -9.140654467046260834e-03 4.979087039828300476e-02 1.217940077185630798e-01 1.225802972912788391e-01 0.000000000000000000e+00
-1.212462969124317169e-02 -5.593260750174522400e-02 -6.721755117177963257e-02 -1.210667341947555542e-01 -5.433213338255882263e-02 0.000000000000000000e+00
2.038587331771850586e-01 2.340159416198730469e-01 2.263195663690567017e-01 2.828212976455688477e-01 2.756479382514953613e-01 0.000000000000000000e+00
1.170999780297279358e-01 2.378429621458053589e-01 3.235195875167846680e-01 3.185451030731201172e-01 3.481703400611877441e-01 0.000000000000000000e+00
1.493678539991378784e-01 2.421513050794601440e-01 2.287477701902389526e-01 2.802051305770874023e-01 2.220752239227294922e-01 0.000000000000000000e+00
1.040804088115692139e-01 2.377334684133529663e-01 2.729801535606384277e-01 2.604915797710418701e-01 2.789472043514251709e-01 0.000000000000000000e+00
1.430162936449050903e-01 1.985153257846832275e-01 2.664919793605804443e-01 2.147525548934936523e-01 2.727642953395843506e-01 0.000000000000000000e+00
2.052900940179824829e-01 3.025232851505279541e-01 3.425383567810058594e-01 3.140816986560821533e-01 3.063715994358062744e-01 0.000000000000000000e+00
2.629466354846954346e-01 2.934875488281250000e-01 3.229708671569824219e-01 3.195495009422302246e-01 3.061940073966979980e-01 0.000000000000000000e+00
1.238274574279785156e-02 -2.825185656547546387e-03 1.158393453806638718e-03 5.351077765226364136e-02 1.964228451251983643e-01 0.000000000000000000e+00
7.026790408417582512e-04 -2.997889742255210876e-02 -3.274793177843093872e-02 7.742816209793090820e-02 -4.645718634128570557e-02 0.000000000000000000e+00
-1.083766669034957886e-02 1.036251522600650787e-02 4.398510232567787170e-02 -6.277858628891408443e-04 6.535422056913375854e-03 0.000000000000000000e+00
1.293402165174484253e-01 1.537205725908279419e-01 1.363507062196731567e-01 2.119573950767517090e-01 1.497119218111038208e-01 0.000000000000000000e+00
2.355836182832717896e-01 2.378688603639602661e-01 2.444499880075454712e-01 2.308603972196578979e-01 1.781897693872451782e-01 0.000000000000000000e+00
3.120590448379516602e-01 3.162422776222229004e-01 3.168203234672546387e-01 3.077769279479980469e-01 2.916926741600036621e-01 0.000000000000000000e+00
3.185411989688873291e-01 3.367083966732025146e-01 3.501857519149780273e-01 3.559843003749847412e-01 3.650676906108856201e-01 0.000000000000000000e+00
1.909276470541954041e-02 1.678892821073532104e-01 3.000870048999786377e-01 3.344087004661560059e-01 3.825670778751373291e-01 0.000000000000000000e+00
-9.132175147533416748e-02 -3.724048659205436707e-02 6.551899015903472900e-02 7.419124990701675415e-02 8.033087849617004395e-02 0.000000000000000000e+00
1.565448343753814697e-01 2.245291620492935181e-01 1.944869309663772583e-01 1.945740431547164917e-01 2.073752135038375854e-02 0.000000000000000000e+00
1.576671600341796875e-01 1.845005750656127930e-01 1.638688147068023682e-01 1.684554815292358398e-01 2.180016636848449707e-01 0.000000000000000000e+00
2.578626573085784912e-01 2.737754285335540771e-01 2.449703067541122437e-01 2.403641790151596069e-01 2.261130511760711670e-01 0.000000000000000000e+00
2.786608338356018066e-01 3.158075809478759766e-01 3.017740249633789062e-01 3.079433143138885498e-01 2.917368412017822266e-01 0.000000000000000000e+00
3.033148348331451416e-01 3.141721785068511963e-01 3.327049016952514648e-01 3.413380086421966553e-01 3.352666199207305908e-01 0.000000000000000000e+00
3.327926695346832275e-01 3.680337965488433838e-01 3.505534231662750244e-01 3.446266949176788330e-01 3.313516974449157715e-01 0.000000000000000000e+00
1.568405777215957642e-01 2.312265783548355103e-01 2.980099320411682129e-01 3.645338416099548340e-01 3.759561181068420410e-01 0.000000000000000000e+00
1.253283321857452393e-01 1.740436553955078125e-01 1.355792582035064697e-01 1.662419438362121582e-01 1.732156723737716675e-01 0.000000000000000000e+00
1.131399869918823242e-01 1.520103663206100464e-01 2.167449891567230225e-01 2.531400620937347412e-01 2.528326511383056641e-01 0.000000000000000000e+00
-1.484163403511047363e-01 -1.399293988943099976e-01 -1.331450492143630981e-01 -5.469695478677749634e-02 1.120721623301506042e-01 0.000000000000000000e+00
-1.160990595817565918e-01 -1.127276793122291565e-01 -3.134358301758766174e-02 2.619842626154422760e-02 4.095795005559921265e-02 0.000000000000000000e+00
8.367984741926193237e-02 8.950384706258773804e-02 1.178090181201696396e-02 2.056916430592536926e-02 -7.372558582574129105e-03 0.000000000000000000e+00
1.512694358825683594e-01 1.398421078920364380e-01 1.166152507066726685e-01 1.126010715961456299e-01 1.076909452676773071e-01 0.000000000000000000e+00
2.747293114662170410e-01 2.962781190872192383e-01 2.758637070655822754e-01 2.707626521587371826e-01 2.346775531768798828e-01 0.000000000000000000e+00
2.652756273746490479e-01 2.909812331199645996e-01 3.122266232967376709e-01 3.222860693931579590e-01 3.204756677150726318e-01 0.000000000000000000e+00
1.871418505907058716e-01 2.057166993618011475e-01 2.243980765342712402e-01 2.386739850044250488e-01 2.665777206420898438e-01 0.000000000000000000e+00
-7.705400884151458740e-02 -1.268364191055297852e-01 -1.158332675695419312e-01 -7.318957895040512085e-02 4.234456643462181091e-02 0.000000000000000000e+00
1.257750540971755981e-01 8.472306281328201294e-02 -8.818800561130046844e-03 -7.897779345512390137e-02 -1.444904953241348267e-01 0.000000000000000000e+00
