2.417183965444564819e-01 2.555909752845764160e-01 2.678954005241394043e-01 2.637500762939453125e-01 2.620764672756195068e-01 0.000000000000000000e+00
1.840052902698516846e-01 1.980415284633636475e-01 2.055781334638595581e-01 2.032454460859298706e-01 2.118823975324630737e-01 0.000000000000000000e+00
-8.826620876789093018e-02 2.750980854034423828e-02 -2.207706496119499207e-02 2.744066901504993439e-02 1.280729323625564575e-01 0.000000000000000000e+00
1.352221518754959106e-01 1.451692730188369751e-01 1.936955153942108154e-01 1.987608671188354492e-01 1.721836775541305542e-01 0.000000000000000000e+00
1.833790391683578491e-01 2.117740511894226074e-01 2.222459614276885986e-01 2.305164635181427002e-01 2.239843159914016724e-01 0.000000000000000000e+00
2.101240158081054688e-01 2.320818156003952026e-01 2.348556667566299438e-01 2.322293072938919067e-01 2.361113578081130981e-01 0.000000000000000000e+00
2.266956120729446411e-01 2.479117959737777710e-01 2.457951307296752930e-01 2.391735762357711792e-01 2.458414435386657715e-01 0.000000000000000000e+00
2.104638665914535522e-01 2.179940491914749146e-01 2.350243031978607178e-01 2.323131561279296875e-01 2.348747998476028442e-01 0.000000000000000000e+00
2.317733168601989746e-01 2.335186153650283813e-01 2.466399669647216797e-01 2.302220016717910767e-01 2.296345531940460205e-01 0.000000000000000000e+00
2.359033226966857910e-01 2.506256699562072754e-01 2.453248351812362671e-01 2.401253134012222290e-01 2.495734393596649170e-01 0.000000000000000000e+00
2.181123048067092896e-01 2.367308139801025391e-01 2.377895861864089966e-01 2.412416785955429077e-01 2.534836828708648682e-01 0.000000000000000000e+00
2.410882264375686646e-01 2.478571683168411255e-01 2.475618273019790649e-01 2.448691576719284058e-01 2.441961467266082764e-01 0.000000000000000000e+00
2.355928122997283936e-01 2.516189813613891602e-01 2.526743710041046143e-01 2.555181086063385010e-01 2.609699964523315430e-01 0.000000000000000000e+00
2.467428743839263916e-01 2.544544935226440430e-01 2.625662684440612793e-01 2.720099985599517822e-01 2.762136757373809814e-01 0.000000000000000000e+00
1.673599183559417725e-01 2.084563672542572021e-01 2.417995035648345947e-01 2.755017280578613281e-01 3.003398180007934570e-01 0.000000000000000000e+00
1.064118221402168274e-01 2.041993886232376099e-01 2.372759431600570679e-01 2.315532714128494263e-01 2.401825338602066040e-01 0.000000000000000000e+00
1.227765157818794250e-01 1.377081573009490967e-01 1.641201972961425781e-01 2.130965441465377808e-01 2.340356260538101196e-01 0.000000000000000000e+00
4.637570679187774658e-02 4.781279340386390686e-02 3.092486411333084106e-02 5.373343080282211304e-02 9.919187426567077637e-02 0.000000000000000000e+00
1.434577405452728271e-01 2.179572582244873047e-01 2.268935590982437134e-01 2.508447766304016113e-01 2.446089088916778564e-01 0.000000000000000000e+00
2.235308885574340820e-01 2.817541360855102539e-01 2.701211273670196533e-01 2.869995236396789551e-01 2.940688133239746094e-01 0.000000000000000000e+00
5.966617166996002197e-02 1.263896077871322632e-01 1.766420751810073853e-01 2.492294013500213623e-01 2.718021273612976074e-01 0.000000000000000000e+00
2.175597250461578369e-01 2.473275363445281982e-01 2.573153078556060791e-01 2.570713758468627930e-01 2.571276426315307617e-01 0.000000000000000000e+00
2.077335268259048462e-01 2.190432250499725342e-01 2.689348459243774414e-01 2.738948762416839600e-01 2.759238481521606445e-01 0.000000000000000000e+00
6.590143777430057526e-03 7.304895669221878052e-02 1.876637637615203857e-01 2.313084006309509277e-01 2.303061187267303467e-01 0.000000000000000000e+00
-1.353995352983474731e-01 -9.103292971849441528e-02 -1.017162501811981201e-01 -5.229590833187103271e-02 3.384584560990333557e-03 0.000000000000000000e+00
-7.058431208133697510e-02 -4.098402336239814758e-02 -1.070161312818527222e-01 -1.474935412406921387e-01 -1.842515617609024048e-01 0.000000000000000000e+00
2.322768718004226685e-01 2.354827970266342163e-01 2.323266565799713135e-01 1.944784969091415405e-01 1.570050865411758423e-01 0.000000000000000000e+00
2.617598772048950195e-01 2.814610004425048828e-01 2.692084610462188721e-01 2.673610746860504150e-01 2.703416049480438232e-01 0.000000000000000000e+00
1.761623099446296692e-02 3.146069943904876709e-01 3.801590800285339355e-01 3.840264678001403809e-01 4.898217320442199707e-01 0.000000000000000000e+00
1.264833211898803711e-01 2.134434282779693604e-01 2.140265852212905884e-01 2.204434573650360107e-01 2.408119440078735352e-01 0.000000000000000000e+00
1.469587832689285278e-01 2.584327757358551025e-01 2.664997875690460205e-01 2.604706585407257080e-01 2.966630160808563232e-01 0.000000000000000000e+00
-1.857500150799751282e-02 1.361746788024902344e-01 2.148877233266830444e-01 3.254530131816864014e-01 3.249284029006958008e-01 0.000000000000000000e+00
-1.557795256376266479e-01 -1.235614866018295288e-01 -7.758796960115432739e-02 -2.458567172288894653e-02 1.341310422867536545e-02 0.000000000000000000e+00
-7.616040762513875961e-03 5.683077499270439148e-02 -4.722529649734497070e-02 -1.057430654764175415e-01 -1.044976636767387390e-01 0.000000000000000000e+00
4.365863651037216187e-02 1.074218228459358215e-01 1.241979897022247314e-01 1.094133555889129639e-01 1.317094713449478149e-01 0.000000000000000000e+00
1.916616261005401611e-01 2.422092109918594360e-01 2.479560077190399170e-01 2.091211080551147461e-01 1.959791630506515503e-01 0.000000000000000000e+00
1.735043972730636597e-01 2.114346623420715332e-01 2.274561971426010132e-01 2.232459932565689087e-01 2.174920886754989624e-01 0.000000000000000000e+00
1.739977151155471802e-01 2.382930517196655273e-01 2.369454652070999146e-01 2.557739615440368652e-01 2.716170251369476318e-01 0.000000000000000000e+00
2.446519583463668823e-01 2.411691695451736450e-01 2.686542868614196777e-01 2.472055256366729736e-01 2.601197659969329834e-01 0.000000000000000000e+00
2.425511330366134644e-01 3.032460212707519531e-01 3.327062427997589111e-01 3.143940567970275879e-01 3.117321729660034180e-01 0.000000000000000000e+00
2.212809473276138306e-01 2.867331206798553467e-01 3.318297564983367920e-01 3.423931598663330078e-01 3.307145833969116211e-01 0.000000000000000000e+00
1.971675455570220947e-01 2.331127226352691650e-01 2.533449828624725342e-01 2.950869202613830566e-01 3.071909844875335693e-01 0.000000000000000000e+00
-4.419960454106330872e-02 -8.749177306890487671e-02 -1.052102148532867432e-01 -8.671548217535018921e-02 -7.522409409284591675e-02 1.000000000000000000e+00
1.045597046613693237e-01 1.346437036991119385e-01 1.504281759262084961e-01 1.761642098426818848e-01 1.424687504768371582e-01 2.000000000000000000e+00
-4.419960454106330872e-02 -8.749177306890487671e-02 -1.052102148532867432e-01 -8.671548217535018921e-02 -7.522409409284591675e-02 1.000000000000000000e+00
1.045597046613693237e-01 1.346437036991119385e-01 1.504281759262084961e-01 1.761642098426818848e-01 1.424687504768371582e-01 2.000000000000000000e+00
-4.419960454106330872e-02 -8.749177306890487671e-02 -1.052102148532867432e-01 -8.671548217535018921e-02 -7.522409409284591675e-02 1.000000000000000000e+00
1.045597046613693237e-01 1.346437036991119385e-01 1.504281759262084961e-01 1.761642098426818848e-01 1.424687504768371582e-01 2.000000000000000000e+00
-4.419960454106330872e-02 -8.749177306890487671e-02 -1.052102148532867432e-01 -8.671548217535018921e-02 -7.522409409284591675e-02 1.000000000000000000e+00
1.045597046613693237e-01 1.346437036991119385e-01 1.504281759262084961e-01 1.761642098426818848e-01 1.424687504768371582e-01 2.000000000000000000e+00
-4.419960454106330872e-02 -8.749177306890487671e-02 -1.052102148532867432e-01 -8.671548217535018921e-02 -7.522409409284591675e-02 1.000000000000000000e+00
1.045597046613693237e-01 1.346437036991119385e-01 1.504281759262084961e-01 1.761642098426818848e-01 1.424687504768371582e-01 2.000000000000000000e+00
-4.419960454106330872e-02 -8.749177306890487671e-02 -1.052102148532867432e-01 -8.671548217535018921e-02 -7.522409409284591675e-02 1.000000000000000000e+00
1.045597046613693237e-01 1.346437036991119385e-01 1.504281759262084961e-01 1.761642098426818848e-01 1.424687504768371582e-01 2.000000000000000000e+00
-4.419960454106330872e-02 -8.749177306890487671e-02 -1.052102148532867432e-01 -8.671548217535018921e-02 -7.522409409284591675e-02 1.000000000000000000e+00
1.045597046613693237e-01 1.346437036991119385e-01 1.504281759262084961e-01 1.761642098426818848e-01 1.424687504768371582e-01 2.000000000000000000e+00
-4.419960454106330872e-02 -8.749177306890487671e-02 -1.052102148532867432e-01 -8.671548217535018921e-02 -7.522409409284591675e-02 1.000000000000000000e+00
1.045597046613693237e-01 1.346437036991119385e-01 1.504281759262084961e-01 1.761642098426818848e-01 1.424687504768371582e-01 2.000000000000000000e+00
-4.419960454106330872e-02 -8.749177306890487671e-02 -1.052102148532867432e-01 -8.671548217535018921e-02 -7.522409409284591675e-02 1.000000000000000000e+00
1.045597046613693237e-01 1.346437036991119385e-01 1.504281759262084961e-01 1.761642098426818848e-01 1.424687504768371582e-01 2.000000000000000000e+00
-4.419960454106330872e-02 -8.749177306890487671e-02 -1.052102148532867432e-01 -8.671548217535018921e-02 -7.522409409284591675e-02 1.000000000000000000e+00
1.045597046613693237e-01 1.346437036991119385e-01 1.504281759262084961e-01 1.761642098426818848e-01 1.424687504768371582e-01 2.000000000000000000e+00
3.758652210235595703e-01 4.144275188446044922e-01 4.482268989086151123e-01 4.629244506359100342e-01 4.569025933742523193e-01 0.000000000000000000e+00
3.419785499572753906e-01 3.962589204311370850e-01 4.391754865646362305e-01 4.414309859275817871e-01 4.695675075054168701e-01 0.000000000000000000e+00
2.264038175344467163e-01 3.220525979995727539e-01 3.501166105270385742e-01 3.574178814888000488e-01 3.723293542861938477e-01 0.000000000000000000e+00
2.144130319356918335e-01 3.039709031581878662e-01 3.054015040397644043e-01 3.243279755115509033e-01 3.454062938690185547e-01 0.000000000000000000e+00
2.262191921472549438e-01 2.569519281387329102e-01 2.963733375072479248e-01 3.119112849235534668e-01 3.191327750682830811e-01 0.000000000000000000e+00
3.040423095226287842e-01 3.398374617099761963e-01 3.785409331321716309e-01 3.683125674724578857e-01 3.885230123996734619e-01 0.000000000000000000e+00
2.483355402946472168e-01 3.523851335048675537e-01 3.578215539455413818e-01 3.874068558216094971e-01 4.032003283500671387e-01 0.000000000000000000e+00
1.838492453098297119e-01 1.781800240278244019e-01 1.856534481048583984e-01 1.628109365701675415e-01 1.501281261444091797e-01 0.000000000000000000e+00
1.170427501201629639e-01 1.717309355735778809e-01 2.213407009840011597e-01 2.537001371383666992e-01 2.664214074611663818e-01 0.000000000000000000e+00
2.343151718378067017e-01 2.428919821977615356e-01 2.482568770647048950e-01 2.316978275775909424e-01 1.762097924947738647e-01 0.000000000000000000e+00
2.190215289592742920e-01 2.211603373289108276e-01 2.210330814123153687e-01 2.194021046161651611e-01 2.166493535041809082e-01 0.000000000000000000e+00
2.134919911623001099e-01 2.145151495933532715e-01 2.128543406724929810e-01 2.131623476743698120e-01 2.130069732666015625e-01 0.000000000000000000e+00
2.111839950084686279e-01 2.100397497415542603e-01 2.089681476354598999e-01 2.123123854398727417e-01 2.107490748167037964e-01 0.000000000000000000e+00
2.140998095273971558e-01 2.145808339118957520e-01 2.086476832628250122e-01 2.096457928419113159e-01 2.112188339233398438e-01 0.000000000000000000e+00
1.287066638469696045e-01 2.598667144775390625e-01 2.385126650333404541e-01 2.125226110219955444e-01 1.733085960149765015e-01 0.000000000000000000e+00
1.730961948633193970e-01 2.675564289093017578e-01 3.318627178668975830e-01 3.291024863719940186e-01 3.517494201660156250e-01 0.000000000000000000e+00
2.855239808559417725e-01 3.375806212425231934e-01 3.421280384063720703e-01 3.566756546497344971e-01 3.126361668109893799e-01 0.000000000000000000e+00
2.859047353267669678e-01 3.453772664070129395e-01 3.614670038223266602e-01 3.791266977787017822e-01 3.804666996002197266e-01 0.000000000000000000e+00
3.110626935958862305e-01 3.251349925994873047e-01 3.655507564544677734e-01 3.864428699016571045e-01 3.662889301776885986e-01 0.000000000000000000e+00
-7.515273243188858032e-02 -8.901295065879821777e-02 -1.265094280242919922e-01 -1.155654061585664749e-02 1.183486133813858032e-01 1.000000000000000000e+00
5.790623649954795837e-02 5.989374220371246338e-02 1.670758128166198730e-01 2.200646102428436279e-01 1.202851161360740662e-01 2.000000000000000000e+00
-7.515273243188858032e-02 -8.901295065879821777e-02 -1.265094280242919922e-01 -1.155654061585664749e-02 1.183486133813858032e-01 1.000000000000000000e+00
5.790623649954795837e-02 5.989374220371246338e-02 1.670758128166198730e-01 2.200646102428436279e-01 1.202851161360740662e-01 2.000000000000000000e+00
-7.515273243188858032e-02 -8.901295065879821777e-02 -1.265094280242919922e-01 -1.155654061585664749e-02 1.183486133813858032e-01 1.000000000000000000e+00
5.790623649954795837e-02 5.989374220371246338e-02 1.670758128166198730e-01 2.200646102428436279e-01 1.202851161360740662e-01 2.000000000000000000e+00
-7.515273243188858032e-02 -8.901295065879821777e-02 -1.265094280242919922e-01 -1.155654061585664749e-02 1.183486133813858032e-01 1.000000000000000000e+00
5.790623649954795837e-02 5.989374220371246338e-02 1.670758128166198730e-01 2.200646102428436279e-01 1.202851161360740662e-01 2.000000000000000000e+00
-7.515273243188858032e-02 -8.901295065879821777e-02 -1.265094280242919922e-01 -1.155654061585664749e-02 1.183486133813858032e-01 1.000000000000000000e+00
5.790623649954795837e-02 5.989374220371246338e-02 1.670758128166198730e-01 2.200646102428436279e-01 1.202851161360740662e-01 2.000000000000000000e+00
-7.515273243188858032e-02 -8.901295065879821777e-02 -1.265094280242919922e-01 -1.155654061585664749e-02 1.183486133813858032e-01 1.000000000000000000e+00
5.790623649954795837e-02 5.989374220371246338e-02 1.670758128166198730e-01 2.200646102428436279e-01 1.202851161360740662e-01 2.000000000000000000e+00
-7.515273243188858032e-02 -8.901295065879821777e-02 -1.265094280242919922e-01 -1.155654061585664749e-02 1.183486133813858032e-01 1.000000000000000000e+00
5.790623649954795837e-02 5.989374220371246338e-02 1.670758128166198730e-01 2.200646102428436279e-01 1.202851161360740662e-01 2.000000000000000000e+00
-7.515273243188858032e-02 -8.901295065879821777e-02 -1.265094280242919922e-01 -1.155654061585664749e-02 1.183486133813858032e-01 1.000000000000000000e+00
5.790623649954795837e-02 5.989374220371246338e-02 1.670758128166198730e-01 2.200646102428436279e-01 1.202851161360740662e-01 2.000000000000000000e+00
-7.515273243188858032e-02 -8.901295065879821777e-02 -1.265094280242919922e-01 -1.155654061585664749e-02 1.183486133813858032e-01 1.000000000000000000e+00
5.790623649954795837e-02 5.989374220371246338e-02 1.670758128166198730e-01 2.200646102428436279e-01 1.202851161360740662e-01 2.000000000000000000e+00
-7.515273243188858032e-02 -8.901295065879821777e-02 -1.265094280242919922e-01 -1.155654061585664749e-02 1.183486133813858032e-01 1.000000000000000000e+00
5.790623649954795837e-02 5.989374220371246338e-02 1.670758128166198730e-01 2.200646102428436279e-01 1.202851161360740662e-01 2.000000000000000000e+00
4.239307716488838196e-02 2.167639881372451782e-01 2.986014783382415771e-01 2.768514156341552734e-01 2.481110990047454834e-01 0.000000000000000000e+00
8.583470247685909271e-03 9.497883170843124390e-02 1.354993134737014771e-01 1.915192306041717529e-01 2.698708772659301758e-01 0.000000000000000000e+00
5.892592296004295349e-02 1.311360597610473633e-01 1.640888601541519165e-01 1.397749334573745728e-01 1.299607455730438232e-01 0.000000000000000000e+00
3.023992776870727539e-01 3.563975095748901367e-01 3.762699961662292480e-01 3.525651395320892334e-01 3.290774226188659668e-01 0.000000000000000000e+00
3.063788115978240967e-01 3.382532596588134766e-01 3.556204438209533691e-01 3.434731364250183105e-01 3.739168047904968262e-01 0.000000000000000000e+00
-3.196315094828605652e-02 7.398653030395507812e-02 2.082558423280715942e-01 7.308641821146011353e-02 -2.140569835901260376e-01 1.000000000000000000e+00
-3.819935768842697144e-02 1.529501676559448242e-01 1.607806086540222168e-01 2.387684285640716553e-01 2.366803586483001709e-01 2.000000000000000000e+00
-3.196315094828605652e-02 7.398653030395507812e-02 2.082558423280715942e-01 7.308641821146011353e-02 -2.140569835901260376e-01 1.000000000000000000e+00
-3.819935768842697144e-02 1.529501676559448242e-01 1.607806086540222168e-01 2.387684285640716553e-01 2.366803586483001709e-01 2.000000000000000000e+00
-3.196315094828605652e-02 7.398653030395507812e-02 2.082558423280715942e-01 7.308641821146011353e-02 -2.140569835901260376e-01 1.000000000000000000e+00
-3.819935768842697144e-02 1.529501676559448242e-01 1.607806086540222168e-01 2.387684285640716553e-01 2.366803586483001709e-01 2.000000000000000000e+00
-3.196315094828605652e-02 7.398653030395507812e-02 2.082558423280715942e-01 7.308641821146011353e-02 -2.140569835901260376e-01 1.000000000000000000e+00
-3.819935768842697144e-02 1.529501676559448242e-01 1.607806086540222168e-01 2.387684285640716553e-01 2.366803586483001709e-01 2.000000000000000000e+00
-3.196315094828605652e-02 7.398653030395507812e-02 2.082558423280715942e-01 7.308641821146011353e-02 -2.140569835901260376e-01 1.000000000000000000e+00
-3.819935768842697144e-02 1.529501676559448242e-01 1.607806086540222168e-01 2.387684285640716553e-01 2.366803586483001709e-01 2.000000000000000000e+00
-3.196315094828605652e-02 7.398653030395507812e-02 2.082558423280715942e-01 7.308641821146011353e-02 -2.140569835901260376e-01 1.000000000000000000e+00
-3.819935768842697144e-02 1.529501676559448242e-01 1.607806086540222168e-01 2.387684285640716553e-01 2.366803586483001709e-01 2.000000000000000000e+00
-3.196315094828605652e-02 7.398653030395507812e-02 2.082558423280715942e-01 7.308641821146011353e-02 -2.140569835901260376e-01 1.000000000000000000e+00
-3.819935768842697144e-02 1.529501676559448242e-01 1.607806086540222168e-01 2.387684285640716553e-01 2.366803586483001709e-01 2.000000000000000000e+00
-3.196315094828605652e-02 7.398653030395507812e-02 2.082558423280715942e-01 7.308641821146011353e-02 -2.140569835901260376e-01 1.000000000000000000e+00
-3.819935768842697144e-02 1.529501676559448242e-01 1.607806086540222168e-01 2.387684285640716553e-01 2.366803586483001709e-01 2.000000000000000000e+00
-3.196315094828605652e-02 7.398653030395507812e-02 2.082558423280715942e-01 7.308641821146011353e-02 -2.140569835901260376e-01 1.000000000000000000e+00
-3.819935768842697144e-02 1.529501676559448242e-01 1.607806086540222168e-01 2.387684285640716553e-01 2.366803586483001709e-01 2.000000000000000000e+00
-3.196315094828605652e-02 7.398653030395507812e-02 2.082558423280715942e-01 7.308641821146011353e-02 -2.140569835901260376e-01 1.000000000000000000e+00
-3.819935768842697144e-02 1.529501676559448242e-01 1.607806086540222168e-01 2.387684285640716553e-01 2.366803586483001709e-01 2.000000000000000000e+00
1.125788688659667969e-02 1.824933476746082306e-02 3.040932584553956985e-03 1.948464848101139069e-02 7.855531573295593262e-02 0.000000000000000000e+00
1.222665905952453613e-01 1.900165528059005737e-01 1.559112668037414551e-01 1.624837815761566162e-01 1.455744504928588867e-01 0.000000000000000000e+00
2.128782272338867188e-01 2.211538106203079224e-01 2.206700444221496582e-01 2.237194478511810303e-01 1.950161904096603394e-01 0.000000000000000000e+00
2.238513976335525513e-01 2.519883215427398682e-01 2.678960859775543213e-01 2.725540697574615479e-01 2.909236848354339600e-01 0.000000000000000000e+00
2.258815467357635498e-01 2.536685466766357422e-01 3.012035787105560303e-01 3.187235593795776367e-01 3.163680732250213623e-01 0.000000000000000000e+00
2.324866652488708496e-01 2.548188567161560059e-01 2.478182762861251831e-01 2.828095257282257080e-01 2.777985930442810059e-01 0.000000000000000000e+00
2.433013021945953369e-01 2.637849152088165283e-01 2.658995091915130615e-01 2.738671004772186279e-01 2.764638066291809082e-01 0.000000000000000000e+00
1.497099846601486206e-01 2.294270396232604980e-01 2.570067644119262695e-01 2.604932487010955811e-01 2.744492888450622559e-01 0.000000000000000000e+00
3.084449097514152527e-02 1.043471246957778931e-01 9.650592505931854248e-02 1.798125356435775757e-01 2.123357802629470825e-01 0.000000000000000000e+00
-1.304346323013305664e-01 -4.472596943378448486e-02 1.317713856697082520e-01 1.639573872089385986e-01 2.128454297780990601e-01 0.000000000000000000e+00
-2.541272938251495361e-01 -2.857705652713775635e-01 -2.430735677480697632e-01 -2.160080075263977051e-01 -8.517432212829589844e-02 0.000000000000000000e+00
-1.360760182142257690e-01 -1.507669985294342041e-01 -1.986467540264129639e-01 -2.391574680805206299e-01 -2.478624582290649414e-01 0.000000000000000000e+00
-2.499816194176673889e-02 9.181863069534301758e-02 1.235740557312965393e-01 9.669412672519683838e-02 7.604388892650604248e-02 0.000000000000000000e+00
7.093807309865951538e-02 1.249858438968658447e-01 1.392527967691421509e-01 1.800296902656555176e-01 1.762910187244415283e-01 0.000000000000000000e+00
2.966594398021697998e-01 3.262007832527160645e-01 3.489525318145751953e-01 3.383161127567291260e-01 3.470352888107299805e-01 0.000000000000000000e+00
2.795708179473876953e-01 3.090959787368774414e-01 3.193676769733428955e-01 3.240217268466949463e-01 3.422841429710388184e-01 0.000000000000000000e+00
2.778784930706024170e-01 3.044282197952270508e-01 3.208786845207214355e-01 3.139130175113677979e-01 3.200841248035430908e-01 0.000000000000000000e+00
2.885914742946624756e-01 3.146130144596099854e-01 3.209683001041412354e-01 3.205376565456390381e-01 3.324979841709136963e-01 0.000000000000000000e+00
2.903282344341278076e-01 3.355051279067993164e-01 3.603567481040954590e-01 3.752450942993164062e-01 3.516698479652404785e-01 0.000000000000000000e+00
2.695868015289306641e-01 3.107217252254486084e-01 3.209897577762603760e-01 3.407535552978515625e-01 3.624154329299926758e-01 0.000000000000000000e+00
2.930321395397186279e-01 3.141345679759979248e-01 3.177666962146759033e-01 3.415200412273406982e-01 3.422511219978332520e-01 0.000000000000000000e+00
9.060806781053543091e-02 2.012863159179687500e-01 2.284774631261825562e-01 2.722411453723907471e-01 2.642498910427093506e-01 0.000000000000000000e+00
1.763643175363540649e-01 2.252359390258789062e-01 2.406850904226303101e-01 2.243038117885589600e-01 2.185419648885726929e-01 0.000000000000000000e+00
4.778296500444412231e-02 1.213008537888526917e-01 1.714963316917419434e-01 2.039636522531509399e-01 2.616721093654632568e-01 0.000000000000000000e+00
-1.592941209673881531e-02 1.301439851522445679e-01 1.993676871061325073e-01 2.256340086460113525e-01 2.412388622760772705e-01 0.000000000000000000e+00
7.312838733196258545e-02 1.998869478702545166e-01 2.525301277637481689e-01 2.356165051460266113e-01 1.830287277698516846e-01 0.000000000000000000e+00
2.123788446187973022e-01 2.509335577487945557e-01 2.665526568889617920e-01 2.865658402442932129e-01 2.752512693405151367e-01 0.000000000000000000e+00
-2.166295349597930908e-01 -2.537969052791595459e-01 -2.436635047197341919e-01 -1.869498491287231445e-01 -2.029365152120590210e-01 1.000000000000000000e+00
6.743251532316207886e-02 1.298610866069793701e-01 3.649891167879104614e-02 4.136741161346435547e-02 -1.464895755052566528e-01 2.000000000000000000e+00
-2.166295349597930908e-01 -2.537969052791595459e-01 -2.436635047197341919e-01 -1.869498491287231445e-01 -2.029365152120590210e-01 1.000000000000000000e+00
6.743251532316207886e-02 1.298610866069793701e-01 3.649891167879104614e-02 4.136741161346435547e-02 -1.464895755052566528e-01 2.000000000000000000e+00
-2.166295349597930908e-01 -2.537969052791595459e-01 -2.436635047197341919e-01 -1.869498491287231445e-01 -2.029365152120590210e-01 1.000000000000000000e+00
6.743251532316207886e-02 1.298610866069793701e-01 3.649891167879104614e-02 4.136741161346435547e-02 -1.464895755052566528e-01 2.000000000000000000e+00
-2.166295349597930908e-01 -2.537969052791595459e-01 -2.436635047197341919e-01 -1.869498491287231445e-01 -2.029365152120590210e-01 1.000000000000000000e+00
6.743251532316207886e-02 1.298610866069793701e-01 3.649891167879104614e-02 4.136741161346435547e-02 -1.464895755052566528e-01 2.000000000000000000e+00
-2.166295349597930908e-01 -2.537969052791595459e-01 -2.436635047197341919e-01 -1.869498491287231445e-01 -2.029365152120590210e-01 1.000000000000000000e+00
6.743251532316207886e-02 1.298610866069793701e-01 3.649891167879104614e-02 4.136741161346435547e-02 -1.464895755052566528e-01 2.000000000000000000e+00
-2.166295349597930908e-01 -2.537969052791595459e-01 -2.436635047197341919e-01 -1.869498491287231445e-01 -2.029365152120590210e-01 1.000000000000000000e+00
6.743251532316207886e-02 1.298610866069793701e-01 3.649891167879104614e-02 4.136741161346435547e-02 -1.464895755052566528e-01 2.000000000000000000e+00
-2.166295349597930908e-01 -2.537969052791595459e-01 -2.436635047197341919e-01 -1.869498491287231445e-01 -2.029365152120590210e-01 1.000000000000000000e+00
6.743251532316207886e-02 1.298610866069793701e-01 3.649891167879104614e-02 4.136741161346435547e-02 -1.464895755052566528e-01 2.000000000000000000e+00
-2.166295349597930908e-01 -2.537969052791595459e-01 -2.436635047197341919e-01 -1.869498491287231445e-01 -2.029365152120590210e-01 1.000000000000000000e+00
6.743251532316207886e-02 1.298610866069793701e-01 3.649891167879104614e-02 4.136741161346435547e-02 -1.464895755052566528e-01 2.000000000000000000e+00
-2.166295349597930908e-01 -2.537969052791595459e-01 -2.436635047197341919e-01 -1.869498491287231445e-01 -2.029365152120590210e-01 1.000000000000000000e+00
6.743251532316207886e-02 1.298610866069793701e-01 3.649891167879104614e-02 4.136741161346435547e-02 -1.464895755052566528e-01 2.000000000000000000e+00
-2.166295349597930908e-01 -2.537969052791595459e-01 -2.436635047197341919e-01 -1.869498491287231445e-01 -2.029365152120590210e-01 1.000000000000000000e+00
6.743251532316207886e-02 1.298610866069793701e-01 3.649891167879104614e-02 4.136741161346435547e-02 -1.464895755052566528e-01 2.000000000000000000e+00
3.556303381919860840e-01 4.279015958309173584e-01 4.503255784511566162e-01 4.894366562366485596e-01 5.010430812835693359e-01 0.000000000000000000e+00
4.066713750362396240e-01 4.533753395080566406e-01 4.757530987262725830e-01 4.705409109592437744e-01 4.617739021778106689e-01 0.000000000000000000e+00
3.649466931819915771e-01 4.145540297031402588e-01 4.702079594135284424e-01 4.898368716239929199e-01 5.145970582962036133e-01 0.000000000000000000e+00
3.849334716796875000e-01 4.804617464542388916e-01 5.463573932647705078e-01 5.267260670661926270e-01 5.363257527351379395e-01 0.000000000000000000e+00
3.765880763530731201e-01 4.135105609893798828e-01 4.371287822723388672e-01 4.772199690341949463e-01 5.157539248466491699e-01 0.000000000000000000e+00
3.622238934040069580e-01 4.294959604740142822e-01 4.528194665908813477e-01 4.943255782127380371e-01 5.148307681083679199e-01 0.000000000000000000e+00
3.630097806453704834e-01 4.144307971000671387e-01 4.401435256004333496e-01 4.433743953704833984e-01 4.689467251300811768e-01 0.000000000000000000e+00
2.716524899005889893e-01 2.852411568164825439e-01 2.956871092319488525e-01 3.017200529575347900e-01 3.022587895393371582e-01 0.000000000000000000e+00
2.291090041399002075e-01 2.664472460746765137e-01 2.814247012138366699e-01 2.691133320331573486e-01 2.941592335700988770e-01 0.000000000000000000e+00
2.694235742092132568e-01 2.952969968318939209e-01 3.026120066642761230e-01 3.094987571239471436e-01 3.278224468231201172e-01 0.000000000000000000e+00
2.869253158569335938e-01 3.153659105300903320e-01 3.251749575138092041e-01 3.297475278377532959e-01 3.366563916206359863e-01 0.000000000000000000e+00
2.939681112766265869e-01 3.188625872135162354e-01 3.292894959449768066e-01 3.321868777275085449e-01 3.409252762794494629e-01 0.000000000000000000e+00
2.029821127653121948e-01 2.115824520587921143e-01 2.288595736026763916e-01 2.592658400535583496e-01 3.098024129867553711e-01 0.000000000000000000e+00
1.038380637764930725e-01 1.676198244094848633e-01 1.881604045629501343e-01 2.084868848323822021e-01 2.155714780092239380e-01 0.000000000000000000e+00
2.465218156576156616e-01 2.698143124580383301e-01 2.680068612098693848e-01 2.693491876125335693e-01 2.702744007110595703e-01 0.000000000000000000e+00
2.456084340810775757e-01 2.801104187965393066e-01 2.924983501434326172e-01 3.105963170528411865e-01 3.226829171180725098e-01 0.000000000000000000e+00
2.423042207956314087e-01 2.707864940166473389e-01 2.938929498195648193e-01 2.900847792625427246e-01 3.001780807971954346e-01 0.000000000000000000e+00
2.471960186958312988e-01 2.701941132545471191e-01 2.853998541831970215e-01 2.944932579994201660e-01 2.903221249580383301e-01 0.000000000000000000e+00
2.237376123666763306e-01 2.598719894886016846e-01 2.742960751056671143e-01 2.730605006217956543e-01 2.806041836738586426e-01 0.000000000000000000e+00
2.269924283027648926e-01 2.410832941532135010e-01 2.612887024879455566e-01 2.680768072605133057e-01 2.682730257511138916e-01 0.000000000000000000e+00
2.104413062334060669e-01 2.439127713441848755e-01 2.533037066459655762e-01 2.618165910243988037e-01 2.805835008621215820e-01 0.000000000000000000e+00
-1.942309588193893433e-01 -7.093762606382369995e-02 -3.281699866056442261e-02 1.947106979787349701e-02 6.974908057600259781e-03 0.000000000000000000e+00
-2.163133770227432251e-01 -2.317983657121658325e-01 -2.414597421884536743e-01 -2.680549323558807373e-01 -2.548440098762512207e-01 0.000000000000000000e+00
-2.592580318450927734e-01 -2.262319028377532959e-01 -2.263197004795074463e-01 -1.787457764148712158e-01 -1.681557595729827881e-01 0.000000000000000000e+00
-2.894919812679290771e-01 -3.139754831790924072e-01 -3.209662139415740967e-01 -3.181841969490051270e-01 -3.033437132835388184e-01 0.000000000000000000e+00
-2.749746739864349365e-01 -2.946290373802185059e-01 -3.254449963569641113e-01 -2.986465692520141602e-01 -3.107318282127380371e-01 0.000000000000000000e+00
-2.447212636470794678e-01 -2.956922054290771484e-01 -3.059263229370117188e-01 -2.805586755275726318e-01 -3.191958367824554443e-01 0.000000000000000000e+00
-2.097999751567840576e-01 -2.072377502918243408e-01 -2.190601974725723267e-01 -2.651388049125671387e-01 -2.769270241260528564e-01 0.000000000000000000e+00
9.607999026775360107e-02 2.566199004650115967e-01 1.714703291654586792e-01 2.191217988729476929e-01 2.071647197008132935e-01 0.000000000000000000e+00
2.828129231929779053e-01 3.286869227886199951e-01 3.581052720546722412e-01 3.437570929527282715e-01 3.286385238170623779e-01 0.000000000000000000e+00
3.173571228981018066e-01 4.177301228046417236e-01 4.258979558944702148e-01 4.227710068225860596e-01 4.105978906154632568e-01 0.000000000000000000e+00
3.016093075275421143e-01 3.299018740653991699e-01 3.607487678527832031e-01 4.179078638553619385e-01 4.351244568824768066e-01 0.000000000000000000e+00
2.169282436370849609e-01 3.141568303108215332e-01 3.612612485885620117e-01 3.799336850643157959e-01 4.019050896167755127e-01 0.000000000000000000e+00
8.334166556596755981e-02 2.090848237276077271e-01 2.943641245365142822e-01 3.360056877136230469e-01 3.505499064922332764e-01 0.000000000000000000e+00
2.318124473094940186e-01 2.896319925785064697e-01 2.899454534053802490e-01 2.662079334259033203e-01 2.130645960569381714e-01 0.000000000000000000e+00
3.403106927871704102e-01 3.738846182823181152e-01 4.017784893512725830e-01 4.173257648944854736e-01 4.269343912601470947e-01 0.000000000000000000e+00
3.432236909866333008e-01 3.816125094890594482e-01 4.020161628723144531e-01 4.154560863971710205e-01 4.223206341266632080e-01 0.000000000000000000e+00
3.457115590572357178e-01 3.880750238895416260e-01 4.055533707141876221e-01 4.210352003574371338e-01 4.298693537712097168e-01 0.000000000000000000e+00
3.482542335987091064e-01 3.793242275714874268e-01 4.005427360534667969e-01 4.128303229808807373e-01 4.235189259052276611e-01 0.000000000000000000e+00
3.468600809574127197e-01 3.754447698593139648e-01 4.082185626029968262e-01 4.288083910942077637e-01 4.305821359157562256e-01 0.000000000000000000e+00
3.426770269870758057e-01 3.762917220592498779e-01 4.072221219539642334e-01 4.187692999839782715e-01 4.258930981159210205e-01 0.000000000000000000e+00
3.083396852016448975e-01 3.531600832939147949e-01 4.080547988414764404e-01 4.474674463272094727e-01 4.427468776702880859e-01 0.000000000000000000e+00
3.829884827136993408e-01 4.552201330661773682e-01 5.289754271507263184e-01 5.553197264671325684e-01 5.866665244102478027e-01 0.000000000000000000e+00
3.485441207885742188e-01 4.396899044513702393e-01 4.674363434314727783e-01 4.843394160270690918e-01 4.857791662216186523e-01 0.000000000000000000e+00
2.986078858375549316e-01 3.562690913677215576e-01 4.012446105480194092e-01 4.227039217948913574e-01 4.373730123043060303e-01 0.000000000000000000e+00
3.352718353271484375e-01 3.829085826873779297e-01 4.000683128833770752e-01 4.313158392906188965e-01 4.292243123054504395e-01 0.000000000000000000e+00
3.098189234733581543e-01 3.839900493621826172e-01 3.909392058849334717e-01 4.108111262321472168e-01 4.133642315864562988e-01 0.000000000000000000e+00
2.615499794483184814e-01 3.380338549613952637e-01 3.532680869102478027e-01 3.813582062721252441e-01 3.857626318931579590e-01 0.000000000000000000e+00
2.128181606531143188e-01 2.681231498718261719e-01 3.006265163421630859e-01 2.919186055660247803e-01 3.133831024169921875e-01 0.000000000000000000e+00
1.617255657911300659e-01 2.327990978956222534e-01 2.450182735919952393e-01 2.628330588340759277e-01 2.473451644182205200e-01 0.000000000000000000e+00
2.104684561491012573e-01 3.387857079505920410e-01 3.224322497844696045e-01 3.442960381507873535e-01 4.041762351989746094e-01 0.000000000000000000e+00
2.352864444255828857e-01 3.793440163135528564e-01 4.050576984882354736e-01 4.466686248779296875e-01 4.162683784961700439e-01 0.000000000000000000e+00
1.073800101876258850e-01 2.498198449611663818e-01 3.446224629878997803e-01 3.268217444419860840e-01 3.781857788562774658e-01 0.000000000000000000e+00
8.955471217632293701e-02 2.094635516405105591e-01 2.893738448619842529e-01 2.934271097183227539e-01 2.823789715766906738e-01 0.000000000000000000e+00
-4.687825590372085571e-02 2.534193731844425201e-02 3.431632369756698608e-02 1.196903884410858154e-01 1.739492118358612061e-01 0.000000000000000000e+00
-9.760051965713500977e-02 3.290146216750144958e-02 1.591199785470962524e-01 1.950840204954147339e-01 2.010854929685592651e-01 0.000000000000000000e+00
3.582099974155426025e-01 3.918996751308441162e-01 4.537484943866729736e-01 4.786702394485473633e-01 4.937722980976104736e-01 0.000000000000000000e+00
3.579226434230804443e-01 4.700534641742706299e-01 5.062701106071472168e-01 5.132530927658081055e-01 5.006774067878723145e-01 0.000000000000000000e+00
3.870852887630462646e-01 4.427489042282104492e-01 4.589984714984893799e-01 4.854827821254730225e-01 4.931405484676361084e-01 0.000000000000000000e+00
3.860543668270111084e-01 4.593909084796905518e-01 5.009543299674987793e-01 5.488952994346618652e-01 5.329856872558593750e-01 0.000000000000000000e+00
3.804553449153900146e-01 4.440538287162780762e-01 4.426346421241760254e-01 4.462575912475585938e-01 4.821383655071258545e-01 0.000000000000000000e+00
3.728806078433990479e-01 4.262650310993194580e-01 4.558694958686828613e-01 4.807445108890533447e-01 5.093504786491394043e-01 0.000000000000000000e+00
3.735172152519226074e-01 4.029293656349182129e-01 4.372057318687438965e-01 4.295460283756256104e-01 4.510996043682098389e-01 0.000000000000000000e+00
2.370180487632751465e-01 2.401729971170425415e-01 2.426191568374633789e-01 2.413700073957443237e-01 2.399005144834518433e-01 0.000000000000000000e+00
2.309034317731857300e-01 2.339910715818405151e-01 2.371248751878738403e-01 2.374917268753051758e-01 2.400573641061782837e-01 0.000000000000000000e+00
2.426166683435440063e-01 2.462184578180313110e-01 2.454591691493988037e-01 2.490684092044830322e-01 2.461583465337753296e-01 0.000000000000000000e+00
2.492533922195434570e-01 2.569820880889892578e-01 2.520969212055206299e-01 2.533701360225677490e-01 2.510788738727569580e-01 0.000000000000000000e+00
2.504917085170745850e-01 2.521092295646667480e-01 2.520977854728698730e-01 2.614431977272033691e-01 2.576467394828796387e-01 0.000000000000000000e+00
2.324205935001373291e-01 2.459032088518142700e-01 2.479520887136459351e-01 2.634872198104858398e-01 2.666919529438018799e-01 0.000000000000000000e+00
2.354398667812347412e-01 2.442355751991271973e-01 2.444775104522705078e-01 2.403859347105026245e-01 2.435540705919265747e-01 0.000000000000000000e+00
2.298359721899032593e-01 2.434455156326293945e-01 2.683466672897338867e-01 3.120444416999816895e-01 3.209706246852874756e-01 0.000000000000000000e+00
2.134962528944015503e-01 2.402996569871902466e-01 2.441020756959915161e-01 2.344943732023239136e-01 2.556219100952148438e-01 0.000000000000000000e+00
1.356182694435119629e-01 2.397210299968719482e-01 2.446678131818771362e-01 2.684306204319000244e-01 2.579345703125000000e-01 0.000000000000000000e+00
1.526835411787033081e-01 2.734232544898986816e-01 2.986287474632263184e-01 3.156941235065460205e-01 2.834323942661285400e-01 0.000000000000000000e+00
-7.652968168258666992e-02 1.634599119424819946e-01 1.689113527536392212e-01 1.887420713901519775e-01 2.114410996437072754e-01 0.000000000000000000e+00
-8.822309225797653198e-02 -5.366529896855354309e-02 -4.993958771228790283e-02 -3.375371545553207397e-02 -4.730329848825931549e-03 0.000000000000000000e+00
-1.051813177764415741e-02 8.749981224536895752e-02 1.746717542409896851e-01 1.200946196913719177e-01 9.244501590728759766e-02 0.000000000000000000e+00
2.320106923580169678e-01 3.118172883987426758e-01 3.259208500385284424e-01 3.305263221263885498e-01 3.360002040863037109e-01 0.000000000000000000e+00
1.237015128135681152e-01 8.014354854822158813e-02 1.480548083782196045e-01 2.424088567495346069e-01 2.462250590324401855e-01 0.000000000000000000e+00
1.977642178535461426e-01 2.277648299932479858e-01 2.032176405191421509e-01 1.864288747310638428e-01 1.819714605808258057e-01 0.000000000000000000e+00
9.899061918258666992e-02 1.497416943311691284e-01 1.831294447183609009e-01 1.783673614263534546e-01 1.886105090379714966e-01 0.000000000000000000e+00
1.195397377014160156e-01 2.197111099958419800e-01 2.594682872295379639e-01 2.791051268577575684e-01 2.932143509387969971e-01 0.000000000000000000e+00
1.707470715045928955e-01 2.776766717433929443e-01 2.654053270816802979e-01 2.294579893350601196e-01 2.522966861724853516e-01 0.000000000000000000e+00
2.396029233932495117e-01 3.157002627849578857e-01 3.444287180900573730e-01 3.418551087379455566e-01 3.167326152324676514e-01 0.000000000000000000e+00
2.764488160610198975e-01 2.987999916076660156e-01 3.129128217697143555e-01 3.198426365852355957e-01 3.325304388999938965e-01 0.000000000000000000e+00
2.513074874877929688e-01 2.673222720623016357e-01 2.737287282943725586e-01 2.836535871028900146e-01 2.870609462261199951e-01 0.000000000000000000e+00
2.234051376581192017e-01 2.495839148759841919e-01 2.701744735240936279e-01 2.668832540512084961e-01 2.716045081615447998e-01 0.000000000000000000e+00
1.740241199731826782e-01 2.175985425710678101e-01 2.396715432405471802e-01 2.464792877435684204e-01 2.541861832141876221e-01 0.000000000000000000e+00
8.489490300416946411e-02 1.638426184654235840e-01 2.209486961364746094e-01 2.347398400306701660e-01 2.333528250455856323e-01 0.000000000000000000e+00
5.025915801525115967e-02 6.529184430837631226e-02 1.996592283248901367e-01 2.055054306983947754e-01 1.867504417896270752e-01 0.000000000000000000e+00
-1.672141849994659424e-01 -1.132667884230613708e-01 -2.856824919581413269e-02 -3.623345494270324707e-02 7.681200653314590454e-02 0.000000000000000000e+00
3.034573197364807129e-01 3.688225746154785156e-01 3.782967329025268555e-01 3.996155560016632080e-01 3.858646750450134277e-01 0.000000000000000000e+00
3.047130703926086426e-01 3.487480580806732178e-01 3.776354491710662842e-01 4.011442363262176514e-01 3.898501992225646973e-01 0.000000000000000000e+00
3.274567425251007080e-01 3.848897516727447510e-01 4.178668856620788574e-01 4.351567327976226807e-01 4.262953102588653564e-01 0.000000000000000000e+00
2.574293315410614014e-01 2.882313430309295654e-01 3.019280731678009033e-01 3.259482383728027344e-01 3.595389723777770996e-01 0.000000000000000000e+00
2.456466108560562134e-01 3.010453581809997559e-01 3.149547278881072998e-01 3.325496315956115723e-01 3.171987831592559814e-01 0.000000000000000000e+00
1.939008384943008423e-01 2.183244675397872925e-01 2.255481928586959839e-01 2.459839135408401489e-01 2.932821810245513916e-01 0.000000000000000000e+00
8.766631782054901123e-02 2.036810070276260376e-01 2.346898466348648071e-01 2.306545674800872803e-01 2.470982819795608521e-01 0.000000000000000000e+00
3.462599217891693115e-01 3.837195038795471191e-01 4.061388969421386719e-01 4.122484624385833740e-01 4.165035784244537354e-01 0.000000000000000000e+00
3.506502509117126465e-01 3.936968743801116943e-01 4.137546122074127197e-01 4.321597218513488770e-01 4.381042718887329102e-01 0.000000000000000000e+00
3.476390242576599121e-01 3.906057178974151611e-01 4.126454591751098633e-01 4.246557950973510742e-01 4.331720769405364990e-01 0.000000000000000000e+00
3.516671359539031982e-01 3.924685120582580566e-01 4.211671650409698486e-01 4.326074421405792236e-01 4.368276894092559814e-01 0.000000000000000000e+00
3.539427816867828369e-01 3.998261988162994385e-01 4.258932471275329590e-01 4.409556388854980469e-01 4.462538957595825195e-01 0.000000000000000000e+00
3.544473052024841309e-01 4.001241624355316162e-01 4.286092221736907959e-01 4.392598271369934082e-01 4.483536481857299805e-01 0.000000000000000000e+00
3.528603613376617432e-01 3.982336819171905518e-01 4.216184020042419434e-01 4.366902709007263184e-01 4.473018348217010498e-01 0.000000000000000000e+00
1.411855071783065796e-01 1.469651758670806885e-01 2.457465976476669312e-01 2.682682871818542480e-01 3.076592385768890381e-01 0.000000000000000000e+00
4.469320178031921387e-02 2.173601388931274414e-01 2.938301563262939453e-01 2.833981513977050781e-01 2.957856357097625732e-01 0.000000000000000000e+00
2.361449301242828369e-01 2.761064767837524414e-01 2.877443432807922363e-01 3.117079138755798340e-01 2.723117172718048096e-01 0.000000000000000000e+00
1.973523646593093872e-01 2.788377702236175537e-01 3.094315528869628906e-01 3.202363550662994385e-01 3.512820601463317871e-01 0.000000000000000000e+00
1.751014739274978638e-01 2.465748339891433716e-01 2.504757344722747803e-01 2.703705430030822754e-01 2.908610999584197998e-01 0.000000000000000000e+00
2.253667414188385010e-01 2.637322843074798584e-01 2.444148808717727661e-01 2.625398039817810059e-01 2.734610736370086670e-01 0.000000000000000000e+00
2.722478508949279785e-01 3.082521259784698486e-01 2.927559018135070801e-01 3.091127574443817139e-01 3.316854834556579590e-01 0.000000000000000000e+00
1.013742107897996902e-02 1.101812496781349182e-01 1.284347325563430786e-01 2.131240069866180420e-01 2.256649732589721680e-01 1.000000000000000000e+00
8.217933028936386108e-02 2.687737345695495605e-01 2.955655157566070557e-01 3.093192279338836670e-01 3.080683052539825439e-01 2.000000000000000000e+00
1.013742107897996902e-02 1.101812496781349182e-01 1.284347325563430786e-01 2.131240069866180420e-01 2.256649732589721680e-01 1.000000000000000000e+00
8.217933028936386108e-02 2.687737345695495605e-01 2.955655157566070557e-01 3.093192279338836670e-01 3.080683052539825439e-01 2.000000000000000000e+00
1.013742107897996902e-02 1.101812496781349182e-01 1.284347325563430786e-01 2.131240069866180420e-01 2.256649732589721680e-01 1.000000000000000000e+00
8.217933028936386108e-02 2.687737345695495605e-01 2.955655157566070557e-01 3.093192279338836670e-01 3.080683052539825439e-01 2.000000000000000000e+00
1.013742107897996902e-02 1.101812496781349182e-01 1.284347325563430786e-01 2.131240069866180420e-01 2.256649732589721680e-01 1.000000000000000000e+00
8.217933028936386108e-02 2.687737345695495605e-01 2.955655157566070557e-01 3.093192279338836670e-01 3.080683052539825439e-01 2.000000000000000000e+00
1.013742107897996902e-02 1.101812496781349182e-01 1.284347325563430786e-01 2.131240069866180420e-01 2.256649732589721680e-01 1.000000000000000000e+00
8.217933028936386108e-02 2.687737345695495605e-01 2.955655157566070557e-01 3.093192279338836670e-01 3.080683052539825439e-01 2.000000000000000000e+00
1.013742107897996902e-02 1.101812496781349182e-01 1.284347325563430786e-01 2.131240069866180420e-01 2.256649732589721680e-01 1.000000000000000000e+00
8.217933028936386108e-02 2.687737345695495605e-01 2.955655157566070557e-01 3.093192279338836670e-01 3.080683052539825439e-01 2.000000000000000000e+00
1.013742107897996902e-02 1.101812496781349182e-01 1.284347325563430786e-01 2.131240069866180420e-01 2.256649732589721680e-01 1.000000000000000000e+00
8.217933028936386108e-02 2.687737345695495605e-01 2.955655157566070557e-01 3.093192279338836670e-01 3.080683052539825439e-01 2.000000000000000000e+00
1.013742107897996902e-02 1.101812496781349182e-01 1.284347325563430786e-01 2.131240069866180420e-01 2.256649732589721680e-01 1.000000000000000000e+00
8.217933028936386108e-02 2.687737345695495605e-01 2.955655157566070557e-01 3.093192279338836670e-01 3.080683052539825439e-01 2.000000000000000000e+00
1.013742107897996902e-02 1.101812496781349182e-01 1.284347325563430786e-01 2.131240069866180420e-01 2.256649732589721680e-01 1.000000000000000000e+00
8.217933028936386108e-02 2.687737345695495605e-01 2.955655157566070557e-01 3.093192279338836670e-01 3.080683052539825439e-01 2.000000000000000000e+00
1.013742107897996902e-02 1.101812496781349182e-01 1.284347325563430786e-01 2.131240069866180420e-01 2.256649732589721680e-01 1.000000000000000000e+00
8.217933028936386108e-02 2.687737345695495605e-01 2.955655157566070557e-01 3.093192279338836670e-01 3.080683052539825439e-01 2.000000000000000000e+00
2.397205829620361328e-01 2.549204528331756592e-01 2.494717389345169067e-01 2.574593722820281982e-01 2.621526122093200684e-01 0.000000000000000000e+00
2.387115359306335449e-01 2.485695928335189819e-01 2.555451989173889160e-01 2.623527050018310547e-01 2.606213688850402832e-01 0.000000000000000000e+00
2.325122058391571045e-01 2.349936217069625854e-01 2.403458803892135620e-01 2.518520951271057129e-01 2.554156184196472168e-01 0.000000000000000000e+00
2.178146392107009888e-01 2.319574207067489624e-01 2.331586182117462158e-01 2.411530762910842896e-01 2.391242831945419312e-01 0.000000000000000000e+00
2.241412103176116943e-01 2.323229014873504639e-01 2.256968319416046143e-01 2.273083478212356567e-01 2.355653047561645508e-01 0.000000000000000000e+00
2.375606298446655273e-01 2.465788424015045166e-01 2.482529133558273315e-01 2.498876303434371948e-01 2.464842051267623901e-01 0.000000000000000000e+00
2.355703264474868774e-01 2.468050718307495117e-01 2.667760252952575684e-01 2.629753351211547852e-01 2.562354803085327148e-01 0.000000000000000000e+00
2.259867340326309204e-01 2.551373541355133057e-01 2.691063880920410156e-01 2.851905822753906250e-01 2.925632894039154053e-01 0.000000000000000000e+00
2.349453121423721313e-01 2.593761980533599854e-01 2.567687332630157471e-01 2.699257135391235352e-01 2.573898136615753174e-01 0.000000000000000000e+00
2.429162114858627319e-01 2.554580867290496826e-01 2.667965590953826904e-01 2.727254629135131836e-01 2.665501832962036133e-01 0.000000000000000000e+00
2.003325670957565308e-01 2.293014377355575562e-01 2.527567446231842041e-01 2.510535418987274170e-01 2.468597739934921265e-01 0.000000000000000000e+00
1.978218853473663330e-01 2.020771652460098267e-01 2.105091065168380737e-01 2.142744809389114380e-01 2.052625119686126709e-01 0.000000000000000000e+00
1.733413636684417725e-01 2.110274434089660645e-01 2.033279240131378174e-01 2.113058120012283325e-01 2.276090383529663086e-01 0.000000000000000000e+00
-7.668496668338775635e-02 2.880975045263767242e-02 1.400061845779418945e-01 1.652473509311676025e-01 2.246804237365722656e-01 0.000000000000000000e+00
2.716803550720214844e-01 3.069706559181213379e-01 3.007291555404663086e-01 2.983060479164123535e-01 2.952063977718353271e-01 0.000000000000000000e+00
2.747949659824371338e-01 3.031181991100311279e-01 3.384423851966857910e-01 3.237776160240173340e-01 3.171912133693695068e-01 0.000000000000000000e+00
2.742533087730407715e-01 2.896562218666076660e-01 2.968167960643768311e-01 2.963370382785797119e-01 3.116112947463989258e-01 0.000000000000000000e+00
2.709668576717376709e-01 2.868880033493041992e-01 2.918239235877990723e-01 2.969726026058197021e-01 2.973013818264007568e-01 0.000000000000000000e+00
2.679486870765686035e-01 2.814545631408691406e-01 2.899203002452850342e-01 2.903858721256256104e-01 2.883451282978057861e-01 0.000000000000000000e+00
2.539830505847930908e-01 2.742887437343597412e-01 2.976653575897216797e-01 3.083238303661346436e-01 3.035764098167419434e-01 0.000000000000000000e+00
2.602423727512359619e-01 2.757197618484497070e-01 2.797556519508361816e-01 2.961796522140502930e-01 2.829815149307250977e-01 0.000000000000000000e+00
1.382827609777450562e-01 2.517245113849639893e-01 3.311178386211395264e-01 3.978368937969207764e-01 3.918325006961822510e-01 0.000000000000000000e+00
1.527141928672790527e-01 2.578539252281188965e-01 3.286882936954498291e-01 3.404870927333831787e-01 3.544656634330749512e-01 0.000000000000000000e+00
2.769583165645599365e-01 3.241707086563110352e-01 3.524748980998992920e-01 3.480599224567413330e-01 3.584089875221252441e-01 0.000000000000000000e+00
3.445166349411010742e-01 4.188743829727172852e-01 4.432647228240966797e-01 4.488876760005950928e-01 4.308565258979797363e-01 0.000000000000000000e+00
2.577528357505798340e-01 3.479862213134765625e-01 3.922497928142547607e-01 4.185450673103332520e-01 4.455462992191314697e-01 0.000000000000000000e+00
2.534575760364532471e-01 2.724339067935943604e-01 3.097459077835083008e-01 3.243363499641418457e-01 3.372100591659545898e-01 0.000000000000000000e+00
-2.084190025925636292e-02 8.024296909570693970e-02 2.564892768859863281e-01 3.184170722961425781e-01 2.914994657039642334e-01 0.000000000000000000e+00
-7.234807312488555908e-02 -8.544068783521652222e-02 -7.637721300125122070e-02 -8.410066366195678711e-02 -6.121995672583580017e-02 0.000000000000000000e+00
1.061528846621513367e-01 1.065195053815841675e-01 1.262801587581634521e-01 -9.001606144011020660e-03 8.268854580819606781e-03 0.000000000000000000e+00
1.574397385120391846e-01 1.914402246475219727e-01 2.006216198205947876e-01 2.174934744834899902e-01 2.266370356082916260e-01 0.000000000000000000e+00
2.221223264932632446e-01 2.893677651882171631e-01 2.897518873214721680e-01 2.837512791156768799e-01 2.724817693233489990e-01 0.000000000000000000e+00
2.822738289833068848e-01 3.086128234863281250e-01 3.216271996498107910e-01 3.223802149295806885e-01 3.209973573684692383e-01 0.000000000000000000e+00
2.801572978496551514e-01 3.089847862720489502e-01 3.155056238174438477e-01 3.388566672801971436e-01 3.354381620883941650e-01 0.000000000000000000e+00
2.384441494941711426e-01 2.835133969783782959e-01 2.955760955810546875e-01 3.159414529800415039e-01 3.319403231143951416e-01 0.000000000000000000e+00
-8.097862452268600464e-02 -8.014909178018569946e-02 -9.447145462036132812e-02 -3.935270011425018311e-02 1.969022303819656372e-02 1.000000000000000000e+00
-2.119902521371841431e-02 -9.419689886271953583e-03 -1.202053111046552658e-02 -3.909264225512742996e-03 1.004821211099624634e-01 2.000000000000000000e+00
-8.097862452268600464e-02 -8.014909178018569946e-02 -9.447145462036132812e-02 -3.935270011425018311e-02 1.969022303819656372e-02 1.000000000000000000e+00
-2.119902521371841431e-02 -9.419689886271953583e-03 -1.202053111046552658e-02 -3.909264225512742996e-03 1.004821211099624634e-01 2.000000000000000000e+00
-8.097862452268600464e-02 -8.014909178018569946e-02 -9.447145462036132812e-02 -3.935270011425018311e-02 1.969022303819656372e-02 1.000000000000000000e+00
-2.119902521371841431e-02 -9.419689886271953583e-03 -1.202053111046552658e-02 -3.909264225512742996e-03 1.004821211099624634e-01 2.000000000000000000e+00
-8.097862452268600464e-02 -8.014909178018569946e-02 -9.447145462036132812e-02 -3.935270011425018311e-02 1.969022303819656372e-02 1.000000000000000000e+00
-2.119902521371841431e-02 -9.419689886271953583e-03 -1.202053111046552658e-02 -3.909264225512742996e-03 1.004821211099624634e-01 2.000000000000000000e+00
-8.097862452268600464e-02 -8.014909178018569946e-02 -9.447145462036132812e-02 -3.935270011425018311e-02 1.969022303819656372e-02 1.000000000000000000e+00
-2.119902521371841431e-02 -9.419689886271953583e-03 -1.202053111046552658e-02 -3.909264225512742996e-03 1.004821211099624634e-01 2.000000000000000000e+00
-8.097862452268600464e-02 -8.014909178018569946e-02 -9.447145462036132812e-02 -3.935270011425018311e-02 1.969022303819656372e-02 1.000000000000000000e+00
-2.119902521371841431e-02 -9.419689886271953583e-03 -1.202053111046552658e-02 -3.909264225512742996e-03 1.004821211099624634e-01 2.000000000000000000e+00
-8.097862452268600464e-02 -8.014909178018569946e-02 -9.447145462036132812e-02 -3.935270011425018311e-02 1.969022303819656372e-02 1.000000000000000000e+00
-2.119902521371841431e-02 -9.419689886271953583e-03 -1.202053111046552658e-02 -3.909264225512742996e-03 1.004821211099624634e-01 2.000000000000000000e+00
-8.097862452268600464e-02 -8.014909178018569946e-02 -9.447145462036132812e-02 -3.935270011425018311e-02 1.969022303819656372e-02 1.000000000000000000e+00
-2.119902521371841431e-02 -9.419689886271953583e-03 -1.202053111046552658e-02 -3.909264225512742996e-03 1.004821211099624634e-01 2.000000000000000000e+00
-8.097862452268600464e-02 -8.014909178018569946e-02 -9.447145462036132812e-02 -3.935270011425018311e-02 1.969022303819656372e-02 1.000000000000000000e+00
-2.119902521371841431e-02 -9.419689886271953583e-03 -1.202053111046552658e-02 -3.909264225512742996e-03 1.004821211099624634e-01 2.000000000000000000e+00
-8.097862452268600464e-02 -8.014909178018569946e-02 -9.447145462036132812e-02 -3.935270011425018311e-02 1.969022303819656372e-02 1.000000000000000000e+00
-2.119902521371841431e-02 -9.419689886271953583e-03 -1.202053111046552658e-02 -3.909264225512742996e-03 1.004821211099624634e-01 2.000000000000000000e+00
3.073109388351440430e-01 3.267402648925781250e-01 3.410678803920745850e-01 3.500843942165374756e-01 3.664929866790771484e-01 0.000000000000000000e+00
2.779754698276519775e-01 2.837705314159393311e-01 3.150092065334320068e-01 3.386484980583190918e-01 3.589233160018920898e-01 0.000000000000000000e+00
2.152566760778427124e-01 2.060074210166931152e-01 1.419329643249511719e-01 2.757699489593505859e-01 2.854096889495849609e-01 0.000000000000000000e+00
1.945900619029998779e-01 2.980374395847320557e-01 3.482837677001953125e-01 3.204698860645294189e-01 3.121668696403503418e-01 0.000000000000000000e+00
5.674460530281066895e-02 2.830646634101867676e-01 3.254333734512329102e-01 3.287888169288635254e-01 3.606416583061218262e-01 0.000000000000000000e+00
7.105457782745361328e-02 3.109916113317012787e-02 -4.266623035073280334e-02 -1.392393838614225388e-03 -1.661252602934837341e-02 0.000000000000000000e+00
-1.056796088814735413e-01 -3.395951166749000549e-02 5.937135219573974609e-02 2.195732444524765015e-01 2.247572690248489380e-01 0.000000000000000000e+00
1.328016966581344604e-01 1.448440402746200562e-01 1.997479945421218872e-01 2.377519905567169189e-01 2.695819437503814697e-01 0.000000000000000000e+00
5.664102267473936081e-03 3.738912194967269897e-02 -5.687538906931877136e-02 -1.063036546111106873e-01 -5.521921813488006592e-02 0.000000000000000000e+00
-3.056894987821578979e-02 2.697907388210296631e-02 4.606455564498901367e-02 -5.398695170879364014e-02 -4.882604256272315979e-02 0.000000000000000000e+00
1.339824497699737549e-01 1.570841670036315918e-01 1.953379660844802856e-01 1.970871537923812866e-01 1.580571234226226807e-01 0.000000000000000000e+00
3.465644717216491699e-01 3.609185218811035156e-01 3.597818017005920410e-01 3.452495932579040527e-01 3.444089591503143311e-01 0.000000000000000000e+00
2.589240968227386475e-01 2.629862129688262939e-01 2.745253443717956543e-01 2.734784185886383057e-01 2.676919698715209961e-01 1.000000000000000000e+00
2.529417872428894043e-01 2.565984427928924561e-01 2.597791254520416260e-01 2.780329585075378418e-01 2.720189988613128662e-01 2.000000000000000000e+00
2.589240968227386475e-01 2.629862129688262939e-01 2.745253443717956543e-01 2.734784185886383057e-01 2.676919698715209961e-01 1.000000000000000000e+00
2.529417872428894043e-01 2.565984427928924561e-01 2.597791254520416260e-01 2.780329585075378418e-01 2.720189988613128662e-01 2.000000000000000000e+00
2.589240968227386475e-01 2.629862129688262939e-01 2.745253443717956543e-01 2.734784185886383057e-01 2.676919698715209961e-01 1.000000000000000000e+00
2.529417872428894043e-01 2.565984427928924561e-01 2.597791254520416260e-01 2.780329585075378418e-01 2.720189988613128662e-01 2.000000000000000000e+00
2.589240968227386475e-01 2.629862129688262939e-01 2.745253443717956543e-01 2.734784185886383057e-01 2.676919698715209961e-01 1.000000000000000000e+00
2.529417872428894043e-01 2.565984427928924561e-01 2.597791254520416260e-01 2.780329585075378418e-01 2.720189988613128662e-01 2.000000000000000000e+00
2.589240968227386475e-01 2.629862129688262939e-01 2.745253443717956543e-01 2.734784185886383057e-01 2.676919698715209961e-01 1.000000000000000000e+00
2.529417872428894043e-01 2.565984427928924561e-01 2.597791254520416260e-01 2.780329585075378418e-01 2.720189988613128662e-01 2.000000000000000000e+00
2.589240968227386475e-01 2.629862129688262939e-01 2.745253443717956543e-01 2.734784185886383057e-01 2.676919698715209961e-01 1.000000000000000000e+00
2.529417872428894043e-01 2.565984427928924561e-01 2.597791254520416260e-01 2.780329585075378418e-01 2.720189988613128662e-01 2.000000000000000000e+00
2.589240968227386475e-01 2.629862129688262939e-01 2.745253443717956543e-01 2.734784185886383057e-01 2.676919698715209961e-01 1.000000000000000000e+00
2.529417872428894043e-01 2.565984427928924561e-01 2.597791254520416260e-01 2.780329585075378418e-01 2.720189988613128662e-01 2.000000000000000000e+00
2.589240968227386475e-01 2.629862129688262939e-01 2.745253443717956543e-01 2.734784185886383057e-01 2.676919698715209961e-01 1.000000000000000000e+00
2.529417872428894043e-01 2.565984427928924561e-01 2.597791254520416260e-01 2.780329585075378418e-01 2.720189988613128662e-01 2.000000000000000000e+00
2.589240968227386475e-01 2.629862129688262939e-01 2.745253443717956543e-01 2.734784185886383057e-01 2.676919698715209961e-01 1.000000000000000000e+00
2.529417872428894043e-01 2.565984427928924561e-01 2.597791254520416260e-01 2.780329585075378418e-01 2.720189988613128662e-01 2.000000000000000000e+00
2.589240968227386475e-01 2.629862129688262939e-01 2.745253443717956543e-01 2.734784185886383057e-01 2.676919698715209961e-01 1.000000000000000000e+00
2.529417872428894043e-01 2.565984427928924561e-01 2.597791254520416260e-01 2.780329585075378418e-01 2.720189988613128662e-01 2.000000000000000000e+00
1.810692064464092255e-02 7.021754980087280273e-02 2.749279141426086426e-02 1.967220380902290344e-02 7.355127483606338501e-02 0.000000000000000000e+00
2.132010161876678467e-01 2.212793678045272827e-01 1.959529370069503784e-01 1.894919425249099731e-01 1.954165250062942505e-01 0.000000000000000000e+00
2.278227806091308594e-01 2.566422820091247559e-01 2.613165080547332764e-01 2.773536741733551025e-01 2.866555750370025635e-01 0.000000000000000000e+00
2.810757458209991455e-01 2.964124679565429688e-01 3.079118430614471436e-01 2.800638079643249512e-01 2.797201871871948242e-01 0.000000000000000000e+00
3.048819601535797119e-01 3.424808084964752197e-01 3.400962352752685547e-01 3.286003768444061279e-01 3.354344069957733154e-01 0.000000000000000000e+00
-1.739799231290817261e-01 -1.808583289384841919e-01 -1.819924265146255493e-01 -2.330843359231948853e-01 -3.060336410999298096e-01 1.000000000000000000e+00
-6.547231972217559814e-02 3.060097992420196533e-02 6.498981267213821411e-02 1.398286968469619751e-02 -1.972077600657939911e-02 2.000000000000000000e+00
-1.739799231290817261e-01 -1.808583289384841919e-01 -1.819924265146255493e-01 -2.330843359231948853e-01 -3.060336410999298096e-01 1.000000000000000000e+00
-6.547231972217559814e-02 3.060097992420196533e-02 6.498981267213821411e-02 1.398286968469619751e-02 -1.972077600657939911e-02 2.000000000000000000e+00
-1.739799231290817261e-01 -1.808583289384841919e-01 -1.819924265146255493e-01 -2.330843359231948853e-01 -3.060336410999298096e-01 1.000000000000000000e+00
-6.547231972217559814e-02 3.060097992420196533e-02 6.498981267213821411e-02 1.398286968469619751e-02 -1.972077600657939911e-02 2.000000000000000000e+00
-1.739799231290817261e-01 -1.808583289384841919e-01 -1.819924265146255493e-01 -2.330843359231948853e-01 -3.060336410999298096e-01 1.000000000000000000e+00
-6.547231972217559814e-02 3.060097992420196533e-02 6.498981267213821411e-02 1.398286968469619751e-02 -1.972077600657939911e-02 2.000000000000000000e+00
-1.739799231290817261e-01 -1.808583289384841919e-01 -1.819924265146255493e-01 -2.330843359231948853e-01 -3.060336410999298096e-01 1.000000000000000000e+00
-6.547231972217559814e-02 3.060097992420196533e-02 6.498981267213821411e-02 1.398286968469619751e-02 -1.972077600657939911e-02 2.000000000000000000e+00
-1.739799231290817261e-01 -1.808583289384841919e-01 -1.819924265146255493e-01 -2.330843359231948853e-01 -3.060336410999298096e-01 1.000000000000000000e+00
-6.547231972217559814e-02 3.060097992420196533e-02 6.498981267213821411e-02 1.398286968469619751e-02 -1.972077600657939911e-02 2.000000000000000000e+00
-1.739799231290817261e-01 -1.808583289384841919e-01 -1.819924265146255493e-01 -2.330843359231948853e-01 -3.060336410999298096e-01 1.000000000000000000e+00
-6.547231972217559814e-02 3.060097992420196533e-02 6.498981267213821411e-02 1.398286968469619751e-02 -1.972077600657939911e-02 2.000000000000000000e+00
-1.739799231290817261e-01 -1.808583289384841919e-01 -1.819924265146255493e-01 -2.330843359231948853e-01 -3.060336410999298096e-01 1.000000000000000000e+00
-6.547231972217559814e-02 3.060097992420196533e-02 6.498981267213821411e-02 1.398286968469619751e-02 -1.972077600657939911e-02 2.000000000000000000e+00
-1.739799231290817261e-01 -1.808583289384841919e-01 -1.819924265146255493e-01 -2.330843359231948853e-01 -3.060336410999298096e-01 1.000000000000000000e+00
-6.547231972217559814e-02 3.060097992420196533e-02 6.498981267213821411e-02 1.398286968469619751e-02 -1.972077600657939911e-02 2.000000000000000000e+00
-1.739799231290817261e-01 -1.808583289384841919e-01 -1.819924265146255493e-01 -2.330843359231948853e-01 -3.060336410999298096e-01 1.000000000000000000e+00
-6.547231972217559814e-02 3.060097992420196533e-02 6.498981267213821411e-02 1.398286968469619751e-02 -1.972077600657939911e-02 2.000000000000000000e+00
1.864359378814697266e-01 2.187168747186660767e-01 2.288884967565536499e-01 2.349779605865478516e-01 2.392928451299667358e-01 0.000000000000000000e+00
3.043552674353122711e-02 2.492152899503707886e-02 6.961856037378311157e-03 1.246212236583232880e-02 3.646965697407722473e-02 0.000000000000000000e+00
4.662049934267997742e-02 1.541189011186361313e-02 -4.220336303114891052e-02 -6.164550408720970154e-02 -4.212627559900283813e-02 0.000000000000000000e+00
1.621260195970535278e-01 1.348061263561248779e-01 1.403036266565322876e-01 1.487583816051483154e-01 1.380288600921630859e-01 0.000000000000000000e+00
4.300652816891670227e-02 1.340893656015396118e-01 7.245194166898727417e-02 8.725018799304962158e-02 1.083059702068567276e-02 0.000000000000000000e+00
1.814648956060409546e-01 2.036701440811157227e-01 1.289892345666885376e-01 2.098190039396286011e-02 7.009879499673843384e-02 0.000000000000000000e+00
2.138099968433380127e-01 2.196462601423263550e-01 2.155612260103225708e-01 2.205559462308883667e-01 2.135396003723144531e-01 0.000000000000000000e+00
2.047372311353683472e-01 2.184435725212097168e-01 1.968282759189605713e-01 2.056492269039154053e-01 2.112811505794525146e-01 0.000000000000000000e+00
2.172002792358398438e-01 2.280861586332321167e-01 2.298258692026138306e-01 2.335800379514694214e-01 2.351966500282287598e-01 0.000000000000000000e+00
1.394088268280029297e-01 1.655687838792800903e-01 2.019466012716293335e-01 2.102699130773544312e-01 2.158943414688110352e-01 0.000000000000000000e+00
6.886322796344757080e-02 9.411390870809555054e-02 -6.859857589006423950e-03 -6.587514281272888184e-02 -8.356720954179763794e-02 0.000000000000000000e+00
1.811910606920719147e-02 3.619377687573432922e-02 1.040794998407363892e-01 1.725339330732822418e-02 -5.596689879894256592e-02 0.000000000000000000e+00
7.063898444175720215e-02 -5.908360704779624939e-02 -1.869248300790786743e-01 -2.026502937078475952e-01 -2.010456323623657227e-01 0.000000000000000000e+00
1.617364734411239624e-01 1.802546232938766479e-01 1.730833053588867188e-01 1.317772269248962402e-01 6.651242822408676147e-02 0.000000000000000000e+00
2.338243722915649414e-01 2.455917596817016602e-01 2.526697218418121338e-01 2.544143497943878174e-01 2.430199682712554932e-01 0.000000000000000000e+00
2.174863368272781372e-01 2.420004457235336304e-01 2.427892833948135376e-01 2.538082897663116455e-01 2.541274428367614746e-01 0.000000000000000000e+00
2.641976773738861084e-01 2.828089892864227295e-01 2.846143245697021484e-01 2.741926908493041992e-01 2.737243473529815674e-01 0.000000000000000000e+00
2.820414304733276367e-01 3.005468547344207764e-01 3.040006756782531738e-01 3.011398315429687500e-01 2.939322888851165771e-01 0.000000000000000000e+00
2.949554026126861572e-01 3.189788162708282471e-01 3.320079743862152100e-01 3.220089077949523926e-01 3.106643855571746826e-01 0.000000000000000000e+00
2.858132719993591309e-01 3.179543912410736084e-01 3.538270592689514160e-01 3.554139435291290283e-01 3.590157926082611084e-01 0.000000000000000000e+00
1.942898780107498169e-01 2.295452654361724854e-01 2.550655901432037354e-01 2.864426970481872559e-01 2.914549708366394043e-01 0.000000000000000000e+00
1.934102624654769897e-01 2.551444172859191895e-01 2.605125904083251953e-01 2.474396079778671265e-01 2.880970835685729980e-01 0.000000000000000000e+00
2.385225445032119751e-01 2.645722627639770508e-01 2.887471914291381836e-01 3.048418164253234863e-01 2.761769294738769531e-01 0.000000000000000000e+00
2.580135464668273926e-01 2.572467923164367676e-01 2.804739177227020264e-01 2.896181344985961914e-01 2.891452014446258545e-01 0.000000000000000000e+00
2.797231078147888184e-01 2.902718186378479004e-01 2.818813323974609375e-01 2.855665385723114014e-01 2.936420142650604248e-01 0.000000000000000000e+00
2.790118455886840820e-01 2.943457365036010742e-01 3.096809089183807373e-01 3.174797594547271729e-01 3.164462447166442871e-01 0.000000000000000000e+00
2.809478342533111572e-01 3.034397065639495850e-01 3.136604726314544678e-01 3.057225346565246582e-01 3.116713166236877441e-01 0.000000000000000000e+00
2.873885035514831543e-01 3.154430985450744629e-01 3.262127637863159180e-01 3.246089518070220947e-01 3.259437978267669678e-01 0.000000000000000000e+00
-1.901715248823165894e-01 -1.866605505347251892e-02 1.791978925466537476e-01 2.179349511861801147e-01 2.222692817449569702e-01 0.000000000000000000e+00
-8.873990178108215332e-02 -1.564308255910873413e-01 -8.163322508335113525e-02 -3.791554644703865051e-02 2.524398034438490868e-03 0.000000000000000000e+00
-8.632431924343109131e-02 -9.671163558959960938e-02 -1.578720100224018097e-02 -5.002899467945098877e-02 -6.014695018529891968e-02 0.000000000000000000e+00
2.621652558445930481e-02 1.636565029621124268e-01 1.648328900337219238e-01 1.736156195402145386e-01 2.162285000085830688e-01 0.000000000000000000e+00
1.990531384944915771e-01 2.154755145311355591e-01 2.388686537742614746e-01 2.321744114160537720e-01 2.043526470661163330e-01 0.000000000000000000e+00
2.363570928573608398e-01 2.758275568485260010e-01 2.758008837699890137e-01 2.871279418468475342e-01 2.826734781265258789e-01 0.000000000000000000e+00
2.420620918273925781e-01 2.753818631172180176e-01 3.059973716735839844e-01 3.119603395462036133e-01 3.134632706642150879e-01 0.000000000000000000e+00
-2.258247882127761841e-01 -2.166587263345718384e-01 -2.012197375297546387e-01 -1.926502287387847900e-01 -2.338976711034774780e-01 0.000000000000000000e+00
-1.175118014216423035e-01 -3.423968330025672913e-02 5.369710549712181091e-02 -6.285068392753601074e-02 -1.173860207200050354e-01 0.000000000000000000e+00
7.805803790688514709e-03 3.863297775387763977e-02 1.615128666162490845e-01 1.215622648596763611e-01 5.744864419102668762e-02 0.000000000000000000e+00
1.713566631078720093e-01 2.036436200141906738e-01 2.003232091665267944e-01 1.937904208898544312e-01 2.256984114646911621e-01 0.000000000000000000e+00
2.337184548377990723e-01 2.713842391967773438e-01 2.949346899986267090e-01 2.681049406528472900e-01 2.486678212881088257e-01 0.000000000000000000e+00
3.127585947513580322e-01 3.623860180377960205e-01 3.842273056507110596e-01 3.609518110752105713e-01 3.374896943569183350e-01 0.000000000000000000e+00
-2.555545866489410400e-01 -2.191433608531951904e-01 -2.033195942640304565e-01 -1.821946948766708374e-01 -2.712378799915313721e-01 1.000000000000000000e+00
-2.217967361211776733e-01 -1.592912375926971436e-01 -9.556590765714645386e-02 -1.748056709766387939e-01 -1.221685186028480530e-01 2.000000000000000000e+00
-2.555545866489410400e-01 -2.191433608531951904e-01 -2.033195942640304565e-01 -1.821946948766708374e-01 -2.712378799915313721e-01 1.000000000000000000e+00
-2.217967361211776733e-01 -1.592912375926971436e-01 -9.556590765714645386e-02 -1.748056709766387939e-01 -1.221685186028480530e-01 2.000000000000000000e+00
-2.555545866489410400e-01 -2.191433608531951904e-01 -2.033195942640304565e-01 -1.821946948766708374e-01 -2.712378799915313721e-01 1.000000000000000000e+00
-2.217967361211776733e-01 -1.592912375926971436e-01 -9.556590765714645386e-02 -1.748056709766387939e-01 -1.221685186028480530e-01 2.000000000000000000e+00
-2.555545866489410400e-01 -2.191433608531951904e-01 -2.033195942640304565e-01 -1.821946948766708374e-01 -2.712378799915313721e-01 1.000000000000000000e+00
-2.217967361211776733e-01 -1.592912375926971436e-01 -9.556590765714645386e-02 -1.748056709766387939e-01 -1.221685186028480530e-01 2.000000000000000000e+00
-2.555545866489410400e-01 -2.191433608531951904e-01 -2.033195942640304565e-01 -1.821946948766708374e-01 -2.712378799915313721e-01 1.000000000000000000e+00
-2.217967361211776733e-01 -1.592912375926971436e-01 -9.556590765714645386e-02 -1.748056709766387939e-01 -1.221685186028480530e-01 2.000000000000000000e+00
-2.555545866489410400e-01 -2.191433608531951904e-01 -2.033195942640304565e-01 -1.821946948766708374e-01 -2.712378799915313721e-01 1.000000000000000000e+00
-2.217967361211776733e-01 -1.592912375926971436e-01 -9.556590765714645386e-02 -1.748056709766387939e-01 -1.221685186028480530e-01 2.000000000000000000e+00
-2.555545866489410400e-01 -2.191433608531951904e-01 -2.033195942640304565e-01 -1.821946948766708374e-01 -2.712378799915313721e-01 1.000000000000000000e+00
-2.217967361211776733e-01 -1.592912375926971436e-01 -9.556590765714645386e-02 -1.748056709766387939e-01 -1.221685186028480530e-01 2.000000000000000000e+00
-2.555545866489410400e-01 -2.191433608531951904e-01 -2.033195942640304565e-01 -1.821946948766708374e-01 -2.712378799915313721e-01 1.000000000000000000e+00
-2.217967361211776733e-01 -1.592912375926971436e-01 -9.556590765714645386e-02 -1.748056709766387939e-01 -1.221685186028480530e-01 2.000000000000000000e+00
-2.555545866489410400e-01 -2.191433608531951904e-01 -2.033195942640304565e-01 -1.821946948766708374e-01 -2.712378799915313721e-01 1.000000000000000000e+00
-2.217967361211776733e-01 -1.592912375926971436e-01 -9.556590765714645386e-02 -1.748056709766387939e-01 -1.221685186028480530e-01 2.000000000000000000e+00
-2.555545866489410400e-01 -2.191433608531951904e-01 -2.033195942640304565e-01 -1.821946948766708374e-01 -2.712378799915313721e-01 1.000000000000000000e+00
-2.217967361211776733e-01 -1.592912375926971436e-01 -9.556590765714645386e-02 -1.748056709766387939e-01 -1.221685186028480530e-01 2.000000000000000000e+00
1.852338016033172607e-01 1.601193398237228394e-01 1.546865999698638916e-01 1.591602265834808350e-01 1.432421356439590454e-01 0.000000000000000000e+00
1.912483423948287964e-01 1.718643456697463989e-01 1.537404954433441162e-01 1.497091650962829590e-01 1.394443809986114502e-01 0.000000000000000000e+00
1.905877143144607544e-01 1.809089630842208862e-01 1.568249762058258057e-01 1.661384701728820801e-01 1.700411736965179443e-01 0.000000000000000000e+00
1.725230067968368530e-01 1.650836616754531860e-01 1.557239592075347900e-01 1.456357389688491821e-01 1.594668328762054443e-01 0.000000000000000000e+00
1.425343751907348633e-01 1.325213015079498291e-01 1.426061838865280151e-01 1.306844800710678101e-01 1.279109418392181396e-01 0.000000000000000000e+00
2.382697463035583496e-01 2.329744100570678711e-01 2.270505279302597046e-01 1.990499049425125122e-01 1.607370227575302124e-01 0.000000000000000000e+00
8.253867924213409424e-02 8.680009096860885620e-02 1.561042517423629761e-01 2.101509422063827515e-01 2.272328883409500122e-01 0.000000000000000000e+00
2.205721139907836914e-01 2.772493064403533936e-01 3.042390346527099609e-01 3.414323925971984863e-01 3.704016208648681641e-01 0.000000000000000000e+00
2.547811567783355713e-01 2.926386892795562744e-01 2.972135543823242188e-01 2.998887598514556885e-01 3.039805591106414795e-01 0.000000000000000000e+00
1.044151037931442261e-01 2.168078273534774780e-01 2.270485907793045044e-01 2.449860721826553345e-01 2.669736444950103760e-01 0.000000000000000000e+00
1.229205355048179626e-01 1.624824106693267822e-01 1.499776840209960938e-01 1.738298088312149048e-01 1.691233813762664795e-01 0.000000000000000000e+00
5.501026287674903870e-02 6.081139668822288513e-02 9.665239602327346802e-02 1.328513324260711670e-01 1.501289010047912598e-01 0.000000000000000000e+00
1.738594323396682739e-01 1.801072806119918823e-01 1.644610613584518433e-01 1.289904862642288208e-01 9.336809813976287842e-02 0.000000000000000000e+00
2.009281814098358154e-01 2.081785798072814941e-01 2.160855829715728760e-01 1.994380503892898560e-01 1.932011544704437256e-01 0.000000000000000000e+00
2.337298542261123657e-01 2.645893990993499756e-01 2.581114470958709717e-01 2.522053122520446777e-01 2.446133941411972046e-01 0.000000000000000000e+00
2.326282858848571777e-01 2.638565897941589355e-01 2.755073010921478271e-01 2.899062633514404297e-01 2.850602567195892334e-01 0.000000000000000000e+00
2.752513885498046875e-01 2.932949960231781006e-01 2.958190739154815674e-01 3.018520474433898926e-01 2.797580361366271973e-01 0.000000000000000000e+00
3.030430972576141357e-01 3.241355717182159424e-01 3.237120211124420166e-01 3.232029676437377930e-01 3.210727274417877197e-01 0.000000000000000000e+00
2.043960690498352051e-01 2.588787078857421875e-01 2.594461441040039062e-01 2.714764773845672607e-01 3.089174032211303711e-01 0.000000000000000000e+00
1.254063844680786133e-01 1.734276264905929565e-01 2.179432958364486694e-01 2.091051340103149414e-01 2.454907894134521484e-01 0.000000000000000000e+00
-1.742072254419326782e-01 -7.968846708536148071e-02 4.079090431332588196e-02 1.323005706071853638e-01 2.107965201139450073e-01 0.000000000000000000e+00
2.660715281963348389e-01 2.766329050064086914e-01 2.731993794441223145e-01 2.763418853282928467e-01 2.879108190536499023e-01 0.000000000000000000e+00
2.517064213752746582e-01 2.716552317142486572e-01 2.750876843929290771e-01 2.898631095886230469e-01 2.840822935104370117e-01 0.000000000000000000e+00
2.573539912700653076e-01 2.606915831565856934e-01 2.656307518482208252e-01 2.722318172454833984e-01 2.850487530231475830e-01 0.000000000000000000e+00
2.356564998626708984e-01 2.503492236137390137e-01 2.454862147569656372e-01 2.585150897502899170e-01 2.573819160461425781e-01 0.000000000000000000e+00
2.045217156410217285e-01 2.178462892770767212e-01 2.686721980571746826e-01 2.828758955001831055e-01 2.790685892105102539e-01 0.000000000000000000e+00
2.062796950340270996e-01 2.290278822183609009e-01 2.367514073848724365e-01 2.608769834041595459e-01 2.615879774093627930e-01 0.000000000000000000e+00
2.242801040410995483e-01 2.592692077159881592e-01 2.644096612930297852e-01 2.508076131343841553e-01 2.517375946044921875e-01 0.000000000000000000e+00
2.680803835391998291e-01 2.861743867397308350e-01 2.904468476772308350e-01 3.002392947673797607e-01 3.038384318351745605e-01 0.000000000000000000e+00
2.828043997287750244e-01 3.045375049114227295e-01 3.158922195434570312e-01 3.156109750270843506e-01 3.037893772125244141e-01 0.000000000000000000e+00
2.829758822917938232e-01 2.907575666904449463e-01 2.959797978401184082e-01 2.896633744239807129e-01 3.019244074821472168e-01 0.000000000000000000e+00
2.601711750030517578e-01 2.712021768093109131e-01 2.774564027786254883e-01 2.814159393310546875e-01 2.986010611057281494e-01 0.000000000000000000e+00
1.532723605632781982e-01 1.809364557266235352e-01 1.944754570722579956e-01 2.461505532264709473e-01 3.038844466209411621e-01 0.000000000000000000e+00
1.257192194461822510e-01 1.161413937807083130e-01 3.432007133960723877e-02 1.405415534973144531e-01 1.333231329917907715e-01 0.000000000000000000e+00
3.640793859958648682e-01 4.194781184196472168e-01 4.264466166496276855e-01 4.190541505813598633e-01 4.059716761112213135e-01 0.000000000000000000e+00
1.526548564434051514e-01 2.178214937448501587e-01 2.318436801433563232e-01 2.413513511419296265e-01 2.743302881717681885e-01 0.000000000000000000e+00
2.178314626216888428e-01 2.510487139225006104e-01 2.599668800830841064e-01 2.619533538818359375e-01 2.458057999610900879e-01 0.000000000000000000e+00
2.666450142860412598e-01 3.287463784217834473e-01 3.506324589252471924e-01 3.509045839309692383e-01 3.403835594654083252e-01 0.000000000000000000e+00
3.088464736938476562e-01 3.724743425846099854e-01 4.037011563777923584e-01 4.128465354442596436e-01 4.460453987121582031e-01 0.000000000000000000e+00
3.281372785568237305e-01 3.817272484302520752e-01 4.230585396289825439e-01 4.416163265705108643e-01 4.298590421676635742e-01 0.000000000000000000e+00
3.531801998615264893e-01 3.990016579627990723e-01 4.331328868865966797e-01 4.496653974056243896e-01 4.584442377090454102e-01 0.000000000000000000e+00
3.520115315914154053e-01 4.121007323265075684e-01 4.468384683132171631e-01 4.462017118930816650e-01 4.485664963722229004e-01 0.000000000000000000e+00
1.818339675664901733e-01 2.388915717601776123e-01 2.504329085350036621e-01 2.562080025672912598e-01 2.527426183223724365e-01 1.000000000000000000e+00
2.345733642578125000e-01 2.538611590862274170e-01 3.045382201671600342e-01 3.034329414367675781e-01 3.211573958396911621e-01 2.000000000000000000e+00
1.818339675664901733e-01 2.388915717601776123e-01 2.504329085350036621e-01 2.562080025672912598e-01 2.527426183223724365e-01 1.000000000000000000e+00
2.345733642578125000e-01 2.538611590862274170e-01 3.045382201671600342e-01 3.034329414367675781e-01 3.211573958396911621e-01 2.000000000000000000e+00
1.818339675664901733e-01 2.388915717601776123e-01 2.504329085350036621e-01 2.562080025672912598e-01 2.527426183223724365e-01 1.000000000000000000e+00
2.345733642578125000e-01 2.538611590862274170e-01 3.045382201671600342e-01 3.034329414367675781e-01 3.211573958396911621e-01 2.000000000000000000e+00
1.818339675664901733e-01 2.388915717601776123e-01 2.504329085350036621e-01 2.562080025672912598e-01 2.527426183223724365e-01 1.000000000000000000e+00
2.345733642578125000e-01 2.538611590862274170e-01 3.045382201671600342e-01 3.034329414367675781e-01 3.211573958396911621e-01 2.000000000000000000e+00
1.818339675664901733e-01 2.388915717601776123e-01 2.504329085350036621e-01 2.562080025672912598e-01 2.527426183223724365e-01 1.000000000000000000e+00
2.345733642578125000e-01 2.538611590862274170e-01 3.045382201671600342e-01 3.034329414367675781e-01 3.211573958396911621e-01 2.000000000000000000e+00
1.818339675664901733e-01 2.388915717601776123e-01 2.504329085350036621e-01 2.562080025672912598e-01 2.527426183223724365e-01 1.000000000000000000e+00
2.345733642578125000e-01 2.538611590862274170e-01 3.045382201671600342e-01 3.034329414367675781e-01 3.211573958396911621e-01 2.000000000000000000e+00
1.818339675664901733e-01 2.388915717601776123e-01 2.504329085350036621e-01 2.562080025672912598e-01 2.527426183223724365e-01 1.000000000000000000e+00
2.345733642578125000e-01 2.538611590862274170e-01 3.045382201671600342e-01 3.034329414367675781e-01 3.211573958396911621e-01 2.000000000000000000e+00
1.818339675664901733e-01 2.388915717601776123e-01 2.504329085350036621e-01 2.562080025672912598e-01 2.527426183223724365e-01 1.000000000000000000e+00
2.345733642578125000e-01 2.538611590862274170e-01 3.045382201671600342e-01 3.034329414367675781e-01 3.211573958396911621e-01 2.000000000000000000e+00
1.818339675664901733e-01 2.388915717601776123e-01 2.504329085350036621e-01 2.562080025672912598e-01 2.527426183223724365e-01 1.000000000000000000e+00
2.345733642578125000e-01 2.538611590862274170e-01 3.045382201671600342e-01 3.034329414367675781e-01 3.211573958396911621e-01 2.000000000000000000e+00
1.818339675664901733e-01 2.388915717601776123e-01 2.504329085350036621e-01 2.562080025672912598e-01 2.527426183223724365e-01 1.000000000000000000e+00
2.345733642578125000e-01 2.538611590862274170e-01 3.045382201671600342e-01 3.034329414367675781e-01 3.211573958396911621e-01 2.000000000000000000e+00
1.874003857374191284e-01 2.418027222156524658e-01 2.420459836721420288e-01 2.866587936878204346e-01 2.294918894767761230e-01 0.000000000000000000e+00
2.366571575403213501e-01 2.601636946201324463e-01 2.732391059398651123e-01 2.833684086799621582e-01 2.898151874542236328e-01 0.000000000000000000e+00
2.715191841125488281e-01 3.357573151588439941e-01 3.864493966102600098e-01 3.733724653720855713e-01 3.788794875144958496e-01 0.000000000000000000e+00
2.690151333808898926e-01 3.159992992877960205e-01 3.573455810546875000e-01 3.914754986763000488e-01 4.047955274581909180e-01 0.000000000000000000e+00
6.116626411676406860e-02 1.785218715667724609e-01 1.661347597837448120e-01 2.386308759450912476e-01 2.824251949787139893e-01 0.000000000000000000e+00
-8.268876373767852783e-02 -7.624127715826034546e-02 -5.888587981462478638e-02 3.988560661673545837e-02 1.048613116145133972e-01 0.000000000000000000e+00
-6.582245230674743652e-02 -5.591075867414474487e-02 -9.428102523088455200e-02 -7.525639235973358154e-02 -2.361490763723850250e-02 0.000000000000000000e+00
1.131120994687080383e-01 4.542189091444015503e-02 6.463529169559478760e-02 1.446742117404937744e-01 2.015822827816009521e-01 1.000000000000000000e+00
1.912803351879119873e-01 2.281210124492645264e-01 2.383922040462493896e-01 2.417603284120559692e-01 2.207649648189544678e-01 2.000000000000000000e+00
1.131120994687080383e-01 4.542189091444015503e-02 6.463529169559478760e-02 1.446742117404937744e-01 2.015822827816009521e-01 1.000000000000000000e+00
1.912803351879119873e-01 2.281210124492645264e-01 2.383922040462493896e-01 2.417603284120559692e-01 2.207649648189544678e-01 2.000000000000000000e+00
1.131120994687080383e-01 4.542189091444015503e-02 6.463529169559478760e-02 1.446742117404937744e-01 2.015822827816009521e-01 1.000000000000000000e+00
1.912803351879119873e-01 2.281210124492645264e-01 2.383922040462493896e-01 2.417603284120559692e-01 2.207649648189544678e-01 2.000000000000000000e+00
1.131120994687080383e-01 4.542189091444015503e-02 6.463529169559478760e-02 1.446742117404937744e-01 2.015822827816009521e-01 1.000000000000000000e+00
1.912803351879119873e-01 2.281210124492645264e-01 2.383922040462493896e-01 2.417603284120559692e-01 2.207649648189544678e-01 2.000000000000000000e+00
1.131120994687080383e-01 4.542189091444015503e-02 6.463529169559478760e-02 1.446742117404937744e-01 2.015822827816009521e-01 1.000000000000000000e+00
1.912803351879119873e-01 2.281210124492645264e-01 2.383922040462493896e-01 2.417603284120559692e-01 2.207649648189544678e-01 2.000000000000000000e+00
1.131120994687080383e-01 4.542189091444015503e-02 6.463529169559478760e-02 1.446742117404937744e-01 2.015822827816009521e-01 1.000000000000000000e+00
1.912803351879119873e-01 2.281210124492645264e-01 2.383922040462493896e-01 2.417603284120559692e-01 2.207649648189544678e-01 2.000000000000000000e+00
1.131120994687080383e-01 4.542189091444015503e-02 6.463529169559478760e-02 1.446742117404937744e-01 2.015822827816009521e-01 1.000000000000000000e+00
1.912803351879119873e-01 2.281210124492645264e-01 2.383922040462493896e-01 2.417603284120559692e-01 2.207649648189544678e-01 2.000000000000000000e+00
1.131120994687080383e-01 4.542189091444015503e-02 6.463529169559478760e-02 1.446742117404937744e-01 2.015822827816009521e-01 1.000000000000000000e+00
1.912803351879119873e-01 2.281210124492645264e-01 2.383922040462493896e-01 2.417603284120559692e-01 2.207649648189544678e-01 2.000000000000000000e+00
1.131120994687080383e-01 4.542189091444015503e-02 6.463529169559478760e-02 1.446742117404937744e-01 2.015822827816009521e-01 1.000000000000000000e+00
1.912803351879119873e-01 2.281210124492645264e-01 2.383922040462493896e-01 2.417603284120559692e-01 2.207649648189544678e-01 2.000000000000000000e+00
1.131120994687080383e-01 4.542189091444015503e-02 6.463529169559478760e-02 1.446742117404937744e-01 2.015822827816009521e-01 1.000000000000000000e+00
1.912803351879119873e-01 2.281210124492645264e-01 2.383922040462493896e-01 2.417603284120559692e-01 2.207649648189544678e-01 2.000000000000000000e+00
2.653730511665344238e-01 3.324036300182342529e-01 3.427528738975524902e-01 3.393790721893310547e-01 3.468060791492462158e-01 0.000000000000000000e+00
2.762341797351837158e-01 3.324998021125793457e-01 3.754668533802032471e-01 4.031174480915069580e-01 3.763461112976074219e-01 0.000000000000000000e+00
2.726270258426666260e-01 3.294436931610107422e-01 3.611375093460083008e-01 3.668712675571441650e-01 3.751739859580993652e-01 0.000000000000000000e+00
2.486344128847122192e-01 2.933176159858703613e-01 3.477378487586975098e-01 3.823683857917785645e-01 3.901185989379882812e-01 0.000000000000000000e+00
1.760252118110656738e-01 2.157161682844161987e-01 2.513669431209564209e-01 2.816237211227416992e-01 3.116924762725830078e-01 0.000000000000000000e+00
1.360960453748703003e-01 2.014788687229156494e-01 2.317899018526077271e-01 2.529045045375823975e-01 2.554942667484283447e-01 0.000000000000000000e+00
1.246121823787689209e-01 1.451839953660964966e-01 1.466996222734451294e-01 1.253218352794647217e-01 1.822307258844375610e-01 0.000000000000000000e+00
2.942299544811248779e-01 3.330464661121368408e-01 3.394671380519866943e-01 3.449322879314422607e-01 3.538119196891784668e-01 0.000000000000000000e+00
2.523341476917266846e-01 3.093243241310119629e-01 3.486337363719940186e-01 3.638664484024047852e-01 3.923998177051544189e-01 0.000000000000000000e+00
2.967045605182647705e-01 3.396405279636383057e-01 3.537540733814239502e-01 3.669058084487915039e-01 3.507093191146850586e-01 0.000000000000000000e+00
2.615886926651000977e-01 3.293392956256866455e-01 3.517204523086547852e-01 3.525749444961547852e-01 3.639329075813293457e-01 0.000000000000000000e+00
2.627379298210144043e-01 3.043899536132812500e-01 3.406418859958648682e-01 3.385795354843139648e-01 3.602755963802337646e-01 0.000000000000000000e+00
2.427967637777328491e-01 2.990733683109283447e-01 3.314082920551300049e-01 3.389426767826080322e-01 3.454857170581817627e-01 0.000000000000000000e+00
2.476882934570312500e-01 2.790965139865875244e-01 3.060808181762695312e-01 3.202702701091766357e-01 3.235917687416076660e-01 0.000000000000000000e+00
1.201549023389816284e-01 1.492365002632141113e-01 1.983700543642044067e-01 2.752261459827423096e-01 3.086626529693603516e-01 0.000000000000000000e+00
7.802760601043701172e-02 1.349169313907623291e-01 1.291855573654174805e-01 1.788932532072067261e-01 1.561618149280548096e-01 0.000000000000000000e+00
1.516332179307937622e-01 1.780917644500732422e-01 1.977282613515853882e-01 2.047867476940155029e-01 2.086504250764846802e-01 0.000000000000000000e+00
1.963865458965301514e-01 2.249374091625213623e-01 2.250390201807022095e-01 2.694992125034332275e-01 2.385199666023254395e-01 0.000000000000000000e+00
2.698350250720977783e-01 2.768353819847106934e-01 2.890654504299163818e-01 2.874868810176849365e-01 2.672368884086608887e-01 0.000000000000000000e+00
3.100945353507995605e-01 3.321815729141235352e-01 3.420313894748687744e-01 3.522187769412994385e-01 3.429453670978546143e-01 0.000000000000000000e+00
3.015950322151184082e-01 3.229373395442962646e-01 3.465575575828552246e-01 3.589935600757598877e-01 3.726029098033905029e-01 0.000000000000000000e+00
1.425426453351974487e-01 2.404640763998031616e-01 3.038873970508575439e-01 3.206402361392974854e-01 3.263272345066070557e-01 0.000000000000000000e+00
9.310834109783172607e-03 9.482555091381072998e-02 1.770210117101669312e-01 2.051611989736557007e-01 2.204815000295639038e-01 0.000000000000000000e+00
6.115905568003654480e-02 1.174906939268112183e-01 1.074545010924339294e-01 1.283265054225921631e-01 5.008902028203010559e-02 0.000000000000000000e+00
1.413546800613403320e-01 1.628751456737518311e-01 1.691204458475112915e-01 1.513203680515289307e-01 1.615099757909774780e-01 0.000000000000000000e+00
2.694195806980133057e-01 2.729554772377014160e-01 2.831490337848663330e-01 2.660244703292846680e-01 2.587727904319763184e-01 0.000000000000000000e+00
2.982237637042999268e-01 3.375640213489532471e-01 3.500536084175109863e-01 3.455711603164672852e-01 3.451611101627349854e-01 0.000000000000000000e+00
3.056166470050811768e-01 3.224534988403320312e-01 3.365038931369781494e-01 3.548313081264495850e-01 3.461843729019165039e-01 0.000000000000000000e+00
2.718265652656555176e-01 2.945111989974975586e-01 2.883803844451904297e-01 2.759812176227569580e-01 2.647407650947570801e-01 0.000000000000000000e+00
7.903298735618591309e-02 1.950249522924423218e-01 2.415916770696640015e-01 2.974743247032165527e-01 3.023220300674438477e-01 0.000000000000000000e+00
1.466617584228515625e-01 1.698735058307647705e-01 1.406079828739166260e-01 1.440414786338806152e-01 1.680014282464981079e-01 0.000000000000000000e+00
1.463134288787841797e-01 1.753259152173995972e-01 2.093493938446044922e-01 2.462311685085296631e-01 2.534263432025909424e-01 0.000000000000000000e+00
-2.446043863892555237e-02 -2.028090646490454674e-03 2.612723596394062042e-02 1.174091845750808716e-01 1.683735698461532593e-01 0.000000000000000000e+00
6.237190589308738708e-02 -1.415030192583799362e-02 7.039800286293029785e-02 1.594573259353637695e-01 1.693941205739974976e-01 0.000000000000000000e+00
1.333274692296981812e-01 1.519272476434707642e-01 1.727407723665237427e-01 1.918388009071350098e-01 1.831171661615371704e-01 0.000000000000000000e+00
1.631812602281570435e-01 1.509196013212203979e-01 7.659570872783660889e-02 6.572037935256958008e-02 9.565882384777069092e-03 0.000000000000000000e+00
2.684274613857269287e-01 2.768968939781188965e-01 2.658774852752685547e-01 2.671658992767333984e-01 2.394206970930099487e-01 0.000000000000000000e+00
2.731067240238189697e-01 3.006337285041809082e-01 3.162629008293151855e-01 3.215048611164093018e-01 3.061077594757080078e-01 0.000000000000000000e+00
2.434877902269363403e-01 2.660836875438690186e-01 2.778360843658447266e-01 2.877633869647979736e-01 2.991358339786529541e-01 0.000000000000000000e+00
5.729971826076507568e-02 -2.063661813735961914e-03 2.010797709226608276e-02 3.103229962289333344e-02 1.609525531530380249e-01 0.000000000000000000e+00
1.933196336030960083e-01 1.770231276750564575e-01 1.543482989072799683e-01 9.834622591733932495e-02 1.843164116144180298e-02 0.000000000000000000e+00
