4.783730804920196533e-01 5.264333486557006836e-01 5.970468521118164062e-01 5.571118593215942383e-01 5.288718342781066895e-01 0.000000000000000000e+00
2.168113291263580322e-01 3.657942414283752441e-01 3.105263710021972656e-01 4.162789881229400635e-01 4.516609609127044678e-01 0.000000000000000000e+00
-8.332442492246627808e-02 7.171861827373504639e-02 1.813061088323593140e-01 7.048252969980239868e-02 2.881872653961181641e-01 0.000000000000000000e+00
2.072921246290206909e-01 2.512564957141876221e-01 2.643392235040664673e-02 2.559092044830322266e-01 2.124389111995697021e-01 0.000000000000000000e+00
3.499289751052856445e-01 2.273630052804946899e-01 1.610242575407028198e-01 3.615863621234893799e-01 4.672896564006805420e-01 0.000000000000000000e+00
2.290992289781570435e-01 7.519927620887756348e-02 2.605996131896972656e-01 3.955042064189910889e-01 3.778901696205139160e-01 0.000000000000000000e+00
1.723207533359527588e-01 7.811592519283294678e-02 1.004747450351715088e-01 6.085950508713722229e-02 3.616311773657798767e-02 0.000000000000000000e+00
4.273154437541961670e-01 3.635502755641937256e-01 3.715832233428955078e-01 3.490874767303466797e-01 3.263421058654785156e-01 0.000000000000000000e+00
2.907336056232452393e-01 2.702939808368682861e-01 2.932374477386474609e-01 3.111596405506134033e-01 3.393688201904296875e-01 0.000000000000000000e+00
2.949879169464111328e-01 3.714954257011413574e-01 2.981389760971069336e-01 2.838995754718780518e-01 2.978871762752532959e-01 0.000000000000000000e+00
3.069514930248260498e-01 3.652404844760894775e-01 4.509938061237335205e-01 4.717027544975280762e-01 4.238642752170562744e-01 0.000000000000000000e+00
2.826151549816131592e-01 3.520684838294982910e-01 3.914850354194641113e-01 3.913143575191497803e-01 4.828838407993316650e-01 0.000000000000000000e+00
3.203883469104766846e-01 2.548604607582092285e-01 2.845785021781921387e-01 3.604901432991027832e-01 3.581166565418243408e-01 0.000000000000000000e+00
3.075474798679351807e-01 3.700622618198394775e-01 3.519108891487121582e-01 3.743347823619842529e-01 3.280374705791473389e-01 0.000000000000000000e+00
8.287522792816162109e-01 8.838359117507934570e-01 8.496312499046325684e-01 8.520266413688659668e-01 9.005616903305053711e-01 0.000000000000000000e+00
6.574985980987548828e-01 6.887389421463012695e-01 7.364238500595092773e-01 7.807728052139282227e-01 8.111107945442199707e-01 0.000000000000000000e+00
6.112927198410034180e-01 6.848832368850708008e-01 7.125203609466552734e-01 8.311645388603210449e-01 8.127282261848449707e-01 0.000000000000000000e+00
2.887922823429107666e-01 5.174693465232849121e-01 5.622135996818542480e-01 6.549869775772094727e-01 7.024646401405334473e-01 0.000000000000000000e+00
3.714637160301208496e-01 7.223218679428100586e-01 8.078684806823730469e-01 8.439133167266845703e-01 8.046135902404785156e-01 0.000000000000000000e+00
4.621279835700988770e-01 6.545131206512451172e-01 7.420529723167419434e-01 7.241963148117065430e-01 7.043572664260864258e-01 0.000000000000000000e+00
1.944424808025360107e-01 3.775987625122070312e-01 4.657495319843292236e-01 5.551556348800659180e-01 6.762838959693908691e-01 0.000000000000000000e+00
5.716474056243896484e-01 7.229757308959960938e-01 7.862097024917602539e-01 7.589237093925476074e-01 7.851775884628295898e-01 0.000000000000000000e+00
5.652055144309997559e-01 6.288561820983886719e-01 7.104654312133789062e-01 6.544651389122009277e-01 6.947950720787048340e-01 0.000000000000000000e+00
3.244512379169464111e-01 5.507481694221496582e-01 6.961448192596435547e-01 7.304415106773376465e-01 6.168543100357055664e-01 0.000000000000000000e+00
1.336261779069900513e-01 1.948730945587158203e-01 9.236634522676467896e-02 2.591948211193084717e-01 4.786539077758789062e-01 0.000000000000000000e+00
-5.631176382303237915e-02 1.101813185960054398e-02 4.598478227853775024e-02 1.061351597309112549e-01 1.789772212505340576e-01 0.000000000000000000e+00
3.738104104995727539e-01 4.620040655136108398e-01 4.931015074253082275e-01 5.417945981025695801e-01 4.361205697059631348e-01 0.000000000000000000e+00
3.802448511123657227e-01 4.111554324626922607e-01 4.198154807090759277e-01 5.376237630844116211e-01 5.499412417411804199e-01 0.000000000000000000e+00
5.332975387573242188e-01 6.397066116333007812e-01 7.367323637008666992e-01 6.874716281890869141e-01 6.208981275558471680e-01 0.000000000000000000e+00
4.102424383163452148e-01 4.966455698013305664e-01 5.910282135009765625e-01 6.318658590316772461e-01 6.392158865928649902e-01 0.000000000000000000e+00
3.059865832328796387e-01 6.169958114624023438e-01 6.243374347686767578e-01 7.386923432350158691e-01 7.340834140777587891e-01 0.000000000000000000e+00
1.890211552381515503e-01 5.584779977798461914e-01 4.007174372673034668e-01 6.032969951629638672e-01 7.174485325813293457e-01 0.000000000000000000e+00
-7.683882862329483032e-02 1.549447625875473022e-01 1.641281992197036743e-01 3.045261204242706299e-01 3.943457603454589844e-01 0.000000000000000000e+00
4.977093636989593506e-02 2.121537327766418457e-01 2.244500368833541870e-01 1.654350757598876953e-01 9.490435943007469177e-03 0.000000000000000000e+00
4.276850521564483643e-01 4.169606268405914307e-01 5.198500752449035645e-01 6.944203376770019531e-01 5.764878988265991211e-01 0.000000000000000000e+00
5.819095373153686523e-01 7.650606632232666016e-01 7.603271007537841797e-01 8.620088696479797363e-01 8.321818113327026367e-01 0.000000000000000000e+00
5.205128192901611328e-01 6.985002756118774414e-01 7.410621643066406250e-01 8.367193341255187988e-01 7.932984828948974609e-01 0.000000000000000000e+00
6.244595050811767578e-01 7.603960037231445312e-01 7.956019639968872070e-01 7.846052646636962891e-01 7.165130972862243652e-01 0.000000000000000000e+00
7.794560790061950684e-01 8.213893175125122070e-01 8.958963155746459961e-01 9.193936586380004883e-01 8.623752593994140625e-01 0.000000000000000000e+00
6.748117208480834961e-01 8.073972463607788086e-01 8.438195586204528809e-01 8.866314888000488281e-01 9.240772128105163574e-01 0.000000000000000000e+00
5.936173200607299805e-01 7.821406126022338867e-01 8.159603476524353027e-01 9.017228484153747559e-01 8.837809562683105469e-01 0.000000000000000000e+00
5.698002576828002930e-01 7.695444822311401367e-01 8.137619495391845703e-01 8.322025537490844727e-01 7.972672581672668457e-01 0.000000000000000000e+00
4.017004668712615967e-01 6.646149158477783203e-01 5.816320180892944336e-01 6.165367364883422852e-01 5.198757052421569824e-01 1.000000000000000000e+00
7.391795516014099121e-01 8.404116034507751465e-01 8.398297429084777832e-01 8.039874434471130371e-01 7.514179944992065430e-01 2.000000000000000000e+00
4.017004668712615967e-01 6.646149158477783203e-01 5.816320180892944336e-01 6.165367364883422852e-01 5.198757052421569824e-01 1.000000000000000000e+00
7.391795516014099121e-01 8.404116034507751465e-01 8.398297429084777832e-01 8.039874434471130371e-01 7.514179944992065430e-01 2.000000000000000000e+00
4.017004668712615967e-01 6.646149158477783203e-01 5.816320180892944336e-01 6.165367364883422852e-01 5.198757052421569824e-01 1.000000000000000000e+00
7.391795516014099121e-01 8.404116034507751465e-01 8.398297429084777832e-01 8.039874434471130371e-01 7.514179944992065430e-01 2.000000000000000000e+00
4.017004668712615967e-01 6.646149158477783203e-01 5.816320180892944336e-01 6.165367364883422852e-01 5.198757052421569824e-01 1.000000000000000000e+00
7.391795516014099121e-01 8.404116034507751465e-01 8.398297429084777832e-01 8.039874434471130371e-01 7.514179944992065430e-01 2.000000000000000000e+00
4.017004668712615967e-01 6.646149158477783203e-01 5.816320180892944336e-01 6.165367364883422852e-01 5.198757052421569824e-01 1.000000000000000000e+00
7.391795516014099121e-01 8.404116034507751465e-01 8.398297429084777832e-01 8.039874434471130371e-01 7.514179944992065430e-01 2.000000000000000000e+00
4.017004668712615967e-01 6.646149158477783203e-01 5.816320180892944336e-01 6.165367364883422852e-01 5.198757052421569824e-01 1.000000000000000000e+00
7.391795516014099121e-01 8.404116034507751465e-01 8.398297429084777832e-01 8.039874434471130371e-01 7.514179944992065430e-01 2.000000000000000000e+00
4.017004668712615967e-01 6.646149158477783203e-01 5.816320180892944336e-01 6.165367364883422852e-01 5.198757052421569824e-01 1.000000000000000000e+00
7.391795516014099121e-01 8.404116034507751465e-01 8.398297429084777832e-01 8.039874434471130371e-01 7.514179944992065430e-01 2.000000000000000000e+00
4.017004668712615967e-01 6.646149158477783203e-01 5.816320180892944336e-01 6.165367364883422852e-01 5.198757052421569824e-01 1.000000000000000000e+00
7.391795516014099121e-01 8.404116034507751465e-01 8.398297429084777832e-01 8.039874434471130371e-01 7.514179944992065430e-01 2.000000000000000000e+00
4.017004668712615967e-01 6.646149158477783203e-01 5.816320180892944336e-01 6.165367364883422852e-01 5.198757052421569824e-01 1.000000000000000000e+00
7.391795516014099121e-01 8.404116034507751465e-01 8.398297429084777832e-01 8.039874434471130371e-01 7.514179944992065430e-01 2.000000000000000000e+00
4.017004668712615967e-01 6.646149158477783203e-01 5.816320180892944336e-01 6.165367364883422852e-01 5.198757052421569824e-01 1.000000000000000000e+00
7.391795516014099121e-01 8.404116034507751465e-01 8.398297429084777832e-01 8.039874434471130371e-01 7.514179944992065430e-01 2.000000000000000000e+00
5.305418968200683594e-01 7.307438850402832031e-01 8.405266404151916504e-01 8.625826835632324219e-01 8.653351664543151855e-01 0.000000000000000000e+00
3.950224816799163818e-01 7.358410954475402832e-01 7.845866084098815918e-01 7.295379638671875000e-01 7.535776495933532715e-01 0.000000000000000000e+00
6.637421846389770508e-01 8.704736232757568359e-01 8.904946446418762207e-01 9.126027226448059082e-01 8.453409075736999512e-01 0.000000000000000000e+00
4.154376983642578125e-01 7.159423828125000000e-01 7.740240097045898438e-01 8.192870616912841797e-01 8.345581293106079102e-01 0.000000000000000000e+00
3.350735306739807129e-01 3.883512616157531738e-01 3.621073365211486816e-01 3.161074519157409668e-01 4.918614923954010010e-01 0.000000000000000000e+00
7.592827677726745605e-01 7.415801286697387695e-01 7.692715525627136230e-01 7.714593410491943359e-01 7.139812111854553223e-01 0.000000000000000000e+00
4.180375337600708008e-01 7.365851402282714844e-01 7.168360352516174316e-01 7.959779500961303711e-01 8.410615324974060059e-01 0.000000000000000000e+00
6.430972814559936523e-01 6.962347030639648438e-01 7.741954326629638672e-01 8.022265434265136719e-01 7.735868692398071289e-01 0.000000000000000000e+00
4.764613509178161621e-01 6.754204034805297852e-01 7.308726310729980469e-01 7.227761745452880859e-01 8.088987469673156738e-01 0.000000000000000000e+00
3.653759062290191650e-01 5.101401805877685547e-01 4.689379334449768066e-01 4.826936721801757812e-01 5.944371223449707031e-01 0.000000000000000000e+00
3.595567643642425537e-01 3.840703070163726807e-01 3.952505588531494141e-01 4.049076735973358154e-01 4.778333008289337158e-01 0.000000000000000000e+00
3.627330064773559570e-01 3.954829871654510498e-01 4.030039310455322266e-01 4.291929900646209717e-01 4.182228446006774902e-01 0.000000000000000000e+00
3.672695755958557129e-01 3.990625441074371338e-01 4.129384160041809082e-01 4.200744032859802246e-01 4.263244867324829102e-01 0.000000000000000000e+00
3.796464800834655762e-01 4.293222427368164062e-01 4.245584905147552490e-01 4.432254433631896973e-01 4.374599456787109375e-01 0.000000000000000000e+00
4.545314013957977295e-01 5.451806783676147461e-01 4.978314340114593506e-01 4.802468419075012207e-01 4.665361046791076660e-01 0.000000000000000000e+00
5.654881000518798828e-01 6.229013800621032715e-01 6.667439937591552734e-01 6.393623352050781250e-01 6.481328606605529785e-01 0.000000000000000000e+00
5.345749855041503906e-01 6.962505578994750977e-01 7.619331479072570801e-01 8.451585173606872559e-01 7.509045004844665527e-01 0.000000000000000000e+00
5.627760887145996094e-01 7.644351720809936523e-01 7.398747205734252930e-01 7.368586063385009766e-01 6.647583246231079102e-01 0.000000000000000000e+00
6.237702369689941406e-01 5.999958515167236328e-01 6.335849761962890625e-01 6.134642362594604492e-01 7.395177483558654785e-01 0.000000000000000000e+00
1.818641424179077148e-01 3.038016259670257568e-01 2.900853753089904785e-01 1.735958009958267212e-01 1.770201623439788818e-01 1.000000000000000000e+00
2.405281662940979004e-01 3.104871809482574463e-01 2.555904388427734375e-01 4.286896884441375732e-01 5.963019132614135742e-01 2.000000000000000000e+00
1.818641424179077148e-01 3.038016259670257568e-01 2.900853753089904785e-01 1.735958009958267212e-01 1.770201623439788818e-01 1.000000000000000000e+00
2.405281662940979004e-01 3.104871809482574463e-01 2.555904388427734375e-01 4.286896884441375732e-01 5.963019132614135742e-01 2.000000000000000000e+00
1.818641424179077148e-01 3.038016259670257568e-01 2.900853753089904785e-01 1.735958009958267212e-01 1.770201623439788818e-01 1.000000000000000000e+00
2.405281662940979004e-01 3.104871809482574463e-01 2.555904388427734375e-01 4.286896884441375732e-01 5.963019132614135742e-01 2.000000000000000000e+00
1.818641424179077148e-01 3.038016259670257568e-01 2.900853753089904785e-01 1.735958009958267212e-01 1.770201623439788818e-01 1.000000000000000000e+00
2.405281662940979004e-01 3.104871809482574463e-01 2.555904388427734375e-01 4.286896884441375732e-01 5.963019132614135742e-01 2.000000000000000000e+00
1.818641424179077148e-01 3.038016259670257568e-01 2.900853753089904785e-01 1.735958009958267212e-01 1.770201623439788818e-01 1.000000000000000000e+00
2.405281662940979004e-01 3.104871809482574463e-01 2.555904388427734375e-01 4.286896884441375732e-01 5.963019132614135742e-01 2.000000000000000000e+00
1.818641424179077148e-01 3.038016259670257568e-01 2.900853753089904785e-01 1.735958009958267212e-01 1.770201623439788818e-01 1.000000000000000000e+00
2.405281662940979004e-01 3.104871809482574463e-01 2.555904388427734375e-01 4.286896884441375732e-01 5.963019132614135742e-01 2.000000000000000000e+00
1.818641424179077148e-01 3.038016259670257568e-01 2.900853753089904785e-01 1.735958009958267212e-01 1.770201623439788818e-01 1.000000000000000000e+00
2.405281662940979004e-01 3.104871809482574463e-01 2.555904388427734375e-01 4.286896884441375732e-01 5.963019132614135742e-01 2.000000000000000000e+00
1.818641424179077148e-01 3.038016259670257568e-01 2.900853753089904785e-01 1.735958009958267212e-01 1.770201623439788818e-01 1.000000000000000000e+00
2.405281662940979004e-01 3.104871809482574463e-01 2.555904388427734375e-01 4.286896884441375732e-01 5.963019132614135742e-01 2.000000000000000000e+00
1.818641424179077148e-01 3.038016259670257568e-01 2.900853753089904785e-01 1.735958009958267212e-01 1.770201623439788818e-01 1.000000000000000000e+00
2.405281662940979004e-01 3.104871809482574463e-01 2.555904388427734375e-01 4.286896884441375732e-01 5.963019132614135742e-01 2.000000000000000000e+00
1.818641424179077148e-01 3.038016259670257568e-01 2.900853753089904785e-01 1.735958009958267212e-01 1.770201623439788818e-01 1.000000000000000000e+00
2.405281662940979004e-01 3.104871809482574463e-01 2.555904388427734375e-01 4.286896884441375732e-01 5.963019132614135742e-01 2.000000000000000000e+00
6.385396122932434082e-01 7.914831638336181641e-01 8.135154247283935547e-01 6.758471727371215820e-01 7.394492626190185547e-01 0.000000000000000000e+00
3.979633450508117676e-01 6.760601997375488281e-01 5.637875795364379883e-01 6.951934099197387695e-01 8.106735944747924805e-01 0.000000000000000000e+00
5.519876480102539062e-01 6.485774517059326172e-01 8.178722858428955078e-01 7.494035959243774414e-01 7.282840013504028320e-01 0.000000000000000000e+00
6.636144518852233887e-01 7.428110241889953613e-01 7.749684453010559082e-01 7.886195182800292969e-01 8.031246662139892578e-01 0.000000000000000000e+00
6.018384099006652832e-01 6.717544794082641602e-01 8.113639354705810547e-01 7.386560440063476562e-01 8.406708240509033203e-01 0.000000000000000000e+00
2.521683871746063232e-01 2.976050972938537598e-02 -1.051829457283020020e-01 -1.358159780502319336e-01 2.392138727009296417e-02 1.000000000000000000e+00
2.257528007030487061e-01 2.529613673686981201e-01 5.433369278907775879e-01 6.123863458633422852e-01 4.460593461990356445e-01 2.000000000000000000e+00
2.521683871746063232e-01 2.976050972938537598e-02 -1.051829457283020020e-01 -1.358159780502319336e-01 2.392138727009296417e-02 1.000000000000000000e+00
2.257528007030487061e-01 2.529613673686981201e-01 5.433369278907775879e-01 6.123863458633422852e-01 4.460593461990356445e-01 2.000000000000000000e+00
2.521683871746063232e-01 2.976050972938537598e-02 -1.051829457283020020e-01 -1.358159780502319336e-01 2.392138727009296417e-02 1.000000000000000000e+00
2.257528007030487061e-01 2.529613673686981201e-01 5.433369278907775879e-01 6.123863458633422852e-01 4.460593461990356445e-01 2.000000000000000000e+00
2.521683871746063232e-01 2.976050972938537598e-02 -1.051829457283020020e-01 -1.358159780502319336e-01 2.392138727009296417e-02 1.000000000000000000e+00
2.257528007030487061e-01 2.529613673686981201e-01 5.433369278907775879e-01 6.123863458633422852e-01 4.460593461990356445e-01 2.000000000000000000e+00
2.521683871746063232e-01 2.976050972938537598e-02 -1.051829457283020020e-01 -1.358159780502319336e-01 2.392138727009296417e-02 1.000000000000000000e+00
2.257528007030487061e-01 2.529613673686981201e-01 5.433369278907775879e-01 6.123863458633422852e-01 4.460593461990356445e-01 2.000000000000000000e+00
2.521683871746063232e-01 2.976050972938537598e-02 -1.051829457283020020e-01 -1.358159780502319336e-01 2.392138727009296417e-02 1.000000000000000000e+00
2.257528007030487061e-01 2.529613673686981201e-01 5.433369278907775879e-01 6.123863458633422852e-01 4.460593461990356445e-01 2.000000000000000000e+00
2.521683871746063232e-01 2.976050972938537598e-02 -1.051829457283020020e-01 -1.358159780502319336e-01 2.392138727009296417e-02 1.000000000000000000e+00
2.257528007030487061e-01 2.529613673686981201e-01 5.433369278907775879e-01 6.123863458633422852e-01 4.460593461990356445e-01 2.000000000000000000e+00
2.521683871746063232e-01 2.976050972938537598e-02 -1.051829457283020020e-01 -1.358159780502319336e-01 2.392138727009296417e-02 1.000000000000000000e+00
2.257528007030487061e-01 2.529613673686981201e-01 5.433369278907775879e-01 6.123863458633422852e-01 4.460593461990356445e-01 2.000000000000000000e+00
2.521683871746063232e-01 2.976050972938537598e-02 -1.051829457283020020e-01 -1.358159780502319336e-01 2.392138727009296417e-02 1.000000000000000000e+00
2.257528007030487061e-01 2.529613673686981201e-01 5.433369278907775879e-01 6.123863458633422852e-01 4.460593461990356445e-01 2.000000000000000000e+00
2.521683871746063232e-01 2.976050972938537598e-02 -1.051829457283020020e-01 -1.358159780502319336e-01 2.392138727009296417e-02 1.000000000000000000e+00
2.257528007030487061e-01 2.529613673686981201e-01 5.433369278907775879e-01 6.123863458633422852e-01 4.460593461990356445e-01 2.000000000000000000e+00
5.765571594238281250e-01 7.187337875366210938e-01 8.160841464996337891e-01 8.365015983581542969e-01 8.299328088760375977e-01 0.000000000000000000e+00
3.518310785293579102e-01 5.794087648391723633e-01 6.826442480087280273e-01 8.011948466300964355e-01 8.251546025276184082e-01 0.000000000000000000e+00
2.052063941955566406e-01 4.972715675830841064e-01 6.184732317924499512e-01 5.450566411018371582e-01 5.320586562156677246e-01 0.000000000000000000e+00
2.489607930183410645e-01 3.623106181621551514e-01 3.089228272438049316e-01 2.944537997245788574e-01 3.272868692874908447e-01 0.000000000000000000e+00
3.707709610462188721e-01 3.733718693256378174e-01 4.946598410606384277e-01 4.123870432376861572e-01 4.285195767879486084e-01 0.000000000000000000e+00
3.157602250576019287e-01 5.063926577568054199e-01 5.825309753417968750e-01 6.488133668899536133e-01 5.800573825836181641e-01 0.000000000000000000e+00
5.973277091979980469e-01 6.360976696014404297e-01 4.714542329311370850e-01 4.084247648715972900e-01 4.140223562717437744e-01 0.000000000000000000e+00
5.358309149742126465e-01 5.008338093757629395e-01 5.661509633064270020e-01 5.863469839096069336e-01 6.333085298538208008e-01 0.000000000000000000e+00
5.394111871719360352e-01 6.287686824798583984e-01 6.683640480041503906e-01 7.831050157546997070e-01 7.543689012527465820e-01 0.000000000000000000e+00
-9.018106013536453247e-02 1.852457970380783081e-01 5.681504011154174805e-01 5.464816093444824219e-01 5.566895604133605957e-01 0.000000000000000000e+00
4.118256866931915283e-01 6.432254314422607422e-01 6.163833141326904297e-01 6.140162944793701172e-01 6.624960899353027344e-01 0.000000000000000000e+00
3.937054276466369629e-01 6.570959091186523438e-01 6.647090911865234375e-01 7.295597791671752930e-01 8.103257417678833008e-01 0.000000000000000000e+00
3.744013905525207520e-01 5.144327282905578613e-01 6.103686690330505371e-01 6.256266832351684570e-01 5.212295055389404297e-01 0.000000000000000000e+00
5.688163042068481445e-01 5.854595899581909180e-01 5.703332424163818359e-01 5.997403860092163086e-01 5.340349078178405762e-01 0.000000000000000000e+00
4.748647212982177734e-01 6.038122773170471191e-01 5.696318149566650391e-01 6.404721736907958984e-01 6.671990156173706055e-01 0.000000000000000000e+00
5.619260072708129883e-01 7.075181007385253906e-01 7.225043773651123047e-01 6.853081583976745605e-01 7.014403939247131348e-01 0.000000000000000000e+00
6.689975261688232422e-01 7.562793493270874023e-01 7.976332306861877441e-01 7.678421139717102051e-01 7.336295843124389648e-01 0.000000000000000000e+00
6.929229497909545898e-01 8.019684553146362305e-01 7.684234380722045898e-01 8.384261727333068848e-01 8.240583539009094238e-01 0.000000000000000000e+00
5.894852876663208008e-01 7.222160696983337402e-01 7.793546915054321289e-01 8.087638616561889648e-01 7.997255921363830566e-01 0.000000000000000000e+00
5.376185178756713867e-01 6.494109630584716797e-01 6.204827427864074707e-01 6.809331178665161133e-01 7.561154961585998535e-01 0.000000000000000000e+00
4.862468540668487549e-01 5.448518395423889160e-01 6.200352907180786133e-01 6.397496461868286133e-01 6.794007420539855957e-01 0.000000000000000000e+00
4.985413253307342529e-01 5.969383716583251953e-01 5.933430194854736328e-01 6.690179109573364258e-01 7.156042456626892090e-01 0.000000000000000000e+00
5.912792682647705078e-01 6.450917720794677734e-01 6.957037448883056641e-01 7.109057903289794922e-01 7.234746217727661133e-01 0.000000000000000000e+00
6.292955875396728516e-01 8.469464182853698730e-01 8.918830752372741699e-01 8.595387935638427734e-01 8.850118517875671387e-01 0.000000000000000000e+00
5.622142553329467773e-01 7.132401466369628906e-01 7.563980221748352051e-01 7.884947657585144043e-01 7.964091897010803223e-01 0.000000000000000000e+00
5.451871752738952637e-01 8.157773017883300781e-01 8.689054846763610840e-01 8.743573427200317383e-01 8.969430923461914062e-01 0.000000000000000000e+00
5.360933542251586914e-01 7.664518356323242188e-01 7.708613276481628418e-01 7.481554746627807617e-01 7.819814682006835938e-01 0.000000000000000000e+00
2.625132203102111816e-01 2.849571108818054199e-01 4.288810491561889648e-02 8.721946924924850464e-02 1.194930225610733032e-01 1.000000000000000000e+00
5.135104656219482422e-01 5.818235278129577637e-01 6.611434221267700195e-01 6.133997440338134766e-01 6.194885969161987305e-01 2.000000000000000000e+00
2.625132203102111816e-01 2.849571108818054199e-01 4.288810491561889648e-02 8.721946924924850464e-02 1.194930225610733032e-01 1.000000000000000000e+00
5.135104656219482422e-01 5.818235278129577637e-01 6.611434221267700195e-01 6.133997440338134766e-01 6.194885969161987305e-01 2.000000000000000000e+00
2.625132203102111816e-01 2.849571108818054199e-01 4.288810491561889648e-02 8.721946924924850464e-02 1.194930225610733032e-01 1.000000000000000000e+00
5.135104656219482422e-01 5.818235278129577637e-01 6.611434221267700195e-01 6.133997440338134766e-01 6.194885969161987305e-01 2.000000000000000000e+00
2.625132203102111816e-01 2.849571108818054199e-01 4.288810491561889648e-02 8.721946924924850464e-02 1.194930225610733032e-01 1.000000000000000000e+00
5.135104656219482422e-01 5.818235278129577637e-01 6.611434221267700195e-01 6.133997440338134766e-01 6.194885969161987305e-01 2.000000000000000000e+00
2.625132203102111816e-01 2.849571108818054199e-01 4.288810491561889648e-02 8.721946924924850464e-02 1.194930225610733032e-01 1.000000000000000000e+00
5.135104656219482422e-01 5.818235278129577637e-01 6.611434221267700195e-01 6.133997440338134766e-01 6.194885969161987305e-01 2.000000000000000000e+00
2.625132203102111816e-01 2.849571108818054199e-01 4.288810491561889648e-02 8.721946924924850464e-02 1.194930225610733032e-01 1.000000000000000000e+00
5.135104656219482422e-01 5.818235278129577637e-01 6.611434221267700195e-01 6.133997440338134766e-01 6.194885969161987305e-01 2.000000000000000000e+00
2.625132203102111816e-01 2.849571108818054199e-01 4.288810491561889648e-02 8.721946924924850464e-02 1.194930225610733032e-01 1.000000000000000000e+00
5.135104656219482422e-01 5.818235278129577637e-01 6.611434221267700195e-01 6.133997440338134766e-01 6.194885969161987305e-01 2.000000000000000000e+00
2.625132203102111816e-01 2.849571108818054199e-01 4.288810491561889648e-02 8.721946924924850464e-02 1.194930225610733032e-01 1.000000000000000000e+00
5.135104656219482422e-01 5.818235278129577637e-01 6.611434221267700195e-01 6.133997440338134766e-01 6.194885969161987305e-01 2.000000000000000000e+00
2.625132203102111816e-01 2.849571108818054199e-01 4.288810491561889648e-02 8.721946924924850464e-02 1.194930225610733032e-01 1.000000000000000000e+00
5.135104656219482422e-01 5.818235278129577637e-01 6.611434221267700195e-01 6.133997440338134766e-01 6.194885969161987305e-01 2.000000000000000000e+00
2.625132203102111816e-01 2.849571108818054199e-01 4.288810491561889648e-02 8.721946924924850464e-02 1.194930225610733032e-01 1.000000000000000000e+00
5.135104656219482422e-01 5.818235278129577637e-01 6.611434221267700195e-01 6.133997440338134766e-01 6.194885969161987305e-01 2.000000000000000000e+00
5.522487163543701172e-01 7.778496146202087402e-01 7.448657751083374023e-01 7.757784724235534668e-01 8.307921886444091797e-01 0.000000000000000000e+00
7.141959667205810547e-01 7.861652970314025879e-01 7.402763366699218750e-01 7.514216899871826172e-01 7.051330804824829102e-01 0.000000000000000000e+00
7.113573551177978516e-01 6.673985719680786133e-01 6.351641416549682617e-01 8.345658779144287109e-01 7.973553538322448730e-01 0.000000000000000000e+00
6.254274845123291016e-01 7.699204683303833008e-01 7.974204421043395996e-01 8.377139568328857422e-01 8.239754438400268555e-01 0.000000000000000000e+00
6.342819333076477051e-01 8.546634912490844727e-01 8.210536241531372070e-01 8.083069324493408203e-01 8.106992244720458984e-01 0.000000000000000000e+00
7.075048089027404785e-01 8.192824125289916992e-01 8.245554566383361816e-01 8.212255239486694336e-01 8.704611659049987793e-01 0.000000000000000000e+00
7.796325683593750000e-01 7.548708319664001465e-01 8.562678098678588867e-01 8.648530244827270508e-01 8.767000436782836914e-01 0.000000000000000000e+00
2.835067808628082275e-01 2.885888516902923584e-01 2.337265759706497192e-01 9.030339866876602173e-02 2.778270840644836426e-02 0.000000000000000000e+00
7.671352475881576538e-02 8.993812650442123413e-02 1.019393354654312134e-01 1.350038200616836548e-01 2.846620380878448486e-01 0.000000000000000000e+00
1.371987015008926392e-01 3.738243877887725830e-02 1.537907868623733521e-01 1.867920309305191040e-01 9.898085147142410278e-02 0.000000000000000000e+00
2.640160918235778809e-01 2.486865669488906860e-01 1.367635875940322876e-01 4.163712263107299805e-02 1.288868039846420288e-01 0.000000000000000000e+00
3.723767399787902832e-01 3.281911015510559082e-01 3.803368210792541504e-01 3.238401710987091064e-01 2.835767567157745361e-01 0.000000000000000000e+00
1.514631956815719604e-01 1.755327582359313965e-01 1.348552405834197998e-01 1.640687435865402222e-01 2.693575620651245117e-01 0.000000000000000000e+00
-1.410073637962341309e-01 -1.898968666791915894e-01 -1.817532479763031006e-01 -1.731197983026504517e-01 3.717163577675819397e-02 0.000000000000000000e+00
2.634024024009704590e-01 4.756846725940704346e-01 5.360172390937805176e-01 4.781819880008697510e-01 5.638854503631591797e-01 0.000000000000000000e+00
4.530965089797973633e-01 5.605218410491943359e-01 5.215931534767150879e-01 4.840744137763977051e-01 4.315498769283294678e-01 0.000000000000000000e+00
2.721379995346069336e-01 3.302423655986785889e-01 3.366960287094116211e-01 4.288364946842193604e-01 4.902347028255462646e-01 0.000000000000000000e+00
4.591701626777648926e-01 5.506672263145446777e-01 5.829112529754638672e-01 6.647851467132568359e-01 5.798754692077636719e-01 0.000000000000000000e+00
4.190061986446380615e-01 5.430102348327636719e-01 4.862175881862640381e-01 6.063628792762756348e-01 6.449838876724243164e-01 0.000000000000000000e+00
4.391286969184875488e-01 4.609596431255340576e-01 6.068758964538574219e-01 5.589675903320312500e-01 5.283305644989013672e-01 0.000000000000000000e+00
4.711784124374389648e-01 5.488396286964416504e-01 6.366783976554870605e-01 7.063527107238769531e-01 6.511473655700683594e-01 0.000000000000000000e+00
7.539664208889007568e-02 1.313758194446563721e-01 3.098335564136505127e-01 1.330386549234390259e-01 2.253630459308624268e-01 0.000000000000000000e+00
2.616939842700958252e-01 1.961045861244201660e-01 -7.729475200176239014e-02 -1.141130626201629639e-01 1.297861989587545395e-02 0.000000000000000000e+00
1.283840388059616089e-01 3.273561894893646240e-01 3.519625067710876465e-01 4.544693827629089355e-01 4.725302457809448242e-01 0.000000000000000000e+00
5.442939400672912598e-01 6.817266941070556641e-01 3.773332536220550537e-01 3.153037428855895996e-01 1.521044522523880005e-01 0.000000000000000000e+00
-2.047440856695175171e-01 1.915360987186431885e-01 1.488033086061477661e-01 2.441400289535522461e-02 1.148198470473289490e-01 0.000000000000000000e+00
-2.463470697402954102e-01 -1.596378833055496216e-01 -2.527500689029693604e-01 2.750283107161521912e-02 -3.050631284713745117e-02 0.000000000000000000e+00
1.962010934948921204e-02 2.779090404510498047e-01 3.413811922073364258e-01 2.494882941246032715e-01 2.645007893443107605e-02 0.000000000000000000e+00
6.137635111808776855e-01 8.079486489295959473e-01 8.700423836708068848e-01 8.667486906051635742e-01 9.282056689262390137e-01 0.000000000000000000e+00
8.018908500671386719e-01 7.612549066543579102e-01 7.972999811172485352e-01 8.132149577140808105e-01 8.919003009796142578e-01 0.000000000000000000e+00
8.114455342292785645e-01 8.694242835044860840e-01 9.124268293380737305e-01 9.364596605300903320e-01 9.176591038703918457e-01 0.000000000000000000e+00
5.621562004089355469e-01 7.495614290237426758e-01 8.883506059646606445e-01 9.351501464843750000e-01 9.636143445968627930e-01 0.000000000000000000e+00
8.270638585090637207e-01 8.862661123275756836e-01 9.492655396461486816e-01 9.493757486343383789e-01 8.968612551689147949e-01 0.000000000000000000e+00
5.386236906051635742e-01 7.122355699539184570e-01 8.166371583938598633e-01 8.731762170791625977e-01 9.107558727264404297e-01 0.000000000000000000e+00
4.121561348438262939e-01 6.251691579818725586e-01 6.777220964431762695e-01 6.750520467758178711e-01 7.812584638595581055e-01 0.000000000000000000e+00
7.605187892913818359e-01 8.192332983016967773e-01 8.564845323562622070e-01 8.615933656692504883e-01 8.639878630638122559e-01 0.000000000000000000e+00
6.685754656791687012e-01 7.882412672042846680e-01 8.381876945495605469e-01 8.398901224136352539e-01 8.585017919540405273e-01 0.000000000000000000e+00
7.018915414810180664e-01 8.143326640129089355e-01 8.324589729309082031e-01 8.387022018432617188e-01 8.475153446197509766e-01 0.000000000000000000e+00
6.502097845077514648e-01 7.602887153625488281e-01 8.131502866744995117e-01 8.412574529647827148e-01 8.411166667938232422e-01 0.000000000000000000e+00
7.432716488838195801e-01 7.868599891662597656e-01 8.081274032592773438e-01 8.461804986000061035e-01 8.493451476097106934e-01 0.000000000000000000e+00
7.335929870605468750e-01 8.285222053527832031e-01 8.792991638183593750e-01 8.873965740203857422e-01 8.990221023559570312e-01 0.000000000000000000e+00
6.906627416610717773e-01 7.972024679183959961e-01 8.282771110534667969e-01 8.492442369461059570e-01 8.710834980010986328e-01 0.000000000000000000e+00
3.223210275173187256e-01 4.577887058258056641e-01 4.993384480476379395e-01 6.443758606910705566e-01 6.771225929260253906e-01 0.000000000000000000e+00
4.455325305461883545e-01 5.109972357749938965e-01 5.427293777465820312e-01 6.802467107772827148e-01 6.770731210708618164e-01 0.000000000000000000e+00
1.572787165641784668e-01 3.898035883903503418e-01 2.548925578594207764e-01 3.063150048255920410e-01 4.557591676712036133e-01 0.000000000000000000e+00
2.872218489646911621e-01 3.415288925170898438e-01 3.832550644874572754e-01 4.377642571926116943e-01 4.901316761970520020e-01 0.000000000000000000e+00
2.305943816900253296e-01 1.489764899015426636e-01 1.849832385778427124e-02 1.022492572665214539e-01 1.730313003063201904e-01 0.000000000000000000e+00
4.054201841354370117e-01 4.652711153030395508e-01 5.044963359832763672e-01 3.844979703426361084e-01 1.930178552865982056e-01 0.000000000000000000e+00
3.515026569366455078e-01 4.934642314910888672e-01 5.414518117904663086e-01 6.354736685752868652e-01 5.489000082015991211e-01 0.000000000000000000e+00
5.207065343856811523e-01 7.738383412361145020e-01 7.562645673751831055e-01 8.354655504226684570e-01 8.342896103858947754e-01 0.000000000000000000e+00
6.097838878631591797e-01 7.547153830528259277e-01 7.092104554176330566e-01 7.679550647735595703e-01 7.607324123382568359e-01 0.000000000000000000e+00
4.510808289051055908e-01 3.155978918075561523e-01 5.539780855178833008e-01 6.128402948379516602e-01 7.794174551963806152e-01 0.000000000000000000e+00
6.533873081207275391e-02 4.227850735187530518e-01 3.546871542930603027e-01 2.547488808631896973e-01 4.949720501899719238e-01 0.000000000000000000e+00
1.107274889945983887e-01 2.242617458105087280e-01 4.386049211025238037e-01 5.260159373283386230e-01 5.463421940803527832e-01 0.000000000000000000e+00
3.462421894073486328e-01 5.611308813095092773e-01 6.292548775672912598e-01 4.730333685874938965e-01 5.981177091598510742e-01 0.000000000000000000e+00
3.564459681510925293e-01 2.164000421762466431e-01 2.876224517822265625e-01 3.272987604141235352e-01 4.120423495769500732e-01 0.000000000000000000e+00
6.148023009300231934e-01 6.774048805236816406e-01 7.604295015335083008e-01 8.305577635765075684e-01 8.051067590713500977e-01 0.000000000000000000e+00
7.398388385772705078e-01 8.066655993461608887e-01 8.363136649131774902e-01 8.482199907302856445e-01 8.134586811065673828e-01 0.000000000000000000e+00
6.081898212432861328e-01 8.233365416526794434e-01 7.651503086090087891e-01 7.152246236801147461e-01 8.147794604301452637e-01 0.000000000000000000e+00
6.070979237556457520e-01 7.769198417663574219e-01 8.207911252975463867e-01 8.560156822204589844e-01 8.603432178497314453e-01 0.000000000000000000e+00
6.640067696571350098e-01 8.094853758811950684e-01 8.682417273521423340e-01 8.435368537902832031e-01 8.325651884078979492e-01 0.000000000000000000e+00
7.210772037506103516e-01 7.199096679687500000e-01 8.329017162322998047e-01 8.969191908836364746e-01 8.616453409194946289e-01 0.000000000000000000e+00
7.267771959304809570e-01 8.265334367752075195e-01 8.395229578018188477e-01 9.054878950119018555e-01 8.720519542694091797e-01 0.000000000000000000e+00
5.556852221488952637e-01 6.894523501396179199e-01 6.770002245903015137e-01 7.125788927078247070e-01 7.430063486099243164e-01 0.000000000000000000e+00
5.144983530044555664e-01 6.127604246139526367e-01 6.381310224533081055e-01 6.492408514022827148e-01 6.474670767784118652e-01 0.000000000000000000e+00
5.652595758438110352e-01 6.206227540969848633e-01 6.305125951766967773e-01 6.056833267211914062e-01 5.749533772468566895e-01 0.000000000000000000e+00
4.289712905883789062e-01 4.045315980911254883e-01 5.132263898849487305e-01 5.857906341552734375e-01 6.431838274002075195e-01 0.000000000000000000e+00
3.753528892993927002e-01 3.801697194576263428e-01 4.252133667469024658e-01 5.080936551094055176e-01 5.211753249168395996e-01 0.000000000000000000e+00
2.985001504421234131e-01 1.490324735641479492e-01 2.800135612487792969e-01 3.170662820339202881e-01 3.300159573554992676e-01 0.000000000000000000e+00
4.365167021751403809e-01 4.045220315456390381e-01 4.063538312911987305e-01 4.096481502056121826e-01 3.309566378593444824e-01 0.000000000000000000e+00
5.413350462913513184e-01 5.408694744110107422e-01 5.551719665527343750e-01 5.873440504074096680e-01 6.554161310195922852e-01 0.000000000000000000e+00
3.801185786724090576e-01 5.969067811965942383e-01 7.499107718467712402e-01 7.604243159294128418e-01 7.166289091110229492e-01 0.000000000000000000e+00
3.390089571475982666e-01 5.668920278549194336e-01 4.779871404170989990e-01 5.570498704910278320e-01 5.047670602798461914e-01 0.000000000000000000e+00
6.154035329818725586e-01 7.778165340423583984e-01 8.388559818267822266e-01 8.525555729866027832e-01 7.600885629653930664e-01 0.000000000000000000e+00
7.042104005813598633e-02 7.274989485740661621e-01 7.462807297706604004e-01 8.608440756797790527e-01 8.415908813476562500e-01 0.000000000000000000e+00
-5.807590484619140625e-02 5.901433154940605164e-02 2.803877592086791992e-01 9.291546046733856201e-02 6.396150588989257812e-02 0.000000000000000000e+00
6.880823373794555664e-01 6.259723901748657227e-01 6.634725332260131836e-01 4.295946955680847168e-01 4.773770645260810852e-02 0.000000000000000000e+00
6.261960268020629883e-01 7.178410291671752930e-01 8.459293246269226074e-01 8.497260808944702148e-01 8.812359571456909180e-01 0.000000000000000000e+00
6.612596511840820312e-01 8.766773343086242676e-01 8.544380068778991699e-01 8.487750887870788574e-01 8.969514966011047363e-01 0.000000000000000000e+00
7.637322545051574707e-01 8.536213636398315430e-01 8.523739576339721680e-01 8.665511012077331543e-01 8.524070382118225098e-01 0.000000000000000000e+00
6.131833791732788086e-01 8.406514525413513184e-01 8.820682764053344727e-01 8.607339859008789062e-01 9.216850399971008301e-01 0.000000000000000000e+00
5.311201214790344238e-01 6.799819469451904297e-01 8.039327263832092285e-01 9.053631424903869629e-01 8.735873699188232422e-01 0.000000000000000000e+00
5.307139158248901367e-01 6.926603317260742188e-01 7.949776053428649902e-01 8.213275074958801270e-01 8.520687222480773926e-01 0.000000000000000000e+00
3.966752886772155762e-01 6.789267063140869141e-01 7.164340019226074219e-01 8.464782238006591797e-01 8.931267261505126953e-01 0.000000000000000000e+00
2.604289948940277100e-01 2.466633319854736328e-01 2.892788350582122803e-01 2.734287083148956299e-01 3.431083261966705322e-01 0.000000000000000000e+00
3.417507410049438477e-01 2.579233646392822266e-01 2.782841622829437256e-01 2.804806232452392578e-01 2.944723367691040039e-01 0.000000000000000000e+00
1.808657348155975342e-01 3.949537277221679688e-01 4.568304121494293213e-01 5.257469415664672852e-01 5.326215028762817383e-01 0.000000000000000000e+00
3.193244040012359619e-01 2.543416321277618408e-01 3.350501954555511475e-01 3.355953097343444824e-01 2.263242751359939575e-01 0.000000000000000000e+00
-2.408971190452575684e-01 -1.147923022508621216e-01 2.283325493335723877e-01 3.484543263912200928e-01 3.590195178985595703e-01 0.000000000000000000e+00
1.503183841705322266e-01 3.855423629283905029e-01 4.675770103931427002e-01 3.614384233951568604e-01 3.485781848430633545e-01 0.000000000000000000e+00
-5.605911090970039368e-02 -3.066307632252573967e-03 2.668589055538177490e-01 2.716040611267089844e-01 2.370933443307876587e-01 0.000000000000000000e+00
7.006294727325439453e-01 7.590891718864440918e-01 8.587806224822998047e-01 8.827657699584960938e-01 8.773689270019531250e-01 0.000000000000000000e+00
5.176741480827331543e-01 7.308495044708251953e-01 8.215288519859313965e-01 7.978329658508300781e-01 8.329936265945434570e-01 0.000000000000000000e+00
5.722728967666625977e-01 7.019156217575073242e-01 7.674034237861633301e-01 7.463051080703735352e-01 7.856885194778442383e-01 0.000000000000000000e+00
6.176884174346923828e-01 6.691435575485229492e-01 6.624445319175720215e-01 7.470480203628540039e-01 6.896052360534667969e-01 0.000000000000000000e+00
3.994436562061309814e-01 6.098974347114562988e-01 5.624059438705444336e-01 5.941513776779174805e-01 6.370583772659301758e-01 0.000000000000000000e+00
6.356801986694335938e-01 5.852160453796386719e-01 7.285060286521911621e-01 6.906228065490722656e-01 6.160764694213867188e-01 0.000000000000000000e+00
5.131567716598510742e-01 5.495953559875488281e-01 5.896780490875244141e-01 6.730785965919494629e-01 7.467249631881713867e-01 0.000000000000000000e+00
4.905187487602233887e-01 5.587666034698486328e-01 5.972956418991088867e-01 6.233461499214172363e-01 6.542305946350097656e-01 0.000000000000000000e+00
5.516657233238220215e-01 6.045383810997009277e-01 6.599206924438476562e-01 6.159533262252807617e-01 5.896129608154296875e-01 0.000000000000000000e+00
5.115332603454589844e-01 5.748454332351684570e-01 6.106112003326416016e-01 6.545108556747436523e-01 6.899029016494750977e-01 0.000000000000000000e+00
4.980621933937072754e-01 5.611528158187866211e-01 5.981807708740234375e-01 6.138387918472290039e-01 6.181627511978149414e-01 0.000000000000000000e+00
5.411113500595092773e-01 5.872435569763183594e-01 6.098101139068603516e-01 6.248837709426879883e-01 6.413042545318603516e-01 0.000000000000000000e+00
5.575297474861145020e-01 6.099905967712402344e-01 6.418471336364746094e-01 6.622426509857177734e-01 6.567537784576416016e-01 0.000000000000000000e+00
5.643801689147949219e-01 6.460704803466796875e-01 6.789351701736450195e-01 6.813859939575195312e-01 6.769609451293945312e-01 0.000000000000000000e+00
7.307834029197692871e-01 5.037877559661865234e-01 6.965183019638061523e-01 6.357293725013732910e-01 7.572544813156127930e-01 0.000000000000000000e+00
3.496958911418914795e-01 4.817171096801757812e-01 6.609581112861633301e-01 7.481150627136230469e-01 7.158733010292053223e-01 0.000000000000000000e+00
1.316764354705810547e-01 5.772249698638916016e-01 5.223214626312255859e-01 6.885924935340881348e-01 5.908595919609069824e-01 0.000000000000000000e+00
6.668915748596191406e-01 7.459085583686828613e-01 7.407814264297485352e-01 7.486786246299743652e-01 7.489235997200012207e-01 0.000000000000000000e+00
4.201881885528564453e-01 6.648765802383422852e-01 6.937406659126281738e-01 7.338323593139648438e-01 7.981813549995422363e-01 0.000000000000000000e+00
6.421750783920288086e-01 6.519404053688049316e-01 6.868870258331298828e-01 7.074321508407592773e-01 6.081620454788208008e-01 0.000000000000000000e+00
7.450037002563476562e-01 8.317312002182006836e-01 8.031330108642578125e-01 7.693586945533752441e-01 7.331752777099609375e-01 0.000000000000000000e+00
-1.404900252819061279e-01 2.036863118410110474e-01 1.020393222570419312e-01 -1.731869727373123169e-01 -2.394152283668518066e-01 1.000000000000000000e+00
7.137398719787597656e-01 6.629757881164550781e-01 7.115883827209472656e-01 4.195060729980468750e-01 2.409766018390655518e-01 2.000000000000000000e+00
-1.404900252819061279e-01 2.036863118410110474e-01 1.020393222570419312e-01 -1.731869727373123169e-01 -2.394152283668518066e-01 1.000000000000000000e+00
7.137398719787597656e-01 6.629757881164550781e-01 7.115883827209472656e-01 4.195060729980468750e-01 2.409766018390655518e-01 2.000000000000000000e+00
-1.404900252819061279e-01 2.036863118410110474e-01 1.020393222570419312e-01 -1.731869727373123169e-01 -2.394152283668518066e-01 1.000000000000000000e+00
7.137398719787597656e-01 6.629757881164550781e-01 7.115883827209472656e-01 4.195060729980468750e-01 2.409766018390655518e-01 2.000000000000000000e+00
-1.404900252819061279e-01 2.036863118410110474e-01 1.020393222570419312e-01 -1.731869727373123169e-01 -2.394152283668518066e-01 1.000000000000000000e+00
7.137398719787597656e-01 6.629757881164550781e-01 7.115883827209472656e-01 4.195060729980468750e-01 2.409766018390655518e-01 2.000000000000000000e+00
-1.404900252819061279e-01 2.036863118410110474e-01 1.020393222570419312e-01 -1.731869727373123169e-01 -2.394152283668518066e-01 1.000000000000000000e+00
7.137398719787597656e-01 6.629757881164550781e-01 7.115883827209472656e-01 4.195060729980468750e-01 2.409766018390655518e-01 2.000000000000000000e+00
-1.404900252819061279e-01 2.036863118410110474e-01 1.020393222570419312e-01 -1.731869727373123169e-01 -2.394152283668518066e-01 1.000000000000000000e+00
7.137398719787597656e-01 6.629757881164550781e-01 7.115883827209472656e-01 4.195060729980468750e-01 2.409766018390655518e-01 2.000000000000000000e+00
-1.404900252819061279e-01 2.036863118410110474e-01 1.020393222570419312e-01 -1.731869727373123169e-01 -2.394152283668518066e-01 1.000000000000000000e+00
7.137398719787597656e-01 6.629757881164550781e-01 7.115883827209472656e-01 4.195060729980468750e-01 2.409766018390655518e-01 2.000000000000000000e+00
-1.404900252819061279e-01 2.036863118410110474e-01 1.020393222570419312e-01 -1.731869727373123169e-01 -2.394152283668518066e-01 1.000000000000000000e+00
7.137398719787597656e-01 6.629757881164550781e-01 7.115883827209472656e-01 4.195060729980468750e-01 2.409766018390655518e-01 2.000000000000000000e+00
-1.404900252819061279e-01 2.036863118410110474e-01 1.020393222570419312e-01 -1.731869727373123169e-01 -2.394152283668518066e-01 1.000000000000000000e+00
7.137398719787597656e-01 6.629757881164550781e-01 7.115883827209472656e-01 4.195060729980468750e-01 2.409766018390655518e-01 2.000000000000000000e+00
-1.404900252819061279e-01 2.036863118410110474e-01 1.020393222570419312e-01 -1.731869727373123169e-01 -2.394152283668518066e-01 1.000000000000000000e+00
7.137398719787597656e-01 6.629757881164550781e-01 7.115883827209472656e-01 4.195060729980468750e-01 2.409766018390655518e-01 2.000000000000000000e+00
5.832985043525695801e-01 6.582844257354736328e-01 6.755068302154541016e-01 7.338578701019287109e-01 7.200543284416198730e-01 0.000000000000000000e+00
6.469614505767822266e-01 7.671467661857604980e-01 7.915223836898803711e-01 7.868734002113342285e-01 7.736772298812866211e-01 0.000000000000000000e+00
6.009645462036132812e-01 7.528595924377441406e-01 7.598407864570617676e-01 8.113411068916320801e-01 7.967705726623535156e-01 0.000000000000000000e+00
5.832375288009643555e-01 6.591993570327758789e-01 6.914529800415039062e-01 7.406466007232666016e-01 7.257069349288940430e-01 0.000000000000000000e+00
5.532324314117431641e-01 6.872421503067016602e-01 7.024855613708496094e-01 6.676681041717529297e-01 7.027052640914916992e-01 0.000000000000000000e+00
5.566021800041198730e-01 6.607651114463806152e-01 6.747412681579589844e-01 6.932125687599182129e-01 6.769692897796630859e-01 0.000000000000000000e+00
4.079940617084503174e-01 5.443321466445922852e-01 6.065999865531921387e-01 6.367156505584716797e-01 6.655325293540954590e-01 0.000000000000000000e+00
5.369759202003479004e-01 6.799641847610473633e-01 7.254769802093505859e-01 8.288388252258300781e-01 7.947388291358947754e-01 0.000000000000000000e+00
4.948006272315979004e-01 6.372461318969726562e-01 6.383297443389892578e-01 6.487718820571899414e-01 6.699192523956298828e-01 0.000000000000000000e+00
7.306379079818725586e-01 8.418126702308654785e-01 8.463522791862487793e-01 8.653162717819213867e-01 8.130301237106323242e-01 0.000000000000000000e+00
6.337072849273681641e-01 7.498759031295776367e-01 7.830454111099243164e-01 8.266014456748962402e-01 8.475639820098876953e-01 0.000000000000000000e+00
5.729931592941284180e-01 7.151399850845336914e-01 7.600795626640319824e-01 7.700083851814270020e-01 7.432965040206909180e-01 0.000000000000000000e+00
5.330763459205627441e-01 7.638575434684753418e-01 7.396917343139648438e-01 7.895520329475402832e-01 7.439841628074645996e-01 0.000000000000000000e+00
1.575237512588500977e-01 2.403863072395324707e-01 3.485165238380432129e-01 4.877046644687652588e-01 6.048247814178466797e-01 0.000000000000000000e+00
3.238993287086486816e-01 3.471080362796783447e-01 3.357535600662231445e-01 3.615904748439788818e-01 3.674483895301818848e-01 0.000000000000000000e+00
4.486827254295349121e-01 5.359239578247070312e-01 5.381562709808349609e-01 4.571592211723327637e-01 4.559192657470703125e-01 0.000000000000000000e+00
5.321709513664245605e-01 5.765337944030761719e-01 6.060574054718017578e-01 5.113269090652465820e-01 4.601108729839324951e-01 0.000000000000000000e+00
5.311566591262817383e-01 5.872180461883544922e-01 6.304588317871093750e-01 6.646621823310852051e-01 6.858255863189697266e-01 0.000000000000000000e+00
5.571585297584533691e-01 6.046485900878906250e-01 5.988919734954833984e-01 6.392165422439575195e-01 5.836207866668701172e-01 0.000000000000000000e+00
4.234996140003204346e-01 4.744426608085632324e-01 5.351497530937194824e-01 5.599583387374877930e-01 6.235599517822265625e-01 0.000000000000000000e+00
5.205355882644653320e-01 5.345058441162109375e-01 5.689977407455444336e-01 4.960302412509918213e-01 5.246550440788269043e-01 0.000000000000000000e+00
2.168963998556137085e-01 4.375023543834686279e-01 5.714631080627441406e-01 6.188142299652099609e-01 6.328722834587097168e-01 0.000000000000000000e+00
3.422180712223052979e-01 4.623498320579528809e-01 5.040899515151977539e-01 4.487390518188476562e-01 5.229550600051879883e-01 0.000000000000000000e+00
2.616038024425506592e-01 4.308088123798370361e-01 5.335800647735595703e-01 5.327401757240295410e-01 4.888820648193359375e-01 0.000000000000000000e+00
3.966583609580993652e-01 4.180513322353363037e-01 5.156267881393432617e-01 5.801008939743041992e-01 6.975696682929992676e-01 0.000000000000000000e+00
5.434308052062988281e-01 5.905104875564575195e-01 6.802454590797424316e-01 6.924757957458496094e-01 6.339895725250244141e-01 0.000000000000000000e+00
6.789671182632446289e-01 7.332986593246459961e-01 8.077480792999267578e-01 8.268353343009948730e-01 8.384021520614624023e-01 0.000000000000000000e+00
5.212684273719787598e-01 7.231072187423706055e-01 8.191540837287902832e-01 8.217480182647705078e-01 7.749302387237548828e-01 0.000000000000000000e+00
5.398025512695312500e-01 4.818802177906036377e-01 5.178398489952087402e-01 5.493004322052001953e-01 5.664279460906982422e-01 0.000000000000000000e+00
4.184499979019165039e-01 3.635196387767791748e-01 4.035038352012634277e-01 5.394744873046875000e-01 5.630826950073242188e-01 0.000000000000000000e+00
2.919138669967651367e-01 4.421006441116333008e-01 5.494531393051147461e-01 6.200377941131591797e-01 5.756625533103942871e-01 0.000000000000000000e+00
4.305702447891235352e-01 5.176159739494323730e-01 5.854752063751220703e-01 5.840358734130859375e-01 5.839412212371826172e-01 0.000000000000000000e+00
2.814526855945587158e-01 4.817741811275482178e-01 4.675728380680084229e-01 4.336109459400177002e-01 4.481297135353088379e-01 0.000000000000000000e+00
5.456894636154174805e-01 6.844952702522277832e-01 7.281398773193359375e-01 6.637560129165649414e-01 5.686511397361755371e-01 0.000000000000000000e+00
5.027275681495666504e-01 6.396053433418273926e-01 5.978673696517944336e-01 6.152575016021728516e-01 7.061322927474975586e-01 0.000000000000000000e+00
4.110180139541625977e-01 6.070630550384521484e-01 7.514196634292602539e-01 7.859024405479431152e-01 8.154579997062683105e-01 1.000000000000000000e+00
4.708302915096282959e-01 6.014750003814697266e-01 6.331793665885925293e-01 6.578564643859863281e-01 5.919988155364990234e-01 2.000000000000000000e+00
4.110180139541625977e-01 6.070630550384521484e-01 7.514196634292602539e-01 7.859024405479431152e-01 8.154579997062683105e-01 1.000000000000000000e+00
4.708302915096282959e-01 6.014750003814697266e-01 6.331793665885925293e-01 6.578564643859863281e-01 5.919988155364990234e-01 2.000000000000000000e+00
4.110180139541625977e-01 6.070630550384521484e-01 7.514196634292602539e-01 7.859024405479431152e-01 8.154579997062683105e-01 1.000000000000000000e+00
4.708302915096282959e-01 6.014750003814697266e-01 6.331793665885925293e-01 6.578564643859863281e-01 5.919988155364990234e-01 2.000000000000000000e+00
4.110180139541625977e-01 6.070630550384521484e-01 7.514196634292602539e-01 7.859024405479431152e-01 8.154579997062683105e-01 1.000000000000000000e+00
4.708302915096282959e-01 6.014750003814697266e-01 6.331793665885925293e-01 6.578564643859863281e-01 5.919988155364990234e-01 2.000000000000000000e+00
4.110180139541625977e-01 6.070630550384521484e-01 7.514196634292602539e-01 7.859024405479431152e-01 8.154579997062683105e-01 1.000000000000000000e+00
4.708302915096282959e-01 6.014750003814697266e-01 6.331793665885925293e-01 6.578564643859863281e-01 5.919988155364990234e-01 2.000000000000000000e+00
4.110180139541625977e-01 6.070630550384521484e-01 7.514196634292602539e-01 7.859024405479431152e-01 8.154579997062683105e-01 1.000000000000000000e+00
4.708302915096282959e-01 6.014750003814697266e-01 6.331793665885925293e-01 6.578564643859863281e-01 5.919988155364990234e-01 2.000000000000000000e+00
4.110180139541625977e-01 6.070630550384521484e-01 7.514196634292602539e-01 7.859024405479431152e-01 8.154579997062683105e-01 1.000000000000000000e+00
4.708302915096282959e-01 6.014750003814697266e-01 6.331793665885925293e-01 6.578564643859863281e-01 5.919988155364990234e-01 2.000000000000000000e+00
4.110180139541625977e-01 6.070630550384521484e-01 7.514196634292602539e-01 7.859024405479431152e-01 8.154579997062683105e-01 1.000000000000000000e+00
4.708302915096282959e-01 6.014750003814697266e-01 6.331793665885925293e-01 6.578564643859863281e-01 5.919988155364990234e-01 2.000000000000000000e+00
4.110180139541625977e-01 6.070630550384521484e-01 7.514196634292602539e-01 7.859024405479431152e-01 8.154579997062683105e-01 1.000000000000000000e+00
4.708302915096282959e-01 6.014750003814697266e-01 6.331793665885925293e-01 6.578564643859863281e-01 5.919988155364990234e-01 2.000000000000000000e+00
4.110180139541625977e-01 6.070630550384521484e-01 7.514196634292602539e-01 7.859024405479431152e-01 8.154579997062683105e-01 1.000000000000000000e+00
4.708302915096282959e-01 6.014750003814697266e-01 6.331793665885925293e-01 6.578564643859863281e-01 5.919988155364990234e-01 2.000000000000000000e+00
3.476249277591705322e-01 3.580552935600280762e-01 3.724983036518096924e-01 4.884176254272460938e-01 5.437524318695068359e-01 0.000000000000000000e+00
3.064473867416381836e-01 3.369413316249847412e-01 5.824066400527954102e-01 4.689804315567016602e-01 4.203197956085205078e-01 0.000000000000000000e+00
2.525733709335327148e-01 2.431684732437133789e-01 2.421790212392807007e-01 2.608968913555145264e-01 3.603171110153198242e-01 0.000000000000000000e+00
1.318287849426269531e-01 1.688594818115234375e-01 1.879257410764694214e-01 3.785440325736999512e-01 5.059204697608947754e-01 0.000000000000000000e+00
1.231788098812103271e-01 1.515177339315414429e-01 2.546254098415374756e-01 4.262418150901794434e-01 3.970984816551208496e-01 0.000000000000000000e+00
-4.715855047106742859e-02 2.912518195807933807e-02 1.920146793127059937e-01 2.715398371219635010e-01 2.479399591684341431e-01 0.000000000000000000e+00
-1.204504631459712982e-02 7.148054987192153931e-02 8.375974744558334351e-02 3.733749389648437500e-01 3.105205297470092773e-01 0.000000000000000000e+00
4.129481911659240723e-01 5.153822302818298340e-01 5.886291265487670898e-01 6.122597455978393555e-01 6.589338183403015137e-01 0.000000000000000000e+00
9.466271102428436279e-02 3.268165886402130127e-01 4.396036267280578613e-01 6.312727928161621094e-01 5.630339384078979492e-01 0.000000000000000000e+00
3.962384909391403198e-02 2.999824583530426025e-01 3.865061700344085693e-01 4.023981988430023193e-01 2.432170659303665161e-01 0.000000000000000000e+00
3.573101162910461426e-01 4.495791196823120117e-01 3.555085361003875732e-01 4.023682177066802979e-01 5.008102655410766602e-01 0.000000000000000000e+00
4.637293517589569092e-01 6.181547045707702637e-01 6.229186058044433594e-01 5.673103332519531250e-01 6.070390343666076660e-01 0.000000000000000000e+00
5.780031085014343262e-01 6.532516479492187500e-01 6.612848043441772461e-01 7.379786968231201172e-01 7.628779411315917969e-01 1.000000000000000000e+00
6.342995166778564453e-01 6.742305755615234375e-01 6.684932708740234375e-01 6.677311658859252930e-01 6.724517345428466797e-01 2.000000000000000000e+00
5.780031085014343262e-01 6.532516479492187500e-01 6.612848043441772461e-01 7.379786968231201172e-01 7.628779411315917969e-01 1.000000000000000000e+00
6.342995166778564453e-01 6.742305755615234375e-01 6.684932708740234375e-01 6.677311658859252930e-01 6.724517345428466797e-01 2.000000000000000000e+00
5.780031085014343262e-01 6.532516479492187500e-01 6.612848043441772461e-01 7.379786968231201172e-01 7.628779411315917969e-01 1.000000000000000000e+00
6.342995166778564453e-01 6.742305755615234375e-01 6.684932708740234375e-01 6.677311658859252930e-01 6.724517345428466797e-01 2.000000000000000000e+00
5.780031085014343262e-01 6.532516479492187500e-01 6.612848043441772461e-01 7.379786968231201172e-01 7.628779411315917969e-01 1.000000000000000000e+00
6.342995166778564453e-01 6.742305755615234375e-01 6.684932708740234375e-01 6.677311658859252930e-01 6.724517345428466797e-01 2.000000000000000000e+00
5.780031085014343262e-01 6.532516479492187500e-01 6.612848043441772461e-01 7.379786968231201172e-01 7.628779411315917969e-01 1.000000000000000000e+00
6.342995166778564453e-01 6.742305755615234375e-01 6.684932708740234375e-01 6.677311658859252930e-01 6.724517345428466797e-01 2.000000000000000000e+00
5.780031085014343262e-01 6.532516479492187500e-01 6.612848043441772461e-01 7.379786968231201172e-01 7.628779411315917969e-01 1.000000000000000000e+00
6.342995166778564453e-01 6.742305755615234375e-01 6.684932708740234375e-01 6.677311658859252930e-01 6.724517345428466797e-01 2.000000000000000000e+00
5.780031085014343262e-01 6.532516479492187500e-01 6.612848043441772461e-01 7.379786968231201172e-01 7.628779411315917969e-01 1.000000000000000000e+00
6.342995166778564453e-01 6.742305755615234375e-01 6.684932708740234375e-01 6.677311658859252930e-01 6.724517345428466797e-01 2.000000000000000000e+00
5.780031085014343262e-01 6.532516479492187500e-01 6.612848043441772461e-01 7.379786968231201172e-01 7.628779411315917969e-01 1.000000000000000000e+00
6.342995166778564453e-01 6.742305755615234375e-01 6.684932708740234375e-01 6.677311658859252930e-01 6.724517345428466797e-01 2.000000000000000000e+00
5.780031085014343262e-01 6.532516479492187500e-01 6.612848043441772461e-01 7.379786968231201172e-01 7.628779411315917969e-01 1.000000000000000000e+00
6.342995166778564453e-01 6.742305755615234375e-01 6.684932708740234375e-01 6.677311658859252930e-01 6.724517345428466797e-01 2.000000000000000000e+00
5.780031085014343262e-01 6.532516479492187500e-01 6.612848043441772461e-01 7.379786968231201172e-01 7.628779411315917969e-01 1.000000000000000000e+00
6.342995166778564453e-01 6.742305755615234375e-01 6.684932708740234375e-01 6.677311658859252930e-01 6.724517345428466797e-01 2.000000000000000000e+00
2.835319936275482178e-01 3.431125879287719727e-01 4.139582514762878418e-01 4.072230160236358643e-01 4.757496714591979980e-01 0.000000000000000000e+00
2.545238435268402100e-01 3.605046272277832031e-01 4.426434934139251709e-01 5.696275234222412109e-01 6.114757061004638672e-01 0.000000000000000000e+00
3.736051917076110840e-01 4.042009115219116211e-01 4.578520953655242920e-01 5.366008281707763672e-01 4.608991742134094238e-01 0.000000000000000000e+00
3.791784942150115967e-01 3.698945045471191406e-01 4.431099593639373779e-01 3.958977460861206055e-01 3.977960646152496338e-01 0.000000000000000000e+00
4.758528172969818115e-01 5.612887144088745117e-01 6.248973608016967773e-01 6.202631592750549316e-01 5.785170793533325195e-01 0.000000000000000000e+00
1.661135256290435791e-02 -1.122614964842796326e-01 -1.317349672317504883e-01 -1.435025483369827271e-01 -1.348867565393447876e-01 1.000000000000000000e+00
2.850534915924072266e-01 4.642980992794036865e-01 6.514185667037963867e-01 6.247972846031188965e-01 6.031594276428222656e-01 2.000000000000000000e+00
1.661135256290435791e-02 -1.122614964842796326e-01 -1.317349672317504883e-01 -1.435025483369827271e-01 -1.348867565393447876e-01 1.000000000000000000e+00
2.850534915924072266e-01 4.642980992794036865e-01 6.514185667037963867e-01 6.247972846031188965e-01 6.031594276428222656e-01 2.000000000000000000e+00
1.661135256290435791e-02 -1.122614964842796326e-01 -1.317349672317504883e-01 -1.435025483369827271e-01 -1.348867565393447876e-01 1.000000000000000000e+00
2.850534915924072266e-01 4.642980992794036865e-01 6.514185667037963867e-01 6.247972846031188965e-01 6.031594276428222656e-01 2.000000000000000000e+00
1.661135256290435791e-02 -1.122614964842796326e-01 -1.317349672317504883e-01 -1.435025483369827271e-01 -1.348867565393447876e-01 1.000000000000000000e+00
2.850534915924072266e-01 4.642980992794036865e-01 6.514185667037963867e-01 6.247972846031188965e-01 6.031594276428222656e-01 2.000000000000000000e+00
1.661135256290435791e-02 -1.122614964842796326e-01 -1.317349672317504883e-01 -1.435025483369827271e-01 -1.348867565393447876e-01 1.000000000000000000e+00
2.850534915924072266e-01 4.642980992794036865e-01 6.514185667037963867e-01 6.247972846031188965e-01 6.031594276428222656e-01 2.000000000000000000e+00
1.661135256290435791e-02 -1.122614964842796326e-01 -1.317349672317504883e-01 -1.435025483369827271e-01 -1.348867565393447876e-01 1.000000000000000000e+00
2.850534915924072266e-01 4.642980992794036865e-01 6.514185667037963867e-01 6.247972846031188965e-01 6.031594276428222656e-01 2.000000000000000000e+00
1.661135256290435791e-02 -1.122614964842796326e-01 -1.317349672317504883e-01 -1.435025483369827271e-01 -1.348867565393447876e-01 1.000000000000000000e+00
2.850534915924072266e-01 4.642980992794036865e-01 6.514185667037963867e-01 6.247972846031188965e-01 6.031594276428222656e-01 2.000000000000000000e+00
1.661135256290435791e-02 -1.122614964842796326e-01 -1.317349672317504883e-01 -1.435025483369827271e-01 -1.348867565393447876e-01 1.000000000000000000e+00
2.850534915924072266e-01 4.642980992794036865e-01 6.514185667037963867e-01 6.247972846031188965e-01 6.031594276428222656e-01 2.000000000000000000e+00
1.661135256290435791e-02 -1.122614964842796326e-01 -1.317349672317504883e-01 -1.435025483369827271e-01 -1.348867565393447876e-01 1.000000000000000000e+00
2.850534915924072266e-01 4.642980992794036865e-01 6.514185667037963867e-01 6.247972846031188965e-01 6.031594276428222656e-01 2.000000000000000000e+00
1.661135256290435791e-02 -1.122614964842796326e-01 -1.317349672317504883e-01 -1.435025483369827271e-01 -1.348867565393447876e-01 1.000000000000000000e+00
2.850534915924072266e-01 4.642980992794036865e-01 6.514185667037963867e-01 6.247972846031188965e-01 6.031594276428222656e-01 2.000000000000000000e+00
1.940322071313858032e-01 2.336545139551162720e-01 1.889124661684036255e-01 2.705523073673248291e-01 2.492431551218032837e-01 0.000000000000000000e+00
2.058168053627014160e-01 2.854425907135009766e-01 3.342420458793640137e-01 2.526551783084869385e-01 3.026961386203765869e-01 0.000000000000000000e+00
3.382378816604614258e-01 3.404570519924163818e-01 4.234446883201599121e-01 3.829710185527801514e-01 2.841982841491699219e-01 0.000000000000000000e+00
3.362058401107788086e-01 3.660638034343719482e-01 4.974040389060974121e-01 4.216420650482177734e-01 4.116849005222320557e-01 0.000000000000000000e+00
2.992493510246276855e-01 3.113830685615539551e-01 2.756692171096801758e-01 3.247956931591033936e-01 2.516095042228698730e-01 0.000000000000000000e+00
3.867375850677490234e-01 4.357817769050598145e-01 4.254824519157409668e-01 3.116392791271209717e-01 4.043739140033721924e-01 0.000000000000000000e+00
1.699369698762893677e-01 3.333040475845336914e-01 3.803667724132537842e-01 3.857448697090148926e-01 3.942254185676574707e-01 0.000000000000000000e+00
1.268481165170669556e-01 5.263003706932067871e-02 -1.128473319113254547e-03 -4.189253970980644226e-02 5.183125659823417664e-02 0.000000000000000000e+00
1.294481307268142700e-01 2.857942581176757812e-01 4.503104090690612793e-02 -1.338561438024044037e-02 -6.651955842971801758e-02 0.000000000000000000e+00
2.980376183986663818e-01 3.850840926170349121e-01 4.248922765254974365e-01 3.244600296020507812e-01 1.222800090909004211e-01 0.000000000000000000e+00
2.894305288791656494e-01 3.571673631668090820e-01 3.497402966022491455e-01 5.114594101905822754e-01 4.707695841789245605e-01 0.000000000000000000e+00
-1.664127707481384277e-01 -1.261831969022750854e-01 8.042679727077484131e-02 4.939470812678337097e-02 7.683018594980239868e-02 0.000000000000000000e+00
1.372790522873401642e-02 5.879119504243135452e-03 -3.203887492418289185e-02 -1.802508383989334106e-01 -2.057102024555206299e-01 0.000000000000000000e+00
1.901949793100357056e-01 1.172345429658889771e-01 2.010022997856140137e-01 1.763846129179000854e-01 2.706735134124755859e-01 0.000000000000000000e+00
5.754613876342773438e-01 6.825003623962402344e-01 7.431222796440124512e-01 7.085146903991699219e-01 6.418167948722839355e-01 0.000000000000000000e+00
5.552363395690917969e-01 6.376634240150451660e-01 7.095308899879455566e-01 8.433868885040283203e-01 8.133665919303894043e-01 0.000000000000000000e+00
5.872095823287963867e-01 7.100038528442382812e-01 6.165658831596374512e-01 6.893267631530761719e-01 6.384775638580322266e-01 0.000000000000000000e+00
4.736697673797607422e-01 4.923758804798126221e-01 5.124909877777099609e-01 6.360096931457519531e-01 7.357670068740844727e-01 0.000000000000000000e+00
5.199730396270751953e-01 5.195751190185546875e-01 5.852220654487609863e-01 6.442480087280273438e-01 5.963128805160522461e-01 0.000000000000000000e+00
5.592690110206604004e-01 6.721395850181579590e-01 7.426562905311584473e-01 7.663124799728393555e-01 6.677944064140319824e-01 0.000000000000000000e+00
3.332684338092803955e-01 5.992521047592163086e-01 7.873955965042114258e-01 8.560590744018554688e-01 8.685410618782043457e-01 0.000000000000000000e+00
5.283154249191284180e-01 5.617576837539672852e-01 7.245852947235107422e-01 7.378658056259155273e-01 7.699637413024902344e-01 0.000000000000000000e+00
9.389556944370269775e-02 1.662551164627075195e-01 2.235142886638641357e-01 3.211413025856018066e-01 5.282196998596191406e-01 0.000000000000000000e+00
2.834560275077819824e-01 4.632669389247894287e-01 3.916628360748291016e-01 2.620844841003417969e-01 3.049494028091430664e-01 0.000000000000000000e+00
6.667145490646362305e-01 7.147794365882873535e-01 7.896028161048889160e-01 6.744862198829650879e-01 7.017676830291748047e-01 0.000000000000000000e+00
6.369144320487976074e-01 5.992926359176635742e-01 7.193967103958129883e-01 6.848078966140747070e-01 5.521417856216430664e-01 0.000000000000000000e+00
5.225724577903747559e-01 6.061688661575317383e-01 5.510256290435791016e-01 5.940699577331542969e-01 6.828844547271728516e-01 0.000000000000000000e+00
4.800345897674560547e-01 4.731863737106323242e-01 5.737792253494262695e-01 6.476173400878906250e-01 6.175918579101562500e-01 0.000000000000000000e+00
4.213242530822753906e-01 5.015411972999572754e-01 3.234122097492218018e-01 5.788443684577941895e-01 5.016981959342956543e-01 0.000000000000000000e+00
4.993276596069335938e-01 5.875587463378906250e-01 5.384076833724975586e-01 6.331341266632080078e-01 4.527649581432342529e-01 0.000000000000000000e+00
2.724361717700958252e-01 2.169219255447387695e-01 4.074403941631317139e-01 3.540643453598022461e-01 3.942662477493286133e-01 0.000000000000000000e+00
9.551852196455001831e-02 2.097845077514648438e-01 1.626564264297485352e-01 1.058489158749580383e-01 2.054692655801773071e-01 0.000000000000000000e+00
3.298395546153187752e-03 -7.529654353857040405e-02 -9.539117664098739624e-02 7.541893515735864639e-03 2.132434248924255371e-01 0.000000000000000000e+00
4.234903454780578613e-01 3.351550102233886719e-01 2.453012615442276001e-01 1.416374742984771729e-01 4.582819715142250061e-02 0.000000000000000000e+00
3.603593707084655762e-01 4.518368542194366455e-01 4.944610595703125000e-01 4.969879686832427979e-01 5.768444538116455078e-01 0.000000000000000000e+00
-1.613710373640060425e-01 -1.124307066202163696e-01 -1.677793711423873901e-01 -2.114205211400985718e-01 -2.753410041332244873e-01 0.000000000000000000e+00
4.526918008923530579e-02 1.094779595732688904e-01 1.131722033023834229e-01 4.142406955361366272e-02 -3.604711592197418213e-02 0.000000000000000000e+00
1.070644408464431763e-01 2.375283986330032349e-01 4.538380503654479980e-01 3.796591758728027344e-01 4.974202513694763184e-01 0.000000000000000000e+00
4.250953197479248047e-01 5.275176167488098145e-01 5.431234836578369141e-01 3.049177825450897217e-01 2.458760738372802734e-01 0.000000000000000000e+00
4.871357083320617676e-01 5.537917017936706543e-01 5.688830614089965820e-01 6.868869066238403320e-01 6.957948207855224609e-01 0.000000000000000000e+00
4.514831900596618652e-01 6.790760159492492676e-01 6.616377234458923340e-01 7.402697801589965820e-01 7.488269805908203125e-01 0.000000000000000000e+00
-2.445123791694641113e-01 -2.277151346206665039e-01 -2.478412240743637085e-01 -2.376938164234161377e-01 -1.262555923312902451e-02 1.000000000000000000e+00
-2.226451337337493896e-01 -2.342288941144943237e-01 -2.817423939704895020e-01 -2.921017110347747803e-01 -2.767412364482879639e-01 2.000000000000000000e+00
-2.445123791694641113e-01 -2.277151346206665039e-01 -2.478412240743637085e-01 -2.376938164234161377e-01 -1.262555923312902451e-02 1.000000000000000000e+00
-2.226451337337493896e-01 -2.342288941144943237e-01 -2.817423939704895020e-01 -2.921017110347747803e-01 -2.767412364482879639e-01 2.000000000000000000e+00
-2.445123791694641113e-01 -2.277151346206665039e-01 -2.478412240743637085e-01 -2.376938164234161377e-01 -1.262555923312902451e-02 1.000000000000000000e+00
-2.226451337337493896e-01 -2.342288941144943237e-01 -2.817423939704895020e-01 -2.921017110347747803e-01 -2.767412364482879639e-01 2.000000000000000000e+00
-2.445123791694641113e-01 -2.277151346206665039e-01 -2.478412240743637085e-01 -2.376938164234161377e-01 -1.262555923312902451e-02 1.000000000000000000e+00
-2.226451337337493896e-01 -2.342288941144943237e-01 -2.817423939704895020e-01 -2.921017110347747803e-01 -2.767412364482879639e-01 2.000000000000000000e+00
-2.445123791694641113e-01 -2.277151346206665039e-01 -2.478412240743637085e-01 -2.376938164234161377e-01 -1.262555923312902451e-02 1.000000000000000000e+00
-2.226451337337493896e-01 -2.342288941144943237e-01 -2.817423939704895020e-01 -2.921017110347747803e-01 -2.767412364482879639e-01 2.000000000000000000e+00
-2.445123791694641113e-01 -2.277151346206665039e-01 -2.478412240743637085e-01 -2.376938164234161377e-01 -1.262555923312902451e-02 1.000000000000000000e+00
-2.226451337337493896e-01 -2.342288941144943237e-01 -2.817423939704895020e-01 -2.921017110347747803e-01 -2.767412364482879639e-01 2.000000000000000000e+00
-2.445123791694641113e-01 -2.277151346206665039e-01 -2.478412240743637085e-01 -2.376938164234161377e-01 -1.262555923312902451e-02 1.000000000000000000e+00
-2.226451337337493896e-01 -2.342288941144943237e-01 -2.817423939704895020e-01 -2.921017110347747803e-01 -2.767412364482879639e-01 2.000000000000000000e+00
-2.445123791694641113e-01 -2.277151346206665039e-01 -2.478412240743637085e-01 -2.376938164234161377e-01 -1.262555923312902451e-02 1.000000000000000000e+00
-2.226451337337493896e-01 -2.342288941144943237e-01 -2.817423939704895020e-01 -2.921017110347747803e-01 -2.767412364482879639e-01 2.000000000000000000e+00
-2.445123791694641113e-01 -2.277151346206665039e-01 -2.478412240743637085e-01 -2.376938164234161377e-01 -1.262555923312902451e-02 1.000000000000000000e+00
-2.226451337337493896e-01 -2.342288941144943237e-01 -2.817423939704895020e-01 -2.921017110347747803e-01 -2.767412364482879639e-01 2.000000000000000000e+00
-2.445123791694641113e-01 -2.277151346206665039e-01 -2.478412240743637085e-01 -2.376938164234161377e-01 -1.262555923312902451e-02 1.000000000000000000e+00
-2.226451337337493896e-01 -2.342288941144943237e-01 -2.817423939704895020e-01 -2.921017110347747803e-01 -2.767412364482879639e-01 2.000000000000000000e+00
3.966495692729949951e-01 4.451585114002227783e-01 4.288339614868164062e-01 3.850207328796386719e-01 3.587491810321807861e-01 0.000000000000000000e+00
4.575752615928649902e-01 5.284709334373474121e-01 5.402852296829223633e-01 5.563719868659973145e-01 5.695879459381103516e-01 0.000000000000000000e+00
4.306371808052062988e-01 4.467788040637969971e-01 5.639990568161010742e-01 5.754510760307312012e-01 5.719679594039916992e-01 0.000000000000000000e+00
3.958739936351776123e-01 4.672406017780303955e-01 4.748295843601226807e-01 4.904772341251373291e-01 4.598411321640014648e-01 0.000000000000000000e+00
3.207844495773315430e-01 4.706194102764129639e-01 5.438336133956909180e-01 5.073309540748596191e-01 5.507369041442871094e-01 0.000000000000000000e+00
3.071646392345428467e-01 4.253216087818145752e-01 3.839240372180938721e-01 3.532925844192504883e-01 4.961813688278198242e-01 0.000000000000000000e+00
1.251799017190933228e-01 1.598359793424606323e-01 2.731448411941528320e-01 2.705373466014862061e-01 1.076017916202545166e-01 0.000000000000000000e+00
6.334304064512252808e-02 5.674808099865913391e-02 5.026676058769226074e-01 5.998412370681762695e-01 6.480712294578552246e-01 0.000000000000000000e+00
5.026400685310363770e-01 6.791622638702392578e-01 7.125867009162902832e-01 6.146932840347290039e-01 6.082596778869628906e-01 0.000000000000000000e+00
7.170718312263488770e-01 7.563351392745971680e-01 8.776296377182006836e-01 8.253104686737060547e-01 7.711786627769470215e-01 0.000000000000000000e+00
5.648328065872192383e-01 6.967884302139282227e-01 7.792291641235351562e-01 7.931604385375976562e-01 7.530379295349121094e-01 0.000000000000000000e+00
3.434157669544219971e-01 4.008171260356903076e-01 4.606374502182006836e-01 6.194431781768798828e-01 5.992571115493774414e-01 0.000000000000000000e+00
5.722348690032958984e-01 6.290203332901000977e-01 6.700255274772644043e-01 6.271572113037109375e-01 6.205999851226806641e-01 0.000000000000000000e+00
4.437995553016662598e-01 4.742598533630371094e-01 5.039271712303161621e-01 5.969259738922119141e-01 5.840477943420410156e-01 0.000000000000000000e+00
5.449084043502807617e-01 6.237602233886718750e-01 7.155839204788208008e-01 7.577745914459228516e-01 7.406771183013916016e-01 0.000000000000000000e+00
6.637977361679077148e-01 7.079907059669494629e-01 6.999367475509643555e-01 7.117262482643127441e-01 7.629845142364501953e-01 0.000000000000000000e+00
5.823849439620971680e-01 6.964212656021118164e-01 7.704957127571105957e-01 8.426272869110107422e-01 8.082067370414733887e-01 0.000000000000000000e+00
5.204387307167053223e-01 5.592057108879089355e-01 6.015480160713195801e-01 6.610786914825439453e-01 7.071959972381591797e-01 0.000000000000000000e+00
4.285048246383666992e-01 4.845322966575622559e-01 5.742303133010864258e-01 5.816544294357299805e-01 5.725206136703491211e-01 0.000000000000000000e+00
4.827487170696258545e-01 6.555994749069213867e-01 7.807649970054626465e-01 8.007354140281677246e-01 6.098120808601379395e-01 0.000000000000000000e+00
4.905354380607604980e-01 4.900861680507659912e-01 6.595218181610107422e-01 8.397014141082763672e-01 7.755498290061950684e-01 0.000000000000000000e+00
2.106450200080871582e-01 2.030925750732421875e-01 2.778756320476531982e-01 2.568416893482208252e-01 2.945541739463806152e-01 0.000000000000000000e+00
2.562974095344543457e-01 3.271071910858154297e-01 3.319347202777862549e-01 3.816710412502288818e-01 3.646714389324188232e-01 0.000000000000000000e+00
7.069764733314514160e-01 7.244644165039062500e-01 6.118565201759338379e-01 6.053475141525268555e-01 5.785447359085083008e-01 0.000000000000000000e+00
4.741433560848236084e-01 5.181713700294494629e-01 6.497585773468017578e-01 6.460558176040649414e-01 7.057546973228454590e-01 0.000000000000000000e+00
6.688820123672485352e-01 7.159069776535034180e-01 7.186348438262939453e-01 7.154048681259155273e-01 7.812421917915344238e-01 0.000000000000000000e+00
1.470740884542465210e-01 3.596390187740325928e-01 6.687498092651367188e-01 7.535705566406250000e-01 7.256422042846679688e-01 0.000000000000000000e+00
4.782086312770843506e-01 5.784642100334167480e-01 4.943940639495849609e-01 4.671241939067840576e-01 3.023717403411865234e-01 0.000000000000000000e+00
5.161998271942138672e-01 6.968805789947509766e-01 7.811843752861022949e-01 7.909448146820068359e-01 8.309091925621032715e-01 0.000000000000000000e+00
6.962438225746154785e-01 7.708491086959838867e-01 7.863662838935852051e-01 7.539706826210021973e-01 6.635299921035766602e-01 0.000000000000000000e+00
6.448675394058227539e-01 7.211328148841857910e-01 8.122246265411376953e-01 8.147444128990173340e-01 8.073284029960632324e-01 0.000000000000000000e+00
5.945074558258056641e-01 6.857857704162597656e-01 7.074357271194458008e-01 7.452180385589599609e-01 7.836627960205078125e-01 0.000000000000000000e+00
4.991487562656402588e-01 6.019288301467895508e-01 4.477341175079345703e-01 3.649841547012329102e-01 3.114680051803588867e-01 0.000000000000000000e+00
7.572712302207946777e-01 8.258070945739746094e-01 8.083255290985107422e-01 7.980483770370483398e-01 7.909190654754638672e-01 0.000000000000000000e+00
7.827593088150024414e-01 9.152027964591979980e-01 9.457029700279235840e-01 9.759882092475891113e-01 9.775778651237487793e-01 0.000000000000000000e+00
5.412808060646057129e-01 6.977145075798034668e-01 7.482018470764160156e-01 7.072561979293823242e-01 6.670980453491210938e-01 0.000000000000000000e+00
3.298369646072387695e-01 5.113394260406494141e-01 7.168484926223754883e-01 7.644932270050048828e-01 7.859166860580444336e-01 0.000000000000000000e+00
8.178379535675048828e-01 9.132660031318664551e-01 8.646562099456787109e-01 8.464056849479675293e-01 8.161048889160156250e-01 0.000000000000000000e+00
8.340578079223632812e-01 8.975219130516052246e-01 9.421846866607666016e-01 9.566202163696289062e-01 9.412106275558471680e-01 0.000000000000000000e+00
6.957492828369140625e-01 8.592387437820434570e-01 8.763468265533447266e-01 8.791711330413818359e-01 8.742308616638183594e-01 0.000000000000000000e+00
8.089852929115295410e-01 8.815982937812805176e-01 8.975682258605957031e-01 8.915615677833557129e-01 9.050642251968383789e-01 0.000000000000000000e+00
8.462771177291870117e-01 8.351877927780151367e-01 8.656906485557556152e-01 8.857716321945190430e-01 8.703818321228027344e-01 0.000000000000000000e+00
2.484631091356277466e-01 3.510059118270874023e-01 4.854742288589477539e-01 4.318679869174957275e-01 2.600109279155731201e-01 1.000000000000000000e+00
5.415989160537719727e-01 5.656505227088928223e-01 5.673358440399169922e-01 6.161273121833801270e-01 6.157234907150268555e-01 2.000000000000000000e+00
2.484631091356277466e-01 3.510059118270874023e-01 4.854742288589477539e-01 4.318679869174957275e-01 2.600109279155731201e-01 1.000000000000000000e+00
5.415989160537719727e-01 5.656505227088928223e-01 5.673358440399169922e-01 6.161273121833801270e-01 6.157234907150268555e-01 2.000000000000000000e+00
2.484631091356277466e-01 3.510059118270874023e-01 4.854742288589477539e-01 4.318679869174957275e-01 2.600109279155731201e-01 1.000000000000000000e+00
5.415989160537719727e-01 5.656505227088928223e-01 5.673358440399169922e-01 6.161273121833801270e-01 6.157234907150268555e-01 2.000000000000000000e+00
2.484631091356277466e-01 3.510059118270874023e-01 4.854742288589477539e-01 4.318679869174957275e-01 2.600109279155731201e-01 1.000000000000000000e+00
5.415989160537719727e-01 5.656505227088928223e-01 5.673358440399169922e-01 6.161273121833801270e-01 6.157234907150268555e-01 2.000000000000000000e+00
2.484631091356277466e-01 3.510059118270874023e-01 4.854742288589477539e-01 4.318679869174957275e-01 2.600109279155731201e-01 1.000000000000000000e+00
5.415989160537719727e-01 5.656505227088928223e-01 5.673358440399169922e-01 6.161273121833801270e-01 6.157234907150268555e-01 2.000000000000000000e+00
2.484631091356277466e-01 3.510059118270874023e-01 4.854742288589477539e-01 4.318679869174957275e-01 2.600109279155731201e-01 1.000000000000000000e+00
5.415989160537719727e-01 5.656505227088928223e-01 5.673358440399169922e-01 6.161273121833801270e-01 6.157234907150268555e-01 2.000000000000000000e+00
2.484631091356277466e-01 3.510059118270874023e-01 4.854742288589477539e-01 4.318679869174957275e-01 2.600109279155731201e-01 1.000000000000000000e+00
5.415989160537719727e-01 5.656505227088928223e-01 5.673358440399169922e-01 6.161273121833801270e-01 6.157234907150268555e-01 2.000000000000000000e+00
2.484631091356277466e-01 3.510059118270874023e-01 4.854742288589477539e-01 4.318679869174957275e-01 2.600109279155731201e-01 1.000000000000000000e+00
5.415989160537719727e-01 5.656505227088928223e-01 5.673358440399169922e-01 6.161273121833801270e-01 6.157234907150268555e-01 2.000000000000000000e+00
2.484631091356277466e-01 3.510059118270874023e-01 4.854742288589477539e-01 4.318679869174957275e-01 2.600109279155731201e-01 1.000000000000000000e+00
5.415989160537719727e-01 5.656505227088928223e-01 5.673358440399169922e-01 6.161273121833801270e-01 6.157234907150268555e-01 2.000000000000000000e+00
2.484631091356277466e-01 3.510059118270874023e-01 4.854742288589477539e-01 4.318679869174957275e-01 2.600109279155731201e-01 1.000000000000000000e+00
5.415989160537719727e-01 5.656505227088928223e-01 5.673358440399169922e-01 6.161273121833801270e-01 6.157234907150268555e-01 2.000000000000000000e+00
6.188029646873474121e-01 7.238177061080932617e-01 7.205127477645874023e-01 6.876717805862426758e-01 7.149133682250976562e-01 0.000000000000000000e+00
5.936882495880126953e-01 6.797956824302673340e-01 6.867332458496093750e-01 7.197295427322387695e-01 6.828999519348144531e-01 0.000000000000000000e+00
5.630092024803161621e-01 7.507459521293640137e-01 7.815169095993041992e-01 8.039336204528808594e-01 8.268234133720397949e-01 0.000000000000000000e+00
2.540723383426666260e-01 5.035932064056396484e-01 7.576850652694702148e-01 8.201919794082641602e-01 8.162904381752014160e-01 0.000000000000000000e+00
3.298753499984741211e-01 5.066584348678588867e-01 5.233824253082275391e-01 5.296682119369506836e-01 5.842798948287963867e-01 0.000000000000000000e+00
5.140066146850585938e-01 6.637080311775207520e-01 6.562632322311401367e-01 6.644460558891296387e-01 5.324657559394836426e-01 0.000000000000000000e+00
7.880321741104125977e-01 8.788954019546508789e-01 9.163200855255126953e-01 9.010200500488281250e-01 8.705791234970092773e-01 0.000000000000000000e+00
7.004872560501098633e-01 6.196380853652954102e-01 6.541502475738525391e-01 5.872024297714233398e-01 5.864574909210205078e-01 1.000000000000000000e+00
3.861932158470153809e-01 4.136738479137420654e-01 5.261827707290649414e-01 4.293164014816284180e-01 5.475974082946777344e-01 2.000000000000000000e+00
7.004872560501098633e-01 6.196380853652954102e-01 6.541502475738525391e-01 5.872024297714233398e-01 5.864574909210205078e-01 1.000000000000000000e+00
3.861932158470153809e-01 4.136738479137420654e-01 5.261827707290649414e-01 4.293164014816284180e-01 5.475974082946777344e-01 2.000000000000000000e+00
7.004872560501098633e-01 6.196380853652954102e-01 6.541502475738525391e-01 5.872024297714233398e-01 5.864574909210205078e-01 1.000000000000000000e+00
3.861932158470153809e-01 4.136738479137420654e-01 5.261827707290649414e-01 4.293164014816284180e-01 5.475974082946777344e-01 2.000000000000000000e+00
7.004872560501098633e-01 6.196380853652954102e-01 6.541502475738525391e-01 5.872024297714233398e-01 5.864574909210205078e-01 1.000000000000000000e+00
3.861932158470153809e-01 4.136738479137420654e-01 5.261827707290649414e-01 4.293164014816284180e-01 5.475974082946777344e-01 2.000000000000000000e+00
7.004872560501098633e-01 6.196380853652954102e-01 6.541502475738525391e-01 5.872024297714233398e-01 5.864574909210205078e-01 1.000000000000000000e+00
3.861932158470153809e-01 4.136738479137420654e-01 5.261827707290649414e-01 4.293164014816284180e-01 5.475974082946777344e-01 2.000000000000000000e+00
7.004872560501098633e-01 6.196380853652954102e-01 6.541502475738525391e-01 5.872024297714233398e-01 5.864574909210205078e-01 1.000000000000000000e+00
3.861932158470153809e-01 4.136738479137420654e-01 5.261827707290649414e-01 4.293164014816284180e-01 5.475974082946777344e-01 2.000000000000000000e+00
7.004872560501098633e-01 6.196380853652954102e-01 6.541502475738525391e-01 5.872024297714233398e-01 5.864574909210205078e-01 1.000000000000000000e+00
3.861932158470153809e-01 4.136738479137420654e-01 5.261827707290649414e-01 4.293164014816284180e-01 5.475974082946777344e-01 2.000000000000000000e+00
7.004872560501098633e-01 6.196380853652954102e-01 6.541502475738525391e-01 5.872024297714233398e-01 5.864574909210205078e-01 1.000000000000000000e+00
3.861932158470153809e-01 4.136738479137420654e-01 5.261827707290649414e-01 4.293164014816284180e-01 5.475974082946777344e-01 2.000000000000000000e+00
7.004872560501098633e-01 6.196380853652954102e-01 6.541502475738525391e-01 5.872024297714233398e-01 5.864574909210205078e-01 1.000000000000000000e+00
3.861932158470153809e-01 4.136738479137420654e-01 5.261827707290649414e-01 4.293164014816284180e-01 5.475974082946777344e-01 2.000000000000000000e+00
7.004872560501098633e-01 6.196380853652954102e-01 6.541502475738525391e-01 5.872024297714233398e-01 5.864574909210205078e-01 1.000000000000000000e+00
3.861932158470153809e-01 4.136738479137420654e-01 5.261827707290649414e-01 4.293164014816284180e-01 5.475974082946777344e-01 2.000000000000000000e+00
6.136772632598876953e-01 7.016519308090209961e-01 7.209909558296203613e-01 6.679938435554504395e-01 5.422377586364746094e-01 0.000000000000000000e+00
5.260185599327087402e-01 5.148091912269592285e-01 6.498318314552307129e-01 7.051655650138854980e-01 7.819284200668334961e-01 0.000000000000000000e+00
3.932239711284637451e-01 6.469025015830993652e-01 6.296981573104858398e-01 6.864480972290039062e-01 7.010546922683715820e-01 0.000000000000000000e+00
-3.072018735110759735e-02 2.746815979480743408e-01 6.013735532760620117e-01 6.688920259475708008e-01 6.462197303771972656e-01 0.000000000000000000e+00
6.722403317689895630e-02 1.494894176721572876e-02 -8.412928879261016846e-02 -1.205711141228675842e-01 -1.146140173077583313e-01 0.000000000000000000e+00
-1.683752238750457764e-02 -4.618647973984479904e-03 1.225647851824760437e-01 1.782422959804534912e-01 3.953628838062286377e-01 0.000000000000000000e+00
-2.633449621498584747e-02 -1.281405538320541382e-01 -1.124188974499702454e-01 -1.812851727008819580e-01 -1.486225575208663940e-01 0.000000000000000000e+00
3.028902411460876465e-01 5.206946730613708496e-01 5.991802811622619629e-01 7.344580888748168945e-01 7.409470081329345703e-01 0.000000000000000000e+00
1.574603021144866943e-01 3.673368394374847412e-01 6.106214523315429688e-01 7.092113494873046875e-01 5.501167774200439453e-01 0.000000000000000000e+00
1.885053664445877075e-01 4.270944893360137939e-01 3.154726922512054443e-01 3.067210912704467773e-01 4.649779796600341797e-01 0.000000000000000000e+00
3.381105363368988037e-01 3.041855692863464355e-01 4.645519852638244629e-01 4.352820217609405518e-01 4.788265526294708252e-01 0.000000000000000000e+00
5.831364393234252930e-01 7.243542671203613281e-01 7.419264316558837891e-01 6.385521292686462402e-01 6.812112331390380859e-01 0.000000000000000000e+00
6.471165418624877930e-01 7.969238758087158203e-01 8.167710304260253906e-01 8.071976900100708008e-01 8.613353967666625977e-01 0.000000000000000000e+00
6.246267557144165039e-01 6.628142595291137695e-01 7.109589576721191406e-01 7.410275936126708984e-01 7.431513667106628418e-01 0.000000000000000000e+00
3.204489648342132568e-01 2.725620269775390625e-01 3.872960805892944336e-01 3.110630810260772705e-01 5.222356915473937988e-01 0.000000000000000000e+00
4.430964291095733643e-01 5.128941535949707031e-01 5.915665030479431152e-01 6.095571517944335938e-01 5.513495206832885742e-01 0.000000000000000000e+00
5.182156562805175781e-01 4.634043574333190918e-01 5.116788744926452637e-01 5.170171260833740234e-01 5.575075149536132812e-01 0.000000000000000000e+00
4.711925983428955078e-01 5.951390862464904785e-01 6.272616386413574219e-01 7.128434181213378906e-01 7.287706136703491211e-01 0.000000000000000000e+00
6.094925999641418457e-01 6.335190534591674805e-01 5.879653096199035645e-01 6.084332466125488281e-01 5.139362215995788574e-01 0.000000000000000000e+00
4.586405456066131592e-01 5.444045066833496094e-01 6.680585145950317383e-01 6.545248031616210938e-01 6.609920263290405273e-01 0.000000000000000000e+00
5.315993428230285645e-01 6.844272613525390625e-01 6.417983770370483398e-01 6.262573599815368652e-01 6.312471032142639160e-01 0.000000000000000000e+00
3.991710841655731201e-01 5.995831489562988281e-01 7.678312063217163086e-01 8.580509424209594727e-01 8.464962244033813477e-01 0.000000000000000000e+00
1.155031397938728333e-01 3.958688974380493164e-01 2.312085628509521484e-01 5.372533798217773438e-01 5.275259613990783691e-01 0.000000000000000000e+00
3.037273883819580078e-01 3.713747859001159668e-01 2.176177948713302612e-01 2.840633392333984375e-01 1.611436307430267334e-01 0.000000000000000000e+00
3.476653397083282471e-01 3.690459132194519043e-01 3.285972476005554199e-01 4.116218686103820801e-01 5.768843889236450195e-01 0.000000000000000000e+00
4.632220268249511719e-01 3.461056649684906006e-01 4.928637146949768066e-01 4.392347633838653564e-01 3.747471570968627930e-01 0.000000000000000000e+00
4.126167297363281250e-01 6.407662630081176758e-01 6.910499334335327148e-01 6.875218152999877930e-01 6.726810336112976074e-01 0.000000000000000000e+00
6.128003001213073730e-01 5.956252813339233398e-01 5.811245441436767578e-01 6.280635595321655273e-01 6.300211548805236816e-01 0.000000000000000000e+00
6.046253442764282227e-01 7.046518325805664062e-01 7.366048097610473633e-01 7.023782730102539062e-01 5.824220180511474609e-01 0.000000000000000000e+00
5.890127420425415039e-01 6.669503450393676758e-01 7.025942802429199219e-01 7.294071912765502930e-01 7.414148449897766113e-01 0.000000000000000000e+00
5.916956067085266113e-01 7.190623283386230469e-01 6.269234418869018555e-01 6.218516826629638672e-01 6.764845848083496094e-01 0.000000000000000000e+00
1.014210581779479980e-01 2.903116941452026367e-01 5.215999484062194824e-01 6.669599413871765137e-01 6.667308807373046875e-01 0.000000000000000000e+00
2.017915248870849609e-01 3.322459757328033447e-01 5.683714747428894043e-01 5.259978771209716797e-01 5.471229553222656250e-01 0.000000000000000000e+00
3.286122083663940430e-01 4.096970856189727783e-01 4.025765657424926758e-01 4.799066483974456787e-01 3.148628771305084229e-01 0.000000000000000000e+00
3.226261138916015625e-01 4.353508949279785156e-01 5.174506306648254395e-01 5.326943397521972656e-01 4.609542787075042725e-01 0.000000000000000000e+00
2.651148438453674316e-01 4.462556540966033936e-01 4.908106625080108643e-01 4.039197266101837158e-01 4.854004383087158203e-01 0.000000000000000000e+00
4.739210605621337891e-01 5.479995012283325195e-01 5.202510952949523926e-01 5.722213983535766602e-01 4.729285836219787598e-01 0.000000000000000000e+00
4.886946082115173340e-01 4.847416281700134277e-01 4.903440475463867188e-01 4.369821846485137939e-01 4.751538336277008057e-01 0.000000000000000000e+00
5.152556896209716797e-01 5.986163616180419922e-01 5.730012059211730957e-01 5.809583663940429688e-01 5.904183387756347656e-01 0.000000000000000000e+00
4.144646227359771729e-01 2.418275177478790283e-01 1.733039319515228271e-01 3.082090616226196289e-01 5.753421187400817871e-01 0.000000000000000000e+00
4.496765732765197754e-01 5.574910640716552734e-01 4.888386428356170654e-01 5.401502251625061035e-01 3.530103862285614014e-01 0.000000000000000000e+00
