8.438331484794616699e-01 4.750908613204956055e-01 4.824249744415283203e-01 4.809294939041137695e-01 0.000000000000000000e+00
-2.100706100463867188e-03 1.179572105407714844e+00 4.347624182701110840e-01 5.555774569511413574e-01 0.000000000000000000e+00
7.185122489929199219e+00 -1.784614682197570801e+00 2.546045064926147461e+00 1.384802579879760742e+00 0.000000000000000000e+00
8.452244997024536133e-01 1.790501952171325684e+00 5.165867209434509277e-01 1.916705369949340820e-01 0.000000000000000000e+00
4.757501482963562012e-01 9.891366958618164062e-01 6.264081001281738281e-01 2.216621637344360352e-01 0.000000000000000000e+00
5.986182093620300293e-01 5.467199087142944336e-01 3.729884028434753418e-01 5.090751647949218750e-01 0.000000000000000000e+00
1.035950541496276855e+00 7.036094665527343750e-01 4.850071668624877930e-01 4.256037473678588867e-01 0.000000000000000000e+00
7.214593887329101562e-01 6.966489553451538086e-01 3.982499837875366211e-01 5.766638517379760742e-01 0.000000000000000000e+00
7.604333162307739258e-01 4.378504753112792969e-01 3.975552916526794434e-01 4.265594482421875000e-01 0.000000000000000000e+00
7.820679545402526855e-01 4.450237751007080078e-01 4.308428168296813965e-01 5.750350952148437500e-01 0.000000000000000000e+00
7.791512608528137207e-01 4.610526561737060547e-01 3.753008842468261719e-01 4.522818922996520996e-01 0.000000000000000000e+00
7.464929819107055664e-01 4.001505374908447266e-01 3.890302181243896484e-01 4.050356149673461914e-01 0.000000000000000000e+00
7.355794906616210938e-01 3.254012465476989746e-01 4.557616710662841797e-01 4.240365028381347656e-01 0.000000000000000000e+00
5.711457133293151855e-01 3.631742000579833984e-01 4.530947208404541016e-01 2.812050580978393555e-01 0.000000000000000000e+00
1.159046173095703125e+00 1.176258563995361328e+00 1.304886460304260254e+00 1.303325891494750977e+00 0.000000000000000000e+00
1.580715894699096680e+00 1.083942890167236328e+00 9.432855248451232910e-01 7.686536312103271484e-01 0.000000000000000000e+00
3.284296512603759766e+00 3.454961061477661133e+00 2.236611843109130859e+00 1.147162556648254395e+00 0.000000000000000000e+00
-1.765832901000976562e-01 2.345769882202148438e+00 3.813640117645263672e+00 2.641787052154541016e+00 0.000000000000000000e+00
1.855076432228088379e+00 1.212512493133544922e+00 9.931398630142211914e-01 7.707906961441040039e-01 0.000000000000000000e+00
1.214362025260925293e+00 1.145177006721496582e+00 1.030446171760559082e+00 9.526689648628234863e-01 0.000000000000000000e+00
6.080567836761474609e-01 1.090508580207824707e+00 1.290859937667846680e+00 1.061834812164306641e+00 0.000000000000000000e+00
6.704047918319702148e-01 6.256299018859863281e-01 5.951969623565673828e-01 6.779510378837585449e-01 0.000000000000000000e+00
-2.387097358703613281e+00 4.380765914916992188e+00 6.728718280792236328e-01 6.401292085647583008e-01 0.000000000000000000e+00
-5.882617235183715820e-01 2.900722980499267578e+00 7.089078903198242188e+00 4.618579149246215820e-01 0.000000000000000000e+00
-8.948127031326293945e-01 -6.606560945510864258e-01 -5.278866291046142578e-01 -5.220219492912292480e-01 0.000000000000000000e+00
3.465722203254699707e-01 3.347725272178649902e-01 -1.586351871490478516e+00 -8.231652259826660156e+00 0.000000000000000000e+00
6.536452770233154297e-01 7.644690275192260742e-01 5.040868520736694336e-01 7.861451506614685059e-01 0.000000000000000000e+00
4.919593334197998047e-01 3.366510272026062012e-01 6.609490513801574707e-01 6.235827803611755371e-01 0.000000000000000000e+00
-1.611251831054687500e-01 8.958275794982910156e+00 2.727700710296630859e+00 1.583008646965026855e+00 0.000000000000000000e+00
-7.215403318405151367e-01 -5.862730741500854492e-01 -3.658193349838256836e-01 -4.396455883979797363e-01 0.000000000000000000e+00
2.704493999481201172e+00 -2.777148485183715820e+00 -1.289541006088256836e+00 1.914687156677246094e-01 0.000000000000000000e+00
-5.553131699562072754e-01 2.564231753349304199e-01 7.896422386169433594e+00 2.195878505706787109e+00 0.000000000000000000e+00
-8.747673630714416504e-01 -4.543122649192810059e-01 -4.461417198181152344e-01 -1.543200612068176270e-01 0.000000000000000000e+00
5.550074577331542969e-02 -2.431468725204467773e+00 -1.781032681465148926e-01 3.792712926864624023e+00 0.000000000000000000e+00
2.218931913375854492e+00 -9.181166887283325195e-01 2.107346296310424805e+00 7.999991178512573242e-01 0.000000000000000000e+00
4.233821630477905273e-01 6.183226108551025391e-01 9.534375667572021484e-01 6.323216557502746582e-01 0.000000000000000000e+00
4.614323377609252930e-01 8.540911674499511719e-01 7.411834001541137695e-01 6.975210905075073242e-01 0.000000000000000000e+00
4.362229108810424805e-01 6.822412014007568359e-01 1.205891609191894531e+00 1.183369994163513184e+00 0.000000000000000000e+00
-1.191969513893127441e-01 9.154826402664184570e-01 9.516662359237670898e-01 9.389598369598388672e-01 0.000000000000000000e+00
6.630067229270935059e-01 8.609098196029663086e-01 8.597961664199829102e-01 9.666037559509277344e-01 0.000000000000000000e+00
1.193535923957824707e+00 9.967529773712158203e-01 9.330790042877197266e-01 8.658705353736877441e-01 0.000000000000000000e+00
7.976208925247192383e-01 1.165041089057922363e+00 1.154645323753356934e+00 9.790848493576049805e-01 0.000000000000000000e+00
-8.923664093017578125e-01 -1.294582486152648926e+00 -9.986835122108459473e-01 -3.364448249340057373e-01 1.000000000000000000e+00
6.060888767242431641e-01 1.494837403297424316e-01 4.960269629955291748e-01 -1.586196124553680420e-01 2.000000000000000000e+00
-8.923664093017578125e-01 -1.294582486152648926e+00 -9.986835122108459473e-01 -3.364448249340057373e-01 1.000000000000000000e+00
6.060888767242431641e-01 1.494837403297424316e-01 4.960269629955291748e-01 -1.586196124553680420e-01 2.000000000000000000e+00
-8.923664093017578125e-01 -1.294582486152648926e+00 -9.986835122108459473e-01 -3.364448249340057373e-01 1.000000000000000000e+00
6.060888767242431641e-01 1.494837403297424316e-01 4.960269629955291748e-01 -1.586196124553680420e-01 2.000000000000000000e+00
-8.923664093017578125e-01 -1.294582486152648926e+00 -9.986835122108459473e-01 -3.364448249340057373e-01 1.000000000000000000e+00
6.060888767242431641e-01 1.494837403297424316e-01 4.960269629955291748e-01 -1.586196124553680420e-01 2.000000000000000000e+00
-8.923664093017578125e-01 -1.294582486152648926e+00 -9.986835122108459473e-01 -3.364448249340057373e-01 1.000000000000000000e+00
6.060888767242431641e-01 1.494837403297424316e-01 4.960269629955291748e-01 -1.586196124553680420e-01 2.000000000000000000e+00
-8.923664093017578125e-01 -1.294582486152648926e+00 -9.986835122108459473e-01 -3.364448249340057373e-01 1.000000000000000000e+00
6.060888767242431641e-01 1.494837403297424316e-01 4.960269629955291748e-01 -1.586196124553680420e-01 2.000000000000000000e+00
-8.923664093017578125e-01 -1.294582486152648926e+00 -9.986835122108459473e-01 -3.364448249340057373e-01 1.000000000000000000e+00
6.060888767242431641e-01 1.494837403297424316e-01 4.960269629955291748e-01 -1.586196124553680420e-01 2.000000000000000000e+00
-8.923664093017578125e-01 -1.294582486152648926e+00 -9.986835122108459473e-01 -3.364448249340057373e-01 1.000000000000000000e+00
6.060888767242431641e-01 1.494837403297424316e-01 4.960269629955291748e-01 -1.586196124553680420e-01 2.000000000000000000e+00
-8.923664093017578125e-01 -1.294582486152648926e+00 -9.986835122108459473e-01 -3.364448249340057373e-01 1.000000000000000000e+00
6.060888767242431641e-01 1.494837403297424316e-01 4.960269629955291748e-01 -1.586196124553680420e-01 2.000000000000000000e+00
-8.923664093017578125e-01 -1.294582486152648926e+00 -9.986835122108459473e-01 -3.364448249340057373e-01 1.000000000000000000e+00
6.060888767242431641e-01 1.494837403297424316e-01 4.960269629955291748e-01 -1.586196124553680420e-01 2.000000000000000000e+00
8.514848947525024414e-01 1.117952227592468262e+00 8.630477190017700195e-01 7.263022661209106445e-01 0.000000000000000000e+00
8.611820936203002930e-01 1.095249295234680176e+00 7.811896800994873047e-01 9.822138547897338867e-01 0.000000000000000000e+00
9.034174680709838867e-01 6.600499749183654785e-01 8.549301624298095703e-01 6.738409996032714844e-01 0.000000000000000000e+00
1.078675031661987305e+00 7.327846288681030273e-01 6.849528551101684570e-01 8.707293272018432617e-01 0.000000000000000000e+00
8.774173855781555176e-01 9.543911814689636230e-01 8.565801382064819336e-01 9.088301658630371094e-01 0.000000000000000000e+00
6.863709092140197754e-01 6.287372112274169922e-01 6.285812854766845703e-01 6.503401994705200195e-01 0.000000000000000000e+00
1.091163992881774902e+00 8.550040721893310547e-01 8.569197654724121094e-01 7.775155305862426758e-01 0.000000000000000000e+00
-2.260370254516601562e-01 5.942642688751220703e-01 7.945692539215087891e-01 5.037516355514526367e-01 0.000000000000000000e+00
1.619992256164550781e-01 2.288979291915893555e-01 7.388136386871337891e-01 7.853171825408935547e-01 0.000000000000000000e+00
7.770221233367919922e-01 2.042138576507568359e-01 1.292272210121154785e-01 3.952130079269409180e-01 0.000000000000000000e+00
7.827415466308593750e-01 5.197860002517700195e-01 4.535150527954101562e-01 5.190885663032531738e-01 0.000000000000000000e+00
7.527034282684326172e-01 5.396888256072998047e-01 4.783488512039184570e-01 5.114017724990844727e-01 0.000000000000000000e+00
7.517876625061035156e-01 5.151954889297485352e-01 4.919997453689575195e-01 4.898971319198608398e-01 0.000000000000000000e+00
7.389173507690429688e-01 5.223011970520019531e-01 5.027414560317993164e-01 4.991478323936462402e-01 0.000000000000000000e+00
1.475177764892578125e+00 1.469668388366699219e+00 8.764840960502624512e-01 6.978204250335693359e-01 0.000000000000000000e+00
1.230497241020202637e+00 7.351961135864257812e-01 4.625098705291748047e-01 1.108893394470214844e+00 0.000000000000000000e+00
6.961858272552490234e-02 5.901501178741455078e-01 7.097795009613037109e-01 6.082713007926940918e-01 0.000000000000000000e+00
1.608374118804931641e-01 4.666302204132080078e-01 6.234773993492126465e-01 5.798860788345336914e-01 0.000000000000000000e+00
1.939178705215454102e-01 5.369040369987487793e-01 6.850455999374389648e-01 4.653553962707519531e-01 0.000000000000000000e+00
-2.796972751617431641e+00 -5.839806199073791504e-01 5.010218024253845215e-01 1.141373395919799805e+00 1.000000000000000000e+00
-1.215821385383605957e+00 1.647289037704467773e+00 3.514425277709960938e+00 -1.114841103553771973e+00 2.000000000000000000e+00
-2.796972751617431641e+00 -5.839806199073791504e-01 5.010218024253845215e-01 1.141373395919799805e+00 1.000000000000000000e+00
-1.215821385383605957e+00 1.647289037704467773e+00 3.514425277709960938e+00 -1.114841103553771973e+00 2.000000000000000000e+00
-2.796972751617431641e+00 -5.839806199073791504e-01 5.010218024253845215e-01 1.141373395919799805e+00 1.000000000000000000e+00
-1.215821385383605957e+00 1.647289037704467773e+00 3.514425277709960938e+00 -1.114841103553771973e+00 2.000000000000000000e+00
-2.796972751617431641e+00 -5.839806199073791504e-01 5.010218024253845215e-01 1.141373395919799805e+00 1.000000000000000000e+00
-1.215821385383605957e+00 1.647289037704467773e+00 3.514425277709960938e+00 -1.114841103553771973e+00 2.000000000000000000e+00
-2.796972751617431641e+00 -5.839806199073791504e-01 5.010218024253845215e-01 1.141373395919799805e+00 1.000000000000000000e+00
-1.215821385383605957e+00 1.647289037704467773e+00 3.514425277709960938e+00 -1.114841103553771973e+00 2.000000000000000000e+00
-2.796972751617431641e+00 -5.839806199073791504e-01 5.010218024253845215e-01 1.141373395919799805e+00 1.000000000000000000e+00
-1.215821385383605957e+00 1.647289037704467773e+00 3.514425277709960938e+00 -1.114841103553771973e+00 2.000000000000000000e+00
-2.796972751617431641e+00 -5.839806199073791504e-01 5.010218024253845215e-01 1.141373395919799805e+00 1.000000000000000000e+00
-1.215821385383605957e+00 1.647289037704467773e+00 3.514425277709960938e+00 -1.114841103553771973e+00 2.000000000000000000e+00
-2.796972751617431641e+00 -5.839806199073791504e-01 5.010218024253845215e-01 1.141373395919799805e+00 1.000000000000000000e+00
-1.215821385383605957e+00 1.647289037704467773e+00 3.514425277709960938e+00 -1.114841103553771973e+00 2.000000000000000000e+00
-2.796972751617431641e+00 -5.839806199073791504e-01 5.010218024253845215e-01 1.141373395919799805e+00 1.000000000000000000e+00
-1.215821385383605957e+00 1.647289037704467773e+00 3.514425277709960938e+00 -1.114841103553771973e+00 2.000000000000000000e+00
-2.796972751617431641e+00 -5.839806199073791504e-01 5.010218024253845215e-01 1.141373395919799805e+00 1.000000000000000000e+00
-1.215821385383605957e+00 1.647289037704467773e+00 3.514425277709960938e+00 -1.114841103553771973e+00 2.000000000000000000e+00
2.940464258193969727e+00 1.150406479835510254e+00 9.846224784851074219e-01 7.851449251174926758e-01 0.000000000000000000e+00
-7.082369923591613770e-02 2.180087327957153320e+00 6.370299339294433594e+00 2.165116310119628906e+00 0.000000000000000000e+00
6.662201881408691406e-01 1.651513576507568359e+00 1.837234020233154297e+00 -4.166827201843261719e-01 0.000000000000000000e+00
3.481495380401611328e-01 9.823172092437744141e-01 6.543013453483581543e-01 7.726806998252868652e-01 0.000000000000000000e+00
3.524994850158691406e-02 6.173081398010253906e-01 5.049698352813720703e-01 1.011654376983642578e+00 0.000000000000000000e+00
3.109941959381103516e+00 7.402832508087158203e-01 -5.341588854789733887e-01 -9.373887062072753906e+00 1.000000000000000000e+00
1.138353824615478516e+00 6.655250787734985352e-01 8.233559131622314453e-01 8.172752857208251953e-01 2.000000000000000000e+00
3.109941959381103516e+00 7.402832508087158203e-01 -5.341588854789733887e-01 -9.373887062072753906e+00 1.000000000000000000e+00
1.138353824615478516e+00 6.655250787734985352e-01 8.233559131622314453e-01 8.172752857208251953e-01 2.000000000000000000e+00
3.109941959381103516e+00 7.402832508087158203e-01 -5.341588854789733887e-01 -9.373887062072753906e+00 1.000000000000000000e+00
1.138353824615478516e+00 6.655250787734985352e-01 8.233559131622314453e-01 8.172752857208251953e-01 2.000000000000000000e+00
3.109941959381103516e+00 7.402832508087158203e-01 -5.341588854789733887e-01 -9.373887062072753906e+00 1.000000000000000000e+00
1.138353824615478516e+00 6.655250787734985352e-01 8.233559131622314453e-01 8.172752857208251953e-01 2.000000000000000000e+00
3.109941959381103516e+00 7.402832508087158203e-01 -5.341588854789733887e-01 -9.373887062072753906e+00 1.000000000000000000e+00
1.138353824615478516e+00 6.655250787734985352e-01 8.233559131622314453e-01 8.172752857208251953e-01 2.000000000000000000e+00
3.109941959381103516e+00 7.402832508087158203e-01 -5.341588854789733887e-01 -9.373887062072753906e+00 1.000000000000000000e+00
1.138353824615478516e+00 6.655250787734985352e-01 8.233559131622314453e-01 8.172752857208251953e-01 2.000000000000000000e+00
3.109941959381103516e+00 7.402832508087158203e-01 -5.341588854789733887e-01 -9.373887062072753906e+00 1.000000000000000000e+00
1.138353824615478516e+00 6.655250787734985352e-01 8.233559131622314453e-01 8.172752857208251953e-01 2.000000000000000000e+00
3.109941959381103516e+00 7.402832508087158203e-01 -5.341588854789733887e-01 -9.373887062072753906e+00 1.000000000000000000e+00
1.138353824615478516e+00 6.655250787734985352e-01 8.233559131622314453e-01 8.172752857208251953e-01 2.000000000000000000e+00
3.109941959381103516e+00 7.402832508087158203e-01 -5.341588854789733887e-01 -9.373887062072753906e+00 1.000000000000000000e+00
1.138353824615478516e+00 6.655250787734985352e-01 8.233559131622314453e-01 8.172752857208251953e-01 2.000000000000000000e+00
3.109941959381103516e+00 7.402832508087158203e-01 -5.341588854789733887e-01 -9.373887062072753906e+00 1.000000000000000000e+00
1.138353824615478516e+00 6.655250787734985352e-01 8.233559131622314453e-01 8.172752857208251953e-01 2.000000000000000000e+00
-9.231746196746826172e-01 -7.092655897140502930e-01 -5.709631443023681641e-01 -4.340369701385498047e-01 0.000000000000000000e+00
-1.749154627323150635e-01 -6.987385749816894531e-01 -3.403404951095581055e-01 3.836089372634887695e-02 0.000000000000000000e+00
2.034327983856201172e+00 1.707763314247131348e+00 4.574374258518218994e-01 -3.411533832550048828e+00 0.000000000000000000e+00
1.610667586326599121e+00 7.619724273681640625e-01 9.593229293823242188e-01 6.351010203361511230e-01 0.000000000000000000e+00
6.994115114212036133e-01 6.855984330177307129e-01 4.624944329261779785e-01 3.093901872634887695e-01 0.000000000000000000e+00
4.885729551315307617e-01 3.515069484710693359e-01 5.266821980476379395e-01 4.656468629837036133e-01 0.000000000000000000e+00
6.074919700622558594e-01 4.056786298751831055e-01 5.437890291213989258e-01 3.237456083297729492e-01 0.000000000000000000e+00
4.243655204772949219e-01 5.340612530708312988e-01 4.421283006668090820e-01 4.575326442718505859e-01 0.000000000000000000e+00
4.561635494232177734e+00 5.711529254913330078e-01 4.582844972610473633e-01 3.763844966888427734e-01 0.000000000000000000e+00
3.773361206054687500e+00 5.935357093811035156e+00 5.996891856193542480e-01 4.109835028648376465e-01 0.000000000000000000e+00
-8.871289491653442383e-01 -6.594117879867553711e-01 -5.467239022254943848e-01 -3.003653883934020996e-01 0.000000000000000000e+00
-1.339745521545410156e+00 -4.217902719974517822e-01 -8.570505976676940918e-01 -6.554477214813232422e-01 0.000000000000000000e+00
3.680093765258789062e+00 1.137745738029479980e+00 6.077783703804016113e-01 3.540151715278625488e-01 0.000000000000000000e+00
2.431518554687500000e+00 9.375222921371459961e-01 6.807776093482971191e-01 1.287280917167663574e-01 0.000000000000000000e+00
4.530149698257446289e-01 7.649745941162109375e-01 1.062560558319091797e+00 9.944843053817749023e-01 0.000000000000000000e+00
5.867396593093872070e-01 6.746980547904968262e-01 8.627613186836242676e-01 1.138991117477416992e+00 0.000000000000000000e+00
5.518715381622314453e-01 6.907088756561279297e-01 8.638026714324951172e-01 9.267671108245849609e-01 0.000000000000000000e+00
2.775501012802124023e-01 6.835553646087646484e-01 8.863867521286010742e-01 1.081952571868896484e+00 0.000000000000000000e+00
5.661902427673339844e-01 9.241961240768432617e-01 8.795856237411499023e-01 8.484033346176147461e-01 0.000000000000000000e+00
5.707421302795410156e-01 7.171059846878051758e-01 1.020405650138854980e+00 1.142177224159240723e+00 0.000000000000000000e+00
3.564345836639404297e-01 1.678977012634277344e-01 1.177466988563537598e+00 6.004059314727783203e-01 0.000000000000000000e+00
-8.320298194885253906e-01 1.903465509414672852e+00 -1.394252777099609375e+00 -2.714835166931152344e+00 0.000000000000000000e+00
-2.370411157608032227e-01 7.170358300209045410e-01 -2.424508035182952881e-01 1.044550418853759766e+00 0.000000000000000000e+00
-1.748004436492919922e+00 3.438361287117004395e-01 4.882004737854003906e+00 3.618845701217651367e+00 0.000000000000000000e+00
-6.231057643890380859e-01 -5.637992620468139648e-01 -4.204562902450561523e-01 -2.316806316375732422e-01 0.000000000000000000e+00
-1.399583220481872559e-01 -2.033927440643310547e-01 1.485284090042114258e+00 -1.934777021408081055e+00 0.000000000000000000e+00
-1.328198194503784180e+00 -2.248453378677368164e+00 2.938347816467285156e+00 -1.099901318550109863e+00 0.000000000000000000e+00
-7.022851109504699707e-01 -6.067858934402465820e-01 -5.670144557952880859e-01 -4.095737934112548828e-01 1.000000000000000000e+00
-1.245164871215820312e+00 -6.683456897735595703e-01 -7.437180280685424805e-01 -7.190666198730468750e-01 2.000000000000000000e+00
-7.022851109504699707e-01 -6.067858934402465820e-01 -5.670144557952880859e-01 -4.095737934112548828e-01 1.000000000000000000e+00
-1.245164871215820312e+00 -6.683456897735595703e-01 -7.437180280685424805e-01 -7.190666198730468750e-01 2.000000000000000000e+00
-7.022851109504699707e-01 -6.067858934402465820e-01 -5.670144557952880859e-01 -4.095737934112548828e-01 1.000000000000000000e+00
-1.245164871215820312e+00 -6.683456897735595703e-01 -7.437180280685424805e-01 -7.190666198730468750e-01 2.000000000000000000e+00
-7.022851109504699707e-01 -6.067858934402465820e-01 -5.670144557952880859e-01 -4.095737934112548828e-01 1.000000000000000000e+00
-1.245164871215820312e+00 -6.683456897735595703e-01 -7.437180280685424805e-01 -7.190666198730468750e-01 2.000000000000000000e+00
-7.022851109504699707e-01 -6.067858934402465820e-01 -5.670144557952880859e-01 -4.095737934112548828e-01 1.000000000000000000e+00
-1.245164871215820312e+00 -6.683456897735595703e-01 -7.437180280685424805e-01 -7.190666198730468750e-01 2.000000000000000000e+00
-7.022851109504699707e-01 -6.067858934402465820e-01 -5.670144557952880859e-01 -4.095737934112548828e-01 1.000000000000000000e+00
-1.245164871215820312e+00 -6.683456897735595703e-01 -7.437180280685424805e-01 -7.190666198730468750e-01 2.000000000000000000e+00
-7.022851109504699707e-01 -6.067858934402465820e-01 -5.670144557952880859e-01 -4.095737934112548828e-01 1.000000000000000000e+00
-1.245164871215820312e+00 -6.683456897735595703e-01 -7.437180280685424805e-01 -7.190666198730468750e-01 2.000000000000000000e+00
-7.022851109504699707e-01 -6.067858934402465820e-01 -5.670144557952880859e-01 -4.095737934112548828e-01 1.000000000000000000e+00
-1.245164871215820312e+00 -6.683456897735595703e-01 -7.437180280685424805e-01 -7.190666198730468750e-01 2.000000000000000000e+00
-7.022851109504699707e-01 -6.067858934402465820e-01 -5.670144557952880859e-01 -4.095737934112548828e-01 1.000000000000000000e+00
-1.245164871215820312e+00 -6.683456897735595703e-01 -7.437180280685424805e-01 -7.190666198730468750e-01 2.000000000000000000e+00
-7.022851109504699707e-01 -6.067858934402465820e-01 -5.670144557952880859e-01 -4.095737934112548828e-01 1.000000000000000000e+00
-1.245164871215820312e+00 -6.683456897735595703e-01 -7.437180280685424805e-01 -7.190666198730468750e-01 2.000000000000000000e+00
1.083880424499511719e+00 1.309620976448059082e+00 1.357854366302490234e+00 1.079591035842895508e+00 0.000000000000000000e+00
7.069643735885620117e-01 1.123832821846008301e+00 1.043342113494873047e+00 1.106610298156738281e+00 0.000000000000000000e+00
7.114645242691040039e-01 1.453101396560668945e+00 1.227914094924926758e+00 1.328870296478271484e+00 0.000000000000000000e+00
1.240697383880615234e+00 1.256762027740478516e+00 1.158030033111572266e+00 9.968763589859008789e-01 0.000000000000000000e+00
6.362322568893432617e-01 1.231066346168518066e+00 1.193349123001098633e+00 1.390234470367431641e+00 0.000000000000000000e+00
9.172570109367370605e-01 1.325337052345275879e+00 1.259102463722229004e+00 1.187867164611816406e+00 0.000000000000000000e+00
6.401452422142028809e-01 1.143405318260192871e+00 1.006696343421936035e+00 1.251250982284545898e+00 0.000000000000000000e+00
2.300072908401489258e-01 -2.639031410217285156e-02 3.186663389205932617e-01 5.469913482666015625e-01 0.000000000000000000e+00
9.649765491485595703e-02 1.987638473510742188e-01 5.835592746734619141e-01 6.643356084823608398e-01 0.000000000000000000e+00
1.468855738639831543e-01 1.269394159317016602e-01 5.587290525436401367e-01 9.271931052207946777e-01 0.000000000000000000e+00
4.146236181259155273e-02 1.854434013366699219e-01 3.503936529159545898e-01 5.994933247566223145e-01 0.000000000000000000e+00
2.638530731201171875e-01 -6.991088390350341797e-03 3.930538892745971680e-01 6.165549159049987793e-01 0.000000000000000000e+00
1.478315591812133789e+00 8.369361162185668945e-01 5.190910100936889648e-01 1.032134532928466797e+00 0.000000000000000000e+00
-6.468055844306945801e-01 -5.880773663520812988e-01 3.624573945999145508e-01 2.622405052185058594e+00 0.000000000000000000e+00
8.534858822822570801e-01 4.031111598014831543e-01 5.892981886863708496e-01 4.993367195129394531e-01 0.000000000000000000e+00
8.818020224571228027e-01 3.817038536071777344e-01 4.552906751632690430e-01 6.725529432296752930e-01 0.000000000000000000e+00
5.533770918846130371e-01 7.954487204551696777e-01 6.346018314361572266e-01 4.761974811553955078e-01 0.000000000000000000e+00
8.015518188476562500e-01 4.836770296096801758e-01 3.581779003143310547e-01 3.181545138359069824e-01 0.000000000000000000e+00
2.208845138549804688e+00 1.121100306510925293e+00 4.937112331390380859e-01 6.379920840263366699e-01 0.000000000000000000e+00
1.000208854675292969e+00 1.346990108489990234e+00 8.174266815185546875e-01 2.772200107574462891e-02 0.000000000000000000e+00
2.183984279632568359e+00 3.644557952880859375e+00 9.273504614830017090e-01 1.139446496963500977e+00 0.000000000000000000e+00
5.037850856781005859e+00 6.151119470596313477e-01 9.389417171478271484e-01 5.837855339050292969e-01 0.000000000000000000e+00
-7.130025625228881836e-01 -4.084892272949218750e-01 -6.784144639968872070e-01 -1.095006465911865234e-01 0.000000000000000000e+00
-6.936080455780029297e-01 2.774957418441772461e-01 3.462795019149780273e+00 3.093810319900512695e+00 0.000000000000000000e+00
-7.816689014434814453e-01 -7.237367630004882812e-01 -6.690188646316528320e-01 -5.946953296661376953e-01 0.000000000000000000e+00
-5.215443372726440430e-01 -8.580478429794311523e-01 -5.134361982345581055e-01 -6.248079538345336914e-01 0.000000000000000000e+00
-7.368666529655456543e-01 -6.539272069931030273e-01 -6.547798514366149902e-01 -6.751263737678527832e-01 0.000000000000000000e+00
-7.956513166427612305e-01 -6.848202943801879883e-01 -7.643679380416870117e-01 -7.022417783737182617e-01 0.000000000000000000e+00
8.496123552322387695e-01 7.298280000686645508e-01 9.966318607330322266e-01 8.635295629501342773e-01 0.000000000000000000e+00
5.969753265380859375e-01 9.317125082015991211e-01 8.893572092056274414e-01 9.014258384704589844e-01 0.000000000000000000e+00
9.890074729919433594e-01 8.639128208160400391e-01 9.215143322944641113e-01 8.130351901054382324e-01 0.000000000000000000e+00
5.963037610054016113e-01 1.213921666145324707e+00 1.119643688201904297e+00 9.897873401641845703e-01 0.000000000000000000e+00
1.636867761611938477e+00 1.172401785850524902e+00 7.272094488143920898e-01 8.020120263099670410e-01 0.000000000000000000e+00
4.932905435562133789e-01 8.600138425827026367e-01 6.853341460227966309e-01 5.968713760375976562e-01 0.000000000000000000e+00
7.113041877746582031e-01 5.412459969520568848e-01 9.639024138450622559e-01 5.959139466285705566e-01 0.000000000000000000e+00
4.422819614410400391e-02 6.257054805755615234e-01 1.033355832099914551e+00 8.935427665710449219e-01 0.000000000000000000e+00
1.321960091590881348e-01 6.457577943801879883e-01 1.022352933883666992e+00 9.309820532798767090e-01 0.000000000000000000e+00
9.314918518066406250e-02 6.740745902061462402e-01 1.035879850387573242e+00 8.644403815269470215e-01 0.000000000000000000e+00
5.155897140502929688e-02 5.846219658851623535e-01 1.004002809524536133e+00 9.924187660217285156e-01 0.000000000000000000e+00
1.107355356216430664e-01 7.834177017211914062e-01 9.867621660232543945e-01 9.060339927673339844e-01 0.000000000000000000e+00
5.904650688171386719e-02 7.320612668991088867e-01 9.295571446418762207e-01 8.321301937103271484e-01 0.000000000000000000e+00
-6.126915216445922852e-01 1.005585908889770508e+00 1.771657228469848633e+00 9.749488830566406250e-01 0.000000000000000000e+00
7.959884405136108398e-01 1.120086431503295898e+00 9.066674113273620605e-01 9.363932013511657715e-01 0.000000000000000000e+00
7.075676321983337402e-01 9.401196241378784180e-01 1.026967406272888184e+00 8.691858053207397461e-01 0.000000000000000000e+00
7.960219979286193848e-01 7.936279773712158203e-01 8.861913681030273438e-01 8.967665433883666992e-01 0.000000000000000000e+00
5.619769096374511719e-01 7.225137948989868164e-01 7.246277928352355957e-01 6.864324808120727539e-01 0.000000000000000000e+00
3.453465700149536133e-01 4.826352596282958984e-01 6.834325790405273438e-01 6.473935842514038086e-01 0.000000000000000000e+00
1.354885101318359375e-01 4.314173460006713867e-01 7.150454521179199219e-01 5.859645605087280273e-01 0.000000000000000000e+00
1.262761950492858887e-01 4.860166311264038086e-01 4.154857397079467773e-01 7.243129014968872070e-01 0.000000000000000000e+00
9.689330458641052246e-01 8.777147531509399414e-01 9.293857812881469727e-01 8.720391988754272461e-01 0.000000000000000000e+00
1.182342767715454102e+00 9.479058980941772461e-01 9.635712504386901855e-01 1.052142500877380371e+00 0.000000000000000000e+00
1.104788780212402344e+00 1.111377954483032227e+00 1.112583994865417480e+00 9.421668052673339844e-01 0.000000000000000000e+00
2.060352802276611328e+00 1.121760487556457520e+00 1.025672554969787598e+00 1.300995588302612305e+00 0.000000000000000000e+00
-2.211889028549194336e+00 7.025898456573486328e+00 1.126116633415222168e+00 9.479365348815917969e-01 0.000000000000000000e+00
2.315340518951416016e+00 2.558315038681030273e+00 3.275720357894897461e+00 2.339133024215698242e+00 0.000000000000000000e+00
-6.083085536956787109e-01 -1.247540116310119629e-01 4.356830120086669922e+00 7.996445894241333008e-01 0.000000000000000000e+00
6.420722007751464844e-01 1.369016647338867188e+00 1.329276323318481445e+00 1.320998907089233398e+00 0.000000000000000000e+00
1.288496971130371094e+00 1.199851751327514648e+00 1.207531094551086426e+00 9.341072440147399902e-01 0.000000000000000000e+00
9.143887162208557129e-01 9.209940433502197266e-01 1.229072570800781250e+00 1.193236827850341797e+00 0.000000000000000000e+00
1.134398579597473145e+00 1.177207708358764648e+00 1.427227735519409180e+00 1.070466876029968262e+00 0.000000000000000000e+00
7.653653621673583984e-01 1.174757957458496094e+00 9.823929071426391602e-01 1.250610232353210449e+00 0.000000000000000000e+00
8.074833154678344727e-01 1.215649127960205078e+00 1.393700957298278809e+00 1.131011724472045898e+00 0.000000000000000000e+00
3.347678184509277344e-01 1.223202943801879883e+00 8.951475024223327637e-01 1.214038252830505371e+00 0.000000000000000000e+00
4.920595288276672363e-01 2.020993828773498535e-01 2.818138599395751953e-01 4.158886671066284180e-01 0.000000000000000000e+00
6.191580295562744141e-01 2.708793282508850098e-01 2.489073276519775391e-01 3.961929082870483398e-01 0.000000000000000000e+00
4.831645488739013672e-01 2.175180912017822266e-01 2.706667780876159668e-01 4.205822944641113281e-01 0.000000000000000000e+00
5.624108314514160156e-01 1.602091789245605469e-01 2.866133451461791992e-01 4.049123525619506836e-01 0.000000000000000000e+00
4.647711515426635742e-01 2.302402257919311523e-01 3.646080493927001953e-01 3.481284976005554199e-01 0.000000000000000000e+00
6.602873802185058594e-01 2.853947877883911133e-01 2.880069017410278320e-01 3.789390325546264648e-01 0.000000000000000000e+00
4.200425148010253906e-01 7.494139671325683594e-02 2.916795015335083008e-01 4.336210489273071289e-01 0.000000000000000000e+00
8.443175554275512695e-01 8.774527311325073242e-01 6.144007444381713867e-01 1.621010303497314453e-01 0.000000000000000000e+00
2.073197841644287109e+00 1.014533042907714844e+00 1.545035958290100098e+00 1.513991594314575195e+00 0.000000000000000000e+00
-5.405453443527221680e-01 -4.236454665660858154e-01 5.393876075744628906e+00 1.381883263587951660e+00 0.000000000000000000e+00
-2.272422909736633301e-01 -3.848097920417785645e-01 -2.416258454322814941e-01 -8.493319153785705566e-02 0.000000000000000000e+00
-5.497128963470458984e-01 -6.151505708694458008e-01 -5.623729228973388672e-01 -5.469583868980407715e-01 0.000000000000000000e+00
-6.340019702911376953e-01 -6.918513774871826172e-01 -5.624781847000122070e-01 -6.269482374191284180e-01 0.000000000000000000e+00
-5.405097007751464844e-01 -3.372018933296203613e-01 -5.535037517547607422e-01 -5.950004458427429199e-01 0.000000000000000000e+00
1.231952071189880371e+00 1.285392642021179199e+00 1.177550315856933594e+00 1.070888280868530273e+00 0.000000000000000000e+00
2.080279588699340820e+00 8.002033233642578125e-01 8.322428464889526367e-01 7.943117618560791016e-01 0.000000000000000000e+00
1.484738111495971680e+00 1.090584993362426758e+00 7.900843620300292969e-01 5.720177888870239258e-01 0.000000000000000000e+00
2.286885738372802734e+00 1.043244838714599609e+00 9.565623998641967773e-01 9.911016225814819336e-01 0.000000000000000000e+00
6.550212860107421875e+00 1.615275979042053223e+00 1.123410582542419434e+00 9.479495286941528320e-01 0.000000000000000000e+00
1.643557548522949219e+00 1.066212058067321777e+00 6.450983881950378418e-01 6.752884984016418457e-01 0.000000000000000000e+00
1.762038946151733398e+00 1.282279014587402344e+00 1.004688501358032227e+00 8.984557390213012695e-01 0.000000000000000000e+00
4.104918241500854492e-02 4.555801153182983398e-01 8.550369739532470703e-01 9.601724147796630859e-01 0.000000000000000000e+00
2.957273721694946289e-01 8.071875572204589844e-02 3.983952403068542480e-01 6.880196928977966309e-01 0.000000000000000000e+00
4.015333652496337891e-01 4.853498935699462891e-02 2.295406460762023926e-01 3.651543855667114258e-01 0.000000000000000000e+00
-4.329508543014526367e-01 3.602883815765380859e-01 5.998461842536926270e-01 7.910279035568237305e-01 0.000000000000000000e+00
1.642266809940338135e-01 7.740280628204345703e-01 4.207482933998107910e-01 6.072300672531127930e-01 0.000000000000000000e+00
1.141987085342407227e+00 5.083826780319213867e-01 1.553912162780761719e-01 4.514467716217041016e-02 0.000000000000000000e+00
-7.053503990173339844e-01 3.944846153259277344e+00 5.770231246948242188e+00 9.211558103561401367e-01 0.000000000000000000e+00
8.920085430145263672e-01 1.061696410179138184e+00 1.103329420089721680e+00 9.345075488090515137e-01 0.000000000000000000e+00
4.911103248596191406e-01 1.305676937103271484e+00 1.337090849876403809e+00 1.016386389732360840e+00 0.000000000000000000e+00
8.136554360389709473e-01 1.188578724861145020e+00 1.237807631492614746e+00 8.968322277069091797e-01 0.000000000000000000e+00
8.130045533180236816e-01 6.893278360366821289e-01 1.070035576820373535e+00 1.343466877937316895e+00 0.000000000000000000e+00
9.295692443847656250e-01 6.558327078819274902e-01 8.900057077407836914e-01 2.174545526504516602e-01 0.000000000000000000e+00
4.938296675682067871e-01 1.001235008239746094e+00 8.952846527099609375e-01 8.499560356140136719e-01 0.000000000000000000e+00
1.197521090507507324e+00 1.062090635299682617e+00 2.830516099929809570e-01 5.735809803009033203e-01 0.000000000000000000e+00
1.288387179374694824e-01 3.765918016433715820e-01 9.156852364540100098e-01 8.930474519729614258e-01 0.000000000000000000e+00
1.252620220184326172e-01 4.147039651870727539e-01 9.505631923675537109e-01 9.112923145294189453e-01 0.000000000000000000e+00
1.344493627548217773e-01 4.093675613403320312e-01 9.308485984802246094e-01 9.046099781990051270e-01 0.000000000000000000e+00
1.114224195480346680e-01 4.260090589523315430e-01 9.716367125511169434e-01 9.146041870117187500e-01 0.000000000000000000e+00
1.400277018547058105e-01 4.634804725646972656e-01 9.905054569244384766e-01 9.096729159355163574e-01 0.000000000000000000e+00
1.352441310882568359e-01 4.459178447723388672e-01 9.595395326614379883e-01 9.263098239898681641e-01 0.000000000000000000e+00
1.211165785789489746e-01 4.181342124938964844e-01 9.556956291198730469e-01 9.298156499862670898e-01 0.000000000000000000e+00
6.226331710815429688e+00 5.264707565307617188e+00 5.809630751609802246e-01 6.116750240325927734e-01 0.000000000000000000e+00
3.847382783889770508e+00 6.413486003875732422e+00 5.671422481536865234e-01 9.895488023757934570e-01 0.000000000000000000e+00
1.310024023056030273e+00 9.308389425277709961e-01 7.103015780448913574e-01 7.075005769729614258e-01 0.000000000000000000e+00
3.166172504425048828e-01 6.259993314743041992e-01 8.893638253211975098e-01 5.296552181243896484e-01 0.000000000000000000e+00
3.196911811828613281e-01 5.749329924583435059e-01 5.900948047637939453e-01 1.076900959014892578e+00 0.000000000000000000e+00
-2.075204849243164062e-01 1.695049405097961426e-01 5.907418727874755859e-01 3.668892383575439453e-01 0.000000000000000000e+00
-1.713380813598632812e-01 -1.196767687797546387e-01 3.554810285568237305e-01 5.163723230361938477e-01 0.000000000000000000e+00
-1.734799146652221680e-02 -1.285082101821899414e-01 3.362521529197692871e-01 1.145212292671203613e+00 1.000000000000000000e+00
5.272661685943603516e+00 2.793598890304565430e+00 9.676694869995117188e-01 9.175326824188232422e-01 2.000000000000000000e+00
-1.734799146652221680e-02 -1.285082101821899414e-01 3.362521529197692871e-01 1.145212292671203613e+00 1.000000000000000000e+00
5.272661685943603516e+00 2.793598890304565430e+00 9.676694869995117188e-01 9.175326824188232422e-01 2.000000000000000000e+00
-1.734799146652221680e-02 -1.285082101821899414e-01 3.362521529197692871e-01 1.145212292671203613e+00 1.000000000000000000e+00
5.272661685943603516e+00 2.793598890304565430e+00 9.676694869995117188e-01 9.175326824188232422e-01 2.000000000000000000e+00
-1.734799146652221680e-02 -1.285082101821899414e-01 3.362521529197692871e-01 1.145212292671203613e+00 1.000000000000000000e+00
5.272661685943603516e+00 2.793598890304565430e+00 9.676694869995117188e-01 9.175326824188232422e-01 2.000000000000000000e+00
-1.734799146652221680e-02 -1.285082101821899414e-01 3.362521529197692871e-01 1.145212292671203613e+00 1.000000000000000000e+00
5.272661685943603516e+00 2.793598890304565430e+00 9.676694869995117188e-01 9.175326824188232422e-01 2.000000000000000000e+00
-1.734799146652221680e-02 -1.285082101821899414e-01 3.362521529197692871e-01 1.145212292671203613e+00 1.000000000000000000e+00
5.272661685943603516e+00 2.793598890304565430e+00 9.676694869995117188e-01 9.175326824188232422e-01 2.000000000000000000e+00
-1.734799146652221680e-02 -1.285082101821899414e-01 3.362521529197692871e-01 1.145212292671203613e+00 1.000000000000000000e+00
5.272661685943603516e+00 2.793598890304565430e+00 9.676694869995117188e-01 9.175326824188232422e-01 2.000000000000000000e+00
-1.734799146652221680e-02 -1.285082101821899414e-01 3.362521529197692871e-01 1.145212292671203613e+00 1.000000000000000000e+00
5.272661685943603516e+00 2.793598890304565430e+00 9.676694869995117188e-01 9.175326824188232422e-01 2.000000000000000000e+00
-1.734799146652221680e-02 -1.285082101821899414e-01 3.362521529197692871e-01 1.145212292671203613e+00 1.000000000000000000e+00
5.272661685943603516e+00 2.793598890304565430e+00 9.676694869995117188e-01 9.175326824188232422e-01 2.000000000000000000e+00
-1.734799146652221680e-02 -1.285082101821899414e-01 3.362521529197692871e-01 1.145212292671203613e+00 1.000000000000000000e+00
5.272661685943603516e+00 2.793598890304565430e+00 9.676694869995117188e-01 9.175326824188232422e-01 2.000000000000000000e+00
7.361025810241699219e-01 2.684903144836425781e-01 5.113412737846374512e-01 3.982503414154052734e-01 0.000000000000000000e+00
7.987203001976013184e-01 4.695373773574829102e-01 3.911907672882080078e-01 4.255579710006713867e-01 0.000000000000000000e+00
7.208138108253479004e-01 6.048472523689270020e-01 5.293039083480834961e-01 4.757747650146484375e-01 0.000000000000000000e+00
8.860437273979187012e-01 5.267302989959716797e-01 6.282243728637695312e-01 5.118051171302795410e-01 0.000000000000000000e+00
7.878861427307128906e-01 5.724700689315795898e-01 5.785356760025024414e-01 6.226017475128173828e-01 0.000000000000000000e+00
7.033950090408325195e-01 4.805954098701477051e-01 4.985481500625610352e-01 4.978933334350585938e-01 0.000000000000000000e+00
6.215562820434570312e-01 5.545169115066528320e-01 2.211163043975830078e-01 4.032155275344848633e-01 0.000000000000000000e+00
8.038213849067687988e-01 6.811813116073608398e-01 5.176340341567993164e-01 4.486715197563171387e-01 0.000000000000000000e+00
8.429138660430908203e-01 3.933494091033935547e-01 6.944907903671264648e-01 4.103640317916870117e-01 0.000000000000000000e+00
7.199288010597229004e-01 6.529822349548339844e-01 5.366078615188598633e-01 4.224227666854858398e-01 0.000000000000000000e+00
2.449859619140625000e+00 1.189872980117797852e+00 3.812274932861328125e-01 3.632314205169677734e-01 0.000000000000000000e+00
-1.407432675361633301e+00 2.066955804824829102e+00 1.520900130271911621e+00 1.250290513038635254e+00 0.000000000000000000e+00
1.615650177001953125e+00 5.027774572372436523e-01 -1.665238380432128906e+00 2.273140668869018555e+00 0.000000000000000000e+00
-5.806151628494262695e-01 -5.345846414566040039e-01 -4.551372528076171875e-01 -3.780348300933837891e-01 0.000000000000000000e+00
5.549544095993041992e-01 2.765987515449523926e-01 1.539827585220336914e-01 2.716482877731323242e-01 0.000000000000000000e+00
4.618057012557983398e-01 3.215533494949340820e-01 1.083620786666870117e-01 4.454183578491210938e-01 0.000000000000000000e+00
4.856827259063720703e-01 3.162501454353332520e-01 2.580629587173461914e-01 5.589170455932617188e-01 0.000000000000000000e+00
3.932495117187500000e-01 4.254841804504394531e-02 3.695552349090576172e-01 4.908971786499023438e-01 0.000000000000000000e+00
4.482042789459228516e-01 1.087930202484130859e-01 2.975854873657226562e-01 4.261862635612487793e-01 0.000000000000000000e+00
6.439297199249267578e-01 3.505107164382934570e-01 2.442674636840820312e-01 2.962875366210937500e-01 0.000000000000000000e+00
5.125066041946411133e-01 1.876688003540039062e-01 4.283748865127563477e-01 3.949871063232421875e-01 0.000000000000000000e+00
3.104546308517456055e+00 6.553975939750671387e-01 8.646205067634582520e-01 6.824380159378051758e-01 0.000000000000000000e+00
9.187207818031311035e-01 8.375089168548583984e-01 8.475445508956909180e-01 7.626515030860900879e-01 0.000000000000000000e+00
7.420649528503417969e-01 1.003326654434204102e+00 9.050742387771606445e-01 9.259722828865051270e-01 0.000000000000000000e+00
8.183364868164062500e-01 9.544873237609863281e-01 1.013840675354003906e+00 7.957283258438110352e-01 0.000000000000000000e+00
6.819432973861694336e-01 8.312768340110778809e-01 1.065366983413696289e+00 8.864794969558715820e-01 0.000000000000000000e+00
2.671349048614501953e-02 8.834359645843505859e-01 6.716830134391784668e-01 8.967418074607849121e-01 0.000000000000000000e+00
1.573967814445495605e+00 1.459371447563171387e-01 4.894705414772033691e-01 8.004372119903564453e-01 0.000000000000000000e+00
-8.536971807479858398e-01 -9.662230014801025391e-01 9.239994883537292480e-01 4.016386985778808594e+00 0.000000000000000000e+00
1.150494098663330078e+00 9.165065884590148926e-01 2.556680440902709961e-01 9.152358770370483398e-01 0.000000000000000000e+00
7.907952666282653809e-01 5.788743495941162109e-01 6.422808170318603516e-01 4.569225311279296875e-01 0.000000000000000000e+00
6.045814752578735352e-01 5.172846317291259766e-01 7.826840877532958984e-01 9.772840738296508789e-01 0.000000000000000000e+00
5.931575298309326172e-01 5.018494725227355957e-01 7.611855268478393555e-01 6.781190633773803711e-01 0.000000000000000000e+00
5.156776905059814453e-01 3.454660177230834961e-01 9.276987314224243164e-01 6.635994911193847656e-01 0.000000000000000000e+00
5.433213114738464355e-01 5.138896703720092773e-01 8.123515248298645020e-01 6.825654506683349609e-01 0.000000000000000000e+00
-1.800205409526824951e-01 -4.290015995502471924e-01 5.861736536026000977e-01 2.547654867172241211e+00 1.000000000000000000e+00
-1.021282672882080078e-01 1.636094093322753906e+00 1.214614510536193848e+00 1.362542271614074707e+00 2.000000000000000000e+00
-1.800205409526824951e-01 -4.290015995502471924e-01 5.861736536026000977e-01 2.547654867172241211e+00 1.000000000000000000e+00
-1.021282672882080078e-01 1.636094093322753906e+00 1.214614510536193848e+00 1.362542271614074707e+00 2.000000000000000000e+00
-1.800205409526824951e-01 -4.290015995502471924e-01 5.861736536026000977e-01 2.547654867172241211e+00 1.000000000000000000e+00
-1.021282672882080078e-01 1.636094093322753906e+00 1.214614510536193848e+00 1.362542271614074707e+00 2.000000000000000000e+00
-1.800205409526824951e-01 -4.290015995502471924e-01 5.861736536026000977e-01 2.547654867172241211e+00 1.000000000000000000e+00
-1.021282672882080078e-01 1.636094093322753906e+00 1.214614510536193848e+00 1.362542271614074707e+00 2.000000000000000000e+00
-1.800205409526824951e-01 -4.290015995502471924e-01 5.861736536026000977e-01 2.547654867172241211e+00 1.000000000000000000e+00
-1.021282672882080078e-01 1.636094093322753906e+00 1.214614510536193848e+00 1.362542271614074707e+00 2.000000000000000000e+00
-1.800205409526824951e-01 -4.290015995502471924e-01 5.861736536026000977e-01 2.547654867172241211e+00 1.000000000000000000e+00
-1.021282672882080078e-01 1.636094093322753906e+00 1.214614510536193848e+00 1.362542271614074707e+00 2.000000000000000000e+00
-1.800205409526824951e-01 -4.290015995502471924e-01 5.861736536026000977e-01 2.547654867172241211e+00 1.000000000000000000e+00
-1.021282672882080078e-01 1.636094093322753906e+00 1.214614510536193848e+00 1.362542271614074707e+00 2.000000000000000000e+00
-1.800205409526824951e-01 -4.290015995502471924e-01 5.861736536026000977e-01 2.547654867172241211e+00 1.000000000000000000e+00
-1.021282672882080078e-01 1.636094093322753906e+00 1.214614510536193848e+00 1.362542271614074707e+00 2.000000000000000000e+00
-1.800205409526824951e-01 -4.290015995502471924e-01 5.861736536026000977e-01 2.547654867172241211e+00 1.000000000000000000e+00
-1.021282672882080078e-01 1.636094093322753906e+00 1.214614510536193848e+00 1.362542271614074707e+00 2.000000000000000000e+00
-1.800205409526824951e-01 -4.290015995502471924e-01 5.861736536026000977e-01 2.547654867172241211e+00 1.000000000000000000e+00
-1.021282672882080078e-01 1.636094093322753906e+00 1.214614510536193848e+00 1.362542271614074707e+00 2.000000000000000000e+00
1.163424253463745117e-01 7.309925556182861328e-01 7.469082474708557129e-01 9.913462996482849121e-01 0.000000000000000000e+00
1.767044067382812500e-01 3.107293248176574707e-01 9.216686487197875977e-01 9.115171432495117188e-01 0.000000000000000000e+00
-1.390392184257507324e-01 1.542881727218627930e-01 3.228299021720886230e-01 5.819137096405029297e-01 0.000000000000000000e+00
8.964102268218994141e-01 9.834662079811096191e-01 4.927807450294494629e-01 5.768011808395385742e-01 0.000000000000000000e+00
1.663442134857177734e+00 9.112517237663269043e-01 8.182606697082519531e-01 1.097311496734619141e+00 0.000000000000000000e+00
6.852509975433349609e-01 2.769036293029785156e-01 1.336323022842407227e-01 9.761164188385009766e-01 0.000000000000000000e+00
-5.842856168746948242e-01 6.634384393692016602e-01 1.049193859100341797e+01 1.208666920661926270e+00 0.000000000000000000e+00
-1.698112487792968750e-01 6.914309263229370117e-01 1.361722946166992188e+00 9.398127794265747070e-01 0.000000000000000000e+00
4.572719097137451172e+00 6.417741775512695312e-01 -4.036656022071838379e-02 1.208306312561035156e+00 0.000000000000000000e+00
-1.554286360740661621e+00 -2.766909837722778320e+00 -1.686395883560180664e+00 -2.847529053688049316e-01 0.000000000000000000e+00
1.553182244300842285e+00 3.149813413619995117e-01 7.047704458236694336e-01 -6.826418638229370117e-02 0.000000000000000000e+00
7.024049758911132812e-02 4.149836301803588867e-01 6.711786985397338867e-01 5.807002782821655273e-01 0.000000000000000000e+00
6.853717565536499023e-01 2.778019905090332031e-01 1.936058402061462402e-01 5.172302722930908203e-01 1.000000000000000000e+00
5.414637923240661621e-01 2.316200733184814453e-01 3.111952543258666992e-01 2.809039354324340820e-01 2.000000000000000000e+00
6.853717565536499023e-01 2.778019905090332031e-01 1.936058402061462402e-01 5.172302722930908203e-01 1.000000000000000000e+00
5.414637923240661621e-01 2.316200733184814453e-01 3.111952543258666992e-01 2.809039354324340820e-01 2.000000000000000000e+00
6.853717565536499023e-01 2.778019905090332031e-01 1.936058402061462402e-01 5.172302722930908203e-01 1.000000000000000000e+00
5.414637923240661621e-01 2.316200733184814453e-01 3.111952543258666992e-01 2.809039354324340820e-01 2.000000000000000000e+00
6.853717565536499023e-01 2.778019905090332031e-01 1.936058402061462402e-01 5.172302722930908203e-01 1.000000000000000000e+00
5.414637923240661621e-01 2.316200733184814453e-01 3.111952543258666992e-01 2.809039354324340820e-01 2.000000000000000000e+00
6.853717565536499023e-01 2.778019905090332031e-01 1.936058402061462402e-01 5.172302722930908203e-01 1.000000000000000000e+00
5.414637923240661621e-01 2.316200733184814453e-01 3.111952543258666992e-01 2.809039354324340820e-01 2.000000000000000000e+00
6.853717565536499023e-01 2.778019905090332031e-01 1.936058402061462402e-01 5.172302722930908203e-01 1.000000000000000000e+00
5.414637923240661621e-01 2.316200733184814453e-01 3.111952543258666992e-01 2.809039354324340820e-01 2.000000000000000000e+00
6.853717565536499023e-01 2.778019905090332031e-01 1.936058402061462402e-01 5.172302722930908203e-01 1.000000000000000000e+00
5.414637923240661621e-01 2.316200733184814453e-01 3.111952543258666992e-01 2.809039354324340820e-01 2.000000000000000000e+00
6.853717565536499023e-01 2.778019905090332031e-01 1.936058402061462402e-01 5.172302722930908203e-01 1.000000000000000000e+00
5.414637923240661621e-01 2.316200733184814453e-01 3.111952543258666992e-01 2.809039354324340820e-01 2.000000000000000000e+00
6.853717565536499023e-01 2.778019905090332031e-01 1.936058402061462402e-01 5.172302722930908203e-01 1.000000000000000000e+00
5.414637923240661621e-01 2.316200733184814453e-01 3.111952543258666992e-01 2.809039354324340820e-01 2.000000000000000000e+00
6.853717565536499023e-01 2.778019905090332031e-01 1.936058402061462402e-01 5.172302722930908203e-01 1.000000000000000000e+00
5.414637923240661621e-01 2.316200733184814453e-01 3.111952543258666992e-01 2.809039354324340820e-01 2.000000000000000000e+00
-8.044691085815429688e-01 -6.151857376098632812e-01 -5.444666743278503418e-01 -5.567687749862670898e-01 0.000000000000000000e+00
-5.565537452697753906e+00 -9.557618498802185059e-01 -6.470516324043273926e-01 -5.203288793563842773e-01 0.000000000000000000e+00
4.804370403289794922e+00 9.274813532829284668e-01 1.017986536026000977e+00 4.443256258964538574e-01 0.000000000000000000e+00
6.306824088096618652e-01 3.801900744438171387e-01 3.122404813766479492e-01 6.660927534103393555e-01 0.000000000000000000e+00
5.432325601577758789e-01 -1.469862461090087891e-01 2.873992919921875000e-01 5.576381683349609375e-01 0.000000000000000000e+00
-6.596831083297729492e-01 -7.584123611450195312e-01 -7.126692533493041992e-01 -7.815618515014648438e-01 1.000000000000000000e+00
-4.589495658874511719e-01 -5.362260937690734863e-01 -5.866354703903198242e-01 -5.624874830245971680e-01 2.000000000000000000e+00
-6.596831083297729492e-01 -7.584123611450195312e-01 -7.126692533493041992e-01 -7.815618515014648438e-01 1.000000000000000000e+00
-4.589495658874511719e-01 -5.362260937690734863e-01 -5.866354703903198242e-01 -5.624874830245971680e-01 2.000000000000000000e+00
-6.596831083297729492e-01 -7.584123611450195312e-01 -7.126692533493041992e-01 -7.815618515014648438e-01 1.000000000000000000e+00
-4.589495658874511719e-01 -5.362260937690734863e-01 -5.866354703903198242e-01 -5.624874830245971680e-01 2.000000000000000000e+00
-6.596831083297729492e-01 -7.584123611450195312e-01 -7.126692533493041992e-01 -7.815618515014648438e-01 1.000000000000000000e+00
-4.589495658874511719e-01 -5.362260937690734863e-01 -5.866354703903198242e-01 -5.624874830245971680e-01 2.000000000000000000e+00
-6.596831083297729492e-01 -7.584123611450195312e-01 -7.126692533493041992e-01 -7.815618515014648438e-01 1.000000000000000000e+00
-4.589495658874511719e-01 -5.362260937690734863e-01 -5.866354703903198242e-01 -5.624874830245971680e-01 2.000000000000000000e+00
-6.596831083297729492e-01 -7.584123611450195312e-01 -7.126692533493041992e-01 -7.815618515014648438e-01 1.000000000000000000e+00
-4.589495658874511719e-01 -5.362260937690734863e-01 -5.866354703903198242e-01 -5.624874830245971680e-01 2.000000000000000000e+00
-6.596831083297729492e-01 -7.584123611450195312e-01 -7.126692533493041992e-01 -7.815618515014648438e-01 1.000000000000000000e+00
-4.589495658874511719e-01 -5.362260937690734863e-01 -5.866354703903198242e-01 -5.624874830245971680e-01 2.000000000000000000e+00
-6.596831083297729492e-01 -7.584123611450195312e-01 -7.126692533493041992e-01 -7.815618515014648438e-01 1.000000000000000000e+00
-4.589495658874511719e-01 -5.362260937690734863e-01 -5.866354703903198242e-01 -5.624874830245971680e-01 2.000000000000000000e+00
-6.596831083297729492e-01 -7.584123611450195312e-01 -7.126692533493041992e-01 -7.815618515014648438e-01 1.000000000000000000e+00
-4.589495658874511719e-01 -5.362260937690734863e-01 -5.866354703903198242e-01 -5.624874830245971680e-01 2.000000000000000000e+00
-6.596831083297729492e-01 -7.584123611450195312e-01 -7.126692533493041992e-01 -7.815618515014648438e-01 1.000000000000000000e+00
-4.589495658874511719e-01 -5.362260937690734863e-01 -5.866354703903198242e-01 -5.624874830245971680e-01 2.000000000000000000e+00
9.761049151420593262e-01 6.271609067916870117e-01 4.897273778915405273e-01 4.166977405548095703e-01 0.000000000000000000e+00
4.419077038764953613e-01 2.460583209991455078e+00 2.096868515014648438e+00 -8.316698670387268066e-01 0.000000000000000000e+00
-1.022275328636169434e+00 -1.822468161582946777e+00 -8.302832841873168945e-01 -5.849153995513916016e-01 0.000000000000000000e+00
-4.118824005126953125e-02 1.654048919677734375e+00 6.228238344192504883e-03 2.305830419063568115e-01 0.000000000000000000e+00
-8.372960090637207031e-01 -1.546663641929626465e+00 1.098071038722991943e-01 -1.346083879470825195e+00 0.000000000000000000e+00
7.470009326934814453e-01 -1.415208816528320312e+00 -3.607357978820800781e+00 -1.802591919898986816e+00 0.000000000000000000e+00
1.051217794418334961e+00 5.562853813171386719e-01 8.360722064971923828e-01 3.265322446823120117e-01 0.000000000000000000e+00
9.068609476089477539e-01 5.612561106681823730e-01 6.199581623077392578e-01 5.345978140830993652e-01 0.000000000000000000e+00
5.584131479263305664e-01 2.211334705352783203e-01 2.057958841323852539e-01 4.639088511466979980e-01 0.000000000000000000e+00
7.441513538360595703e-01 6.426974534988403320e-01 3.101294636726379395e-01 4.188215136528015137e-01 0.000000000000000000e+00
2.275304794311523438e+00 3.774145841598510742e-01 1.317563056945800781e-01 6.911749839782714844e-01 0.000000000000000000e+00
2.028640508651733398e+00 3.160155057907104492e+00 -2.647889256477355957e-01 -1.274869441986083984e+00 0.000000000000000000e+00
-1.569433331489562988e+00 -1.299542188644409180e+00 -5.467203259468078613e-01 -4.483266472816467285e-01 0.000000000000000000e+00
7.404111027717590332e-01 4.809690713882446289e-01 1.711925268173217773e-01 2.961146831512451172e-01 0.000000000000000000e+00
6.734730601310729980e-01 3.501197099685668945e-01 3.896827697753906250e-01 2.366954088211059570e-01 0.000000000000000000e+00
9.009719491004943848e-01 4.389046430587768555e-01 5.962426066398620605e-01 4.749149084091186523e-01 0.000000000000000000e+00
5.791456103324890137e-01 1.089674234390258789e-01 2.785803079605102539e-01 3.424146771430969238e-01 0.000000000000000000e+00
3.537955880165100098e-01 1.016151905059814453e-02 2.990289330482482910e-01 3.395259380340576172e-01 0.000000000000000000e+00
2.153073549270629883e-01 -3.412318229675292969e-02 5.585252046585083008e-01 4.102193117141723633e-01 0.000000000000000000e+00
1.630709171295166016e-01 3.923916816711425781e-01 3.661153316497802734e-01 6.670807003974914551e-01 0.000000000000000000e+00
1.100739121437072754e+00 8.323339819908142090e-01 5.975599288940429688e-01 6.114971637725830078e-01 0.000000000000000000e+00
-2.286424487829208374e-01 -1.243834495544433594e+00 -1.848882675170898438e+00 -2.749254703521728516e-01 0.000000000000000000e+00
1.076561212539672852e+00 -2.048456668853759766e-02 6.048953533172607422e-02 -6.222054958343505859e-01 0.000000000000000000e+00
6.008283495903015137e-01 5.310750007629394531e-01 4.787362813949584961e-01 1.913661956787109375e-01 0.000000000000000000e+00
6.144121885299682617e-01 2.963926196098327637e-01 4.870978593826293945e-01 3.879093527793884277e-01 0.000000000000000000e+00
7.302516102790832520e-01 4.646022319793701172e-01 3.827112317085266113e-01 3.089923858642578125e-01 0.000000000000000000e+00
6.671897768974304199e-01 3.723002672195434570e-01 4.084526300430297852e-01 4.073908329010009766e-01 0.000000000000000000e+00
6.788641214370727539e-01 3.091866970062255859e-01 2.644755840301513672e-01 4.571880102157592773e-01 0.000000000000000000e+00
5.588352680206298828e-02 4.391866207122802734e+00 4.820921897888183594e+00 1.765346050262451172e+00 0.000000000000000000e+00
-7.658154368400573730e-01 -5.349006056785583496e-01 -5.545116066932678223e-01 -3.861946463584899902e-01 0.000000000000000000e+00
-5.312047004699707031e-01 1.176517367362976074e+00 8.086737394332885742e-01 -1.354165792465209961e+00 0.000000000000000000e+00
4.772098064422607422e+00 2.314190626144409180e+00 6.861624717712402344e-01 2.242300271987915039e+00 0.000000000000000000e+00
2.827947735786437988e-01 9.503994584083557129e-01 1.466167569160461426e-01 4.728323221206665039e-01 0.000000000000000000e+00
5.169055461883544922e-01 3.239289522171020508e-01 3.875232338905334473e-01 4.086960554122924805e-01 0.000000000000000000e+00
7.407982349395751953e-01 7.773277759552001953e-01 6.435973644256591797e-01 1.393480300903320312e-01 0.000000000000000000e+00
-4.887741804122924805e-01 -5.290906429290771484e-01 -5.011081695556640625e-01 -5.988547801971435547e-01 0.000000000000000000e+00
9.656277298927307129e-02 5.000542163848876953e+00 -4.518278121948242188e+00 -1.055327177047729492e+00 0.000000000000000000e+00
3.506344079971313477e+00 9.486511945724487305e-01 4.189163446426391602e-01 3.169995546340942383e-01 0.000000000000000000e+00
-2.023410797119140625e-01 4.863935708999633789e-01 4.317436218261718750e-01 1.035039663314819336e+00 0.000000000000000000e+00
-8.356839418411254883e-01 9.242309331893920898e-01 2.082566022872924805e-01 4.407635331153869629e-01 0.000000000000000000e+00
-1.108407974243164062e-03 9.659502506256103516e-01 7.966549992561340332e-01 5.243388414382934570e-01 0.000000000000000000e+00
-1.491025090217590332e-01 -3.996202349662780762e-01 -3.917278349399566650e-01 -6.539191007614135742e-01 1.000000000000000000e+00
-4.747017025947570801e-01 -3.197671771049499512e-01 -4.427112340927124023e-01 -2.806829810142517090e-01 2.000000000000000000e+00
-1.491025090217590332e-01 -3.996202349662780762e-01 -3.917278349399566650e-01 -6.539191007614135742e-01 1.000000000000000000e+00
-4.747017025947570801e-01 -3.197671771049499512e-01 -4.427112340927124023e-01 -2.806829810142517090e-01 2.000000000000000000e+00
-1.491025090217590332e-01 -3.996202349662780762e-01 -3.917278349399566650e-01 -6.539191007614135742e-01 1.000000000000000000e+00
-4.747017025947570801e-01 -3.197671771049499512e-01 -4.427112340927124023e-01 -2.806829810142517090e-01 2.000000000000000000e+00
-1.491025090217590332e-01 -3.996202349662780762e-01 -3.917278349399566650e-01 -6.539191007614135742e-01 1.000000000000000000e+00
-4.747017025947570801e-01 -3.197671771049499512e-01 -4.427112340927124023e-01 -2.806829810142517090e-01 2.000000000000000000e+00
-1.491025090217590332e-01 -3.996202349662780762e-01 -3.917278349399566650e-01 -6.539191007614135742e-01 1.000000000000000000e+00
-4.747017025947570801e-01 -3.197671771049499512e-01 -4.427112340927124023e-01 -2.806829810142517090e-01 2.000000000000000000e+00
-1.491025090217590332e-01 -3.996202349662780762e-01 -3.917278349399566650e-01 -6.539191007614135742e-01 1.000000000000000000e+00
-4.747017025947570801e-01 -3.197671771049499512e-01 -4.427112340927124023e-01 -2.806829810142517090e-01 2.000000000000000000e+00
-1.491025090217590332e-01 -3.996202349662780762e-01 -3.917278349399566650e-01 -6.539191007614135742e-01 1.000000000000000000e+00
-4.747017025947570801e-01 -3.197671771049499512e-01 -4.427112340927124023e-01 -2.806829810142517090e-01 2.000000000000000000e+00
-1.491025090217590332e-01 -3.996202349662780762e-01 -3.917278349399566650e-01 -6.539191007614135742e-01 1.000000000000000000e+00
-4.747017025947570801e-01 -3.197671771049499512e-01 -4.427112340927124023e-01 -2.806829810142517090e-01 2.000000000000000000e+00
-1.491025090217590332e-01 -3.996202349662780762e-01 -3.917278349399566650e-01 -6.539191007614135742e-01 1.000000000000000000e+00
-4.747017025947570801e-01 -3.197671771049499512e-01 -4.427112340927124023e-01 -2.806829810142517090e-01 2.000000000000000000e+00
-1.491025090217590332e-01 -3.996202349662780762e-01 -3.917278349399566650e-01 -6.539191007614135742e-01 1.000000000000000000e+00
-4.747017025947570801e-01 -3.197671771049499512e-01 -4.427112340927124023e-01 -2.806829810142517090e-01 2.000000000000000000e+00
5.292924642562866211e-01 5.404272079467773438e-01 -4.477298259735107422e-02 6.911336183547973633e-01 0.000000000000000000e+00
5.623526573181152344e-01 4.818409681320190430e-01 5.270478725433349609e-01 4.651185274124145508e-01 0.000000000000000000e+00
8.638666868209838867e-01 5.140100717544555664e-01 3.340404033660888672e-01 6.264260411262512207e-01 0.000000000000000000e+00
4.603211879730224609e-01 1.557429730892181396e-01 6.294503211975097656e-01 6.206504702568054199e-01 0.000000000000000000e+00
8.631526827812194824e-01 1.650146126747131348e+00 1.880093216896057129e-01 -1.562433481216430664e+00 0.000000000000000000e+00
7.306465506553649902e-01 4.109974503517150879e-01 2.197710275650024414e-01 1.000225543975830078e-01 0.000000000000000000e+00
1.324495673179626465e+00 2.759172916412353516e+00 3.027452468872070312e+00 1.156949996948242188e+00 0.000000000000000000e+00
7.441992759704589844e+00 1.541316509246826172e+00 1.067809820175170898e+00 7.468389272689819336e-01 0.000000000000000000e+00
2.872361421585083008e+00 1.641355037689208984e+00 -5.832443833351135254e-01 -1.912950277328491211e+00 0.000000000000000000e+00
1.393185615539550781e+00 1.511470079421997070e-01 6.963446140289306641e-01 2.949011325836181641e+00 0.000000000000000000e+00
-8.683964014053344727e-01 -7.225244641304016113e-01 -5.779554247856140137e-01 -5.969849228858947754e-01 0.000000000000000000e+00
-1.468537449836730957e+00 -1.068175196647644043e+00 -7.132936716079711914e-01 -5.334031581878662109e-01 0.000000000000000000e+00
5.522950887680053711e-01 -1.480294942855834961e+00 -1.179021835327148438e+00 -3.364115238189697266e+00 0.000000000000000000e+00
1.081038594245910645e+00 3.631410598754882812e-01 7.663512229919433594e-02 -4.873583316802978516e-01 0.000000000000000000e+00
8.456401824951171875e-01 5.732285976409912109e-01 5.901023745536804199e-01 4.933102130889892578e-01 0.000000000000000000e+00
8.001914024353027344e-01 7.306194305419921875e-01 5.819137096405029297e-01 3.941163420677185059e-01 0.000000000000000000e+00
1.275547742843627930e-01 1.787063479423522949e-01 5.357375741004943848e-01 4.017459154129028320e-01 0.000000000000000000e+00
1.385354995727539062e-02 1.809150576591491699e-01 7.830405235290527344e-01 6.205918788909912109e-01 0.000000000000000000e+00
8.368111848831176758e-01 8.278532624244689941e-01 7.362661361694335938e-01 5.197415947914123535e-01 0.000000000000000000e+00
-1.409750342369079590e+00 6.338430881500244141e+00 4.534166812896728516e+00 1.449017405509948730e+00 0.000000000000000000e+00
-6.185432672500610352e-01 -9.369492530822753906e-02 2.402842044830322266e-03 2.818400859832763672e-01 0.000000000000000000e+00
6.478508710861206055e-01 4.380716085433959961e-01 4.401757717132568359e-01 3.908767700195312500e-01 0.000000000000000000e+00
8.474720716476440430e-01 3.594533205032348633e-01 2.197394371032714844e-01 2.840833663940429688e-01 0.000000000000000000e+00
6.338973045349121094e-01 4.700334668159484863e-01 5.135864615440368652e-01 4.897907972335815430e-01 0.000000000000000000e+00
8.883309364318847656e-01 5.588380694389343262e-01 6.834094524383544922e-01 5.271489620208740234e-01 0.000000000000000000e+00
4.899562597274780273e-01 1.211003541946411133e+00 1.134946703910827637e+00 5.025842189788818359e-01 0.000000000000000000e+00
1.894062757492065430e-01 4.079099893569946289e-01 3.891271352767944336e-01 2.075529098510742188e-01 0.000000000000000000e+00
8.561693429946899414e-01 5.072872638702392578e-01 2.636432647705078125e-01 3.213294744491577148e-01 0.000000000000000000e+00
8.908963203430175781e-02 6.569401025772094727e-01 7.260950803756713867e-01 9.750705957412719727e-01 0.000000000000000000e+00
8.537685871124267578e-02 6.408468484878540039e-01 6.777868866920471191e-01 6.798111200332641602e-01 0.000000000000000000e+00
-6.664812564849853516e-03 5.241997241973876953e-01 8.641926050186157227e-01 9.662581682205200195e-01 0.000000000000000000e+00
-5.102497339248657227e-02 3.596735000610351562e-01 7.556282281875610352e-01 8.765819072723388672e-01 0.000000000000000000e+00
2.910622358322143555e-01 5.931389331817626953e-01 7.714042663574218750e-01 8.359081745147705078e-01 0.000000000000000000e+00
8.186520338058471680e-01 4.966876506805419922e-01 1.515947580337524414e+00 9.935320019721984863e-01 0.000000000000000000e+00
5.276299715042114258e-01 7.296212911605834961e-01 7.762298583984375000e-01 6.887845993041992188e-01 0.000000000000000000e+00
-2.559676170349121094e-01 5.898561477661132812e-01 5.467667579650878906e-01 7.400974035263061523e-01 0.000000000000000000e+00
-3.555043935775756836e-01 8.251562118530273438e-01 7.089979648590087891e-01 8.071937561035156250e-01 0.000000000000000000e+00
-2.861552834510803223e-01 7.621550559997558594e-01 8.097631931304931641e-01 7.854760289192199707e-01 0.000000000000000000e+00
-2.221090197563171387e-01 7.622319459915161133e-01 9.192267656326293945e-01 1.376719117164611816e+00 0.000000000000000000e+00
3.182494640350341797e-01 9.633393287658691406e-01 1.144608259201049805e+00 6.509945392608642578e-01 0.000000000000000000e+00
-7.741987705230712891e-03 7.062634825706481934e-01 1.262335181236267090e+00 1.151929140090942383e+00 0.000000000000000000e+00
7.699811458587646484e-02 6.823769807815551758e-01 8.913310766220092773e-01 9.181942939758300781e-01 0.000000000000000000e+00
1.313179731369018555e-01 3.344930410385131836e-01 6.620997786521911621e-01 3.931826949119567871e-01 1.000000000000000000e+00
-6.510926485061645508e-01 6.360268592834472656e-01 4.901551008224487305e-01 3.983902335166931152e-01 2.000000000000000000e+00
1.313179731369018555e-01 3.344930410385131836e-01 6.620997786521911621e-01 3.931826949119567871e-01 1.000000000000000000e+00
-6.510926485061645508e-01 6.360268592834472656e-01 4.901551008224487305e-01 3.983902335166931152e-01 2.000000000000000000e+00
1.313179731369018555e-01 3.344930410385131836e-01 6.620997786521911621e-01 3.931826949119567871e-01 1.000000000000000000e+00
-6.510926485061645508e-01 6.360268592834472656e-01 4.901551008224487305e-01 3.983902335166931152e-01 2.000000000000000000e+00
1.313179731369018555e-01 3.344930410385131836e-01 6.620997786521911621e-01 3.931826949119567871e-01 1.000000000000000000e+00
-6.510926485061645508e-01 6.360268592834472656e-01 4.901551008224487305e-01 3.983902335166931152e-01 2.000000000000000000e+00
1.313179731369018555e-01 3.344930410385131836e-01 6.620997786521911621e-01 3.931826949119567871e-01 1.000000000000000000e+00
-6.510926485061645508e-01 6.360268592834472656e-01 4.901551008224487305e-01 3.983902335166931152e-01 2.000000000000000000e+00
1.313179731369018555e-01 3.344930410385131836e-01 6.620997786521911621e-01 3.931826949119567871e-01 1.000000000000000000e+00
-6.510926485061645508e-01 6.360268592834472656e-01 4.901551008224487305e-01 3.983902335166931152e-01 2.000000000000000000e+00
1.313179731369018555e-01 3.344930410385131836e-01 6.620997786521911621e-01 3.931826949119567871e-01 1.000000000000000000e+00
-6.510926485061645508e-01 6.360268592834472656e-01 4.901551008224487305e-01 3.983902335166931152e-01 2.000000000000000000e+00
1.313179731369018555e-01 3.344930410385131836e-01 6.620997786521911621e-01 3.931826949119567871e-01 1.000000000000000000e+00
-6.510926485061645508e-01 6.360268592834472656e-01 4.901551008224487305e-01 3.983902335166931152e-01 2.000000000000000000e+00
1.313179731369018555e-01 3.344930410385131836e-01 6.620997786521911621e-01 3.931826949119567871e-01 1.000000000000000000e+00
-6.510926485061645508e-01 6.360268592834472656e-01 4.901551008224487305e-01 3.983902335166931152e-01 2.000000000000000000e+00
1.313179731369018555e-01 3.344930410385131836e-01 6.620997786521911621e-01 3.931826949119567871e-01 1.000000000000000000e+00
-6.510926485061645508e-01 6.360268592834472656e-01 4.901551008224487305e-01 3.983902335166931152e-01 2.000000000000000000e+00
4.893718957901000977e-01 5.287835001945495605e-01 9.613338112831115723e-01 5.364292263984680176e-01 0.000000000000000000e+00
3.104814887046813965e-01 8.484553098678588867e-01 1.134208679199218750e+00 1.284652590751647949e+00 0.000000000000000000e+00
1.207594990730285645e+00 1.331445097923278809e+00 1.265670537948608398e+00 1.120176076889038086e+00 0.000000000000000000e+00
1.197810888290405273e+00 1.218769907951354980e+00 1.130043387413024902e+00 1.062897920608520508e+00 0.000000000000000000e+00
2.600284576416015625e+00 2.729669809341430664e+00 3.971640825271606445e+00 1.746869206428527832e+00 0.000000000000000000e+00
-8.355156183242797852e-01 -9.004558920860290527e-01 -3.312063217163085938e-02 4.108070135116577148e-01 0.000000000000000000e+00
-1.012871265411376953e-01 -8.084112405776977539e-01 -7.950097322463989258e-01 -4.541053175926208496e-01 0.000000000000000000e+00
3.296377658843994141e-01 6.298938989639282227e-01 1.224704504013061523e+00 7.760127186775207520e-01 1.000000000000000000e+00
2.511339783668518066e-01 8.946429491043090820e-01 7.947294116020202637e-01 7.326634526252746582e-01 2.000000000000000000e+00
3.296377658843994141e-01 6.298938989639282227e-01 1.224704504013061523e+00 7.760127186775207520e-01 1.000000000000000000e+00
2.511339783668518066e-01 8.946429491043090820e-01 7.947294116020202637e-01 7.326634526252746582e-01 2.000000000000000000e+00
3.296377658843994141e-01 6.298938989639282227e-01 1.224704504013061523e+00 7.760127186775207520e-01 1.000000000000000000e+00
2.511339783668518066e-01 8.946429491043090820e-01 7.947294116020202637e-01 7.326634526252746582e-01 2.000000000000000000e+00
3.296377658843994141e-01 6.298938989639282227e-01 1.224704504013061523e+00 7.760127186775207520e-01 1.000000000000000000e+00
2.511339783668518066e-01 8.946429491043090820e-01 7.947294116020202637e-01 7.326634526252746582e-01 2.000000000000000000e+00
3.296377658843994141e-01 6.298938989639282227e-01 1.224704504013061523e+00 7.760127186775207520e-01 1.000000000000000000e+00
2.511339783668518066e-01 8.946429491043090820e-01 7.947294116020202637e-01 7.326634526252746582e-01 2.000000000000000000e+00
3.296377658843994141e-01 6.298938989639282227e-01 1.224704504013061523e+00 7.760127186775207520e-01 1.000000000000000000e+00
2.511339783668518066e-01 8.946429491043090820e-01 7.947294116020202637e-01 7.326634526252746582e-01 2.000000000000000000e+00
3.296377658843994141e-01 6.298938989639282227e-01 1.224704504013061523e+00 7.760127186775207520e-01 1.000000000000000000e+00
2.511339783668518066e-01 8.946429491043090820e-01 7.947294116020202637e-01 7.326634526252746582e-01 2.000000000000000000e+00
3.296377658843994141e-01 6.298938989639282227e-01 1.224704504013061523e+00 7.760127186775207520e-01 1.000000000000000000e+00
2.511339783668518066e-01 8.946429491043090820e-01 7.947294116020202637e-01 7.326634526252746582e-01 2.000000000000000000e+00
3.296377658843994141e-01 6.298938989639282227e-01 1.224704504013061523e+00 7.760127186775207520e-01 1.000000000000000000e+00
2.511339783668518066e-01 8.946429491043090820e-01 7.947294116020202637e-01 7.326634526252746582e-01 2.000000000000000000e+00
3.296377658843994141e-01 6.298938989639282227e-01 1.224704504013061523e+00 7.760127186775207520e-01 1.000000000000000000e+00
2.511339783668518066e-01 8.946429491043090820e-01 7.947294116020202637e-01 7.326634526252746582e-01 2.000000000000000000e+00
3.414596319198608398e-01 4.599360823631286621e-01 7.336151003837585449e-01 9.923394918441772461e-01 0.000000000000000000e+00
4.946087598800659180e-01 9.238718152046203613e-01 1.025189042091369629e+00 6.696120500564575195e-01 0.000000000000000000e+00
7.326103448867797852e-01 7.116717100143432617e-01 6.631150841712951660e-01 7.237442731857299805e-01 0.000000000000000000e+00
4.372385978698730469e+00 1.499666452407836914e+00 1.046346068382263184e+00 8.031076788902282715e-01 0.000000000000000000e+00
-6.274541616439819336e-01 -3.597272038459777832e-01 1.833635568618774414e-01 4.146441459655761719e+00 0.000000000000000000e+00
2.518657684326171875e+00 2.292736053466796875e+00 2.566097259521484375e+00 -7.695826292037963867e-01 0.000000000000000000e+00
7.588385045528411865e-02 6.872467994689941406e-01 -2.651880741119384766e+00 1.662473201751708984e+00 0.000000000000000000e+00
1.238684654235839844e+00 1.159410119056701660e+00 8.039503097534179688e-01 6.557812094688415527e-01 0.000000000000000000e+00
2.195615530014038086e+00 1.837931036949157715e+00 6.835289001464843750e-01 8.566961288452148438e-01 0.000000000000000000e+00
1.369996309280395508e+00 1.094254970550537109e+00 8.314926624298095703e-01 7.704903483390808105e-01 0.000000000000000000e+00
1.540391445159912109e+00 1.166430473327636719e+00 6.064734458923339844e-01 8.698257207870483398e-01 0.000000000000000000e+00
1.093666791915893555e+00 1.309838771820068359e+00 4.030518531799316406e-01 1.054358363151550293e+00 0.000000000000000000e+00
1.047453045845031738e+00 6.264804601669311523e-01 7.308833599090576172e-01 6.859647035598754883e-01 0.000000000000000000e+00
6.564173102378845215e-01 5.481690764427185059e-01 8.025181293487548828e-01 7.007612586021423340e-01 0.000000000000000000e+00
3.705268621444702148e+00 2.270945787429809570e+00 1.511330842971801758e+00 8.691685199737548828e-01 0.000000000000000000e+00
2.219388484954833984e-01 5.071299076080322266e-01 6.991522908210754395e-01 1.891934871673583984e-01 0.000000000000000000e+00
6.837964057922363281e-03 5.037821531295776367e-01 4.462504386901855469e-01 4.500797986984252930e-01 0.000000000000000000e+00
1.701036691665649414e-01 1.219856739044189453e-02 3.610938787460327148e-01 4.740351438522338867e-02 0.000000000000000000e+00
7.113301753997802734e-02 1.544339656829833984e-01 1.189407110214233398e-01 9.246855974197387695e-02 0.000000000000000000e+00
-2.324962615966796875e-02 1.513478755950927734e-01 7.414958477020263672e-01 5.793806314468383789e-01 0.000000000000000000e+00
-1.123303174972534180e-02 2.438356876373291016e-01 9.348071813583374023e-01 9.442889690399169922e-01 0.000000000000000000e+00
6.879848957061767578e+00 2.197461843490600586e+00 1.192299008369445801e+00 1.142371535301208496e+00 0.000000000000000000e+00
-5.186661481857299805e-01 6.141475677490234375e+00 1.631451964378356934e+00 9.772464036941528320e-01 0.000000000000000000e+00
9.431765079498291016e-01 5.001802444458007812e-01 4.053508639335632324e-01 1.413134336471557617e-01 0.000000000000000000e+00
6.618773937225341797e-02 5.534042716026306152e-01 8.045401573181152344e-01 6.577811241149902344e-01 0.000000000000000000e+00
7.736974954605102539e-02 2.682466506958007812e-01 5.879096984863281250e-01 6.239942312240600586e-01 0.000000000000000000e+00
2.514619827270507812e-01 5.731534361839294434e-01 7.420420050621032715e-01 6.504579782485961914e-01 0.000000000000000000e+00
2.721369266510009766e-02 3.413056731224060059e-01 6.934324502944946289e-01 7.731170654296875000e-01 0.000000000000000000e+00
2.326080799102783203e-01 6.376695632934570312e-02 4.197267293930053711e-01 4.905327558517456055e-01 0.000000000000000000e+00
6.703425049781799316e-01 9.875764250755310059e-01 9.304944276809692383e-01 3.796310424804687500e-01 0.000000000000000000e+00
-5.469143390655517578e-02 4.037046432495117188e-02 4.466215968132019043e-01 9.520223140716552734e-01 0.000000000000000000e+00
1.723589301109313965e-01 9.160705804824829102e-01 1.065072536468505859e+00 3.832832574844360352e-01 0.000000000000000000e+00
1.499126553535461426e+00 1.543383240699768066e+00 3.317305803298950195e+00 1.022768855094909668e+00 0.000000000000000000e+00
-2.239945888519287109e+00 6.145622730255126953e+00 1.655196905136108398e+00 8.118596076965332031e-01 0.000000000000000000e+00
1.219422101974487305e+00 7.774019241333007812e-01 1.829470396041870117e-01 9.132139086723327637e-01 0.000000000000000000e+00
-4.084862470626831055e-01 -2.596316933631896973e-01 6.059561967849731445e-01 6.315873861312866211e-01 0.000000000000000000e+00
2.393188476562500000e-01 2.601575851440429688e-01 9.898970127105712891e-01 6.357460618019104004e-01 0.000000000000000000e+00
9.879386425018310547e-02 3.932623863220214844e-01 9.840817451477050781e-01 9.070768356323242188e-01 0.000000000000000000e+00
4.382337331771850586e-01 6.673860549926757812e-02 4.431557655334472656e-01 7.514622211456298828e-01 0.000000000000000000e+00
-1.577201008796691895e+00 3.578638315200805664e+00 1.898582100868225098e+00 2.135485887527465820e+00 0.000000000000000000e+00
4.103198051452636719e-01 6.025898456573486328e-02 -1.158234238624572754e+00 -3.538120269775390625e+00 0.000000000000000000e+00
