8.494004607200622559e-01 8.283103704452514648e-01 7.946003675460815430e-01 7.361735701560974121e-01 6.908869743347167969e-01 0.000000000000000000e+00
7.255663871765136719e-01 7.003766894340515137e-01 6.822877526283264160e-01 6.262940764427185059e-01 5.973728299140930176e-01 0.000000000000000000e+00
5.646148324012756348e-01 6.157065629959106445e-01 5.696719884872436523e-01 5.708359479904174805e-01 5.508608818054199219e-01 0.000000000000000000e+00
6.488880515098571777e-01 6.186994314193725586e-01 5.702164173126220703e-01 5.525037050247192383e-01 5.273864269256591797e-01 0.000000000000000000e+00
4.098684191703796387e-01 6.573339700698852539e-01 7.204557657241821289e-01 6.981166601181030273e-01 6.451606154441833496e-01 0.000000000000000000e+00
1.047407090663909912e-01 1.670492142438888550e-01 1.826494373381137848e-02 -1.108045876026153564e-01 -1.756685078144073486e-01 0.000000000000000000e+00
7.583856582641601562e-01 6.805053353309631348e-01 7.607390284538269043e-01 7.267458438873291016e-01 5.125244259834289551e-01 0.000000000000000000e+00
7.442500591278076172e-01 6.827675104141235352e-01 6.660980582237243652e-01 5.948545932769775391e-01 5.718388557434082031e-01 0.000000000000000000e+00
8.508195877075195312e-01 7.992189526557922363e-01 7.402309179306030273e-01 6.943680047988891602e-01 6.504124402999877930e-01 0.000000000000000000e+00
8.518438339233398438e-01 7.986603379249572754e-01 7.427116632461547852e-01 6.940444111824035645e-01 6.398266553878784180e-01 0.000000000000000000e+00
8.524063229560852051e-01 8.225368857383728027e-01 7.560771703720092773e-01 6.898483037948608398e-01 6.385633945465087891e-01 0.000000000000000000e+00
8.512229323387145996e-01 8.115248680114746094e-01 7.481117844581604004e-01 6.809660196304321289e-01 6.160200834274291992e-01 0.000000000000000000e+00
8.455884456634521484e-01 7.881971597671508789e-01 7.148690223693847656e-01 6.583149433135986328e-01 5.944541692733764648e-01 0.000000000000000000e+00
8.308417797088623047e-01 7.670420408248901367e-01 6.767612695693969727e-01 6.494857072830200195e-01 5.860509872436523438e-01 0.000000000000000000e+00
5.274724364280700684e-01 5.448030233383178711e-01 5.330189466476440430e-01 5.193713307380676270e-01 5.235027074813842773e-01 0.000000000000000000e+00
2.921705245971679688e-01 5.814169645309448242e-01 5.888105630874633789e-01 5.569814443588256836e-01 5.307887792587280273e-01 0.000000000000000000e+00
2.101605832576751709e-01 5.941628217697143555e-01 6.099648475646972656e-01 6.281513571739196777e-01 5.724879503250122070e-01 0.000000000000000000e+00
-6.669378280639648438e-02 5.063960328698158264e-02 5.958511829376220703e-01 6.327563524246215820e-01 6.341925859451293945e-01 0.000000000000000000e+00
5.807712078094482422e-01 5.825721621513366699e-01 5.703648328781127930e-01 5.475953817367553711e-01 5.393131971359252930e-01 0.000000000000000000e+00
5.640124678611755371e-01 5.561423301696777344e-01 5.353345274925231934e-01 5.282542109489440918e-01 5.252331495285034180e-01 0.000000000000000000e+00
-2.139137834310531616e-01 -3.889862075448036194e-02 5.502896308898925781e-01 5.477348566055297852e-01 5.359213352203369141e-01 0.000000000000000000e+00
7.027280330657958984e-01 6.541782617568969727e-01 5.850622653961181641e-01 5.493983030319213867e-01 5.705456137657165527e-01 0.000000000000000000e+00
3.857472538948059082e-01 6.943969130516052246e-01 5.545895099639892578e-01 4.976548552513122559e-01 5.282999277114868164e-01 0.000000000000000000e+00
-4.115648567676544189e-01 -4.630660712718963623e-01 -2.833508253097534180e-01 -2.775751948356628418e-01 -3.059651255607604980e-01 0.000000000000000000e+00
-4.898032844066619873e-01 -2.967770695686340332e-01 -5.818449258804321289e-01 -5.945709347724914551e-01 -5.309641361236572266e-01 0.000000000000000000e+00
3.989315629005432129e-01 5.242450833320617676e-01 5.479199886322021484e-01 5.746119618415832520e-01 5.963014364242553711e-01 0.000000000000000000e+00
7.340395450592041016e-01 7.282762527465820312e-01 6.909329295158386230e-01 6.264369487762451172e-01 5.770773887634277344e-01 0.000000000000000000e+00
7.713011503219604492e-01 7.518715858459472656e-01 6.701909899711608887e-01 6.188673973083496094e-01 5.797911286354064941e-01 0.000000000000000000e+00
-8.978437185287475586e-01 -4.137184023857116699e-01 5.063095688819885254e-01 5.292844176292419434e-01 5.268362164497375488e-01 0.000000000000000000e+00
-7.169746160507202148e-01 -2.926538288593292236e-01 5.538222193717956543e-01 5.963658094406127930e-01 5.937955975532531738e-01 0.000000000000000000e+00
7.731857895851135254e-02 5.468125343322753906e-01 5.924734473228454590e-01 5.999251604080200195e-01 5.730845928192138672e-01 0.000000000000000000e+00
-3.522032201290130615e-01 4.665271937847137451e-01 5.699537396430969238e-01 5.987244248390197754e-01 6.042149066925048828e-01 0.000000000000000000e+00
-2.073776675388216972e-03 5.154401659965515137e-01 5.844876170158386230e-01 5.650539994239807129e-01 5.550035834312438965e-01 0.000000000000000000e+00
5.473896265029907227e-01 5.378243923187255859e-01 5.434830784797668457e-01 5.470459461212158203e-01 5.451391935348510742e-01 0.000000000000000000e+00
5.511381626129150391e-01 5.256661176681518555e-01 5.324493050575256348e-01 5.358135700225830078e-01 5.391465425491333008e-01 0.000000000000000000e+00
4.442074596881866455e-01 4.778771996498107910e-01 4.883919358253479004e-01 4.903771877288818359e-01 4.945128560066223145e-01 0.000000000000000000e+00
5.023617744445800781e-01 5.021972060203552246e-01 5.036803483963012695e-01 5.072430372238159180e-01 5.197933316230773926e-01 0.000000000000000000e+00
5.112336874008178711e-01 5.105148553848266602e-01 5.161902308464050293e-01 5.198642611503601074e-01 5.280681252479553223e-01 0.000000000000000000e+00
5.137960910797119141e-01 5.094941854476928711e-01 5.159457921981811523e-01 5.233542323112487793e-01 5.369911789894104004e-01 0.000000000000000000e+00
5.251926779747009277e-01 5.148351192474365234e-01 5.135980248451232910e-01 5.190383195877075195e-01 5.340800881385803223e-01 0.000000000000000000e+00
5.885339975357055664e-01 5.370221734046936035e-01 5.200403928756713867e-01 5.110040307044982910e-01 5.340277552604675293e-01 0.000000000000000000e+00
-3.571450412273406982e-01 4.653892815113067627e-01 5.676827430725097656e-01 5.319376587867736816e-01 5.079900026321411133e-01 0.000000000000000000e+00
-6.672188043594360352e-01 -7.255045175552368164e-01 -7.172826528549194336e-01 -7.658158540725708008e-01 -8.217762708663940430e-01 1.000000000000000000e+00
3.494102507829666138e-02 3.702094256877899170e-01 4.684146046638488770e-01 5.045834183692932129e-01 5.024910569190979004e-01 2.000000000000000000e+00
-6.672188043594360352e-01 -7.255045175552368164e-01 -7.172826528549194336e-01 -7.658158540725708008e-01 -8.217762708663940430e-01 1.000000000000000000e+00
3.494102507829666138e-02 3.702094256877899170e-01 4.684146046638488770e-01 5.045834183692932129e-01 5.024910569190979004e-01 2.000000000000000000e+00
-6.672188043594360352e-01 -7.255045175552368164e-01 -7.172826528549194336e-01 -7.658158540725708008e-01 -8.217762708663940430e-01 1.000000000000000000e+00
3.494102507829666138e-02 3.702094256877899170e-01 4.684146046638488770e-01 5.045834183692932129e-01 5.024910569190979004e-01 2.000000000000000000e+00
-6.672188043594360352e-01 -7.255045175552368164e-01 -7.172826528549194336e-01 -7.658158540725708008e-01 -8.217762708663940430e-01 1.000000000000000000e+00
3.494102507829666138e-02 3.702094256877899170e-01 4.684146046638488770e-01 5.045834183692932129e-01 5.024910569190979004e-01 2.000000000000000000e+00
-6.672188043594360352e-01 -7.255045175552368164e-01 -7.172826528549194336e-01 -7.658158540725708008e-01 -8.217762708663940430e-01 1.000000000000000000e+00
3.494102507829666138e-02 3.702094256877899170e-01 4.684146046638488770e-01 5.045834183692932129e-01 5.024910569190979004e-01 2.000000000000000000e+00
-6.672188043594360352e-01 -7.255045175552368164e-01 -7.172826528549194336e-01 -7.658158540725708008e-01 -8.217762708663940430e-01 1.000000000000000000e+00
3.494102507829666138e-02 3.702094256877899170e-01 4.684146046638488770e-01 5.045834183692932129e-01 5.024910569190979004e-01 2.000000000000000000e+00
-6.672188043594360352e-01 -7.255045175552368164e-01 -7.172826528549194336e-01 -7.658158540725708008e-01 -8.217762708663940430e-01 1.000000000000000000e+00
3.494102507829666138e-02 3.702094256877899170e-01 4.684146046638488770e-01 5.045834183692932129e-01 5.024910569190979004e-01 2.000000000000000000e+00
-6.672188043594360352e-01 -7.255045175552368164e-01 -7.172826528549194336e-01 -7.658158540725708008e-01 -8.217762708663940430e-01 1.000000000000000000e+00
3.494102507829666138e-02 3.702094256877899170e-01 4.684146046638488770e-01 5.045834183692932129e-01 5.024910569190979004e-01 2.000000000000000000e+00
-6.672188043594360352e-01 -7.255045175552368164e-01 -7.172826528549194336e-01 -7.658158540725708008e-01 -8.217762708663940430e-01 1.000000000000000000e+00
3.494102507829666138e-02 3.702094256877899170e-01 4.684146046638488770e-01 5.045834183692932129e-01 5.024910569190979004e-01 2.000000000000000000e+00
-6.672188043594360352e-01 -7.255045175552368164e-01 -7.172826528549194336e-01 -7.658158540725708008e-01 -8.217762708663940430e-01 1.000000000000000000e+00
3.494102507829666138e-02 3.702094256877899170e-01 4.684146046638488770e-01 5.045834183692932129e-01 5.024910569190979004e-01 2.000000000000000000e+00
5.466178059577941895e-01 5.071821808815002441e-01 5.100211501121520996e-01 5.139612555503845215e-01 5.313544273376464844e-01 0.000000000000000000e+00
5.420927405357360840e-01 4.963722527027130127e-01 5.058121085166931152e-01 5.097656250000000000e-01 5.490836501121520996e-01 0.000000000000000000e+00
5.625922679901123047e-01 5.201912522315979004e-01 5.321124196052551270e-01 5.306703448295593262e-01 5.215731263160705566e-01 0.000000000000000000e+00
5.612053871154785156e-01 5.235172510147094727e-01 5.325473546981811523e-01 5.235320329666137695e-01 5.350470542907714844e-01 0.000000000000000000e+00
5.611691474914550781e-01 5.275099277496337891e-01 5.486679077148437500e-01 5.527361631393432617e-01 5.339779853820800781e-01 0.000000000000000000e+00
5.607458949089050293e-01 5.191224217414855957e-01 5.297484993934631348e-01 5.255212187767028809e-01 5.350886583328247070e-01 0.000000000000000000e+00
5.486941933631896973e-01 5.452128052711486816e-01 5.348381400108337402e-01 5.376656055450439453e-01 5.255420804023742676e-01 0.000000000000000000e+00
6.548596620559692383e-01 5.840750932693481445e-01 5.319049358367919922e-01 5.342007279396057129e-01 5.417296290397644043e-01 0.000000000000000000e+00
7.162202596664428711e-01 6.454790830612182617e-01 5.682560801506042480e-01 5.402833223342895508e-01 5.541482567787170410e-01 0.000000000000000000e+00
8.254604339599609375e-01 7.587670087814331055e-01 6.680064201354980469e-01 5.942873954772949219e-01 5.586702823638916016e-01 0.000000000000000000e+00
8.344407677650451660e-01 7.669406533241271973e-01 6.875801682472229004e-01 6.187677383422851562e-01 5.705595016479492188e-01 0.000000000000000000e+00
8.383149504661560059e-01 7.736417651176452637e-01 7.005947828292846680e-01 6.342798471450805664e-01 5.705287456512451172e-01 0.000000000000000000e+00
8.435186147689819336e-01 7.811461091041564941e-01 7.078142166137695312e-01 6.435974836349487305e-01 5.807036161422729492e-01 0.000000000000000000e+00
8.459646701812744141e-01 7.803925275802612305e-01 7.063983082771301270e-01 6.422188282012939453e-01 5.797275900840759277e-01 0.000000000000000000e+00
5.169412493705749512e-01 5.297492742538452148e-01 5.322647094726562500e-01 5.426217317581176758e-01 5.497214794158935547e-01 0.000000000000000000e+00
-6.325874924659729004e-01 -5.126943588256835938e-01 -5.060381293296813965e-01 -3.611515760421752930e-01 5.226824879646301270e-01 0.000000000000000000e+00
-3.223236799240112305e-01 -9.689669311046600342e-02 -2.653983533382415771e-01 4.881477057933807373e-01 3.909853100776672363e-01 0.000000000000000000e+00
6.920488476753234863e-01 6.292244195938110352e-01 5.610530376434326172e-01 5.394457578659057617e-01 5.668793916702270508e-01 0.000000000000000000e+00
7.390049695968627930e-01 6.641043424606323242e-01 5.976831912994384766e-01 5.456004738807678223e-01 5.617040395736694336e-01 0.000000000000000000e+00
-7.376847267150878906e-01 -8.377626538276672363e-01 -7.832973003387451172e-01 -8.448749780654907227e-01 -8.297994732856750488e-01 1.000000000000000000e+00
2.429451346397399902e-01 5.434020757675170898e-01 5.924064517021179199e-01 5.630751252174377441e-01 5.629200339317321777e-01 2.000000000000000000e+00
-7.376847267150878906e-01 -8.377626538276672363e-01 -7.832973003387451172e-01 -8.448749780654907227e-01 -8.297994732856750488e-01 1.000000000000000000e+00
2.429451346397399902e-01 5.434020757675170898e-01 5.924064517021179199e-01 5.630751252174377441e-01 5.629200339317321777e-01 2.000000000000000000e+00
-7.376847267150878906e-01 -8.377626538276672363e-01 -7.832973003387451172e-01 -8.448749780654907227e-01 -8.297994732856750488e-01 1.000000000000000000e+00
2.429451346397399902e-01 5.434020757675170898e-01 5.924064517021179199e-01 5.630751252174377441e-01 5.629200339317321777e-01 2.000000000000000000e+00
-7.376847267150878906e-01 -8.377626538276672363e-01 -7.832973003387451172e-01 -8.448749780654907227e-01 -8.297994732856750488e-01 1.000000000000000000e+00
2.429451346397399902e-01 5.434020757675170898e-01 5.924064517021179199e-01 5.630751252174377441e-01 5.629200339317321777e-01 2.000000000000000000e+00
-7.376847267150878906e-01 -8.377626538276672363e-01 -7.832973003387451172e-01 -8.448749780654907227e-01 -8.297994732856750488e-01 1.000000000000000000e+00
2.429451346397399902e-01 5.434020757675170898e-01 5.924064517021179199e-01 5.630751252174377441e-01 5.629200339317321777e-01 2.000000000000000000e+00
-7.376847267150878906e-01 -8.377626538276672363e-01 -7.832973003387451172e-01 -8.448749780654907227e-01 -8.297994732856750488e-01 1.000000000000000000e+00
2.429451346397399902e-01 5.434020757675170898e-01 5.924064517021179199e-01 5.630751252174377441e-01 5.629200339317321777e-01 2.000000000000000000e+00
-7.376847267150878906e-01 -8.377626538276672363e-01 -7.832973003387451172e-01 -8.448749780654907227e-01 -8.297994732856750488e-01 1.000000000000000000e+00
2.429451346397399902e-01 5.434020757675170898e-01 5.924064517021179199e-01 5.630751252174377441e-01 5.629200339317321777e-01 2.000000000000000000e+00
-7.376847267150878906e-01 -8.377626538276672363e-01 -7.832973003387451172e-01 -8.448749780654907227e-01 -8.297994732856750488e-01 1.000000000000000000e+00
2.429451346397399902e-01 5.434020757675170898e-01 5.924064517021179199e-01 5.630751252174377441e-01 5.629200339317321777e-01 2.000000000000000000e+00
-7.376847267150878906e-01 -8.377626538276672363e-01 -7.832973003387451172e-01 -8.448749780654907227e-01 -8.297994732856750488e-01 1.000000000000000000e+00
2.429451346397399902e-01 5.434020757675170898e-01 5.924064517021179199e-01 5.630751252174377441e-01 5.629200339317321777e-01 2.000000000000000000e+00
-7.376847267150878906e-01 -8.377626538276672363e-01 -7.832973003387451172e-01 -8.448749780654907227e-01 -8.297994732856750488e-01 1.000000000000000000e+00
2.429451346397399902e-01 5.434020757675170898e-01 5.924064517021179199e-01 5.630751252174377441e-01 5.629200339317321777e-01 2.000000000000000000e+00
-2.630258724093437195e-02 5.229582190513610840e-01 5.510219335556030273e-01 5.430848598480224609e-01 5.426865816116333008e-01 0.000000000000000000e+00
3.004617393016815186e-01 5.572183132171630859e-01 5.669353008270263672e-01 5.532822012901306152e-01 5.601218938827514648e-01 0.000000000000000000e+00
5.642203688621520996e-01 5.251972079277038574e-01 5.403006672859191895e-01 5.459305047988891602e-01 5.427348613739013672e-01 0.000000000000000000e+00
5.619755387306213379e-01 5.377607941627502441e-01 5.313558578491210938e-01 5.227462649345397949e-01 5.278799533843994141e-01 0.000000000000000000e+00
7.352613210678100586e-01 6.799956560134887695e-01 5.742676258087158203e-01 5.515897274017333984e-01 5.429505109786987305e-01 0.000000000000000000e+00
4.383485317230224609e-01 5.332834124565124512e-01 5.833894610404968262e-01 5.897952318191528320e-01 5.607082843780517578e-01 1.000000000000000000e+00
5.809407234191894531e-01 5.650089383125305176e-01 5.353237986564636230e-01 5.344114303588867188e-01 5.460002422332763672e-01 2.000000000000000000e+00
4.383485317230224609e-01 5.332834124565124512e-01 5.833894610404968262e-01 5.897952318191528320e-01 5.607082843780517578e-01 1.000000000000000000e+00
5.809407234191894531e-01 5.650089383125305176e-01 5.353237986564636230e-01 5.344114303588867188e-01 5.460002422332763672e-01 2.000000000000000000e+00
4.383485317230224609e-01 5.332834124565124512e-01 5.833894610404968262e-01 5.897952318191528320e-01 5.607082843780517578e-01 1.000000000000000000e+00
5.809407234191894531e-01 5.650089383125305176e-01 5.353237986564636230e-01 5.344114303588867188e-01 5.460002422332763672e-01 2.000000000000000000e+00
4.383485317230224609e-01 5.332834124565124512e-01 5.833894610404968262e-01 5.897952318191528320e-01 5.607082843780517578e-01 1.000000000000000000e+00
5.809407234191894531e-01 5.650089383125305176e-01 5.353237986564636230e-01 5.344114303588867188e-01 5.460002422332763672e-01 2.000000000000000000e+00
4.383485317230224609e-01 5.332834124565124512e-01 5.833894610404968262e-01 5.897952318191528320e-01 5.607082843780517578e-01 1.000000000000000000e+00
5.809407234191894531e-01 5.650089383125305176e-01 5.353237986564636230e-01 5.344114303588867188e-01 5.460002422332763672e-01 2.000000000000000000e+00
4.383485317230224609e-01 5.332834124565124512e-01 5.833894610404968262e-01 5.897952318191528320e-01 5.607082843780517578e-01 1.000000000000000000e+00
5.809407234191894531e-01 5.650089383125305176e-01 5.353237986564636230e-01 5.344114303588867188e-01 5.460002422332763672e-01 2.000000000000000000e+00
4.383485317230224609e-01 5.332834124565124512e-01 5.833894610404968262e-01 5.897952318191528320e-01 5.607082843780517578e-01 1.000000000000000000e+00
5.809407234191894531e-01 5.650089383125305176e-01 5.353237986564636230e-01 5.344114303588867188e-01 5.460002422332763672e-01 2.000000000000000000e+00
4.383485317230224609e-01 5.332834124565124512e-01 5.833894610404968262e-01 5.897952318191528320e-01 5.607082843780517578e-01 1.000000000000000000e+00
5.809407234191894531e-01 5.650089383125305176e-01 5.353237986564636230e-01 5.344114303588867188e-01 5.460002422332763672e-01 2.000000000000000000e+00
4.383485317230224609e-01 5.332834124565124512e-01 5.833894610404968262e-01 5.897952318191528320e-01 5.607082843780517578e-01 1.000000000000000000e+00
5.809407234191894531e-01 5.650089383125305176e-01 5.353237986564636230e-01 5.344114303588867188e-01 5.460002422332763672e-01 2.000000000000000000e+00
4.383485317230224609e-01 5.332834124565124512e-01 5.833894610404968262e-01 5.897952318191528320e-01 5.607082843780517578e-01 1.000000000000000000e+00
5.809407234191894531e-01 5.650089383125305176e-01 5.353237986564636230e-01 5.344114303588867188e-01 5.460002422332763672e-01 2.000000000000000000e+00
6.502544283866882324e-01 5.850417613983154297e-01 5.347230434417724609e-01 5.205892920494079590e-01 5.260644555091857910e-01 0.000000000000000000e+00
6.786107420921325684e-01 6.237663030624389648e-01 5.570763349533081055e-01 5.289254188537597656e-01 5.306033492088317871e-01 0.000000000000000000e+00
7.002161145210266113e-01 6.536825299263000488e-01 5.968711376190185547e-01 5.533808469772338867e-01 5.303587317466735840e-01 0.000000000000000000e+00
7.297759056091308594e-01 6.832337379455566406e-01 6.312394142150878906e-01 5.889023542404174805e-01 5.405814647674560547e-01 0.000000000000000000e+00
7.312886714935302734e-01 6.862951517105102539e-01 6.337525248527526855e-01 5.998324155807495117e-01 5.487498641014099121e-01 0.000000000000000000e+00
7.493482828140258789e-01 6.974865198135375977e-01 6.340013742446899414e-01 5.827410817146301270e-01 5.426471233367919922e-01 0.000000000000000000e+00
8.194509148597717285e-01 7.829136252403259277e-01 7.070654630661010742e-01 6.300883293151855469e-01 5.641891360282897949e-01 0.000000000000000000e+00
-7.482880353927612305e-01 -7.156623601913452148e-01 -6.697545051574707031e-01 -6.781488656997680664e-01 -6.367217302322387695e-01 0.000000000000000000e+00
4.535200893878936768e-01 5.795047283172607422e-01 5.746503472328186035e-01 5.668705701828002930e-01 5.525631308555603027e-01 0.000000000000000000e+00
-8.407528996467590332e-01 -7.409805059432983398e-01 -7.596900463104248047e-01 -7.170735001564025879e-01 -6.028627753257751465e-01 0.000000000000000000e+00
-8.389976024627685547e-01 -7.899315953254699707e-01 -8.380028009414672852e-01 -8.821650743484497070e-01 -9.363894462585449219e-01 0.000000000000000000e+00
-7.422884702682495117e-01 -6.528849601745605469e-01 -7.733565568923950195e-01 -8.296135067939758301e-01 -8.560976982116699219e-01 0.000000000000000000e+00
-5.835667625069618225e-02 -1.092938035726547241e-01 1.479225903749465942e-01 -3.386853933334350586e-01 -5.740162730216979980e-01 0.000000000000000000e+00
5.781100392341613770e-01 5.641321539878845215e-01 5.354191064834594727e-01 5.351262092590332031e-01 5.330365300178527832e-01 0.000000000000000000e+00
7.666929960250854492e-01 6.820679903030395508e-01 6.142091155052185059e-01 5.720384120941162109e-01 5.546035170555114746e-01 0.000000000000000000e+00
7.488425970077514648e-01 6.795350909233093262e-01 6.011213064193725586e-01 5.744376778602600098e-01 5.583533048629760742e-01 0.000000000000000000e+00
7.764898538589477539e-01 7.038583755493164062e-01 6.373766064643859863e-01 5.780993700027465820e-01 5.573303699493408203e-01 0.000000000000000000e+00
7.750318050384521484e-01 6.590737104415893555e-01 5.911735892295837402e-01 5.504750013351440430e-01 5.413537025451660156e-01 0.000000000000000000e+00
6.707203388214111328e-01 6.423529386520385742e-01 5.871046781539916992e-01 5.884344577789306641e-01 5.601990818977355957e-01 0.000000000000000000e+00
6.960210800170898438e-01 6.916550397872924805e-01 6.440926790237426758e-01 5.963056087493896484e-01 6.003197431564331055e-01 0.000000000000000000e+00
1.246562078595161438e-01 6.435120105743408203e-01 7.123100757598876953e-01 7.591018676757812500e-01 7.341319322586059570e-01 0.000000000000000000e+00
5.536100864410400391e-01 5.363228917121887207e-01 5.409650802612304688e-01 5.473486185073852539e-01 5.365439653396606445e-01 0.000000000000000000e+00
6.053871512413024902e-01 5.578493475914001465e-01 5.276369452476501465e-01 5.315327644348144531e-01 5.381019711494445801e-01 0.000000000000000000e+00
5.642981529235839844e-01 5.357328653335571289e-01 5.428330302238464355e-01 5.344148874282836914e-01 5.366376638412475586e-01 0.000000000000000000e+00
5.690718889236450195e-01 5.448538064956665039e-01 5.422445535659790039e-01 5.419853925704956055e-01 5.387739539146423340e-01 0.000000000000000000e+00
5.639019012451171875e-01 5.208332538604736328e-01 5.370752811431884766e-01 5.354077219963073730e-01 5.351516604423522949e-01 0.000000000000000000e+00
5.632445812225341797e-01 5.157977342605590820e-01 5.179317593574523926e-01 5.274463295936584473e-01 5.436624288558959961e-01 0.000000000000000000e+00
-5.864025354385375977e-01 -6.745504140853881836e-01 -8.165171742439270020e-01 -8.254741430282592773e-01 -8.186767101287841797e-01 1.000000000000000000e+00
5.622780323028564453e-01 5.405524373054504395e-01 5.426246523857116699e-01 5.392620563507080078e-01 5.454360246658325195e-01 2.000000000000000000e+00
-5.864025354385375977e-01 -6.745504140853881836e-01 -8.165171742439270020e-01 -8.254741430282592773e-01 -8.186767101287841797e-01 1.000000000000000000e+00
5.622780323028564453e-01 5.405524373054504395e-01 5.426246523857116699e-01 5.392620563507080078e-01 5.454360246658325195e-01 2.000000000000000000e+00
-5.864025354385375977e-01 -6.745504140853881836e-01 -8.165171742439270020e-01 -8.254741430282592773e-01 -8.186767101287841797e-01 1.000000000000000000e+00
5.622780323028564453e-01 5.405524373054504395e-01 5.426246523857116699e-01 5.392620563507080078e-01 5.454360246658325195e-01 2.000000000000000000e+00
-5.864025354385375977e-01 -6.745504140853881836e-01 -8.165171742439270020e-01 -8.254741430282592773e-01 -8.186767101287841797e-01 1.000000000000000000e+00
5.622780323028564453e-01 5.405524373054504395e-01 5.426246523857116699e-01 5.392620563507080078e-01 5.454360246658325195e-01 2.000000000000000000e+00
-5.864025354385375977e-01 -6.745504140853881836e-01 -8.165171742439270020e-01 -8.254741430282592773e-01 -8.186767101287841797e-01 1.000000000000000000e+00
5.622780323028564453e-01 5.405524373054504395e-01 5.426246523857116699e-01 5.392620563507080078e-01 5.454360246658325195e-01 2.000000000000000000e+00
-5.864025354385375977e-01 -6.745504140853881836e-01 -8.165171742439270020e-01 -8.254741430282592773e-01 -8.186767101287841797e-01 1.000000000000000000e+00
5.622780323028564453e-01 5.405524373054504395e-01 5.426246523857116699e-01 5.392620563507080078e-01 5.454360246658325195e-01 2.000000000000000000e+00
-5.864025354385375977e-01 -6.745504140853881836e-01 -8.165171742439270020e-01 -8.254741430282592773e-01 -8.186767101287841797e-01 1.000000000000000000e+00
5.622780323028564453e-01 5.405524373054504395e-01 5.426246523857116699e-01 5.392620563507080078e-01 5.454360246658325195e-01 2.000000000000000000e+00
-5.864025354385375977e-01 -6.745504140853881836e-01 -8.165171742439270020e-01 -8.254741430282592773e-01 -8.186767101287841797e-01 1.000000000000000000e+00
5.622780323028564453e-01 5.405524373054504395e-01 5.426246523857116699e-01 5.392620563507080078e-01 5.454360246658325195e-01 2.000000000000000000e+00
-5.864025354385375977e-01 -6.745504140853881836e-01 -8.165171742439270020e-01 -8.254741430282592773e-01 -8.186767101287841797e-01 1.000000000000000000e+00
5.622780323028564453e-01 5.405524373054504395e-01 5.426246523857116699e-01 5.392620563507080078e-01 5.454360246658325195e-01 2.000000000000000000e+00
-5.864025354385375977e-01 -6.745504140853881836e-01 -8.165171742439270020e-01 -8.254741430282592773e-01 -8.186767101287841797e-01 1.000000000000000000e+00
5.622780323028564453e-01 5.405524373054504395e-01 5.426246523857116699e-01 5.392620563507080078e-01 5.454360246658325195e-01 2.000000000000000000e+00
6.385366320610046387e-01 6.553102731704711914e-01 6.536259651184082031e-01 6.391022801399230957e-01 6.335362195968627930e-01 0.000000000000000000e+00
6.414779424667358398e-01 6.558809280395507812e-01 6.532976627349853516e-01 6.393315792083740234e-01 6.340453624725341797e-01 0.000000000000000000e+00
6.482045650482177734e-01 6.569492220878601074e-01 6.502377986907958984e-01 6.379264593124389648e-01 6.336091756820678711e-01 0.000000000000000000e+00
6.414281725883483887e-01 6.558535099029541016e-01 6.515460014343261719e-01 6.386355161666870117e-01 6.338489055633544922e-01 0.000000000000000000e+00
6.379561424255371094e-01 6.553858518600463867e-01 6.503354310989379883e-01 6.383659839630126953e-01 6.336724758148193359e-01 0.000000000000000000e+00
6.425704956054687500e-01 6.556431055068969727e-01 6.517424583435058594e-01 6.379298567771911621e-01 6.336438059806823730e-01 0.000000000000000000e+00
6.412972211837768555e-01 6.548985242843627930e-01 6.554836034774780273e-01 6.368525028228759766e-01 6.331505775451660156e-01 0.000000000000000000e+00
6.404304504394531250e-01 5.749062895774841309e-01 5.529392361640930176e-01 5.747608542442321777e-01 6.078406572341918945e-01 0.000000000000000000e+00
5.180958509445190430e-01 5.051508545875549316e-01 5.200520157814025879e-01 5.593215823173522949e-01 6.101464033126831055e-01 0.000000000000000000e+00
6.517126560211181641e-01 6.850253343582153320e-01 6.214967370033264160e-01 5.515774488449096680e-01 5.127590894699096680e-01 0.000000000000000000e+00
6.281924247741699219e-01 5.725148320198059082e-01 6.314668655395507812e-01 7.130118608474731445e-01 7.141281366348266602e-01 0.000000000000000000e+00
7.162983417510986328e-01 7.104424238204956055e-01 6.615694165229797363e-01 5.964088439941406250e-01 5.456610918045043945e-01 0.000000000000000000e+00
3.759633600711822510e-01 5.739345550537109375e-01 5.682823061943054199e-01 5.909208059310913086e-01 6.510426998138427734e-01 0.000000000000000000e+00
4.766546487808227539e-01 5.138965845108032227e-01 5.265151262283325195e-01 5.200080871582031250e-01 5.235584974288940430e-01 0.000000000000000000e+00
6.528332233428955078e-01 6.236945390701293945e-01 6.116074323654174805e-01 6.080962419509887695e-01 5.737882256507873535e-01 0.000000000000000000e+00
6.502305269241333008e-01 5.771274566650390625e-01 5.841732025146484375e-01 5.788012742996215820e-01 5.504494309425354004e-01 0.000000000000000000e+00
6.570292711257934570e-01 6.305673718452453613e-01 6.092787384986877441e-01 6.062935590744018555e-01 5.728176832199096680e-01 0.000000000000000000e+00
6.689981818199157715e-01 5.956048965454101562e-01 5.836559534072875977e-01 5.885353088378906250e-01 5.774044990539550781e-01 0.000000000000000000e+00
6.565287113189697266e-01 6.249830722808837891e-01 5.982929468154907227e-01 5.991080999374389648e-01 5.658366680145263672e-01 0.000000000000000000e+00
6.898659467697143555e-01 5.880286693572998047e-01 5.911244153976440430e-01 5.986396074295043945e-01 5.851421356201171875e-01 0.000000000000000000e+00
6.581560373306274414e-01 6.312457919120788574e-01 5.964917540550231934e-01 5.890476703643798828e-01 5.633834600448608398e-01 0.000000000000000000e+00
9.689725190401077271e-02 5.174600481986999512e-01 5.809659957885742188e-01 5.743333697319030762e-01 5.606372356414794922e-01 0.000000000000000000e+00
-6.079670190811157227e-01 -9.188631922006607056e-02 2.128162980079650879e-01 5.523719787597656250e-01 5.703104734420776367e-01 0.000000000000000000e+00
-8.682187199592590332e-01 -8.388245701789855957e-01 -8.237980008125305176e-01 -8.409863710403442383e-01 -8.472577333450317383e-01 0.000000000000000000e+00
-8.721835613250732422e-01 -8.783695697784423828e-01 -8.957046866416931152e-01 -9.074470996856689453e-01 -9.335990548133850098e-01 0.000000000000000000e+00
2.348102778196334839e-01 3.163040280342102051e-01 5.470833778381347656e-01 5.679219961166381836e-01 -5.006501078605651855e-01 0.000000000000000000e+00
5.386307835578918457e-01 5.393860340118408203e-01 6.024369001388549805e-01 5.834786891937255859e-01 5.565788149833679199e-01 0.000000000000000000e+00
-8.587601184844970703e-01 -8.310294747352600098e-01 -8.578487634658813477e-01 -8.618990182876586914e-01 -8.635367155075073242e-01 0.000000000000000000e+00
5.620604157447814941e-01 5.329518318176269531e-01 5.390200018882751465e-01 5.360530018806457520e-01 5.356163978576660156e-01 0.000000000000000000e+00
5.622300505638122559e-01 5.215851068496704102e-01 5.352985262870788574e-01 5.262457132339477539e-01 5.379628539085388184e-01 0.000000000000000000e+00
5.595982670783996582e-01 5.152506828308105469e-01 5.273281335830688477e-01 5.200005769729614258e-01 5.361158847808837891e-01 0.000000000000000000e+00
5.528242588043212891e-01 5.496596693992614746e-01 5.387685298919677734e-01 5.305493474006652832e-01 5.255367755889892578e-01 0.000000000000000000e+00
5.600466728210449219e-01 5.323808789253234863e-01 5.402446985244750977e-01 5.347621440887451172e-01 5.379599332809448242e-01 0.000000000000000000e+00
5.478585958480834961e-01 5.578036308288574219e-01 5.394489169120788574e-01 5.327926278114318848e-01 5.269547104835510254e-01 0.000000000000000000e+00
4.940406382083892822e-01 5.534949302673339844e-01 5.482017993927001953e-01 5.551307201385498047e-01 5.411200523376464844e-01 0.000000000000000000e+00
8.200588226318359375e-01 7.529237270355224609e-01 6.765061616897583008e-01 6.145257949829101562e-01 5.679709911346435547e-01 0.000000000000000000e+00
8.187999725341796875e-01 7.511248588562011719e-01 6.766645908355712891e-01 6.155716180801391602e-01 5.677462816238403320e-01 0.000000000000000000e+00
8.190454840660095215e-01 7.508218288421630859e-01 6.758363246917724609e-01 6.147325038909912109e-01 5.681452751159667969e-01 0.000000000000000000e+00
8.170403242111206055e-01 7.491987943649291992e-01 6.751952171325683594e-01 6.144428253173828125e-01 5.679062008857727051e-01 0.000000000000000000e+00
8.192798495292663574e-01 7.505073547363281250e-01 6.749795079231262207e-01 6.119226217269897461e-01 5.683388710021972656e-01 0.000000000000000000e+00
8.177831172943115234e-01 7.526994943618774414e-01 6.769281625747680664e-01 6.169762611389160156e-01 5.678567886352539062e-01 0.000000000000000000e+00
5.911418795585632324e-01 5.316469669342041016e-01 5.278331041336059570e-01 5.847278833389282227e-01 5.804049968719482422e-01 0.000000000000000000e+00
5.599233508110046387e-01 5.209894776344299316e-01 5.348585247993469238e-01 5.317009687423706055e-01 5.354931950569152832e-01 0.000000000000000000e+00
5.582852363586425781e-01 5.323833823204040527e-01 5.381157398223876953e-01 5.372626781463623047e-01 5.308732986450195312e-01 0.000000000000000000e+00
5.569686889648437500e-01 5.594603419303894043e-01 5.623579621315002441e-01 5.488895177841186523e-01 5.400860309600830078e-01 0.000000000000000000e+00
5.615158081054687500e-01 5.465511083602905273e-01 5.396088957786560059e-01 5.302635431289672852e-01 5.306133031845092773e-01 0.000000000000000000e+00
5.959218144416809082e-01 6.137865185737609863e-01 5.485930442810058594e-01 5.453337430953979492e-01 5.340523123741149902e-01 0.000000000000000000e+00
6.332646012306213379e-01 6.177426576614379883e-01 5.428244471549987793e-01 5.320098400115966797e-01 5.323524475097656250e-01 0.000000000000000000e+00
6.617788076400756836e-01 6.507682800292968750e-01 5.768337249755859375e-01 5.417147874832153320e-01 5.388838052749633789e-01 0.000000000000000000e+00
5.963575243949890137e-01 5.845502018928527832e-01 5.788171291351318359e-01 5.512623190879821777e-01 5.178999900817871094e-01 0.000000000000000000e+00
5.927813053131103516e-01 5.750924348831176758e-01 5.711469650268554688e-01 5.393151044845581055e-01 5.329170227050781250e-01 0.000000000000000000e+00
5.770490169525146484e-01 5.667795538902282715e-01 5.419878959655761719e-01 5.539710521697998047e-01 5.503801107406616211e-01 0.000000000000000000e+00
5.575737953186035156e-01 5.525732040405273438e-01 5.537468791007995605e-01 5.552484989166259766e-01 5.529251098632812500e-01 0.000000000000000000e+00
3.306821733713150024e-02 5.357964038848876953e-01 5.846070051193237305e-01 5.764886140823364258e-01 5.507551431655883789e-01 0.000000000000000000e+00
-1.992513686418533325e-01 -8.001092672348022461e-01 1.975317448377609253e-01 5.230877995491027832e-01 5.595140457153320312e-01 0.000000000000000000e+00
-4.023323655128479004e-01 2.323620915412902832e-01 -5.655956268310546875e-01 -5.109509825706481934e-01 5.149374604225158691e-01 0.000000000000000000e+00
6.377082467079162598e-01 6.514282226562500000e-01 6.544740200042724609e-01 6.348551511764526367e-01 6.255816221237182617e-01 0.000000000000000000e+00
6.390691995620727539e-01 6.522471904754638672e-01 6.351945400238037109e-01 6.200603246688842773e-01 6.236553192138671875e-01 0.000000000000000000e+00
6.312543153762817383e-01 6.403948664665222168e-01 6.302325725555419922e-01 6.260430812835693359e-01 6.314343214035034180e-01 0.000000000000000000e+00
6.341045498847961426e-01 6.449509263038635254e-01 6.467900276184082031e-01 6.389009356498718262e-01 6.300774216651916504e-01 0.000000000000000000e+00
6.393435001373291016e-01 6.557263135910034180e-01 6.463403105735778809e-01 6.251444220542907715e-01 6.225349903106689453e-01 0.000000000000000000e+00
6.376476287841796875e-01 6.457791328430175781e-01 6.289643049240112305e-01 6.200677752494812012e-01 6.265130043029785156e-01 0.000000000000000000e+00
6.358906030654907227e-01 6.410707831382751465e-01 6.374270915985107422e-01 6.347614526748657227e-01 6.344252824783325195e-01 0.000000000000000000e+00
8.550324440002441406e-01 8.151454925537109375e-01 7.709552645683288574e-01 7.330000400543212891e-01 6.800339221954345703e-01 0.000000000000000000e+00
8.540333509445190430e-01 8.461062312126159668e-01 7.901393175125122070e-01 7.131508588790893555e-01 6.572332382202148438e-01 0.000000000000000000e+00
8.536835908889770508e-01 8.491955995559692383e-01 7.957979440689086914e-01 7.356603145599365234e-01 6.883503198623657227e-01 0.000000000000000000e+00
8.542413115501403809e-01 8.312212228775024414e-01 8.064568042755126953e-01 7.611644268035888672e-01 6.963480114936828613e-01 0.000000000000000000e+00
8.406513929367065430e-01 8.254774808883666992e-01 7.809963226318359375e-01 7.356859445571899414e-01 6.805199384689331055e-01 0.000000000000000000e+00
7.178141474723815918e-01 8.416938781738281250e-01 8.409602642059326172e-01 7.912617325782775879e-01 7.283864021301269531e-01 0.000000000000000000e+00
8.055845499038696289e-01 8.455120921134948730e-01 8.489524722099304199e-01 8.404309749603271484e-01 8.331905603408813477e-01 0.000000000000000000e+00
7.042714953422546387e-01 6.325600147247314453e-01 6.226643323898315430e-01 6.201492547988891602e-01 5.667431354522705078e-01 0.000000000000000000e+00
6.341534256935119629e-01 6.471653580665588379e-01 6.425046324729919434e-01 6.193944811820983887e-01 6.089347600936889648e-01 0.000000000000000000e+00
6.884043812751770020e-01 6.959683299064636230e-01 7.059741020202636719e-01 6.765838861465454102e-01 6.568015217781066895e-01 0.000000000000000000e+00
6.578648090362548828e-01 6.880474090576171875e-01 7.044978141784667969e-01 6.810253858566284180e-01 6.716463565826416016e-01 0.000000000000000000e+00
6.531693935394287109e-01 6.817903518676757812e-01 7.006202936172485352e-01 6.817333698272705078e-01 6.751013994216918945e-01 0.000000000000000000e+00
6.519080996513366699e-01 6.818305850028991699e-01 7.069654464721679688e-01 6.856505870819091797e-01 6.796071529388427734e-01 0.000000000000000000e+00
6.565058231353759766e-01 6.874316334724426270e-01 7.004869580268859863e-01 6.758353114128112793e-01 6.634132266044616699e-01 0.000000000000000000e+00
5.365285277366638184e-01 4.926306009292602539e-01 5.129939913749694824e-01 5.406762361526489258e-01 5.858536958694458008e-01 0.000000000000000000e+00
5.253681540489196777e-01 3.623070716857910156e-01 5.653864145278930664e-01 5.270391702651977539e-01 5.377912521362304688e-01 0.000000000000000000e+00
5.894111394882202148e-01 5.658519268035888672e-01 5.248731374740600586e-01 5.191698670387268066e-01 5.432969331741333008e-01 0.000000000000000000e+00
5.566693544387817383e-01 5.871292352676391602e-01 5.877664685249328613e-01 5.743362903594970703e-01 5.356993675231933594e-01 0.000000000000000000e+00
-4.090182483196258545e-01 1.699130982160568237e-01 6.069055199623107910e-01 5.858174562454223633e-01 5.394710898399353027e-01 0.000000000000000000e+00
6.060499548912048340e-01 5.832283496856689453e-01 5.587836503982543945e-01 5.378687381744384766e-01 5.379191637039184570e-01 0.000000000000000000e+00
5.940166115760803223e-01 5.730713605880737305e-01 5.234926342964172363e-01 5.142016410827636719e-01 5.389994382858276367e-01 0.000000000000000000e+00
8.560525774955749512e-01 8.119791746139526367e-01 7.250610589981079102e-01 6.464432477951049805e-01 5.804167985916137695e-01 0.000000000000000000e+00
5.633922219276428223e-01 5.403133630752563477e-01 6.529389619827270508e-01 7.217340469360351562e-01 7.850765585899353027e-01 0.000000000000000000e+00
7.868056297302246094e-01 7.769995927810668945e-01 8.060419559478759766e-01 8.385486602783203125e-01 7.967482209205627441e-01 0.000000000000000000e+00
5.506814718246459961e-01 6.376101970672607422e-01 6.519771814346313477e-01 6.587534546852111816e-01 6.584389209747314453e-01 0.000000000000000000e+00
5.354415178298950195e-01 5.756672024726867676e-01 5.575771927833557129e-01 5.449420213699340820e-01 5.271807909011840820e-01 0.000000000000000000e+00
3.322203159332275391e-01 5.403649806976318359e-01 5.219736099243164062e-01 5.513252615928649902e-01 5.615845918655395508e-01 0.000000000000000000e+00
-4.297602456063032150e-03 4.486228525638580322e-01 4.577670693397521973e-01 4.978860318660736084e-01 5.032406449317932129e-01 0.000000000000000000e+00
6.284003853797912598e-01 6.503856182098388672e-01 6.401768326759338379e-01 6.377040147781372070e-01 6.334059238433837891e-01 0.000000000000000000e+00
6.420212984085083008e-01 6.629906892776489258e-01 6.780136227607727051e-01 6.527780294418334961e-01 6.335980892181396484e-01 0.000000000000000000e+00
6.418623924255371094e-01 6.461216211318969727e-01 6.394480466842651367e-01 6.324657201766967773e-01 6.356728076934814453e-01 0.000000000000000000e+00
6.475245952606201172e-01 6.661075353622436523e-01 6.583219766616821289e-01 6.416476964950561523e-01 6.326296329498291016e-01 0.000000000000000000e+00
6.382057070732116699e-01 6.545406579971313477e-01 6.483358144760131836e-01 6.369837522506713867e-01 6.330192089080810547e-01 0.000000000000000000e+00
6.479805707931518555e-01 6.602323055267333984e-01 6.590659618377685547e-01 6.514512300491333008e-01 6.415544748306274414e-01 0.000000000000000000e+00
6.439061760902404785e-01 6.486934423446655273e-01 6.293424367904663086e-01 6.247797012329101562e-01 6.329114437103271484e-01 0.000000000000000000e+00
8.478286266326904297e-01 7.843793630599975586e-01 7.049527168273925781e-01 6.370360851287841797e-01 5.689815282821655273e-01 0.000000000000000000e+00
8.344000577926635742e-01 7.800940871238708496e-01 7.008136510848999023e-01 6.414195299148559570e-01 5.736562013626098633e-01 0.000000000000000000e+00
8.293538093566894531e-01 7.645142078399658203e-01 6.952708959579467773e-01 6.273292303085327148e-01 5.686998367309570312e-01 0.000000000000000000e+00
8.267485499382019043e-01 7.586961388587951660e-01 6.895877718925476074e-01 6.214684247970581055e-01 5.690162181854248047e-01 0.000000000000000000e+00
8.280029892921447754e-01 7.599402666091918945e-01 6.854882240295410156e-01 6.167888045310974121e-01 5.689059495925903320e-01 0.000000000000000000e+00
8.231914043426513672e-01 7.540212869644165039e-01 6.812732219696044922e-01 6.173582673072814941e-01 5.695925951004028320e-01 0.000000000000000000e+00
8.265790939331054688e-01 7.571600675582885742e-01 6.818390488624572754e-01 6.181694865226745605e-01 5.693964958190917969e-01 0.000000000000000000e+00
-7.849541902542114258e-01 1.072359532117843628e-01 5.947773456573486328e-01 6.727099418640136719e-01 6.540483236312866211e-01 0.000000000000000000e+00
-3.782191500067710876e-02 6.372137069702148438e-01 6.668287515640258789e-01 6.674533486366271973e-01 6.601076126098632812e-01 0.000000000000000000e+00
6.051255464553833008e-01 6.364874839782714844e-01 6.111993193626403809e-01 5.891979932785034180e-01 5.642454624176025391e-01 0.000000000000000000e+00
-3.801136314868927002e-01 5.838152766227722168e-01 5.941166877746582031e-01 5.804522633552551270e-01 5.566989183425903320e-01 0.000000000000000000e+00
-6.396867036819458008e-01 9.653339534997940063e-02 2.236450463533401489e-01 -5.479590892791748047e-01 -6.037956476211547852e-01 0.000000000000000000e+00
5.423128008842468262e-01 6.024199724197387695e-01 5.620490312576293945e-01 5.401204228401184082e-01 5.356081724166870117e-01 0.000000000000000000e+00
7.439256906509399414e-01 6.681199669837951660e-01 5.861356258392333984e-01 5.536428689956665039e-01 5.461454391479492188e-01 0.000000000000000000e+00
-8.238859474658966064e-03 5.864886045455932617e-01 6.242753267288208008e-01 6.048380732536315918e-01 5.965018868446350098e-01 1.000000000000000000e+00
-1.727885156869888306e-01 4.758449792861938477e-01 6.507205963134765625e-01 6.762008666992187500e-01 6.407876014709472656e-01 2.000000000000000000e+00
-8.238859474658966064e-03 5.864886045455932617e-01 6.242753267288208008e-01 6.048380732536315918e-01 5.965018868446350098e-01 1.000000000000000000e+00
-1.727885156869888306e-01 4.758449792861938477e-01 6.507205963134765625e-01 6.762008666992187500e-01 6.407876014709472656e-01 2.000000000000000000e+00
-8.238859474658966064e-03 5.864886045455932617e-01 6.242753267288208008e-01 6.048380732536315918e-01 5.965018868446350098e-01 1.000000000000000000e+00
-1.727885156869888306e-01 4.758449792861938477e-01 6.507205963134765625e-01 6.762008666992187500e-01 6.407876014709472656e-01 2.000000000000000000e+00
-8.238859474658966064e-03 5.864886045455932617e-01 6.242753267288208008e-01 6.048380732536315918e-01 5.965018868446350098e-01 1.000000000000000000e+00
-1.727885156869888306e-01 4.758449792861938477e-01 6.507205963134765625e-01 6.762008666992187500e-01 6.407876014709472656e-01 2.000000000000000000e+00
-8.238859474658966064e-03 5.864886045455932617e-01 6.242753267288208008e-01 6.048380732536315918e-01 5.965018868446350098e-01 1.000000000000000000e+00
-1.727885156869888306e-01 4.758449792861938477e-01 6.507205963134765625e-01 6.762008666992187500e-01 6.407876014709472656e-01 2.000000000000000000e+00
-8.238859474658966064e-03 5.864886045455932617e-01 6.242753267288208008e-01 6.048380732536315918e-01 5.965018868446350098e-01 1.000000000000000000e+00
-1.727885156869888306e-01 4.758449792861938477e-01 6.507205963134765625e-01 6.762008666992187500e-01 6.407876014709472656e-01 2.000000000000000000e+00
-8.238859474658966064e-03 5.864886045455932617e-01 6.242753267288208008e-01 6.048380732536315918e-01 5.965018868446350098e-01 1.000000000000000000e+00
-1.727885156869888306e-01 4.758449792861938477e-01 6.507205963134765625e-01 6.762008666992187500e-01 6.407876014709472656e-01 2.000000000000000000e+00
-8.238859474658966064e-03 5.864886045455932617e-01 6.242753267288208008e-01 6.048380732536315918e-01 5.965018868446350098e-01 1.000000000000000000e+00
-1.727885156869888306e-01 4.758449792861938477e-01 6.507205963134765625e-01 6.762008666992187500e-01 6.407876014709472656e-01 2.000000000000000000e+00
-8.238859474658966064e-03 5.864886045455932617e-01 6.242753267288208008e-01 6.048380732536315918e-01 5.965018868446350098e-01 1.000000000000000000e+00
-1.727885156869888306e-01 4.758449792861938477e-01 6.507205963134765625e-01 6.762008666992187500e-01 6.407876014709472656e-01 2.000000000000000000e+00
-8.238859474658966064e-03 5.864886045455932617e-01 6.242753267288208008e-01 6.048380732536315918e-01 5.965018868446350098e-01 1.000000000000000000e+00
-1.727885156869888306e-01 4.758449792861938477e-01 6.507205963134765625e-01 6.762008666992187500e-01 6.407876014709472656e-01 2.000000000000000000e+00
8.386688232421875000e-01 8.505487442016601562e-01 8.024098873138427734e-01 7.684842348098754883e-01 6.933040022850036621e-01 0.000000000000000000e+00
8.366399407386779785e-01 8.580869436264038086e-01 8.497418761253356934e-01 8.133823275566101074e-01 7.326939702033996582e-01 0.000000000000000000e+00
7.253203392028808594e-01 7.314007282257080078e-01 8.118653297424316406e-01 8.524464368820190430e-01 8.230729699134826660e-01 0.000000000000000000e+00
6.938604116439819336e-01 6.965029239654541016e-01 6.929765939712524414e-01 7.028298974037170410e-01 7.407674789428710938e-01 0.000000000000000000e+00
7.760375142097473145e-01 8.378522396087646484e-01 7.205542325973510742e-01 6.527714729309082031e-01 6.101775169372558594e-01 0.000000000000000000e+00
8.536561131477355957e-01 8.323683738708496094e-01 7.723276019096374512e-01 7.233929634094238281e-01 6.754201650619506836e-01 0.000000000000000000e+00
7.604879736900329590e-01 8.077901601791381836e-01 8.021293878555297852e-01 7.924112677574157715e-01 7.169305086135864258e-01 0.000000000000000000e+00
6.604876518249511719e-01 6.305983066558837891e-01 6.261356472969055176e-01 6.084766387939453125e-01 6.122834682464599609e-01 0.000000000000000000e+00
6.932201385498046875e-01 6.216429471969604492e-01 5.922691226005554199e-01 5.950703620910644531e-01 6.025284528732299805e-01 0.000000000000000000e+00
6.975842714309692383e-01 7.359222769737243652e-01 7.201347351074218750e-01 6.348602771759033203e-01 5.936372280120849609e-01 0.000000000000000000e+00
-1.085938960313796997e-01 2.292629098519682884e-03 4.071069359779357910e-01 6.826267242431640625e-01 7.276825904846191406e-01 0.000000000000000000e+00
-5.280985236167907715e-01 -2.463583499193191528e-01 4.676767811179161072e-02 3.464549183845520020e-01 5.482039451599121094e-01 0.000000000000000000e+00
-6.370538473129272461e-01 -2.268599718809127808e-01 -3.319471478462219238e-01 -4.271146059036254883e-01 3.572475314140319824e-01 0.000000000000000000e+00
-5.095135569572448730e-01 -3.628111779689788818e-01 -4.863915145397186279e-01 -5.500900745391845703e-01 -7.854807972908020020e-01 0.000000000000000000e+00
7.698714733123779297e-01 8.211911916732788086e-01 8.181957006454467773e-01 7.912838459014892578e-01 7.666252255439758301e-01 0.000000000000000000e+00
7.886698246002197266e-01 7.856820225715637207e-01 7.672116756439208984e-01 7.450683116912841797e-01 7.027090787887573242e-01 0.000000000000000000e+00
8.554378747940063477e-01 8.385623693466186523e-01 8.180043101310729980e-01 7.511928677558898926e-01 6.941264867782592773e-01 0.000000000000000000e+00
8.531156778335571289e-01 8.290683031082153320e-01 7.789496183395385742e-01 7.111811637878417969e-01 6.562848091125488281e-01 0.000000000000000000e+00
8.536033034324645996e-01 8.093503713607788086e-01 7.477625608444213867e-01 7.055432796478271484e-01 6.239967346191406250e-01 0.000000000000000000e+00
8.049604892730712891e-01 8.184629082679748535e-01 7.840905189514160156e-01 7.355834245681762695e-01 6.724006533622741699e-01 0.000000000000000000e+00
8.563570976257324219e-01 8.126860857009887695e-01 7.459152340888977051e-01 6.874977350234985352e-01 6.221348047256469727e-01 0.000000000000000000e+00
5.520491600036621094e-01 5.642468929290771484e-01 5.712282657623291016e-01 5.490725040435791016e-01 5.436819195747375488e-01 0.000000000000000000e+00
5.694659948348999023e-01 5.516185760498046875e-01 5.476109981536865234e-01 5.507115125656127930e-01 5.525203943252563477e-01 0.000000000000000000e+00
5.719323754310607910e-01 5.405946373939514160e-01 5.381330251693725586e-01 5.396747589111328125e-01 5.443096160888671875e-01 0.000000000000000000e+00
5.670998096466064453e-01 5.243727564811706543e-01 5.319644808769226074e-01 5.297496914863586426e-01 5.330966711044311523e-01 0.000000000000000000e+00
5.576561093330383301e-01 5.165139436721801758e-01 5.239769220352172852e-01 5.205698013305664062e-01 5.289879441261291504e-01 0.000000000000000000e+00
6.205804347991943359e-01 5.524667501449584961e-01 5.186245441436767578e-01 5.229551792144775391e-01 5.362616777420043945e-01 0.000000000000000000e+00
5.667042136192321777e-01 5.209890007972717285e-01 5.170168876647949219e-01 5.293502211570739746e-01 5.440569519996643066e-01 0.000000000000000000e+00
5.538583993911743164e-01 5.343134403228759766e-01 5.149390697479248047e-01 5.095749497413635254e-01 5.281140208244323730e-01 0.000000000000000000e+00
5.690796375274658203e-01 5.505626201629638672e-01 5.248969793319702148e-01 5.131248831748962402e-01 5.184444189071655273e-01 0.000000000000000000e+00
5.187414884567260742e-01 5.357458591461181641e-01 5.183987021446228027e-01 5.106386542320251465e-01 5.249868035316467285e-01 0.000000000000000000e+00
5.522465705871582031e-01 5.108930468559265137e-01 5.141150951385498047e-01 5.158622264862060547e-01 5.251778960227966309e-01 0.000000000000000000e+00
5.374840497970581055e-01 5.183760523796081543e-01 5.118002891540527344e-01 5.124995708465576172e-01 5.327644944190979004e-01 0.000000000000000000e+00
5.343418121337890625e-01 4.997812509536743164e-01 5.046713352203369141e-01 5.176174044609069824e-01 5.412629842758178711e-01 0.000000000000000000e+00
5.371581315994262695e-01 5.103117227554321289e-01 5.001059174537658691e-01 5.124949216842651367e-01 5.525043010711669922e-01 0.000000000000000000e+00
5.595817565917968750e-01 5.080167055130004883e-01 5.077049732208251953e-01 5.185377597808837891e-01 5.568538904190063477e-01 1.000000000000000000e+00
5.569002628326416016e-01 5.123464465141296387e-01 5.181283354759216309e-01 5.217841267585754395e-01 5.236495137214660645e-01 2.000000000000000000e+00
5.595817565917968750e-01 5.080167055130004883e-01 5.077049732208251953e-01 5.185377597808837891e-01 5.568538904190063477e-01 1.000000000000000000e+00
5.569002628326416016e-01 5.123464465141296387e-01 5.181283354759216309e-01 5.217841267585754395e-01 5.236495137214660645e-01 2.000000000000000000e+00
5.595817565917968750e-01 5.080167055130004883e-01 5.077049732208251953e-01 5.185377597808837891e-01 5.568538904190063477e-01 1.000000000000000000e+00
5.569002628326416016e-01 5.123464465141296387e-01 5.181283354759216309e-01 5.217841267585754395e-01 5.236495137214660645e-01 2.000000000000000000e+00
5.595817565917968750e-01 5.080167055130004883e-01 5.077049732208251953e-01 5.185377597808837891e-01 5.568538904190063477e-01 1.000000000000000000e+00
5.569002628326416016e-01 5.123464465141296387e-01 5.181283354759216309e-01 5.217841267585754395e-01 5.236495137214660645e-01 2.000000000000000000e+00
5.595817565917968750e-01 5.080167055130004883e-01 5.077049732208251953e-01 5.185377597808837891e-01 5.568538904190063477e-01 1.000000000000000000e+00
5.569002628326416016e-01 5.123464465141296387e-01 5.181283354759216309e-01 5.217841267585754395e-01 5.236495137214660645e-01 2.000000000000000000e+00
5.595817565917968750e-01 5.080167055130004883e-01 5.077049732208251953e-01 5.185377597808837891e-01 5.568538904190063477e-01 1.000000000000000000e+00
5.569002628326416016e-01 5.123464465141296387e-01 5.181283354759216309e-01 5.217841267585754395e-01 5.236495137214660645e-01 2.000000000000000000e+00
5.595817565917968750e-01 5.080167055130004883e-01 5.077049732208251953e-01 5.185377597808837891e-01 5.568538904190063477e-01 1.000000000000000000e+00
5.569002628326416016e-01 5.123464465141296387e-01 5.181283354759216309e-01 5.217841267585754395e-01 5.236495137214660645e-01 2.000000000000000000e+00
5.595817565917968750e-01 5.080167055130004883e-01 5.077049732208251953e-01 5.185377597808837891e-01 5.568538904190063477e-01 1.000000000000000000e+00
5.569002628326416016e-01 5.123464465141296387e-01 5.181283354759216309e-01 5.217841267585754395e-01 5.236495137214660645e-01 2.000000000000000000e+00
5.595817565917968750e-01 5.080167055130004883e-01 5.077049732208251953e-01 5.185377597808837891e-01 5.568538904190063477e-01 1.000000000000000000e+00
5.569002628326416016e-01 5.123464465141296387e-01 5.181283354759216309e-01 5.217841267585754395e-01 5.236495137214660645e-01 2.000000000000000000e+00
5.595817565917968750e-01 5.080167055130004883e-01 5.077049732208251953e-01 5.185377597808837891e-01 5.568538904190063477e-01 1.000000000000000000e+00
5.569002628326416016e-01 5.123464465141296387e-01 5.181283354759216309e-01 5.217841267585754395e-01 5.236495137214660645e-01 2.000000000000000000e+00
7.304564714431762695e-01 5.707473158836364746e-01 5.853991508483886719e-01 5.632227659225463867e-01 5.826475024223327637e-01 0.000000000000000000e+00
7.509946823120117188e-01 8.358893990516662598e-01 8.130910396575927734e-01 6.620591878890991211e-01 5.733082294464111328e-01 0.000000000000000000e+00
5.106458663940429688e-01 -8.006108552217483521e-02 3.413837254047393799e-01 6.994630098342895508e-01 8.242500424385070801e-01 0.000000000000000000e+00
5.380038022994995117e-01 5.537378191947937012e-01 5.439184904098510742e-01 5.461214780807495117e-01 5.460243225097656250e-01 0.000000000000000000e+00
5.556189417839050293e-01 5.628618597984313965e-01 5.511023998260498047e-01 5.527973175048828125e-01 5.440322160720825195e-01 0.000000000000000000e+00
5.452606678009033203e-01 5.574306249618530273e-01 5.657678842544555664e-01 5.537930727005004883e-01 5.504283905029296875e-01 0.000000000000000000e+00
-7.072211503982543945e-01 1.221838071942329407e-01 -7.387964725494384766e-01 5.514271855354309082e-01 5.352624654769897461e-01 0.000000000000000000e+00
-3.448083996772766113e-01 -2.373189032077789307e-01 -1.888106167316436768e-01 2.582171261310577393e-01 6.292709112167358398e-01 0.000000000000000000e+00
-6.679589748382568359e-01 -6.920574307441711426e-01 -7.042564153671264648e-01 -7.236336469650268555e-01 -7.248954772949218750e-01 0.000000000000000000e+00
-7.120289802551269531e-01 -2.635926008224487305e-01 -4.141277968883514404e-01 -7.899896502494812012e-01 -7.401874661445617676e-01 0.000000000000000000e+00
5.964589118957519531e-01 5.702725052833557129e-01 5.361685752868652344e-01 5.356596708297729492e-01 5.385758876800537109e-01 0.000000000000000000e+00
7.321525812149047852e-01 5.857459306716918945e-01 5.096881389617919922e-01 5.274354815483093262e-01 5.688931941986083984e-01 0.000000000000000000e+00
8.316665887832641602e-01 8.602313995361328125e-01 8.519829511642456055e-01 8.541953563690185547e-01 8.629197478294372559e-01 1.000000000000000000e+00
8.124745488166809082e-01 8.258172273635864258e-01 8.336364626884460449e-01 8.450775146484375000e-01 7.887002229690551758e-01 2.000000000000000000e+00
8.316665887832641602e-01 8.602313995361328125e-01 8.519829511642456055e-01 8.541953563690185547e-01 8.629197478294372559e-01 1.000000000000000000e+00
8.124745488166809082e-01 8.258172273635864258e-01 8.336364626884460449e-01 8.450775146484375000e-01 7.887002229690551758e-01 2.000000000000000000e+00
8.316665887832641602e-01 8.602313995361328125e-01 8.519829511642456055e-01 8.541953563690185547e-01 8.629197478294372559e-01 1.000000000000000000e+00
8.124745488166809082e-01 8.258172273635864258e-01 8.336364626884460449e-01 8.450775146484375000e-01 7.887002229690551758e-01 2.000000000000000000e+00
8.316665887832641602e-01 8.602313995361328125e-01 8.519829511642456055e-01 8.541953563690185547e-01 8.629197478294372559e-01 1.000000000000000000e+00
8.124745488166809082e-01 8.258172273635864258e-01 8.336364626884460449e-01 8.450775146484375000e-01 7.887002229690551758e-01 2.000000000000000000e+00
8.316665887832641602e-01 8.602313995361328125e-01 8.519829511642456055e-01 8.541953563690185547e-01 8.629197478294372559e-01 1.000000000000000000e+00
8.124745488166809082e-01 8.258172273635864258e-01 8.336364626884460449e-01 8.450775146484375000e-01 7.887002229690551758e-01 2.000000000000000000e+00
8.316665887832641602e-01 8.602313995361328125e-01 8.519829511642456055e-01 8.541953563690185547e-01 8.629197478294372559e-01 1.000000000000000000e+00
8.124745488166809082e-01 8.258172273635864258e-01 8.336364626884460449e-01 8.450775146484375000e-01 7.887002229690551758e-01 2.000000000000000000e+00
8.316665887832641602e-01 8.602313995361328125e-01 8.519829511642456055e-01 8.541953563690185547e-01 8.629197478294372559e-01 1.000000000000000000e+00
8.124745488166809082e-01 8.258172273635864258e-01 8.336364626884460449e-01 8.450775146484375000e-01 7.887002229690551758e-01 2.000000000000000000e+00
8.316665887832641602e-01 8.602313995361328125e-01 8.519829511642456055e-01 8.541953563690185547e-01 8.629197478294372559e-01 1.000000000000000000e+00
8.124745488166809082e-01 8.258172273635864258e-01 8.336364626884460449e-01 8.450775146484375000e-01 7.887002229690551758e-01 2.000000000000000000e+00
8.316665887832641602e-01 8.602313995361328125e-01 8.519829511642456055e-01 8.541953563690185547e-01 8.629197478294372559e-01 1.000000000000000000e+00
8.124745488166809082e-01 8.258172273635864258e-01 8.336364626884460449e-01 8.450775146484375000e-01 7.887002229690551758e-01 2.000000000000000000e+00
8.316665887832641602e-01 8.602313995361328125e-01 8.519829511642456055e-01 8.541953563690185547e-01 8.629197478294372559e-01 1.000000000000000000e+00
8.124745488166809082e-01 8.258172273635864258e-01 8.336364626884460449e-01 8.450775146484375000e-01 7.887002229690551758e-01 2.000000000000000000e+00
6.293902397155761719e-01 6.580153107643127441e-01 6.811763048171997070e-01 6.633350849151611328e-01 6.585159301757812500e-01 0.000000000000000000e+00
6.294049024581909180e-01 6.442649960517883301e-01 6.350592374801635742e-01 6.311733126640319824e-01 6.353772878646850586e-01 0.000000000000000000e+00
6.410561203956604004e-01 6.210565567016601562e-01 6.182978153228759766e-01 6.080371141433715820e-01 6.162805557250976562e-01 0.000000000000000000e+00
7.115015983581542969e-01 6.079123020172119141e-01 5.765115022659301758e-01 5.655058026313781738e-01 5.549787282943725586e-01 0.000000000000000000e+00
6.858403682708740234e-01 5.298087596893310547e-01 5.297680497169494629e-01 5.418515801429748535e-01 5.664950013160705566e-01 0.000000000000000000e+00
6.137873604893684387e-02 6.161699891090393066e-01 6.795115470886230469e-01 6.956543922424316406e-01 6.586592197418212891e-01 1.000000000000000000e+00
6.267477273941040039e-01 6.686531305313110352e-01 6.982792019844055176e-01 6.935135126113891602e-01 6.810420155525207520e-01 2.000000000000000000e+00
6.137873604893684387e-02 6.161699891090393066e-01 6.795115470886230469e-01 6.956543922424316406e-01 6.586592197418212891e-01 1.000000000000000000e+00
6.267477273941040039e-01 6.686531305313110352e-01 6.982792019844055176e-01 6.935135126113891602e-01 6.810420155525207520e-01 2.000000000000000000e+00
6.137873604893684387e-02 6.161699891090393066e-01 6.795115470886230469e-01 6.956543922424316406e-01 6.586592197418212891e-01 1.000000000000000000e+00
6.267477273941040039e-01 6.686531305313110352e-01 6.982792019844055176e-01 6.935135126113891602e-01 6.810420155525207520e-01 2.000000000000000000e+00
6.137873604893684387e-02 6.161699891090393066e-01 6.795115470886230469e-01 6.956543922424316406e-01 6.586592197418212891e-01 1.000000000000000000e+00
6.267477273941040039e-01 6.686531305313110352e-01 6.982792019844055176e-01 6.935135126113891602e-01 6.810420155525207520e-01 2.000000000000000000e+00
6.137873604893684387e-02 6.161699891090393066e-01 6.795115470886230469e-01 6.956543922424316406e-01 6.586592197418212891e-01 1.000000000000000000e+00
6.267477273941040039e-01 6.686531305313110352e-01 6.982792019844055176e-01 6.935135126113891602e-01 6.810420155525207520e-01 2.000000000000000000e+00
6.137873604893684387e-02 6.161699891090393066e-01 6.795115470886230469e-01 6.956543922424316406e-01 6.586592197418212891e-01 1.000000000000000000e+00
6.267477273941040039e-01 6.686531305313110352e-01 6.982792019844055176e-01 6.935135126113891602e-01 6.810420155525207520e-01 2.000000000000000000e+00
6.137873604893684387e-02 6.161699891090393066e-01 6.795115470886230469e-01 6.956543922424316406e-01 6.586592197418212891e-01 1.000000000000000000e+00
6.267477273941040039e-01 6.686531305313110352e-01 6.982792019844055176e-01 6.935135126113891602e-01 6.810420155525207520e-01 2.000000000000000000e+00
6.137873604893684387e-02 6.161699891090393066e-01 6.795115470886230469e-01 6.956543922424316406e-01 6.586592197418212891e-01 1.000000000000000000e+00
6.267477273941040039e-01 6.686531305313110352e-01 6.982792019844055176e-01 6.935135126113891602e-01 6.810420155525207520e-01 2.000000000000000000e+00
6.137873604893684387e-02 6.161699891090393066e-01 6.795115470886230469e-01 6.956543922424316406e-01 6.586592197418212891e-01 1.000000000000000000e+00
6.267477273941040039e-01 6.686531305313110352e-01 6.982792019844055176e-01 6.935135126113891602e-01 6.810420155525207520e-01 2.000000000000000000e+00
6.137873604893684387e-02 6.161699891090393066e-01 6.795115470886230469e-01 6.956543922424316406e-01 6.586592197418212891e-01 1.000000000000000000e+00
6.267477273941040039e-01 6.686531305313110352e-01 6.982792019844055176e-01 6.935135126113891602e-01 6.810420155525207520e-01 2.000000000000000000e+00
1.347806900739669800e-01 1.832647770643234253e-01 2.628566622734069824e-01 9.663584828376770020e-02 -2.536407411098480225e-01 0.000000000000000000e+00
-1.428851336240768433e-01 -4.400884509086608887e-01 -6.341021060943603516e-01 -6.398618221282958984e-01 -7.686026692390441895e-01 0.000000000000000000e+00
4.170469641685485840e-01 2.477061152458190918e-01 5.893315747380256653e-02 -1.231818180531263351e-02 -4.901196360588073730e-01 0.000000000000000000e+00
2.844792008399963379e-01 2.984794974327087402e-01 2.374130338430404663e-01 4.797862470149993896e-02 1.396291404962539673e-01 0.000000000000000000e+00
-5.568228960037231445e-01 -5.644858479499816895e-01 -5.212166905403137207e-01 -5.515294075012207031e-01 -4.951395690441131592e-01 0.000000000000000000e+00
-5.232959985733032227e-01 -4.904324114322662354e-01 -6.720223426818847656e-01 -7.863028049468994141e-01 -8.209716081619262695e-01 0.000000000000000000e+00
-4.928384721279144287e-01 -4.211993813514709473e-01 -4.906557500362396240e-01 -5.115433335304260254e-01 -6.988172531127929688e-01 0.000000000000000000e+00
7.618073821067810059e-01 8.142842054367065430e-01 8.589020967483520508e-01 8.383642435073852539e-01 8.166654109954833984e-01 0.000000000000000000e+00
6.736005544662475586e-01 6.859577298164367676e-01 6.424069404602050781e-01 6.642585992813110352e-01 5.988240242004394531e-01 0.000000000000000000e+00
-2.086910456418991089e-01 -7.351777702569961548e-02 2.280372828245162964e-01 -1.604344397783279419e-01 -3.376112282276153564e-01 0.000000000000000000e+00
-1.075337231159210205e-01 1.119704693555831909e-01 -4.477697312831878662e-01 -4.036715924739837646e-01 -7.783279418945312500e-01 0.000000000000000000e+00
-6.289246082305908203e-01 -3.932535648345947266e-01 -1.370658129453659058e-01 -8.693548440933227539e-01 -8.967449665069580078e-01 0.000000000000000000e+00
-2.063433378934860229e-01 -1.518174558877944946e-01 -2.737747132778167725e-01 -6.922179460525512695e-01 -7.565109729766845703e-01 0.000000000000000000e+00
2.905133962631225586e-01 3.325991928577423096e-01 2.223078906536102295e-01 1.048784852027893066e-01 7.335601001977920532e-02 0.000000000000000000e+00
8.053234815597534180e-01 7.531634569168090820e-01 6.672092676162719727e-01 6.649405956268310547e-01 5.848056077957153320e-01 0.000000000000000000e+00
7.472968697547912598e-01 6.627861261367797852e-01 5.907970666885375977e-01 5.746552348136901855e-01 5.510600805282592773e-01 0.000000000000000000e+00
8.073951601982116699e-01 7.764452695846557617e-01 6.743701696395874023e-01 6.113035678863525391e-01 5.635547041893005371e-01 0.000000000000000000e+00
8.178522586822509766e-01 7.743539810180664062e-01 7.069112062454223633e-01 6.512807607650756836e-01 5.875895619392395020e-01 0.000000000000000000e+00
7.712241411209106445e-01 6.960054636001586914e-01 6.267329454421997070e-01 5.597615242004394531e-01 5.569447875022888184e-01 0.000000000000000000e+00
7.993019819259643555e-01 7.002453804016113281e-01 6.332777738571166992e-01 5.538493394851684570e-01 5.623012781143188477e-01 0.000000000000000000e+00
6.391064524650573730e-01 6.330320835113525391e-01 5.934391021728515625e-01 5.808771252632141113e-01 5.540746450424194336e-01 0.000000000000000000e+00
6.876467466354370117e-01 6.479726433753967285e-01 5.895354151725769043e-01 5.370387434959411621e-01 5.371530055999755859e-01 0.000000000000000000e+00
7.671664953231811523e-01 7.187806367874145508e-01 6.580662727355957031e-01 6.208262443542480469e-01 5.617727637290954590e-01 0.000000000000000000e+00
8.137707114219665527e-01 7.641698122024536133e-01 7.150655388832092285e-01 6.455571055412292480e-01 5.647438764572143555e-01 0.000000000000000000e+00
8.254424333572387695e-01 7.738559842109680176e-01 7.117398977279663086e-01 6.474806070327758789e-01 5.930829048156738281e-01 0.000000000000000000e+00
8.324999213218688965e-01 7.652339935302734375e-01 7.000061273574829102e-01 6.337010860443115234e-01 5.797634124755859375e-01 0.000000000000000000e+00
8.358625173568725586e-01 7.838559746742248535e-01 7.024323940277099609e-01 6.522616147994995117e-01 5.805358886718750000e-01 0.000000000000000000e+00
8.415469527244567871e-01 7.779824137687683105e-01 6.964287161827087402e-01 6.266095638275146484e-01 5.664230585098266602e-01 0.000000000000000000e+00
-8.647165894508361816e-01 -6.699807643890380859e-01 -2.294500470161437988e-01 5.877820253372192383e-01 5.710247755050659180e-01 0.000000000000000000e+00
-5.879671573638916016e-01 -3.443598747253417969e-01 -6.025812625885009766e-01 -8.548399209976196289e-01 -8.726454973220825195e-01 0.000000000000000000e+00
4.677248895168304443e-01 5.653135776519775391e-01 5.641826987266540527e-01 5.657745003700256348e-01 5.501794815063476562e-01 0.000000000000000000e+00
-8.217532187700271606e-02 5.738823413848876953e-01 5.357626080513000488e-01 5.248289108276367188e-01 4.951596260070800781e-01 0.000000000000000000e+00
3.096946477890014648e-01 6.557385325431823730e-01 6.255845427513122559e-01 5.818586945533752441e-01 5.404995679855346680e-01 0.000000000000000000e+00
7.034499645233154297e-01 7.229766249656677246e-01 7.158637642860412598e-01 7.143660783767700195e-01 6.429734826087951660e-01 0.000000000000000000e+00
7.741081714630126953e-01 8.124716877937316895e-01 7.956833243370056152e-01 7.273194789886474609e-01 6.511737108230590820e-01 0.000000000000000000e+00
-7.585286498069763184e-01 -2.167659699916839600e-01 -3.821795284748077393e-01 8.087089657783508301e-02 3.535278737545013428e-01 0.000000000000000000e+00
3.706728219985961914e-01 6.052589416503906250e-01 5.895364284515380859e-01 5.857651829719543457e-01 5.775634050369262695e-01 0.000000000000000000e+00
2.729170620441436768e-01 6.065924167633056641e-01 6.143728494644165039e-01 5.825492143630981445e-01 5.536770224571228027e-01 0.000000000000000000e+00
4.005328714847564697e-01 5.658004879951477051e-01 5.286913514137268066e-01 5.229951739311218262e-01 5.025960803031921387e-01 0.000000000000000000e+00
-3.727210164070129395e-01 -3.210901618003845215e-01 -5.352217555046081543e-01 -5.656390190124511719e-01 -6.466545462608337402e-01 0.000000000000000000e+00
7.652342319488525391e-01 7.220199704170227051e-01 6.520293354988098145e-01 5.824503302574157715e-01 5.414503812789916992e-01 0.000000000000000000e+00
-8.623509407043457031e-01 -8.720868229866027832e-01 -9.059123396873474121e-01 -9.119963645935058594e-01 -9.400322437286376953e-01 1.000000000000000000e+00
-7.297252416610717773e-01 -5.589901804924011230e-01 -8.055934906005859375e-01 -8.307132720947265625e-01 -8.389106392860412598e-01 2.000000000000000000e+00
-8.623509407043457031e-01 -8.720868229866027832e-01 -9.059123396873474121e-01 -9.119963645935058594e-01 -9.400322437286376953e-01 1.000000000000000000e+00
-7.297252416610717773e-01 -5.589901804924011230e-01 -8.055934906005859375e-01 -8.307132720947265625e-01 -8.389106392860412598e-01 2.000000000000000000e+00
-8.623509407043457031e-01 -8.720868229866027832e-01 -9.059123396873474121e-01 -9.119963645935058594e-01 -9.400322437286376953e-01 1.000000000000000000e+00
-7.297252416610717773e-01 -5.589901804924011230e-01 -8.055934906005859375e-01 -8.307132720947265625e-01 -8.389106392860412598e-01 2.000000000000000000e+00
-8.623509407043457031e-01 -8.720868229866027832e-01 -9.059123396873474121e-01 -9.119963645935058594e-01 -9.400322437286376953e-01 1.000000000000000000e+00
-7.297252416610717773e-01 -5.589901804924011230e-01 -8.055934906005859375e-01 -8.307132720947265625e-01 -8.389106392860412598e-01 2.000000000000000000e+00
-8.623509407043457031e-01 -8.720868229866027832e-01 -9.059123396873474121e-01 -9.119963645935058594e-01 -9.400322437286376953e-01 1.000000000000000000e+00
-7.297252416610717773e-01 -5.589901804924011230e-01 -8.055934906005859375e-01 -8.307132720947265625e-01 -8.389106392860412598e-01 2.000000000000000000e+00
-8.623509407043457031e-01 -8.720868229866027832e-01 -9.059123396873474121e-01 -9.119963645935058594e-01 -9.400322437286376953e-01 1.000000000000000000e+00
-7.297252416610717773e-01 -5.589901804924011230e-01 -8.055934906005859375e-01 -8.307132720947265625e-01 -8.389106392860412598e-01 2.000000000000000000e+00
-8.623509407043457031e-01 -8.720868229866027832e-01 -9.059123396873474121e-01 -9.119963645935058594e-01 -9.400322437286376953e-01 1.000000000000000000e+00
-7.297252416610717773e-01 -5.589901804924011230e-01 -8.055934906005859375e-01 -8.307132720947265625e-01 -8.389106392860412598e-01 2.000000000000000000e+00
-8.623509407043457031e-01 -8.720868229866027832e-01 -9.059123396873474121e-01 -9.119963645935058594e-01 -9.400322437286376953e-01 1.000000000000000000e+00
-7.297252416610717773e-01 -5.589901804924011230e-01 -8.055934906005859375e-01 -8.307132720947265625e-01 -8.389106392860412598e-01 2.000000000000000000e+00
-8.623509407043457031e-01 -8.720868229866027832e-01 -9.059123396873474121e-01 -9.119963645935058594e-01 -9.400322437286376953e-01 1.000000000000000000e+00
-7.297252416610717773e-01 -5.589901804924011230e-01 -8.055934906005859375e-01 -8.307132720947265625e-01 -8.389106392860412598e-01 2.000000000000000000e+00
-8.623509407043457031e-01 -8.720868229866027832e-01 -9.059123396873474121e-01 -9.119963645935058594e-01 -9.400322437286376953e-01 1.000000000000000000e+00
-7.297252416610717773e-01 -5.589901804924011230e-01 -8.055934906005859375e-01 -8.307132720947265625e-01 -8.389106392860412598e-01 2.000000000000000000e+00
8.492579460144042969e-01 7.911230325698852539e-01 7.305971384048461914e-01 6.693938970565795898e-01 6.126819849014282227e-01 0.000000000000000000e+00
8.496131300926208496e-01 8.028715848922729492e-01 7.383948564529418945e-01 6.705043315887451172e-01 6.006273031234741211e-01 0.000000000000000000e+00
8.446599245071411133e-01 7.963793277740478516e-01 7.259920835494995117e-01 6.608502864837646484e-01 6.009396314620971680e-01 0.000000000000000000e+00
8.530181646347045898e-01 8.442964553833007812e-01 7.944363951683044434e-01 7.229166030883789062e-01 6.566872596740722656e-01 0.000000000000000000e+00
8.496059775352478027e-01 8.314567208290100098e-01 8.090619444847106934e-01 7.296353578567504883e-01 6.895391941070556641e-01 0.000000000000000000e+00
8.567663431167602539e-01 8.332274556159973145e-01 7.887371182441711426e-01 7.324994802474975586e-01 6.833567023277282715e-01 0.000000000000000000e+00
7.522124052047729492e-01 7.181174755096435547e-01 7.242673635482788086e-01 6.872790455818176270e-01 6.270465850830078125e-01 0.000000000000000000e+00
7.025727033615112305e-01 6.951190233230590820e-01 6.983187198638916016e-01 6.869785785675048828e-01 6.782749891281127930e-01 0.000000000000000000e+00
6.585012674331665039e-01 6.683177947998046875e-01 6.554337739944458008e-01 6.413556337356567383e-01 6.544281244277954102e-01 0.000000000000000000e+00
5.549734830856323242e-01 6.075260043144226074e-01 6.437193751335144043e-01 6.402088403701782227e-01 6.362705230712890625e-01 0.000000000000000000e+00
5.847373008728027344e-01 6.168273091316223145e-01 6.059647798538208008e-01 6.255679130554199219e-01 6.205825209617614746e-01 0.000000000000000000e+00
6.932543516159057617e-01 6.753215789794921875e-01 5.888754725456237793e-01 5.829032659530639648e-01 5.765889286994934082e-01 0.000000000000000000e+00
7.786506414413452148e-01 7.470285892486572266e-01 6.504900455474853516e-01 6.193941831588745117e-01 5.710455179214477539e-01 0.000000000000000000e+00
8.269691467285156250e-01 7.855098843574523926e-01 6.922976970672607422e-01 6.456370353698730469e-01 5.677325725555419922e-01 0.000000000000000000e+00
6.198214292526245117e-01 6.554453969001770020e-01 6.085220575332641602e-01 6.046547889709472656e-01 6.136319041252136230e-01 0.000000000000000000e+00
7.524823546409606934e-01 6.846017241477966309e-01 5.993812084197998047e-01 5.889399051666259766e-01 5.651323795318603516e-01 0.000000000000000000e+00
8.413208127021789551e-01 7.932184338569641113e-01 7.027956247329711914e-01 6.069672107696533203e-01 5.485532283782958984e-01 0.000000000000000000e+00
8.419200181961059570e-01 7.822241187095642090e-01 7.111689448356628418e-01 6.524542570114135742e-01 5.700902938842773438e-01 0.000000000000000000e+00
6.354397535324096680e-01 6.168345212936401367e-01 5.718963146209716797e-01 5.789362192153930664e-01 5.400367975234985352e-01 0.000000000000000000e+00
4.952691495418548584e-01 5.838369727134704590e-01 5.572313070297241211e-01 5.791430473327636719e-01 5.942054390907287598e-01 0.000000000000000000e+00
-1.332773119211196899e-01 3.823447823524475098e-01 4.612278640270233154e-01 5.170997977256774902e-01 5.694104433059692383e-01 0.000000000000000000e+00
4.767701327800750732e-01 3.830225467681884766e-01 3.109130859375000000e-01 1.412703245878219604e-01 -2.812079787254333496e-01 0.000000000000000000e+00
3.759414255619049072e-01 2.991594374179840088e-01 2.916015684604644775e-01 4.901801049709320068e-01 4.360522031784057617e-01 0.000000000000000000e+00
4.663964509963989258e-01 3.393510580062866211e-01 4.066516458988189697e-01 2.677474617958068848e-01 -1.238693743944168091e-01 0.000000000000000000e+00
5.628830194473266602e-01 4.619496464729309082e-01 3.644417822360992432e-01 1.058363243937492371e-01 -1.644289195537567139e-01 0.000000000000000000e+00
7.221755385398864746e-01 -2.713402509689331055e-01 5.071280002593994141e-01 6.976691484451293945e-01 5.231963396072387695e-01 0.000000000000000000e+00
-3.302357196807861328e-01 -3.575363457202911377e-01 -2.901600301265716553e-01 -5.458785295486450195e-01 -5.066649317741394043e-01 0.000000000000000000e+00
-2.408601902425289154e-02 -3.542222976684570312e-01 -9.723147749900817871e-02 -5.293301343917846680e-01 -7.235810756683349609e-01 0.000000000000000000e+00
8.005678057670593262e-01 7.338346838951110840e-01 6.647617816925048828e-01 5.993472337722778320e-01 5.561223030090332031e-01 0.000000000000000000e+00
7.885936498641967773e-01 7.317678928375244141e-01 6.512252092361450195e-01 5.989700555801391602e-01 5.644220113754272461e-01 0.000000000000000000e+00
8.192601799964904785e-01 7.554540634155273438e-01 6.784160733222961426e-01 6.029099225997924805e-01 5.653819441795349121e-01 0.000000000000000000e+00
8.020143508911132812e-01 7.499819993972778320e-01 6.703151464462280273e-01 5.972759723663330078e-01 5.688043832778930664e-01 0.000000000000000000e+00
5.096379518508911133e-01 4.867089986801147461e-01 5.150545239448547363e-01 5.534880161285400391e-01 6.004378795623779297e-01 0.000000000000000000e+00
5.360518693923950195e-01 -3.236972913146018982e-02 -4.191874563694000244e-01 -4.989624023437500000e-01 4.975282847881317139e-01 0.000000000000000000e+00
5.810074806213378906e-01 5.262899398803710938e-01 5.191089510917663574e-01 5.243319272994995117e-01 5.394390821456909180e-01 0.000000000000000000e+00
5.635914206504821777e-01 5.347293615341186523e-01 5.227685570716857910e-01 5.115643739700317383e-01 4.971408545970916748e-01 0.000000000000000000e+00
5.683775544166564941e-01 5.472975969314575195e-01 5.196292400360107422e-01 5.062352418899536133e-01 5.016755461692810059e-01 0.000000000000000000e+00
5.627242326736450195e-01 5.495378971099853516e-01 5.265719294548034668e-01 5.317336916923522949e-01 5.074180364608764648e-01 0.000000000000000000e+00
5.942424535751342773e-01 5.412812232971191406e-01 5.268933773040771484e-01 5.207304358482360840e-01 5.041475296020507812e-01 0.000000000000000000e+00
6.895275115966796875e-01 6.357407569885253906e-01 5.518379211425781250e-01 5.239613652229309082e-01 5.242761969566345215e-01 0.000000000000000000e+00
7.324947118759155273e-01 6.692218780517578125e-01 6.154526472091674805e-01 5.641769170761108398e-01 5.465992689132690430e-01 0.000000000000000000e+00
6.922067403793334961e-01 5.237171053886413574e-01 5.364426970481872559e-01 5.678124427795410156e-01 5.958295464515686035e-01 0.000000000000000000e+00
2.609339058399200439e-01 5.581042766571044922e-01 5.348771810531616211e-01 5.292835235595703125e-01 5.177031159400939941e-01 1.000000000000000000e+00
5.707489252090454102e-01 5.443410873413085938e-01 5.256373286247253418e-01 5.216711759567260742e-01 5.058675408363342285e-01 2.000000000000000000e+00
2.609339058399200439e-01 5.581042766571044922e-01 5.348771810531616211e-01 5.292835235595703125e-01 5.177031159400939941e-01 1.000000000000000000e+00
5.707489252090454102e-01 5.443410873413085938e-01 5.256373286247253418e-01 5.216711759567260742e-01 5.058675408363342285e-01 2.000000000000000000e+00
2.609339058399200439e-01 5.581042766571044922e-01 5.348771810531616211e-01 5.292835235595703125e-01 5.177031159400939941e-01 1.000000000000000000e+00
5.707489252090454102e-01 5.443410873413085938e-01 5.256373286247253418e-01 5.216711759567260742e-01 5.058675408363342285e-01 2.000000000000000000e+00
2.609339058399200439e-01 5.581042766571044922e-01 5.348771810531616211e-01 5.292835235595703125e-01 5.177031159400939941e-01 1.000000000000000000e+00
5.707489252090454102e-01 5.443410873413085938e-01 5.256373286247253418e-01 5.216711759567260742e-01 5.058675408363342285e-01 2.000000000000000000e+00
2.609339058399200439e-01 5.581042766571044922e-01 5.348771810531616211e-01 5.292835235595703125e-01 5.177031159400939941e-01 1.000000000000000000e+00
5.707489252090454102e-01 5.443410873413085938e-01 5.256373286247253418e-01 5.216711759567260742e-01 5.058675408363342285e-01 2.000000000000000000e+00
2.609339058399200439e-01 5.581042766571044922e-01 5.348771810531616211e-01 5.292835235595703125e-01 5.177031159400939941e-01 1.000000000000000000e+00
5.707489252090454102e-01 5.443410873413085938e-01 5.256373286247253418e-01 5.216711759567260742e-01 5.058675408363342285e-01 2.000000000000000000e+00
2.609339058399200439e-01 5.581042766571044922e-01 5.348771810531616211e-01 5.292835235595703125e-01 5.177031159400939941e-01 1.000000000000000000e+00
5.707489252090454102e-01 5.443410873413085938e-01 5.256373286247253418e-01 5.216711759567260742e-01 5.058675408363342285e-01 2.000000000000000000e+00
2.609339058399200439e-01 5.581042766571044922e-01 5.348771810531616211e-01 5.292835235595703125e-01 5.177031159400939941e-01 1.000000000000000000e+00
5.707489252090454102e-01 5.443410873413085938e-01 5.256373286247253418e-01 5.216711759567260742e-01 5.058675408363342285e-01 2.000000000000000000e+00
2.609339058399200439e-01 5.581042766571044922e-01 5.348771810531616211e-01 5.292835235595703125e-01 5.177031159400939941e-01 1.000000000000000000e+00
5.707489252090454102e-01 5.443410873413085938e-01 5.256373286247253418e-01 5.216711759567260742e-01 5.058675408363342285e-01 2.000000000000000000e+00
2.609339058399200439e-01 5.581042766571044922e-01 5.348771810531616211e-01 5.292835235595703125e-01 5.177031159400939941e-01 1.000000000000000000e+00
5.707489252090454102e-01 5.443410873413085938e-01 5.256373286247253418e-01 5.216711759567260742e-01 5.058675408363342285e-01 2.000000000000000000e+00
5.139452815055847168e-01 5.263085961341857910e-01 5.143511295318603516e-01 5.203561782836914062e-01 5.339676141738891602e-01 0.000000000000000000e+00
4.095076322555541992e-01 5.017423033714294434e-01 5.088500976562500000e-01 5.135601162910461426e-01 5.246258378028869629e-01 0.000000000000000000e+00
5.082822442054748535e-01 5.147331953048706055e-01 5.204171538352966309e-01 5.109723210334777832e-01 5.081055164337158203e-01 0.000000000000000000e+00
-5.216892957687377930e-01 3.417078256607055664e-01 5.121135115623474121e-01 5.106835961341857910e-01 5.163373947143554688e-01 0.000000000000000000e+00
-6.600790023803710938e-01 2.652462385594844818e-02 4.333421885967254639e-01 4.933537542819976807e-01 4.897763729095458984e-01 0.000000000000000000e+00
-6.566682457923889160e-01 -6.240111589431762695e-01 -8.384144306182861328e-01 -6.569622159004211426e-01 1.681089401245117188e-01 0.000000000000000000e+00
-7.513048648834228516e-01 -3.337653875350952148e-01 -3.440924286842346191e-01 5.208242535591125488e-01 5.722281932830810547e-01 0.000000000000000000e+00
-7.082227468490600586e-01 -7.919390201568603516e-01 -7.379721403121948242e-01 -6.455780267715454102e-01 -5.655332803726196289e-01 1.000000000000000000e+00
4.331887960433959961e-01 4.677327573299407959e-01 5.024915337562561035e-01 4.912426471710205078e-01 2.058139443397521973e-01 2.000000000000000000e+00
-7.082227468490600586e-01 -7.919390201568603516e-01 -7.379721403121948242e-01 -6.455780267715454102e-01 -5.655332803726196289e-01 1.000000000000000000e+00
4.331887960433959961e-01 4.677327573299407959e-01 5.024915337562561035e-01 4.912426471710205078e-01 2.058139443397521973e-01 2.000000000000000000e+00
-7.082227468490600586e-01 -7.919390201568603516e-01 -7.379721403121948242e-01 -6.455780267715454102e-01 -5.655332803726196289e-01 1.000000000000000000e+00
4.331887960433959961e-01 4.677327573299407959e-01 5.024915337562561035e-01 4.912426471710205078e-01 2.058139443397521973e-01 2.000000000000000000e+00
-7.082227468490600586e-01 -7.919390201568603516e-01 -7.379721403121948242e-01 -6.455780267715454102e-01 -5.655332803726196289e-01 1.000000000000000000e+00
4.331887960433959961e-01 4.677327573299407959e-01 5.024915337562561035e-01 4.912426471710205078e-01 2.058139443397521973e-01 2.000000000000000000e+00
-7.082227468490600586e-01 -7.919390201568603516e-01 -7.379721403121948242e-01 -6.455780267715454102e-01 -5.655332803726196289e-01 1.000000000000000000e+00
4.331887960433959961e-01 4.677327573299407959e-01 5.024915337562561035e-01 4.912426471710205078e-01 2.058139443397521973e-01 2.000000000000000000e+00
-7.082227468490600586e-01 -7.919390201568603516e-01 -7.379721403121948242e-01 -6.455780267715454102e-01 -5.655332803726196289e-01 1.000000000000000000e+00
4.331887960433959961e-01 4.677327573299407959e-01 5.024915337562561035e-01 4.912426471710205078e-01 2.058139443397521973e-01 2.000000000000000000e+00
-7.082227468490600586e-01 -7.919390201568603516e-01 -7.379721403121948242e-01 -6.455780267715454102e-01 -5.655332803726196289e-01 1.000000000000000000e+00
4.331887960433959961e-01 4.677327573299407959e-01 5.024915337562561035e-01 4.912426471710205078e-01 2.058139443397521973e-01 2.000000000000000000e+00
-7.082227468490600586e-01 -7.919390201568603516e-01 -7.379721403121948242e-01 -6.455780267715454102e-01 -5.655332803726196289e-01 1.000000000000000000e+00
4.331887960433959961e-01 4.677327573299407959e-01 5.024915337562561035e-01 4.912426471710205078e-01 2.058139443397521973e-01 2.000000000000000000e+00
-7.082227468490600586e-01 -7.919390201568603516e-01 -7.379721403121948242e-01 -6.455780267715454102e-01 -5.655332803726196289e-01 1.000000000000000000e+00
4.331887960433959961e-01 4.677327573299407959e-01 5.024915337562561035e-01 4.912426471710205078e-01 2.058139443397521973e-01 2.000000000000000000e+00
-7.082227468490600586e-01 -7.919390201568603516e-01 -7.379721403121948242e-01 -6.455780267715454102e-01 -5.655332803726196289e-01 1.000000000000000000e+00
4.331887960433959961e-01 4.677327573299407959e-01 5.024915337562561035e-01 4.912426471710205078e-01 2.058139443397521973e-01 2.000000000000000000e+00
4.663938283920288086e-01 5.287734270095825195e-01 5.179846882820129395e-01 5.218414068222045898e-01 5.286594629287719727e-01 0.000000000000000000e+00
4.797007739543914795e-01 5.188967585563659668e-01 5.246838927268981934e-01 5.262955427169799805e-01 5.227283239364624023e-01 0.000000000000000000e+00
5.517693758010864258e-01 5.154889225959777832e-01 5.243991017341613770e-01 5.180416703224182129e-01 5.366177558898925781e-01 0.000000000000000000e+00
3.184927701950073242e-01 4.938438832759857178e-01 5.434579849243164062e-01 5.217083096504211426e-01 5.092334747314453125e-01 0.000000000000000000e+00
4.540568292140960693e-01 5.285264849662780762e-01 5.285868048667907715e-01 5.288398265838623047e-01 5.252211093902587891e-01 0.000000000000000000e+00
-7.225250005722045898e-01 -1.569702327251434326e-01 -1.586406677961349487e-01 -7.686776574701070786e-03 4.606217443943023682e-01 0.000000000000000000e+00
-5.937783718109130859e-01 -5.986079573631286621e-01 -6.428323984146118164e-01 -7.108014225959777832e-01 -6.808077096939086914e-01 0.000000000000000000e+00
7.224022150039672852e-01 7.186825275421142578e-01 7.059109210968017578e-01 6.929095983505249023e-01 6.843198537826538086e-01 0.000000000000000000e+00
-5.120069980621337891e-01 -1.794569343328475952e-01 5.864906311035156250e-01 7.129392623901367188e-01 7.096798419952392578e-01 0.000000000000000000e+00
4.927333295345306396e-01 6.385142803192138672e-01 6.994793415069580078e-01 7.148233056068420410e-01 7.204041481018066406e-01 0.000000000000000000e+00
1.382793188095092773e-01 5.998620390892028809e-01 6.729209423065185547e-01 7.166710495948791504e-01 7.234994173049926758e-01 0.000000000000000000e+00
5.839214324951171875e-01 6.244312524795532227e-01 6.794720292091369629e-01 7.059832811355590820e-01 6.982258558273315430e-01 0.000000000000000000e+00
6.506500244140625000e-01 6.613026857376098633e-01 6.640959382057189941e-01 6.566692590713500977e-01 6.513787508010864258e-01 0.000000000000000000e+00
6.533926725387573242e-01 6.113224029541015625e-01 6.122085452079772949e-01 6.220681667327880859e-01 6.213521957397460938e-01 0.000000000000000000e+00
5.602473020553588867e-01 5.834339857101440430e-01 5.794764161109924316e-01 5.742034316062927246e-01 5.539060235023498535e-01 0.000000000000000000e+00
5.732533931732177734e-01 5.458276271820068359e-01 5.297591090202331543e-01 5.274289846420288086e-01 5.082794427871704102e-01 0.000000000000000000e+00
6.246905326843261719e-01 5.515774488449096680e-01 5.277873873710632324e-01 5.204853415489196777e-01 5.032640695571899414e-01 0.000000000000000000e+00
7.324019670486450195e-01 6.730725765228271484e-01 6.183824539184570312e-01 5.776225924491882324e-01 5.307084321975708008e-01 0.000000000000000000e+00
7.842894792556762695e-01 7.273920178413391113e-01 6.559693217277526855e-01 5.951099991798400879e-01 5.444713830947875977e-01 0.000000000000000000e+00
8.273462057113647461e-01 7.709140777587890625e-01 6.999777555465698242e-01 6.286842823028564453e-01 5.620105266571044922e-01 0.000000000000000000e+00
8.017175197601318359e-01 7.266287803649902344e-01 6.668738722801208496e-01 6.096264719963073730e-01 5.667070150375366211e-01 0.000000000000000000e+00
-1.524479687213897705e-01 5.637766718864440918e-01 5.575690269470214844e-01 5.336797833442687988e-01 5.220081806182861328e-01 0.000000000000000000e+00
5.278152823448181152e-01 5.530441999435424805e-01 5.623772740364074707e-01 5.738292932510375977e-01 5.678435564041137695e-01 0.000000000000000000e+00
5.316078066825866699e-01 5.369604229927062988e-01 5.264496207237243652e-01 5.201619863510131836e-01 5.301851630210876465e-01 0.000000000000000000e+00
6.085716485977172852e-01 6.426447033882141113e-01 3.593504130840301514e-01 6.014336943626403809e-01 5.114862918853759766e-01 0.000000000000000000e+00
7.198806405067443848e-01 7.551009654998779297e-01 6.776754856109619141e-01 6.167137622833251953e-01 5.416142940521240234e-01 0.000000000000000000e+00
7.040077447891235352e-01 6.509017944335937500e-01 5.746897459030151367e-01 5.380672216415405273e-01 5.481505393981933594e-01 0.000000000000000000e+00
8.022977113723754883e-01 7.341442704200744629e-01 6.665908098220825195e-01 5.927742719650268555e-01 5.604718327522277832e-01 0.000000000000000000e+00
8.363184332847595215e-01 7.855461835861206055e-01 7.073573470115661621e-01 6.464250087738037109e-01 5.573865175247192383e-01 0.000000000000000000e+00
5.987514257431030273e-01 5.689948797225952148e-01 6.191735267639160156e-01 6.477062702178955078e-01 6.129286289215087891e-01 0.000000000000000000e+00
5.172423720359802246e-01 4.855874776840209961e-01 4.910849034786224365e-01 4.961106777191162109e-01 5.018152594566345215e-01 0.000000000000000000e+00
5.713701248168945312e-01 5.248182415962219238e-01 5.315712690353393555e-01 5.206937789916992188e-01 5.182780623435974121e-01 0.000000000000000000e+00
2.555243968963623047e-01 4.789574742317199707e-01 4.770812988281250000e-01 5.105940699577331543e-01 5.166891217231750488e-01 0.000000000000000000e+00
5.134247541427612305e-01 5.802420973777770996e-01 5.479300022125244141e-01 5.564447641372680664e-01 5.448889732360839844e-01 0.000000000000000000e+00
5.561070442199707031e-01 5.935648679733276367e-01 5.443443059921264648e-01 5.604275465011596680e-01 5.596075057983398438e-01 0.000000000000000000e+00
6.157915592193603516e-01 5.697853565216064453e-01 5.188675522804260254e-01 5.261507630348205566e-01 5.367547869682312012e-01 0.000000000000000000e+00
8.129580616950988770e-01 6.902394294738769531e-01 6.012211441993713379e-01 5.437158942222595215e-01 5.466341972351074219e-01 0.000000000000000000e+00
8.553955554962158203e-01 8.630020618438720703e-01 8.632129430770874023e-01 7.773167490959167480e-01 6.922410726547241211e-01 0.000000000000000000e+00
8.244655132293701172e-01 8.599512577056884766e-01 8.273943066596984863e-01 7.683658003807067871e-01 7.317860126495361328e-01 0.000000000000000000e+00
7.674633860588073730e-01 7.819998860359191895e-01 7.765821218490600586e-01 6.598463654518127441e-01 7.334034442901611328e-01 0.000000000000000000e+00
7.835097312927246094e-01 6.730358600616455078e-01 6.002250909805297852e-01 5.482597947120666504e-01 5.373799800872802734e-01 0.000000000000000000e+00
