7.329121232032775879e-01 8.921446800231933594e-01 9.689468145370483398e-01 9.911932945251464844e-01 9.993098974227905273e-01 0.000000000000000000e+00
3.846926689147949219e-01 7.125228643417358398e-01 8.925454616546630859e-01 9.421451687812805176e-01 9.817952513694763184e-01 0.000000000000000000e+00
4.812512397766113281e-01 -6.244789361953735352e-01 -6.350904703140258789e-01 -6.793444156646728516e-01 -7.492444515228271484e-01 0.000000000000000000e+00
5.973408818244934082e-01 3.169645741581916809e-02 -4.896835982799530029e-01 -5.667736530303955078e-01 -6.599800586700439453e-01 0.000000000000000000e+00
7.547495365142822266e-01 9.175912141799926758e-01 9.913164377212524414e-01 9.984299540519714355e-01 9.999005198478698730e-01 0.000000000000000000e+00
9.260087013244628906e-01 9.807859659194946289e-01 9.996451139450073242e-01 9.999874830245971680e-01 1.000000000000000000e+00 0.000000000000000000e+00
9.067410230636596680e-01 9.680781960487365723e-01 9.936263561248779297e-01 9.998397827148437500e-01 9.999988675117492676e-01 0.000000000000000000e+00
7.864026427268981934e-01 7.970730066299438477e-01 7.193609476089477539e-01 -2.896779179573059082e-01 -3.042319118976593018e-01 0.000000000000000000e+00
9.238506555557250977e-01 9.961267113685607910e-01 9.999430179595947266e-01 9.999998807907104492e-01 1.000000000000000000e+00 0.000000000000000000e+00
6.930387020111083984e-01 8.679418563842773438e-01 9.800978302955627441e-01 9.986745715141296387e-01 9.999956488609313965e-01 0.000000000000000000e+00
9.237613677978515625e-01 9.963536858558654785e-01 9.998455047607421875e-01 9.999983906745910645e-01 1.000000000000000000e+00 0.000000000000000000e+00
7.321200966835021973e-01 9.561008810997009277e-01 9.870168566703796387e-01 9.996405839920043945e-01 9.999992847442626953e-01 0.000000000000000000e+00
7.538734078407287598e-01 8.231741189956665039e-01 8.848187327384948730e-01 9.292285442352294922e-01 9.565439224243164062e-01 0.000000000000000000e+00
8.787595629692077637e-01 9.518558382987976074e-01 9.890670776367187500e-01 9.982966184616088867e-01 9.999048113822937012e-01 0.000000000000000000e+00
9.964893460273742676e-01 9.999950528144836426e-01 1.000000000000000000e+00 1.000000000000000000e+00 1.000000000000000000e+00 0.000000000000000000e+00
8.262349367141723633e-01 9.932104945182800293e-01 9.999340176582336426e-01 9.999998807907104492e-01 1.000000000000000000e+00 0.000000000000000000e+00
9.574862718582153320e-01 9.996439218521118164e-01 9.999997615814208984e-01 1.000000000000000000e+00 1.000000000000000000e+00 0.000000000000000000e+00
9.865228533744812012e-01 9.999192357063293457e-01 9.999999403953552246e-01 1.000000000000000000e+00 1.000000000000000000e+00 0.000000000000000000e+00
9.786069989204406738e-01 9.936111569404602051e-01 9.999605417251586914e-01 1.000000000000000000e+00 1.000000000000000000e+00 0.000000000000000000e+00
9.987085461616516113e-01 9.999921917915344238e-01 1.000000000000000000e+00 1.000000000000000000e+00 1.000000000000000000e+00 0.000000000000000000e+00
-4.698331058025360107e-01 -8.050293922424316406e-01 -8.212069272994995117e-01 -9.318046569824218750e-01 -9.777030348777770996e-01 0.000000000000000000e+00
6.900333166122436523e-01 9.963153600692749023e-01 9.999541640281677246e-01 9.999999403953552246e-01 1.000000000000000000e+00 0.000000000000000000e+00
5.411455631256103516e-01 1.647119522094726562e-01 7.031190395355224609e-01 9.921012520790100098e-01 9.994159936904907227e-01 0.000000000000000000e+00
5.986633300781250000e-01 -2.672363221645355225e-01 -4.285927712917327881e-01 -4.248761534690856934e-01 -3.937809467315673828e-01 0.000000000000000000e+00
-4.188928008079528809e-01 -3.423651158809661865e-01 -3.867968320846557617e-01 -4.903955161571502686e-01 -5.789768695831298828e-01 0.000000000000000000e+00
9.126997590065002441e-01 9.652984738349914551e-01 9.980852603912353516e-01 9.998946189880371094e-01 9.999992847442626953e-01 0.000000000000000000e+00
9.518770575523376465e-01 9.957715868949890137e-01 9.999415874481201172e-01 9.999994039535522461e-01 1.000000000000000000e+00 0.000000000000000000e+00
8.605204820632934570e-01 9.711235165596008301e-01 9.964844584465026855e-01 9.999636411666870117e-01 1.000000000000000000e+00 0.000000000000000000e+00
-8.098306655883789062e-01 -8.635515570640563965e-01 -9.694587588310241699e-01 -9.917593002319335938e-01 -9.990871548652648926e-01 0.000000000000000000e+00
4.716216921806335449e-01 -5.281580090522766113e-01 -7.710461616516113281e-01 -9.433261156082153320e-01 -9.859408140182495117e-01 0.000000000000000000e+00
5.994365215301513672e-01 9.864549040794372559e-01 9.996173381805419922e-01 9.999789595603942871e-01 9.999998211860656738e-01 0.000000000000000000e+00
6.357322931289672852e-01 9.911795258522033691e-01 9.998446702957153320e-01 9.999989867210388184e-01 1.000000000000000000e+00 0.000000000000000000e+00
6.412209272384643555e-01 8.747892379760742188e-01 9.889905452728271484e-01 9.998605847358703613e-01 9.999998807907104492e-01 0.000000000000000000e+00
7.317398786544799805e-01 9.579179883003234863e-01 9.991112947463989258e-01 9.999865293502807617e-01 9.999999403953552246e-01 0.000000000000000000e+00
9.002659320831298828e-01 9.985148310661315918e-01 9.999921917915344238e-01 1.000000000000000000e+00 1.000000000000000000e+00 0.000000000000000000e+00
9.997605085372924805e-01 1.000000000000000000e+00 1.000000000000000000e+00 1.000000000000000000e+00 1.000000000000000000e+00 0.000000000000000000e+00
9.999977350234985352e-01 1.000000000000000000e+00 1.000000000000000000e+00 1.000000000000000000e+00 1.000000000000000000e+00 0.000000000000000000e+00
9.999998807907104492e-01 1.000000000000000000e+00 1.000000000000000000e+00 1.000000000000000000e+00 1.000000000000000000e+00 0.000000000000000000e+00
9.998449683189392090e-01 9.999999403953552246e-01 1.000000000000000000e+00 1.000000000000000000e+00 1.000000000000000000e+00 0.000000000000000000e+00
9.997870922088623047e-01 1.000000000000000000e+00 1.000000000000000000e+00 1.000000000000000000e+00 1.000000000000000000e+00 0.000000000000000000e+00
8.292583227157592773e-01 9.998167753219604492e-01 1.000000000000000000e+00 1.000000000000000000e+00 1.000000000000000000e+00 0.000000000000000000e+00
9.472116827964782715e-01 9.999779462814331055e-01 9.999999403953552246e-01 1.000000000000000000e+00 1.000000000000000000e+00 0.000000000000000000e+00
8.881965875625610352e-01 9.965279698371887207e-01 9.998924732208251953e-01 9.999991655349731445e-01 1.000000000000000000e+00 1.000000000000000000e+00
9.693111181259155273e-01 9.999852180480957031e-01 1.000000000000000000e+00 1.000000000000000000e+00 1.000000000000000000e+00 2.000000000000000000e+00
8.881965875625610352e-01 9.965279698371887207e-01 9.998924732208251953e-01 9.999991655349731445e-01 1.000000000000000000e+00 1.000000000000000000e+00
9.693111181259155273e-01 9.999852180480957031e-01 1.000000000000000000e+00 1.000000000000000000e+00 1.000000000000000000e+00 2.000000000000000000e+00
8.881965875625610352e-01 9.965279698371887207e-01 9.998924732208251953e-01 9.999991655349731445e-01 1.000000000000000000e+00 1.000000000000000000e+00
9.693111181259155273e-01 9.999852180480957031e-01 1.000000000000000000e+00 1.000000000000000000e+00 1.000000000000000000e+00 2.000000000000000000e+00
8.881965875625610352e-01 9.965279698371887207e-01 9.998924732208251953e-01 9.999991655349731445e-01 1.000000000000000000e+00 1.000000000000000000e+00
9.693111181259155273e-01 9.999852180480957031e-01 1.000000000000000000e+00 1.000000000000000000e+00 1.000000000000000000e+00 2.000000000000000000e+00
8.881965875625610352e-01 9.965279698371887207e-01 9.998924732208251953e-01 9.999991655349731445e-01 1.000000000000000000e+00 1.000000000000000000e+00
9.693111181259155273e-01 9.999852180480957031e-01 1.000000000000000000e+00 1.000000000000000000e+00 1.000000000000000000e+00 2.000000000000000000e+00
8.881965875625610352e-01 9.965279698371887207e-01 9.998924732208251953e-01 9.999991655349731445e-01 1.000000000000000000e+00 1.000000000000000000e+00
9.693111181259155273e-01 9.999852180480957031e-01 1.000000000000000000e+00 1.000000000000000000e+00 1.000000000000000000e+00 2.000000000000000000e+00
8.881965875625610352e-01 9.965279698371887207e-01 9.998924732208251953e-01 9.999991655349731445e-01 1.000000000000000000e+00 1.000000000000000000e+00
9.693111181259155273e-01 9.999852180480957031e-01 1.000000000000000000e+00 1.000000000000000000e+00 1.000000000000000000e+00 2.000000000000000000e+00
8.881965875625610352e-01 9.965279698371887207e-01 9.998924732208251953e-01 9.999991655349731445e-01 1.000000000000000000e+00 1.000000000000000000e+00
9.693111181259155273e-01 9.999852180480957031e-01 1.000000000000000000e+00 1.000000000000000000e+00 1.000000000000000000e+00 2.000000000000000000e+00
8.881965875625610352e-01 9.965279698371887207e-01 9.998924732208251953e-01 9.999991655349731445e-01 1.000000000000000000e+00 1.000000000000000000e+00
9.693111181259155273e-01 9.999852180480957031e-01 1.000000000000000000e+00 1.000000000000000000e+00 1.000000000000000000e+00 2.000000000000000000e+00
8.881965875625610352e-01 9.965279698371887207e-01 9.998924732208251953e-01 9.999991655349731445e-01 1.000000000000000000e+00 1.000000000000000000e+00
9.693111181259155273e-01 9.999852180480957031e-01 1.000000000000000000e+00 1.000000000000000000e+00 1.000000000000000000e+00 2.000000000000000000e+00
9.981464147567749023e-01 9.999929070472717285e-01 1.000000000000000000e+00 1.000000000000000000e+00 1.000000000000000000e+00 0.000000000000000000e+00
4.092226326465606689e-01 -6.649949401617050171e-02 8.637685179710388184e-01 9.983369112014770508e-01 9.999971985816955566e-01 0.000000000000000000e+00
9.077347517013549805e-01 9.937378764152526855e-01 9.995672702789306641e-01 9.999948740005493164e-01 1.000000000000000000e+00 0.000000000000000000e+00
7.456564903259277344e-01 9.346663355827331543e-01 9.975551366806030273e-01 9.999617934226989746e-01 9.999999403953552246e-01 0.000000000000000000e+00
9.773052930831909180e-01 9.987151622772216797e-01 9.999883174896240234e-01 9.999999403953552246e-01 1.000000000000000000e+00 0.000000000000000000e+00
9.214971065521240234e-01 9.994432330131530762e-01 9.999985098838806152e-01 1.000000000000000000e+00 1.000000000000000000e+00 0.000000000000000000e+00
8.334063291549682617e-01 9.704375267028808594e-01 9.979897141456604004e-01 9.999954104423522949e-01 9.999999403953552246e-01 0.000000000000000000e+00
9.583748579025268555e-01 9.993892312049865723e-01 9.999998807907104492e-01 1.000000000000000000e+00 1.000000000000000000e+00 0.000000000000000000e+00
9.991626739501953125e-01 9.999985098838806152e-01 1.000000000000000000e+00 1.000000000000000000e+00 1.000000000000000000e+00 0.000000000000000000e+00
9.861472845077514648e-01 9.999339580535888672e-01 1.000000000000000000e+00 1.000000000000000000e+00 1.000000000000000000e+00 0.000000000000000000e+00
9.429940581321716309e-01 9.957104325294494629e-01 9.998975396156311035e-01 9.999998211860656738e-01 1.000000000000000000e+00 0.000000000000000000e+00
9.456982612609863281e-01 9.949257969856262207e-01 9.998443722724914551e-01 9.999994635581970215e-01 1.000000000000000000e+00 0.000000000000000000e+00
9.654961824417114258e-01 9.986488223075866699e-01 9.999915957450866699e-01 1.000000000000000000e+00 1.000000000000000000e+00 0.000000000000000000e+00
9.740779399871826172e-01 9.988704323768615723e-01 9.999901652336120605e-01 1.000000000000000000e+00 1.000000000000000000e+00 0.000000000000000000e+00
9.895329475402832031e-01 9.998647570610046387e-01 9.999995827674865723e-01 1.000000000000000000e+00 1.000000000000000000e+00 0.000000000000000000e+00
2.052509188652038574e-01 1.244082152843475342e-01 -2.020255923271179199e-01 -3.746330738067626953e-01 3.790653645992279053e-01 0.000000000000000000e+00
6.490691304206848145e-01 9.443582892417907715e-01 9.768130779266357422e-01 1.484986692667007446e-01 -6.187351942062377930e-01 0.000000000000000000e+00
7.700664401054382324e-01 9.083219766616821289e-01 9.753722548484802246e-01 9.962175488471984863e-01 9.997834563255310059e-01 0.000000000000000000e+00
7.904732227325439453e-01 9.622839689254760742e-01 9.919352531433105469e-01 9.997773170471191406e-01 9.999982118606567383e-01 0.000000000000000000e+00
-4.185802936553955078e-01 -6.633344888687133789e-01 -6.629269719123840332e-01 -8.646552562713623047e-01 -9.275176525115966797e-01 1.000000000000000000e+00
-3.121038079261779785e-01 5.619803667068481445e-01 9.735756516456604004e-01 9.969015717506408691e-01 9.994300007820129395e-01 2.000000000000000000e+00
-4.185802936553955078e-01 -6.633344888687133789e-01 -6.629269719123840332e-01 -8.646552562713623047e-01 -9.275176525115966797e-01 1.000000000000000000e+00
-3.121038079261779785e-01 5.619803667068481445e-01 9.735756516456604004e-01 9.969015717506408691e-01 9.994300007820129395e-01 2.000000000000000000e+00
-4.185802936553955078e-01 -6.633344888687133789e-01 -6.629269719123840332e-01 -8.646552562713623047e-01 -9.275176525115966797e-01 1.000000000000000000e+00
-3.121038079261779785e-01 5.619803667068481445e-01 9.735756516456604004e-01 9.969015717506408691e-01 9.994300007820129395e-01 2.000000000000000000e+00
-4.185802936553955078e-01 -6.633344888687133789e-01 -6.629269719123840332e-01 -8.646552562713623047e-01 -9.275176525115966797e-01 1.000000000000000000e+00
-3.121038079261779785e-01 5.619803667068481445e-01 9.735756516456604004e-01 9.969015717506408691e-01 9.994300007820129395e-01 2.000000000000000000e+00
-4.185802936553955078e-01 -6.633344888687133789e-01 -6.629269719123840332e-01 -8.646552562713623047e-01 -9.275176525115966797e-01 1.000000000000000000e+00
-3.121038079261779785e-01 5.619803667068481445e-01 9.735756516456604004e-01 9.969015717506408691e-01 9.994300007820129395e-01 2.000000000000000000e+00
-4.185802936553955078e-01 -6.633344888687133789e-01 -6.629269719123840332e-01 -8.646552562713623047e-01 -9.275176525115966797e-01 1.000000000000000000e+00
-3.121038079261779785e-01 5.619803667068481445e-01 9.735756516456604004e-01 9.969015717506408691e-01 9.994300007820129395e-01 2.000000000000000000e+00
-4.185802936553955078e-01 -6.633344888687133789e-01 -6.629269719123840332e-01 -8.646552562713623047e-01 -9.275176525115966797e-01 1.000000000000000000e+00
-3.121038079261779785e-01 5.619803667068481445e-01 9.735756516456604004e-01 9.969015717506408691e-01 9.994300007820129395e-01 2.000000000000000000e+00
-4.185802936553955078e-01 -6.633344888687133789e-01 -6.629269719123840332e-01 -8.646552562713623047e-01 -9.275176525115966797e-01 1.000000000000000000e+00
-3.121038079261779785e-01 5.619803667068481445e-01 9.735756516456604004e-01 9.969015717506408691e-01 9.994300007820129395e-01 2.000000000000000000e+00
-4.185802936553955078e-01 -6.633344888687133789e-01 -6.629269719123840332e-01 -8.646552562713623047e-01 -9.275176525115966797e-01 1.000000000000000000e+00
-3.121038079261779785e-01 5.619803667068481445e-01 9.735756516456604004e-01 9.969015717506408691e-01 9.994300007820129395e-01 2.000000000000000000e+00
-4.185802936553955078e-01 -6.633344888687133789e-01 -6.629269719123840332e-01 -8.646552562713623047e-01 -9.275176525115966797e-01 1.000000000000000000e+00
-3.121038079261779785e-01 5.619803667068481445e-01 9.735756516456604004e-01 9.969015717506408691e-01 9.994300007820129395e-01 2.000000000000000000e+00
-5.124737620353698730e-01 2.281310111284255981e-01 9.448083639144897461e-01 9.810064435005187988e-01 9.960378408432006836e-01 0.000000000000000000e+00
9.171273112297058105e-01 9.984481334686279297e-01 9.999842643737792969e-01 9.999998807907104492e-01 1.000000000000000000e+00 0.000000000000000000e+00
8.093540668487548828e-01 9.996910095214843750e-01 1.000000000000000000e+00 1.000000000000000000e+00 1.000000000000000000e+00 0.000000000000000000e+00
9.995001554489135742e-01 9.999544620513916016e-01 9.999999403953552246e-01 1.000000000000000000e+00 1.000000000000000000e+00 0.000000000000000000e+00
9.999928474426269531e-01 1.000000000000000000e+00 1.000000000000000000e+00 1.000000000000000000e+00 1.000000000000000000e+00 0.000000000000000000e+00
9.675450921058654785e-01 9.845623970031738281e-01 9.971435666084289551e-01 9.997667670249938965e-01 9.999999403953552246e-01 1.000000000000000000e+00
7.420897483825683594e-01 9.444236159324645996e-01 9.965191483497619629e-01 9.993581771850585938e-01 9.999794363975524902e-01 2.000000000000000000e+00
9.675450921058654785e-01 9.845623970031738281e-01 9.971435666084289551e-01 9.997667670249938965e-01 9.999999403953552246e-01 1.000000000000000000e+00
7.420897483825683594e-01 9.444236159324645996e-01 9.965191483497619629e-01 9.993581771850585938e-01 9.999794363975524902e-01 2.000000000000000000e+00
9.675450921058654785e-01 9.845623970031738281e-01 9.971435666084289551e-01 9.997667670249938965e-01 9.999999403953552246e-01 1.000000000000000000e+00
7.420897483825683594e-01 9.444236159324645996e-01 9.965191483497619629e-01 9.993581771850585938e-01 9.999794363975524902e-01 2.000000000000000000e+00
9.675450921058654785e-01 9.845623970031738281e-01 9.971435666084289551e-01 9.997667670249938965e-01 9.999999403953552246e-01 1.000000000000000000e+00
7.420897483825683594e-01 9.444236159324645996e-01 9.965191483497619629e-01 9.993581771850585938e-01 9.999794363975524902e-01 2.000000000000000000e+00
9.675450921058654785e-01 9.845623970031738281e-01 9.971435666084289551e-01 9.997667670249938965e-01 9.999999403953552246e-01 1.000000000000000000e+00
7.420897483825683594e-01 9.444236159324645996e-01 9.965191483497619629e-01 9.993581771850585938e-01 9.999794363975524902e-01 2.000000000000000000e+00
9.675450921058654785e-01 9.845623970031738281e-01 9.971435666084289551e-01 9.997667670249938965e-01 9.999999403953552246e-01 1.000000000000000000e+00
7.420897483825683594e-01 9.444236159324645996e-01 9.965191483497619629e-01 9.993581771850585938e-01 9.999794363975524902e-01 2.000000000000000000e+00
9.675450921058654785e-01 9.845623970031738281e-01 9.971435666084289551e-01 9.997667670249938965e-01 9.999999403953552246e-01 1.000000000000000000e+00
7.420897483825683594e-01 9.444236159324645996e-01 9.965191483497619629e-01 9.993581771850585938e-01 9.999794363975524902e-01 2.000000000000000000e+00
9.675450921058654785e-01 9.845623970031738281e-01 9.971435666084289551e-01 9.997667670249938965e-01 9.999999403953552246e-01 1.000000000000000000e+00
7.420897483825683594e-01 9.444236159324645996e-01 9.965191483497619629e-01 9.993581771850585938e-01 9.999794363975524902e-01 2.000000000000000000e+00
9.675450921058654785e-01 9.845623970031738281e-01 9.971435666084289551e-01 9.997667670249938965e-01 9.999999403953552246e-01 1.000000000000000000e+00
7.420897483825683594e-01 9.444236159324645996e-01 9.965191483497619629e-01 9.993581771850585938e-01 9.999794363975524902e-01 2.000000000000000000e+00
9.675450921058654785e-01 9.845623970031738281e-01 9.971435666084289551e-01 9.997667670249938965e-01 9.999999403953552246e-01 1.000000000000000000e+00
7.420897483825683594e-01 9.444236159324645996e-01 9.965191483497619629e-01 9.993581771850585938e-01 9.999794363975524902e-01 2.000000000000000000e+00
8.144969344139099121e-01 9.610397219657897949e-01 9.959504008293151855e-01 9.995941519737243652e-01 9.999887347221374512e-01 0.000000000000000000e+00
8.203562498092651367e-01 9.991559982299804688e-01 9.999849796295166016e-01 1.000000000000000000e+00 1.000000000000000000e+00 0.000000000000000000e+00
5.174162387847900391e-01 7.776235342025756836e-01 9.351556301116943359e-01 9.839960932731628418e-01 9.969993233680725098e-01 0.000000000000000000e+00
8.374935388565063477e-01 9.406768679618835449e-01 9.860305190086364746e-01 9.987679719924926758e-01 9.999527335166931152e-01 0.000000000000000000e+00
5.448845624923706055e-01 6.676338911056518555e-01 5.043791532516479492e-01 7.839524745941162109e-01 8.501503467559814453e-01 0.000000000000000000e+00
7.968796491622924805e-01 9.656555056571960449e-01 9.945141673088073730e-01 9.990780949592590332e-01 9.999899268150329590e-01 0.000000000000000000e+00
8.783693909645080566e-01 9.589834213256835938e-01 9.869763851165771484e-01 9.992631077766418457e-01 9.999353885650634766e-01 0.000000000000000000e+00
6.613085269927978516e-01 9.974702596664428711e-01 9.999982118606567383e-01 1.000000000000000000e+00 1.000000000000000000e+00 0.000000000000000000e+00
9.400325417518615723e-01 9.989004731178283691e-01 9.999807476997375488e-01 1.000000000000000000e+00 1.000000000000000000e+00 0.000000000000000000e+00
9.143228530883789062e-01 9.975653290748596191e-01 9.999999403953552246e-01 1.000000000000000000e+00 1.000000000000000000e+00 0.000000000000000000e+00
-6.813211441040039062e-01 -6.688802242279052734e-01 5.126101970672607422e-01 9.317786097526550293e-01 9.996485710144042969e-01 0.000000000000000000e+00
9.978934526443481445e-01 9.999993443489074707e-01 1.000000000000000000e+00 1.000000000000000000e+00 1.000000000000000000e+00 0.000000000000000000e+00
9.988493323326110840e-01 9.999999403953552246e-01 1.000000000000000000e+00 1.000000000000000000e+00 1.000000000000000000e+00 0.000000000000000000e+00
9.999845027923583984e-01 1.000000000000000000e+00 1.000000000000000000e+00 1.000000000000000000e+00 1.000000000000000000e+00 0.000000000000000000e+00
7.915775179862976074e-01 9.789507389068603516e-01 9.988577365875244141e-01 9.999801516532897949e-01 1.000000000000000000e+00 0.000000000000000000e+00
7.477197647094726562e-01 8.512594699859619141e-01 9.753529429435729980e-01 9.968774914741516113e-01 9.998857378959655762e-01 0.000000000000000000e+00
8.934394121170043945e-01 9.871556758880615234e-01 9.986407756805419922e-01 9.999512434005737305e-01 9.999997615814208984e-01 0.000000000000000000e+00
9.386880397796630859e-01 9.948564767837524414e-01 9.998762607574462891e-01 9.999995231628417969e-01 1.000000000000000000e+00 0.000000000000000000e+00
9.363700747489929199e-01 9.974798560142517090e-01 9.997861981391906738e-01 9.999985098838806152e-01 1.000000000000000000e+00 0.000000000000000000e+00
1.706823855638504028e-01 5.698419809341430664e-01 9.019971489906311035e-01 9.627406597137451172e-01 9.988101720809936523e-01 0.000000000000000000e+00
8.496901988983154297e-01 9.319633841514587402e-01 9.613370895385742188e-01 9.930800199508666992e-01 9.990016818046569824e-01 0.000000000000000000e+00
7.191165685653686523e-01 8.817155361175537109e-01 9.756083488464355469e-01 9.981820583343505859e-01 9.999169111251831055e-01 0.000000000000000000e+00
5.337118506431579590e-01 8.554823398590087891e-01 9.605941176414489746e-01 9.932136535644531250e-01 9.998230338096618652e-01 0.000000000000000000e+00
8.030487298965454102e-01 9.871968030929565430e-01 9.995124340057373047e-01 9.999971985816955566e-01 1.000000000000000000e+00 0.000000000000000000e+00
8.647947311401367188e-01 9.807498455047607422e-01 9.981271624565124512e-01 9.999530911445617676e-01 9.999998807907104492e-01 0.000000000000000000e+00
9.337425827980041504e-01 9.924563765525817871e-01 9.997931122779846191e-01 9.999979138374328613e-01 1.000000000000000000e+00 0.000000000000000000e+00
9.583894610404968262e-01 9.956477284431457520e-01 9.999774694442749023e-01 1.000000000000000000e+00 1.000000000000000000e+00 0.000000000000000000e+00
-4.091686308383941650e-01 -6.960991621017456055e-01 -8.148569464683532715e-01 -8.474023938179016113e-01 -9.131914377212524414e-01 1.000000000000000000e+00
-3.750162422657012939e-01 -5.481548309326171875e-01 -5.952998995780944824e-01 -6.626984477043151855e-01 -7.261236310005187988e-01 2.000000000000000000e+00
-4.091686308383941650e-01 -6.960991621017456055e-01 -8.148569464683532715e-01 -8.474023938179016113e-01 -9.131914377212524414e-01 1.000000000000000000e+00
-3.750162422657012939e-01 -5.481548309326171875e-01 -5.952998995780944824e-01 -6.626984477043151855e-01 -7.261236310005187988e-01 2.000000000000000000e+00
-4.091686308383941650e-01 -6.960991621017456055e-01 -8.148569464683532715e-01 -8.474023938179016113e-01 -9.131914377212524414e-01 1.000000000000000000e+00
-3.750162422657012939e-01 -5.481548309326171875e-01 -5.952998995780944824e-01 -6.626984477043151855e-01 -7.261236310005187988e-01 2.000000000000000000e+00
-4.091686308383941650e-01 -6.960991621017456055e-01 -8.148569464683532715e-01 -8.474023938179016113e-01 -9.131914377212524414e-01 1.000000000000000000e+00
-3.750162422657012939e-01 -5.481548309326171875e-01 -5.952998995780944824e-01 -6.626984477043151855e-01 -7.261236310005187988e-01 2.000000000000000000e+00
-4.091686308383941650e-01 -6.960991621017456055e-01 -8.148569464683532715e-01 -8.474023938179016113e-01 -9.131914377212524414e-01 1.000000000000000000e+00
-3.750162422657012939e-01 -5.481548309326171875e-01 -5.952998995780944824e-01 -6.626984477043151855e-01 -7.261236310005187988e-01 2.000000000000000000e+00
-4.091686308383941650e-01 -6.960991621017456055e-01 -8.148569464683532715e-01 -8.474023938179016113e-01 -9.131914377212524414e-01 1.000000000000000000e+00
-3.750162422657012939e-01 -5.481548309326171875e-01 -5.952998995780944824e-01 -6.626984477043151855e-01 -7.261236310005187988e-01 2.000000000000000000e+00
-4.091686308383941650e-01 -6.960991621017456055e-01 -8.148569464683532715e-01 -8.474023938179016113e-01 -9.131914377212524414e-01 1.000000000000000000e+00
-3.750162422657012939e-01 -5.481548309326171875e-01 -5.952998995780944824e-01 -6.626984477043151855e-01 -7.261236310005187988e-01 2.000000000000000000e+00
-4.091686308383941650e-01 -6.960991621017456055e-01 -8.148569464683532715e-01 -8.474023938179016113e-01 -9.131914377212524414e-01 1.000000000000000000e+00
-3.750162422657012939e-01 -5.481548309326171875e-01 -5.952998995780944824e-01 -6.626984477043151855e-01 -7.261236310005187988e-01 2.000000000000000000e+00
-4.091686308383941650e-01 -6.960991621017456055e-01 -8.148569464683532715e-01 -8.474023938179016113e-01 -9.131914377212524414e-01 1.000000000000000000e+00
-3.750162422657012939e-01 -5.481548309326171875e-01 -5.952998995780944824e-01 -6.626984477043151855e-01 -7.261236310005187988e-01 2.000000000000000000e+00
-4.091686308383941650e-01 -6.960991621017456055e-01 -8.148569464683532715e-01 -8.474023938179016113e-01 -9.131914377212524414e-01 1.000000000000000000e+00
-3.750162422657012939e-01 -5.481548309326171875e-01 -5.952998995780944824e-01 -6.626984477043151855e-01 -7.261236310005187988e-01 2.000000000000000000e+00
8.349174261093139648e-01 9.596558213233947754e-01 9.941845536231994629e-01 9.995384812355041504e-01 9.999895095825195312e-01 0.000000000000000000e+00
3.633944094181060791e-01 9.133939146995544434e-01 9.863092899322509766e-01 9.996009469032287598e-01 9.999980926513671875e-01 0.000000000000000000e+00
9.859343767166137695e-01 9.999380707740783691e-01 9.999999403953552246e-01 1.000000000000000000e+00 1.000000000000000000e+00 0.000000000000000000e+00
6.062315702438354492e-01 9.397936463356018066e-01 9.904352426528930664e-01 9.995360970497131348e-01 9.999949932098388672e-01 0.000000000000000000e+00
9.052791595458984375e-01 9.866479039192199707e-01 9.997984170913696289e-01 9.999997019767761230e-01 1.000000000000000000e+00 0.000000000000000000e+00
9.214965701103210449e-01 9.916025996208190918e-01 9.992414712905883789e-01 9.999742507934570312e-01 9.999998807907104492e-01 0.000000000000000000e+00
1.796885728836059570e-01 7.515615224838256836e-01 9.431080222129821777e-01 9.890400767326354980e-01 9.998426437377929688e-01 0.000000000000000000e+00
-3.519732952117919922e-01 -4.609555602073669434e-01 -7.410070896148681641e-01 -9.427116513252258301e-01 -9.966645240783691406e-01 0.000000000000000000e+00
1.262558549642562866e-01 -4.684504568576812744e-01 -4.237141609191894531e-01 -6.133003234863281250e-01 -8.406309485435485840e-01 0.000000000000000000e+00
7.849261760711669922e-01 7.973154187202453613e-01 8.217828273773193359e-01 9.309517741203308105e-01 6.997230052947998047e-01 0.000000000000000000e+00
-5.572547912597656250e-01 -3.799164295196533203e-01 -5.310950279235839844e-01 -7.475693225860595703e-01 -9.167567491531372070e-01 0.000000000000000000e+00
1.134434342384338379e-01 -5.781798437237739563e-02 -3.106604814529418945e-01 -5.074627995491027832e-01 -6.849719285964965820e-01 0.000000000000000000e+00
-4.366782009601593018e-01 -6.142791509628295898e-01 -7.149688601493835449e-01 -7.949167490005493164e-01 -9.084619283676147461e-01 0.000000000000000000e+00
-4.637605249881744385e-01 -5.284145474433898926e-01 -6.396576166152954102e-01 -7.328467369079589844e-01 -7.752242088317871094e-01 0.000000000000000000e+00
5.722714662551879883e-01 9.389038085937500000e-01 9.956495165824890137e-01 9.999521970748901367e-01 9.999998211860656738e-01 0.000000000000000000e+00
8.858779668807983398e-01 9.678216576576232910e-01 9.955420494079589844e-01 9.997110962867736816e-01 9.999953508377075195e-01 0.000000000000000000e+00
9.766278862953186035e-01 9.986771345138549805e-01 9.999774098396301270e-01 9.999999403953552246e-01 1.000000000000000000e+00 0.000000000000000000e+00
8.987333774566650391e-01 9.927922487258911133e-01 9.993420243263244629e-01 9.999889135360717773e-01 1.000000000000000000e+00 0.000000000000000000e+00
8.002439737319946289e-01 9.592672586441040039e-01 9.966245293617248535e-01 9.999825358390808105e-01 1.000000000000000000e+00 0.000000000000000000e+00
7.894526720046997070e-01 8.829147219657897949e-01 9.900481104850769043e-01 9.997483491897583008e-01 9.999983906745910645e-01 0.000000000000000000e+00
7.018669843673706055e-01 9.590717554092407227e-01 9.956305027008056641e-01 9.999485015869140625e-01 9.999995827674865723e-01 0.000000000000000000e+00
3.730814456939697266e-01 3.125988841056823730e-01 7.875435054302215576e-02 -3.834166228771209717e-01 -4.652877449989318848e-01 0.000000000000000000e+00
-4.923915863037109375e-01 -6.001702547073364258e-01 -6.547133326530456543e-01 -6.910545825958251953e-01 -7.253329753875732422e-01 0.000000000000000000e+00
-5.269554853439331055e-01 -6.641919016838073730e-01 -8.012527227401733398e-01 -8.967971801757812500e-01 -9.747506976127624512e-01 0.000000000000000000e+00
-5.925776362419128418e-01 -6.247647404670715332e-01 -7.056821584701538086e-01 -8.268762826919555664e-01 -9.434264898300170898e-01 0.000000000000000000e+00
4.438482522964477539e-01 -3.686926513910293579e-02 -5.194393396377563477e-01 -5.827288627624511719e-01 -6.564894318580627441e-01 0.000000000000000000e+00
-6.181784868240356445e-01 -7.077856063842773438e-01 -7.902258634567260742e-01 -7.881883382797241211e-01 -8.586708307266235352e-01 0.000000000000000000e+00
6.426711678504943848e-01 9.094268083572387695e-01 9.148733615875244141e-01 8.786389827728271484e-01 -8.457157015800476074e-01 0.000000000000000000e+00
9.646226167678833008e-01 9.999731779098510742e-01 1.000000000000000000e+00 1.000000000000000000e+00 1.000000000000000000e+00 0.000000000000000000e+00
8.342139720916748047e-01 9.871256351470947266e-01 9.996821880340576172e-01 9.999985694885253906e-01 1.000000000000000000e+00 0.000000000000000000e+00
9.997346401214599609e-01 9.999981522560119629e-01 1.000000000000000000e+00 1.000000000000000000e+00 1.000000000000000000e+00 0.000000000000000000e+00
6.088411211967468262e-01 9.506010413169860840e-01 9.973859786987304688e-01 9.999996423721313477e-01 1.000000000000000000e+00 0.000000000000000000e+00
7.736814618110656738e-01 9.379811882972717285e-01 9.979972839355468750e-01 9.999455809593200684e-01 9.999999403953552246e-01 0.000000000000000000e+00
7.262309193611145020e-01 9.936337471008300781e-01 9.997057914733886719e-01 9.999995827674865723e-01 1.000000000000000000e+00 0.000000000000000000e+00
9.705489277839660645e-01 9.977929592132568359e-01 9.999976158142089844e-01 1.000000000000000000e+00 1.000000000000000000e+00 0.000000000000000000e+00
9.775336384773254395e-01 9.998808503150939941e-01 9.999999403953552246e-01 1.000000000000000000e+00 1.000000000000000000e+00 0.000000000000000000e+00
9.808249473571777344e-01 9.998561739921569824e-01 9.999999403953552246e-01 1.000000000000000000e+00 1.000000000000000000e+00 0.000000000000000000e+00
9.734864234924316406e-01 9.997614026069641113e-01 9.999997615814208984e-01 1.000000000000000000e+00 1.000000000000000000e+00 0.000000000000000000e+00
9.911305308341979980e-01 9.999865889549255371e-01 1.000000000000000000e+00 1.000000000000000000e+00 1.000000000000000000e+00 0.000000000000000000e+00
9.933039546012878418e-01 9.999742507934570312e-01 1.000000000000000000e+00 1.000000000000000000e+00 1.000000000000000000e+00 0.000000000000000000e+00
9.945316314697265625e-01 9.999868273735046387e-01 1.000000000000000000e+00 1.000000000000000000e+00 1.000000000000000000e+00 0.000000000000000000e+00
9.769144058227539062e-01 9.997995495796203613e-01 1.000000000000000000e+00 1.000000000000000000e+00 1.000000000000000000e+00 0.000000000000000000e+00
9.970324635505676270e-01 9.999821782112121582e-01 1.000000000000000000e+00 1.000000000000000000e+00 1.000000000000000000e+00 0.000000000000000000e+00
9.691726565361022949e-01 9.997002482414245605e-01 9.999999403953552246e-01 1.000000000000000000e+00 1.000000000000000000e+00 0.000000000000000000e+00
8.274695873260498047e-01 9.633115530014038086e-01 9.957174658775329590e-01 9.999911189079284668e-01 1.000000000000000000e+00 0.000000000000000000e+00
9.330849051475524902e-01 9.921352863311767578e-01 9.996218085289001465e-01 9.999984502792358398e-01 1.000000000000000000e+00 0.000000000000000000e+00
5.999464988708496094e-01 9.099132418632507324e-01 9.961107373237609863e-01 9.997850656509399414e-01 9.999969005584716797e-01 0.000000000000000000e+00
8.906502723693847656e-01 9.845960140228271484e-01 9.994605779647827148e-01 9.999941587448120117e-01 1.000000000000000000e+00 0.000000000000000000e+00
9.648789763450622559e-01 9.966907501220703125e-01 9.998595118522644043e-01 9.999989867210388184e-01 1.000000000000000000e+00 0.000000000000000000e+00
9.186954498291015625e-01 9.964053630828857422e-01 9.999306797981262207e-01 9.999998211860656738e-01 1.000000000000000000e+00 0.000000000000000000e+00
9.920253753662109375e-01 9.996315836906433105e-01 9.999983906745910645e-01 1.000000000000000000e+00 1.000000000000000000e+00 0.000000000000000000e+00
9.702911972999572754e-01 9.997227787971496582e-01 9.999985098838806152e-01 1.000000000000000000e+00 1.000000000000000000e+00 0.000000000000000000e+00
3.278760910034179688e-01 9.248343706130981445e-01 9.961744546890258789e-01 9.999063611030578613e-01 9.999998807907104492e-01 0.000000000000000000e+00
9.262217283248901367e-01 9.923522472381591797e-01 9.996336698532104492e-01 9.999979734420776367e-01 1.000000000000000000e+00 0.000000000000000000e+00
9.345904588699340820e-01 9.940692782402038574e-01 9.997904896736145020e-01 9.999976158142089844e-01 1.000000000000000000e+00 0.000000000000000000e+00
9.736995697021484375e-01 9.984587430953979492e-01 9.999923706054687500e-01 1.000000000000000000e+00 1.000000000000000000e+00 0.000000000000000000e+00
6.580084562301635742e-01 9.797724485397338867e-01 9.992371797561645508e-01 9.999909996986389160e-01 1.000000000000000000e+00 0.000000000000000000e+00
2.193224281072616577e-01 7.555242180824279785e-01 9.148525595664978027e-01 9.862621426582336426e-01 9.989773631095886230e-01 0.000000000000000000e+00
7.704049348831176758e-01 9.866520166397094727e-01 9.999098181724548340e-01 9.999999403953552246e-01 1.000000000000000000e+00 0.000000000000000000e+00
8.409876823425292969e-01 9.517285823822021484e-01 9.920853972434997559e-01 9.995703101158142090e-01 9.999928474426269531e-01 0.000000000000000000e+00
3.627446591854095459e-01 9.218987822532653809e-01 9.856121540069580078e-01 9.997097849845886230e-01 9.999994039535522461e-01 0.000000000000000000e+00
9.577459096908569336e-01 9.958584308624267578e-01 9.997592568397521973e-01 9.999965429306030273e-01 1.000000000000000000e+00 0.000000000000000000e+00
5.068054199218750000e-01 7.910391688346862793e-01 9.356667399406433105e-01 9.939729571342468262e-01 9.999374747276306152e-01 0.000000000000000000e+00
9.781615138053894043e-01 9.999406933784484863e-01 1.000000000000000000e+00 1.000000000000000000e+00 1.000000000000000000e+00 0.000000000000000000e+00
9.378272891044616699e-01 9.966191053390502930e-01 9.999943375587463379e-01 1.000000000000000000e+00 1.000000000000000000e+00 0.000000000000000000e+00
7.772774696350097656e-01 9.798789024353027344e-01 9.973818063735961914e-01 9.998978376388549805e-01 9.999993443489074707e-01 0.000000000000000000e+00
7.636045217514038086e-01 9.413239359855651855e-01 9.964787364006042480e-01 9.999318718910217285e-01 9.999997019767761230e-01 0.000000000000000000e+00
8.483984470367431641e-01 9.671351909637451172e-01 9.959546923637390137e-01 9.999510049819946289e-01 1.000000000000000000e+00 0.000000000000000000e+00
7.789523005485534668e-01 9.925165176391601562e-01 9.967864155769348145e-01 9.999855756759643555e-01 1.000000000000000000e+00 0.000000000000000000e+00
3.906296193599700928e-01 7.491030693054199219e-01 9.738629460334777832e-01 9.941864013671875000e-01 9.996551871299743652e-01 0.000000000000000000e+00
9.595279097557067871e-01 9.981325864791870117e-01 9.999943971633911133e-01 1.000000000000000000e+00 1.000000000000000000e+00 0.000000000000000000e+00
9.521554708480834961e-01 9.996933937072753906e-01 9.999997615814208984e-01 1.000000000000000000e+00 1.000000000000000000e+00 0.000000000000000000e+00
9.643599987030029297e-01 9.994983077049255371e-01 9.999999403953552246e-01 1.000000000000000000e+00 1.000000000000000000e+00 0.000000000000000000e+00
9.571603536605834961e-01 9.995127320289611816e-01 9.999998211860656738e-01 1.000000000000000000e+00 1.000000000000000000e+00 0.000000000000000000e+00
-2.805552184581756592e-01 9.786473512649536133e-01 9.999390244483947754e-01 1.000000000000000000e+00 1.000000000000000000e+00 0.000000000000000000e+00
-1.742500811815261841e-01 -6.267481446266174316e-01 -3.090881705284118652e-01 8.599227666854858398e-01 9.861979484558105469e-01 0.000000000000000000e+00
2.722093602642416954e-03 9.443394541740417480e-01 9.943758845329284668e-01 9.999377727508544922e-01 9.999995827674865723e-01 0.000000000000000000e+00
9.438724517822265625e-01 9.991543292999267578e-01 9.999957084655761719e-01 1.000000000000000000e+00 1.000000000000000000e+00 0.000000000000000000e+00
9.974042177200317383e-01 9.999965429306030273e-01 1.000000000000000000e+00 1.000000000000000000e+00 1.000000000000000000e+00 0.000000000000000000e+00
9.887977838516235352e-01 9.998608231544494629e-01 9.999999403953552246e-01 1.000000000000000000e+00 1.000000000000000000e+00 0.000000000000000000e+00
9.845619797706604004e-01 9.991782903671264648e-01 9.999982118606567383e-01 1.000000000000000000e+00 1.000000000000000000e+00 0.000000000000000000e+00
9.690546989440917969e-01 9.996309280395507812e-01 9.999995827674865723e-01 1.000000000000000000e+00 1.000000000000000000e+00 0.000000000000000000e+00
9.929251670837402344e-01 9.999539256095886230e-01 1.000000000000000000e+00 1.000000000000000000e+00 1.000000000000000000e+00 0.000000000000000000e+00
9.821778535842895508e-01 9.977189302444458008e-01 9.999728202819824219e-01 9.999999403953552246e-01 1.000000000000000000e+00 0.000000000000000000e+00
8.739431500434875488e-01 9.798375964164733887e-01 9.991992712020874023e-01 9.999943971633911133e-01 1.000000000000000000e+00 0.000000000000000000e+00
-3.001282215118408203e-01 3.419578969478607178e-01 6.478179097175598145e-01 9.864972233772277832e-01 9.993492364883422852e-01 0.000000000000000000e+00
8.906168937683105469e-01 9.952973127365112305e-01 9.999335408210754395e-01 9.999998807907104492e-01 1.000000000000000000e+00 0.000000000000000000e+00
7.310283184051513672e-01 9.366533756256103516e-01 9.950212836265563965e-01 9.999721646308898926e-01 9.999999403953552246e-01 0.000000000000000000e+00
-3.878590762615203857e-01 -2.920585572719573975e-01 -5.268784165382385254e-01 2.022480666637420654e-01 7.122069001197814941e-01 0.000000000000000000e+00
7.956283092498779297e-01 8.923282623291015625e-01 9.220210313796997070e-01 9.595245122909545898e-01 9.878566861152648926e-01 0.000000000000000000e+00
8.301718235015869141e-01 9.225675463676452637e-01 9.553335905075073242e-01 9.899932742118835449e-01 9.993121027946472168e-01 0.000000000000000000e+00
9.918155074119567871e-01 9.999992847442626953e-01 1.000000000000000000e+00 1.000000000000000000e+00 1.000000000000000000e+00 0.000000000000000000e+00
9.887933135032653809e-01 9.999952912330627441e-01 1.000000000000000000e+00 1.000000000000000000e+00 1.000000000000000000e+00 0.000000000000000000e+00
9.918618798255920410e-01 9.999991655349731445e-01 1.000000000000000000e+00 1.000000000000000000e+00 1.000000000000000000e+00 0.000000000000000000e+00
9.271056652069091797e-01 9.977821707725524902e-01 9.999973773956298828e-01 1.000000000000000000e+00 1.000000000000000000e+00 0.000000000000000000e+00
9.858240485191345215e-01 9.999975562095642090e-01 1.000000000000000000e+00 1.000000000000000000e+00 1.000000000000000000e+00 0.000000000000000000e+00
9.678643345832824707e-01 9.998750090599060059e-01 1.000000000000000000e+00 1.000000000000000000e+00 1.000000000000000000e+00 0.000000000000000000e+00
7.834365963935852051e-01 9.931100010871887207e-01 9.998940825462341309e-01 9.999999403953552246e-01 1.000000000000000000e+00 0.000000000000000000e+00
8.571243286132812500e-01 9.683942794799804688e-01 9.974505305290222168e-01 9.999873042106628418e-01 1.000000000000000000e+00 0.000000000000000000e+00
9.423434734344482422e-01 9.917192459106445312e-01 9.998137950897216797e-01 9.999994039535522461e-01 1.000000000000000000e+00 0.000000000000000000e+00
8.709489703178405762e-01 9.886644482612609863e-01 9.993834495544433594e-01 9.999972581863403320e-01 1.000000000000000000e+00 0.000000000000000000e+00
9.446126222610473633e-01 9.955964088439941406e-01 9.999316930770874023e-01 9.999997615814208984e-01 1.000000000000000000e+00 0.000000000000000000e+00
9.877431392669677734e-01 9.998089671134948730e-01 9.999997019767761230e-01 1.000000000000000000e+00 1.000000000000000000e+00 0.000000000000000000e+00
9.717819690704345703e-01 9.991918802261352539e-01 9.999983906745910645e-01 1.000000000000000000e+00 1.000000000000000000e+00 0.000000000000000000e+00
9.624968171119689941e-01 9.992449879646301270e-01 9.999954700469970703e-01 1.000000000000000000e+00 1.000000000000000000e+00 0.000000000000000000e+00
-8.045445680618286133e-01 -3.512298166751861572e-01 9.378228783607482910e-01 9.967273473739624023e-01 9.998905062675476074e-01 0.000000000000000000e+00
9.668809175491333008e-01 9.969602823257446289e-01 9.999170899391174316e-01 9.999992847442626953e-01 1.000000000000000000e+00 0.000000000000000000e+00
6.847348213195800781e-01 9.958673119544982910e-01 9.999597072601318359e-01 9.999999403953552246e-01 1.000000000000000000e+00 0.000000000000000000e+00
9.459530711174011230e-01 9.964658021926879883e-01 9.998661279678344727e-01 9.999994635581970215e-01 1.000000000000000000e+00 0.000000000000000000e+00
-6.643020510673522949e-01 -7.817180752754211426e-01 -9.356817603111267090e-01 -9.762916564941406250e-01 -9.956487417221069336e-01 0.000000000000000000e+00
9.445776939392089844e-01 9.870570302009582520e-01 9.994199275970458984e-01 9.999777078628540039e-01 1.000000000000000000e+00 0.000000000000000000e+00
9.937593340873718262e-01 9.997819066047668457e-01 9.999991655349731445e-01 1.000000000000000000e+00 1.000000000000000000e+00 0.000000000000000000e+00
-7.663719654083251953e-01 -8.470172286033630371e-01 -7.995679378509521484e-01 -8.951563239097595215e-01 -9.065572619438171387e-01 1.000000000000000000e+00
-5.119163990020751953e-01 -6.849989295005798340e-01 6.415871381759643555e-01 9.775931239128112793e-01 9.988894462585449219e-01 2.000000000000000000e+00
-7.663719654083251953e-01 -8.470172286033630371e-01 -7.995679378509521484e-01 -8.951563239097595215e-01 -9.065572619438171387e-01 1.000000000000000000e+00
-5.119163990020751953e-01 -6.849989295005798340e-01 6.415871381759643555e-01 9.775931239128112793e-01 9.988894462585449219e-01 2.000000000000000000e+00
-7.663719654083251953e-01 -8.470172286033630371e-01 -7.995679378509521484e-01 -8.951563239097595215e-01 -9.065572619438171387e-01 1.000000000000000000e+00
-5.119163990020751953e-01 -6.849989295005798340e-01 6.415871381759643555e-01 9.775931239128112793e-01 9.988894462585449219e-01 2.000000000000000000e+00
-7.663719654083251953e-01 -8.470172286033630371e-01 -7.995679378509521484e-01 -8.951563239097595215e-01 -9.065572619438171387e-01 1.000000000000000000e+00
-5.119163990020751953e-01 -6.849989295005798340e-01 6.415871381759643555e-01 9.775931239128112793e-01 9.988894462585449219e-01 2.000000000000000000e+00
-7.663719654083251953e-01 -8.470172286033630371e-01 -7.995679378509521484e-01 -8.951563239097595215e-01 -9.065572619438171387e-01 1.000000000000000000e+00
-5.119163990020751953e-01 -6.849989295005798340e-01 6.415871381759643555e-01 9.775931239128112793e-01 9.988894462585449219e-01 2.000000000000000000e+00
-7.663719654083251953e-01 -8.470172286033630371e-01 -7.995679378509521484e-01 -8.951563239097595215e-01 -9.065572619438171387e-01 1.000000000000000000e+00
-5.119163990020751953e-01 -6.849989295005798340e-01 6.415871381759643555e-01 9.775931239128112793e-01 9.988894462585449219e-01 2.000000000000000000e+00
-7.663719654083251953e-01 -8.470172286033630371e-01 -7.995679378509521484e-01 -8.951563239097595215e-01 -9.065572619438171387e-01 1.000000000000000000e+00
-5.119163990020751953e-01 -6.849989295005798340e-01 6.415871381759643555e-01 9.775931239128112793e-01 9.988894462585449219e-01 2.000000000000000000e+00
-7.663719654083251953e-01 -8.470172286033630371e-01 -7.995679378509521484e-01 -8.951563239097595215e-01 -9.065572619438171387e-01 1.000000000000000000e+00
-5.119163990020751953e-01 -6.849989295005798340e-01 6.415871381759643555e-01 9.775931239128112793e-01 9.988894462585449219e-01 2.000000000000000000e+00
-7.663719654083251953e-01 -8.470172286033630371e-01 -7.995679378509521484e-01 -8.951563239097595215e-01 -9.065572619438171387e-01 1.000000000000000000e+00
-5.119163990020751953e-01 -6.849989295005798340e-01 6.415871381759643555e-01 9.775931239128112793e-01 9.988894462585449219e-01 2.000000000000000000e+00
-7.663719654083251953e-01 -8.470172286033630371e-01 -7.995679378509521484e-01 -8.951563239097595215e-01 -9.065572619438171387e-01 1.000000000000000000e+00
-5.119163990020751953e-01 -6.849989295005798340e-01 6.415871381759643555e-01 9.775931239128112793e-01 9.988894462585449219e-01 2.000000000000000000e+00
7.751736640930175781e-01 8.721868991851806641e-01 9.549364447593688965e-01 9.923600554466247559e-01 9.992029666900634766e-01 0.000000000000000000e+00
8.074527382850646973e-01 9.121126532554626465e-01 9.696506857872009277e-01 9.946228265762329102e-01 9.995406270027160645e-01 0.000000000000000000e+00
8.090003728866577148e-01 9.260933399200439453e-01 9.771633148193359375e-01 9.958500266075134277e-01 9.997334480285644531e-01 0.000000000000000000e+00
6.995972394943237305e-01 8.464723229408264160e-01 9.233520030975341797e-01 9.875766038894653320e-01 9.989752173423767090e-01 0.000000000000000000e+00
7.255247831344604492e-01 8.310682773590087891e-01 8.894043564796447754e-01 9.438168406486511230e-01 9.866396784782409668e-01 0.000000000000000000e+00
7.560436129570007324e-01 7.804636359214782715e-01 8.756213188171386719e-01 9.560267329216003418e-01 9.902242422103881836e-01 0.000000000000000000e+00
8.092298507690429688e-01 8.406919240951538086e-01 9.437839984893798828e-01 9.883506298065185547e-01 9.989984631538391113e-01 0.000000000000000000e+00
9.996584057807922363e-01 9.999955296516418457e-01 1.000000000000000000e+00 1.000000000000000000e+00 1.000000000000000000e+00 0.000000000000000000e+00
9.935256242752075195e-01 9.999865889549255371e-01 1.000000000000000000e+00 1.000000000000000000e+00 1.000000000000000000e+00 0.000000000000000000e+00
9.992692470550537109e-01 9.999993443489074707e-01 1.000000000000000000e+00 1.000000000000000000e+00 1.000000000000000000e+00 0.000000000000000000e+00
9.765481352806091309e-01 9.996451139450073242e-01 9.999982118606567383e-01 1.000000000000000000e+00 1.000000000000000000e+00 0.000000000000000000e+00
9.326378107070922852e-01 9.907237887382507324e-01 9.994524121284484863e-01 9.999954700469970703e-01 1.000000000000000000e+00 0.000000000000000000e+00
9.176585674285888672e-01 9.960877895355224609e-01 9.998894333839416504e-01 9.999988675117492676e-01 1.000000000000000000e+00 0.000000000000000000e+00
9.880453944206237793e-01 9.975181221961975098e-01 9.999598860740661621e-01 9.999994039535522461e-01 1.000000000000000000e+00 0.000000000000000000e+00
3.745220899581909180e-01 5.264403223991394043e-01 -7.644161581993103027e-01 -8.839744329452514648e-01 -9.604609012603759766e-01 0.000000000000000000e+00
-4.085889160633087158e-01 -3.163624703884124756e-01 -3.896266818046569824e-01 -5.014858841896057129e-01 -7.131814956665039062e-01 0.000000000000000000e+00
-4.198765754699707031e-01 -5.920967459678649902e-01 -7.241477370262145996e-01 -8.961424231529235840e-01 -9.761440157890319824e-01 0.000000000000000000e+00
5.777453184127807617e-01 8.723005652427673340e-01 9.262794256210327148e-01 9.504635334014892578e-01 9.813684821128845215e-01 0.000000000000000000e+00
9.461439847946166992e-01 9.958872795104980469e-01 9.999557733535766602e-01 9.999992847442626953e-01 1.000000000000000000e+00 0.000000000000000000e+00
8.980450630187988281e-01 9.313504099845886230e-01 9.933969974517822266e-01 9.997686743736267090e-01 9.999996423721313477e-01 0.000000000000000000e+00
9.094753265380859375e-01 9.923987984657287598e-01 9.996882677078247070e-01 9.999984502792358398e-01 1.000000000000000000e+00 0.000000000000000000e+00
9.784684777259826660e-01 9.993891716003417969e-01 9.999988675117492676e-01 1.000000000000000000e+00 1.000000000000000000e+00 0.000000000000000000e+00
9.137368202209472656e-01 9.978112578392028809e-01 9.999716281890869141e-01 9.999999403953552246e-01 1.000000000000000000e+00 0.000000000000000000e+00
9.692876338958740234e-01 9.998972415924072266e-01 9.999999403953552246e-01 1.000000000000000000e+00 1.000000000000000000e+00 0.000000000000000000e+00
9.383670687675476074e-01 9.970197081565856934e-01 9.999470710754394531e-01 9.999999403953552246e-01 1.000000000000000000e+00 0.000000000000000000e+00
9.128552675247192383e-01 9.896389842033386230e-01 9.997973442077636719e-01 9.999996423721313477e-01 1.000000000000000000e+00 0.000000000000000000e+00
8.866270780563354492e-01 9.989715814590454102e-01 9.999955892562866211e-01 1.000000000000000000e+00 1.000000000000000000e+00 0.000000000000000000e+00
8.061009645462036133e-01 9.881499409675598145e-01 9.998871684074401855e-01 9.999997615814208984e-01 1.000000000000000000e+00 0.000000000000000000e+00
8.671519756317138672e-01 9.886297583580017090e-01 9.999243021011352539e-01 9.999998211860656738e-01 1.000000000000000000e+00 0.000000000000000000e+00
9.931617379188537598e-01 9.998418092727661133e-01 9.999994039535522461e-01 1.000000000000000000e+00 1.000000000000000000e+00 0.000000000000000000e+00
9.869983196258544922e-01 9.999371170997619629e-01 9.999999403953552246e-01 1.000000000000000000e+00 1.000000000000000000e+00 0.000000000000000000e+00
7.080596685409545898e-01 9.387047290802001953e-01 9.994671940803527832e-01 9.999948740005493164e-01 1.000000000000000000e+00 0.000000000000000000e+00
8.195900321006774902e-01 9.511120319366455078e-01 9.962968230247497559e-01 9.998893737792968750e-01 9.999995231628417969e-01 0.000000000000000000e+00
8.061287999153137207e-01 9.928769469261169434e-01 9.995093345642089844e-01 9.999944567680358887e-01 1.000000000000000000e+00 0.000000000000000000e+00
8.679352998733520508e-01 9.980696439743041992e-01 9.999399185180664062e-01 9.999997019767761230e-01 1.000000000000000000e+00 0.000000000000000000e+00
9.898557066917419434e-01 9.999473690986633301e-01 9.999997615814208984e-01 1.000000000000000000e+00 1.000000000000000000e+00 1.000000000000000000e+00
9.932363629341125488e-01 9.999998807907104492e-01 1.000000000000000000e+00 1.000000000000000000e+00 1.000000000000000000e+00 2.000000000000000000e+00
9.898557066917419434e-01 9.999473690986633301e-01 9.999997615814208984e-01 1.000000000000000000e+00 1.000000000000000000e+00 1.000000000000000000e+00
9.932363629341125488e-01 9.999998807907104492e-01 1.000000000000000000e+00 1.000000000000000000e+00 1.000000000000000000e+00 2.000000000000000000e+00
9.898557066917419434e-01 9.999473690986633301e-01 9.999997615814208984e-01 1.000000000000000000e+00 1.000000000000000000e+00 1.000000000000000000e+00
9.932363629341125488e-01 9.999998807907104492e-01 1.000000000000000000e+00 1.000000000000000000e+00 1.000000000000000000e+00 2.000000000000000000e+00
9.898557066917419434e-01 9.999473690986633301e-01 9.999997615814208984e-01 1.000000000000000000e+00 1.000000000000000000e+00 1.000000000000000000e+00
9.932363629341125488e-01 9.999998807907104492e-01 1.000000000000000000e+00 1.000000000000000000e+00 1.000000000000000000e+00 2.000000000000000000e+00
9.898557066917419434e-01 9.999473690986633301e-01 9.999997615814208984e-01 1.000000000000000000e+00 1.000000000000000000e+00 1.000000000000000000e+00
9.932363629341125488e-01 9.999998807907104492e-01 1.000000000000000000e+00 1.000000000000000000e+00 1.000000000000000000e+00 2.000000000000000000e+00
9.898557066917419434e-01 9.999473690986633301e-01 9.999997615814208984e-01 1.000000000000000000e+00 1.000000000000000000e+00 1.000000000000000000e+00
9.932363629341125488e-01 9.999998807907104492e-01 1.000000000000000000e+00 1.000000000000000000e+00 1.000000000000000000e+00 2.000000000000000000e+00
9.898557066917419434e-01 9.999473690986633301e-01 9.999997615814208984e-01 1.000000000000000000e+00 1.000000000000000000e+00 1.000000000000000000e+00
9.932363629341125488e-01 9.999998807907104492e-01 1.000000000000000000e+00 1.000000000000000000e+00 1.000000000000000000e+00 2.000000000000000000e+00
9.898557066917419434e-01 9.999473690986633301e-01 9.999997615814208984e-01 1.000000000000000000e+00 1.000000000000000000e+00 1.000000000000000000e+00
9.932363629341125488e-01 9.999998807907104492e-01 1.000000000000000000e+00 1.000000000000000000e+00 1.000000000000000000e+00 2.000000000000000000e+00
9.898557066917419434e-01 9.999473690986633301e-01 9.999997615814208984e-01 1.000000000000000000e+00 1.000000000000000000e+00 1.000000000000000000e+00
9.932363629341125488e-01 9.999998807907104492e-01 1.000000000000000000e+00 1.000000000000000000e+00 1.000000000000000000e+00 2.000000000000000000e+00
9.898557066917419434e-01 9.999473690986633301e-01 9.999997615814208984e-01 1.000000000000000000e+00 1.000000000000000000e+00 1.000000000000000000e+00
9.932363629341125488e-01 9.999998807907104492e-01 1.000000000000000000e+00 1.000000000000000000e+00 1.000000000000000000e+00 2.000000000000000000e+00
7.656245231628417969e-01 9.612134695053100586e-01 9.981160163879394531e-01 9.999428391456604004e-01 9.999998211860656738e-01 0.000000000000000000e+00
3.893462717533111572e-01 6.727170348167419434e-01 7.274841070175170898e-01 9.580222368240356445e-01 9.971199035644531250e-01 0.000000000000000000e+00
-2.125782966613769531e-01 -7.233313918113708496e-01 3.009025156497955322e-01 6.789004206657409668e-01 9.173539876937866211e-01 0.000000000000000000e+00
8.388891816139221191e-01 9.948197603225708008e-01 9.999700784683227539e-01 9.999998807907104492e-01 1.000000000000000000e+00 0.000000000000000000e+00
1.554481238126754761e-01 9.951458573341369629e-01 9.999734759330749512e-01 9.999999403953552246e-01 1.000000000000000000e+00 0.000000000000000000e+00
9.429619908332824707e-01 9.971147179603576660e-01 9.998041987419128418e-01 9.999994039535522461e-01 1.000000000000000000e+00 0.000000000000000000e+00
-3.432449996471405029e-01 7.071065902709960938e-01 9.931010007858276367e-01 9.999893307685852051e-01 1.000000000000000000e+00 0.000000000000000000e+00
9.999614357948303223e-01 1.000000000000000000e+00 1.000000000000000000e+00 1.000000000000000000e+00 1.000000000000000000e+00 0.000000000000000000e+00
-7.917941808700561523e-01 -5.957496762275695801e-01 -5.871535539627075195e-01 9.963086843490600586e-01 9.999965429306030273e-01 0.000000000000000000e+00
8.555924892425537109e-01 9.929643273353576660e-01 9.997438192367553711e-01 9.999930858612060547e-01 1.000000000000000000e+00 0.000000000000000000e+00
6.226748228073120117e-01 8.831274509429931641e-01 9.863578081130981445e-01 9.996836781501770020e-01 9.999986886978149414e-01 0.000000000000000000e+00
9.813870191574096680e-01 9.999721646308898926e-01 1.000000000000000000e+00 1.000000000000000000e+00 1.000000000000000000e+00 0.000000000000000000e+00
9.980385303497314453e-01 9.999974966049194336e-01 1.000000000000000000e+00 1.000000000000000000e+00 1.000000000000000000e+00 1.000000000000000000e+00
9.974917769432067871e-01 9.999993443489074707e-01 1.000000000000000000e+00 1.000000000000000000e+00 1.000000000000000000e+00 2.000000000000000000e+00
9.980385303497314453e-01 9.999974966049194336e-01 1.000000000000000000e+00 1.000000000000000000e+00 1.000000000000000000e+00 1.000000000000000000e+00
9.974917769432067871e-01 9.999993443489074707e-01 1.000000000000000000e+00 1.000000000000000000e+00 1.000000000000000000e+00 2.000000000000000000e+00
9.980385303497314453e-01 9.999974966049194336e-01 1.000000000000000000e+00 1.000000000000000000e+00 1.000000000000000000e+00 1.000000000000000000e+00
9.974917769432067871e-01 9.999993443489074707e-01 1.000000000000000000e+00 1.000000000000000000e+00 1.000000000000000000e+00 2.000000000000000000e+00
9.980385303497314453e-01 9.999974966049194336e-01 1.000000000000000000e+00 1.000000000000000000e+00 1.000000000000000000e+00 1.000000000000000000e+00
9.974917769432067871e-01 9.999993443489074707e-01 1.000000000000000000e+00 1.000000000000000000e+00 1.000000000000000000e+00 2.000000000000000000e+00
9.980385303497314453e-01 9.999974966049194336e-01 1.000000000000000000e+00 1.000000000000000000e+00 1.000000000000000000e+00 1.000000000000000000e+00
9.974917769432067871e-01 9.999993443489074707e-01 1.000000000000000000e+00 1.000000000000000000e+00 1.000000000000000000e+00 2.000000000000000000e+00
9.980385303497314453e-01 9.999974966049194336e-01 1.000000000000000000e+00 1.000000000000000000e+00 1.000000000000000000e+00 1.000000000000000000e+00
9.974917769432067871e-01 9.999993443489074707e-01 1.000000000000000000e+00 1.000000000000000000e+00 1.000000000000000000e+00 2.000000000000000000e+00
9.980385303497314453e-01 9.999974966049194336e-01 1.000000000000000000e+00 1.000000000000000000e+00 1.000000000000000000e+00 1.000000000000000000e+00
9.974917769432067871e-01 9.999993443489074707e-01 1.000000000000000000e+00 1.000000000000000000e+00 1.000000000000000000e+00 2.000000000000000000e+00
9.980385303497314453e-01 9.999974966049194336e-01 1.000000000000000000e+00 1.000000000000000000e+00 1.000000000000000000e+00 1.000000000000000000e+00
9.974917769432067871e-01 9.999993443489074707e-01 1.000000000000000000e+00 1.000000000000000000e+00 1.000000000000000000e+00 2.000000000000000000e+00
9.980385303497314453e-01 9.999974966049194336e-01 1.000000000000000000e+00 1.000000000000000000e+00 1.000000000000000000e+00 1.000000000000000000e+00
9.974917769432067871e-01 9.999993443489074707e-01 1.000000000000000000e+00 1.000000000000000000e+00 1.000000000000000000e+00 2.000000000000000000e+00
9.980385303497314453e-01 9.999974966049194336e-01 1.000000000000000000e+00 1.000000000000000000e+00 1.000000000000000000e+00 1.000000000000000000e+00
9.974917769432067871e-01 9.999993443489074707e-01 1.000000000000000000e+00 1.000000000000000000e+00 1.000000000000000000e+00 2.000000000000000000e+00
9.919933080673217773e-01 9.999889731407165527e-01 1.000000000000000000e+00 1.000000000000000000e+00 1.000000000000000000e+00 0.000000000000000000e+00
9.883841276168823242e-01 9.999580383300781250e-01 9.999995827674865723e-01 1.000000000000000000e+00 1.000000000000000000e+00 0.000000000000000000e+00
3.951939046382904053e-01 8.326311111450195312e-01 9.590901136398315430e-01 9.949433207511901855e-01 9.998652338981628418e-01 0.000000000000000000e+00
8.507425189018249512e-01 9.785595536231994629e-01 9.946718215942382812e-01 9.997752904891967773e-01 9.999942183494567871e-01 0.000000000000000000e+00
7.537845373153686523e-01 9.031977653503417969e-01 9.734348654747009277e-01 9.986619949340820312e-01 9.999711513519287109e-01 0.000000000000000000e+00
-7.795537114143371582e-01 -8.354821205139160156e-01 -8.076156377792358398e-01 -6.926875710487365723e-01 -5.207747220993041992e-01 1.000000000000000000e+00
8.923011422157287598e-01 9.778480529785156250e-01 9.976922869682312012e-01 9.999071955680847168e-01 9.999987483024597168e-01 2.000000000000000000e+00
-7.795537114143371582e-01 -8.354821205139160156e-01 -8.076156377792358398e-01 -6.926875710487365723e-01 -5.207747220993041992e-01 1.000000000000000000e+00
8.923011422157287598e-01 9.778480529785156250e-01 9.976922869682312012e-01 9.999071955680847168e-01 9.999987483024597168e-01 2.000000000000000000e+00
-7.795537114143371582e-01 -8.354821205139160156e-01 -8.076156377792358398e-01 -6.926875710487365723e-01 -5.207747220993041992e-01 1.000000000000000000e+00
8.923011422157287598e-01 9.778480529785156250e-01 9.976922869682312012e-01 9.999071955680847168e-01 9.999987483024597168e-01 2.000000000000000000e+00
-7.795537114143371582e-01 -8.354821205139160156e-01 -8.076156377792358398e-01 -6.926875710487365723e-01 -5.207747220993041992e-01 1.000000000000000000e+00
8.923011422157287598e-01 9.778480529785156250e-01 9.976922869682312012e-01 9.999071955680847168e-01 9.999987483024597168e-01 2.000000000000000000e+00
-7.795537114143371582e-01 -8.354821205139160156e-01 -8.076156377792358398e-01 -6.926875710487365723e-01 -5.207747220993041992e-01 1.000000000000000000e+00
8.923011422157287598e-01 9.778480529785156250e-01 9.976922869682312012e-01 9.999071955680847168e-01 9.999987483024597168e-01 2.000000000000000000e+00
-7.795537114143371582e-01 -8.354821205139160156e-01 -8.076156377792358398e-01 -6.926875710487365723e-01 -5.207747220993041992e-01 1.000000000000000000e+00
8.923011422157287598e-01 9.778480529785156250e-01 9.976922869682312012e-01 9.999071955680847168e-01 9.999987483024597168e-01 2.000000000000000000e+00
-7.795537114143371582e-01 -8.354821205139160156e-01 -8.076156377792358398e-01 -6.926875710487365723e-01 -5.207747220993041992e-01 1.000000000000000000e+00
8.923011422157287598e-01 9.778480529785156250e-01 9.976922869682312012e-01 9.999071955680847168e-01 9.999987483024597168e-01 2.000000000000000000e+00
-7.795537114143371582e-01 -8.354821205139160156e-01 -8.076156377792358398e-01 -6.926875710487365723e-01 -5.207747220993041992e-01 1.000000000000000000e+00
8.923011422157287598e-01 9.778480529785156250e-01 9.976922869682312012e-01 9.999071955680847168e-01 9.999987483024597168e-01 2.000000000000000000e+00
-7.795537114143371582e-01 -8.354821205139160156e-01 -8.076156377792358398e-01 -6.926875710487365723e-01 -5.207747220993041992e-01 1.000000000000000000e+00
8.923011422157287598e-01 9.778480529785156250e-01 9.976922869682312012e-01 9.999071955680847168e-01 9.999987483024597168e-01 2.000000000000000000e+00
-7.795537114143371582e-01 -8.354821205139160156e-01 -8.076156377792358398e-01 -6.926875710487365723e-01 -5.207747220993041992e-01 1.000000000000000000e+00
8.923011422157287598e-01 9.778480529785156250e-01 9.976922869682312012e-01 9.999071955680847168e-01 9.999987483024597168e-01 2.000000000000000000e+00
9.290026426315307617e-01 9.921471476554870605e-01 9.997767210006713867e-01 9.999976754188537598e-01 1.000000000000000000e+00 0.000000000000000000e+00
9.903779029846191406e-01 9.995784759521484375e-01 9.999995231628417969e-01 1.000000000000000000e+00 1.000000000000000000e+00 0.000000000000000000e+00
9.645653963088989258e-01 9.993820190429687500e-01 9.999973177909851074e-01 1.000000000000000000e+00 1.000000000000000000e+00 0.000000000000000000e+00
7.909449934959411621e-01 9.783008098602294922e-01 9.980319738388061523e-01 9.999055862426757812e-01 9.999998807907104492e-01 0.000000000000000000e+00
8.937749862670898438e-01 9.809311628341674805e-01 9.982181191444396973e-01 9.999358057975769043e-01 9.999998807907104492e-01 0.000000000000000000e+00
-1.959156244993209839e-01 5.836514234542846680e-01 9.803534150123596191e-01 9.995326399803161621e-01 9.999966621398925781e-01 0.000000000000000000e+00
5.284779667854309082e-01 9.633421301841735840e-01 9.860569238662719727e-01 9.970965385437011719e-01 9.998263120651245117e-01 0.000000000000000000e+00
4.681001603603363037e-01 -3.400326073169708252e-01 -2.754507064819335938e-01 -3.598556220531463623e-01 -4.360998272895812988e-01 0.000000000000000000e+00
5.216097831726074219e-01 8.397401571273803711e-01 9.260295629501342773e-01 9.780116081237792969e-01 9.934612512588500977e-01 0.000000000000000000e+00
-4.741249978542327881e-01 -5.256582498550415039e-01 -6.726632118225097656e-01 -8.210474848747253418e-01 -9.024393558502197266e-01 0.000000000000000000e+00
-8.974589109420776367e-01 -9.134019017219543457e-01 -9.913725852966308594e-01 -9.999380707740783691e-01 -9.999999403953552246e-01 0.000000000000000000e+00
1.417177319526672363e-01 4.872554242610931396e-01 7.161988019943237305e-01 -8.316832780838012695e-01 -9.675773978233337402e-01 0.000000000000000000e+00
8.725099563598632812e-01 9.908939003944396973e-01 9.812563657760620117e-01 9.086864590644836426e-01 7.609884738922119141e-01 0.000000000000000000e+00
-3.384680449962615967e-01 7.719691991806030273e-01 9.527057409286499023e-01 9.952320456504821777e-01 9.999481439590454102e-01 0.000000000000000000e+00
9.956270456314086914e-01 9.999981522560119629e-01 1.000000000000000000e+00 1.000000000000000000e+00 1.000000000000000000e+00 0.000000000000000000e+00
9.876394271850585938e-01 9.999403357505798340e-01 1.000000000000000000e+00 1.000000000000000000e+00 1.000000000000000000e+00 0.000000000000000000e+00
9.335395097732543945e-01 9.986803531646728516e-01 9.999940395355224609e-01 1.000000000000000000e+00 1.000000000000000000e+00 0.000000000000000000e+00
9.647940397262573242e-01 9.992886185646057129e-01 9.999983310699462891e-01 1.000000000000000000e+00 1.000000000000000000e+00 0.000000000000000000e+00
9.673110246658325195e-01 9.995926022529602051e-01 9.999997019767761230e-01 1.000000000000000000e+00 1.000000000000000000e+00 0.000000000000000000e+00
9.650758504867553711e-01 9.994159936904907227e-01 9.999992847442626953e-01 1.000000000000000000e+00 1.000000000000000000e+00 0.000000000000000000e+00
9.759669899940490723e-01 9.997786879539489746e-01 9.999997019767761230e-01 1.000000000000000000e+00 1.000000000000000000e+00 0.000000000000000000e+00
3.449206054210662842e-01 9.103437066078186035e-01 9.629015326499938965e-01 9.723947644233703613e-01 9.961209297180175781e-01 0.000000000000000000e+00
7.057605981826782227e-01 7.902565598487854004e-01 9.133347868919372559e-01 9.996306300163269043e-01 9.998571276664733887e-01 0.000000000000000000e+00
7.948089838027954102e-01 9.458078742027282715e-01 9.874022603034973145e-01 9.989669919013977051e-01 9.999719262123107910e-01 0.000000000000000000e+00
7.622415423393249512e-01 9.541012048721313477e-01 9.859294295310974121e-01 9.995955824851989746e-01 9.999952316284179688e-01 0.000000000000000000e+00
8.827666640281677246e-01 9.959889054298400879e-01 9.999487996101379395e-01 9.999996423721313477e-01 1.000000000000000000e+00 0.000000000000000000e+00
8.915809988975524902e-01 9.881599545478820801e-01 9.992124438285827637e-01 9.999844431877136230e-01 9.999999403953552246e-01 0.000000000000000000e+00
7.952018380165100098e-01 9.565587639808654785e-01 9.988492727279663086e-01 9.999837875366210938e-01 1.000000000000000000e+00 0.000000000000000000e+00
-6.753215789794921875e-01 -8.008297085762023926e-01 -6.730165481567382812e-01 -1.450051963329315186e-01 5.744365453720092773e-01 0.000000000000000000e+00
-6.030720472335815430e-01 -7.936182022094726562e-01 -8.754843473434448242e-01 -8.929629325866699219e-01 -9.074180126190185547e-01 0.000000000000000000e+00
-5.625391006469726562e-01 -6.982035636901855469e-01 -7.509630918502807617e-01 -8.098354339599609375e-01 -8.537625670433044434e-01 0.000000000000000000e+00
8.994942307472229004e-01 9.875819087028503418e-01 9.993941187858581543e-01 9.999834895133972168e-01 9.999998807907104492e-01 0.000000000000000000e+00
5.279304981231689453e-01 6.859503984451293945e-01 8.364166021347045898e-01 9.665583372116088867e-01 9.967164397239685059e-01 0.000000000000000000e+00
7.434419989585876465e-01 9.140520691871643066e-01 9.654849767684936523e-01 9.956016540527343750e-01 9.997056126594543457e-01 0.000000000000000000e+00
8.949763178825378418e-01 9.878637790679931641e-01 9.996694326400756836e-01 9.999951124191284180e-01 1.000000000000000000e+00 0.000000000000000000e+00
-3.900834321975708008e-01 -7.902610301971435547e-01 -9.035557508468627930e-01 -9.200003147125244141e-01 -9.395711421966552734e-01 0.000000000000000000e+00
2.604943513870239258e-01 -6.331928819417953491e-02 -2.132015824317932129e-01 -3.276842236518859863e-01 -6.716109514236450195e-01 0.000000000000000000e+00
4.237967133522033691e-01 7.204808592796325684e-01 5.911678075790405273e-01 7.622395753860473633e-01 9.098318815231323242e-01 0.000000000000000000e+00
8.989634513854980469e-01 9.928528666496276855e-01 9.998930692672729492e-01 9.999997019767761230e-01 1.000000000000000000e+00 0.000000000000000000e+00
9.943853020668029785e-01 9.998467564582824707e-01 1.000000000000000000e+00 1.000000000000000000e+00 1.000000000000000000e+00 0.000000000000000000e+00
9.941955208778381348e-01 9.999693632125854492e-01 1.000000000000000000e+00 1.000000000000000000e+00 1.000000000000000000e+00 0.000000000000000000e+00
-6.987127065658569336e-01 -8.442786931991577148e-01 -9.171009063720703125e-01 -9.488760232925415039e-01 -9.886924624443054199e-01 1.000000000000000000e+00
8.370685577392578125e-01 9.678561687469482422e-01 9.947574138641357422e-01 9.989830851554870605e-01 9.999780654907226562e-01 2.000000000000000000e+00
-6.987127065658569336e-01 -8.442786931991577148e-01 -9.171009063720703125e-01 -9.488760232925415039e-01 -9.886924624443054199e-01 1.000000000000000000e+00
8.370685577392578125e-01 9.678561687469482422e-01 9.947574138641357422e-01 9.989830851554870605e-01 9.999780654907226562e-01 2.000000000000000000e+00
-6.987127065658569336e-01 -8.442786931991577148e-01 -9.171009063720703125e-01 -9.488760232925415039e-01 -9.886924624443054199e-01 1.000000000000000000e+00
8.370685577392578125e-01 9.678561687469482422e-01 9.947574138641357422e-01 9.989830851554870605e-01 9.999780654907226562e-01 2.000000000000000000e+00
-6.987127065658569336e-01 -8.442786931991577148e-01 -9.171009063720703125e-01 -9.488760232925415039e-01 -9.886924624443054199e-01 1.000000000000000000e+00
8.370685577392578125e-01 9.678561687469482422e-01 9.947574138641357422e-01 9.989830851554870605e-01 9.999780654907226562e-01 2.000000000000000000e+00
-6.987127065658569336e-01 -8.442786931991577148e-01 -9.171009063720703125e-01 -9.488760232925415039e-01 -9.886924624443054199e-01 1.000000000000000000e+00
8.370685577392578125e-01 9.678561687469482422e-01 9.947574138641357422e-01 9.989830851554870605e-01 9.999780654907226562e-01 2.000000000000000000e+00
-6.987127065658569336e-01 -8.442786931991577148e-01 -9.171009063720703125e-01 -9.488760232925415039e-01 -9.886924624443054199e-01 1.000000000000000000e+00
8.370685577392578125e-01 9.678561687469482422e-01 9.947574138641357422e-01 9.989830851554870605e-01 9.999780654907226562e-01 2.000000000000000000e+00
-6.987127065658569336e-01 -8.442786931991577148e-01 -9.171009063720703125e-01 -9.488760232925415039e-01 -9.886924624443054199e-01 1.000000000000000000e+00
8.370685577392578125e-01 9.678561687469482422e-01 9.947574138641357422e-01 9.989830851554870605e-01 9.999780654907226562e-01 2.000000000000000000e+00
-6.987127065658569336e-01 -8.442786931991577148e-01 -9.171009063720703125e-01 -9.488760232925415039e-01 -9.886924624443054199e-01 1.000000000000000000e+00
8.370685577392578125e-01 9.678561687469482422e-01 9.947574138641357422e-01 9.989830851554870605e-01 9.999780654907226562e-01 2.000000000000000000e+00
-6.987127065658569336e-01 -8.442786931991577148e-01 -9.171009063720703125e-01 -9.488760232925415039e-01 -9.886924624443054199e-01 1.000000000000000000e+00
8.370685577392578125e-01 9.678561687469482422e-01 9.947574138641357422e-01 9.989830851554870605e-01 9.999780654907226562e-01 2.000000000000000000e+00
-6.987127065658569336e-01 -8.442786931991577148e-01 -9.171009063720703125e-01 -9.488760232925415039e-01 -9.886924624443054199e-01 1.000000000000000000e+00
8.370685577392578125e-01 9.678561687469482422e-01 9.947574138641357422e-01 9.989830851554870605e-01 9.999780654907226562e-01 2.000000000000000000e+00
9.991750717163085938e-01 9.999920129776000977e-01 1.000000000000000000e+00 1.000000000000000000e+00 1.000000000000000000e+00 0.000000000000000000e+00
9.858990907669067383e-01 9.997195005416870117e-01 9.999991059303283691e-01 1.000000000000000000e+00 1.000000000000000000e+00 0.000000000000000000e+00
9.846723079681396484e-01 9.997047781944274902e-01 9.999998211860656738e-01 1.000000000000000000e+00 1.000000000000000000e+00 0.000000000000000000e+00
9.710510373115539551e-01 9.995538592338562012e-01 9.999995231628417969e-01 1.000000000000000000e+00 1.000000000000000000e+00 0.000000000000000000e+00
9.474688768386840820e-01 9.991414546966552734e-01 9.999992847442626953e-01 1.000000000000000000e+00 1.000000000000000000e+00 0.000000000000000000e+00
9.828053712844848633e-01 9.997755885124206543e-01 1.000000000000000000e+00 1.000000000000000000e+00 1.000000000000000000e+00 0.000000000000000000e+00
8.189253211021423340e-01 9.741560816764831543e-01 9.978155493736267090e-01 9.999633431434631348e-01 1.000000000000000000e+00 0.000000000000000000e+00
8.555785417556762695e-01 9.964361786842346191e-01 9.999896883964538574e-01 1.000000000000000000e+00 1.000000000000000000e+00 0.000000000000000000e+00
1.069907993078231812e-01 9.331123828887939453e-01 9.952211380004882812e-01 9.998250603675842285e-01 9.999995827674865723e-01 0.000000000000000000e+00
3.155110180377960205e-01 9.825083017349243164e-01 9.995864033699035645e-01 9.999989271163940430e-01 1.000000000000000000e+00 0.000000000000000000e+00
3.237808942794799805e-01 7.333317399024963379e-01 5.670164823532104492e-01 8.387445211410522461e-01 9.780495166778564453e-01 0.000000000000000000e+00
6.032496094703674316e-01 8.266186714172363281e-01 9.148170351982116699e-01 9.709634184837341309e-01 9.948882460594177246e-01 0.000000000000000000e+00
4.157483875751495361e-01 6.424195766448974609e-01 9.651002287864685059e-01 9.929832816123962402e-01 9.998134374618530273e-01 0.000000000000000000e+00
9.516232013702392578e-01 9.907618165016174316e-01 9.991506338119506836e-01 9.999916553497314453e-01 1.000000000000000000e+00 0.000000000000000000e+00
8.651902675628662109e-01 9.877411723136901855e-01 9.988417029380798340e-01 9.999912381172180176e-01 1.000000000000000000e+00 0.000000000000000000e+00
9.942281842231750488e-01 9.998772740364074707e-01 9.999997615814208984e-01 1.000000000000000000e+00 1.000000000000000000e+00 0.000000000000000000e+00
9.909846782684326172e-01 9.991090893745422363e-01 9.999979138374328613e-01 1.000000000000000000e+00 1.000000000000000000e+00 0.000000000000000000e+00
9.350230097770690918e-01 9.964038133621215820e-01 9.999343752861022949e-01 9.999999403953552246e-01 1.000000000000000000e+00 0.000000000000000000e+00
9.823276400566101074e-01 9.996031522750854492e-01 9.999998807907104492e-01 1.000000000000000000e+00 1.000000000000000000e+00 0.000000000000000000e+00
-3.206599652767181396e-01 -1.208098698407411575e-02 9.836909770965576172e-01 9.994537830352783203e-01 9.999994635581970215e-01 0.000000000000000000e+00
-7.228119373321533203e-01 -7.995029687881469727e-01 -7.439217567443847656e-01 -7.145557999610900879e-01 -6.193810701370239258e-01 0.000000000000000000e+00
8.596050739288330078e-01 7.756261229515075684e-01 9.587480425834655762e-01 9.944911003112792969e-01 9.999571442604064941e-01 0.000000000000000000e+00
7.027848958969116211e-01 9.563491344451904297e-01 9.968349933624267578e-01 9.998883605003356934e-01 9.999995231628417969e-01 0.000000000000000000e+00
9.661866426467895508e-01 9.991707801818847656e-01 9.999902844429016113e-01 1.000000000000000000e+00 1.000000000000000000e+00 0.000000000000000000e+00
9.728276729583740234e-01 9.991877675056457520e-01 9.999995827674865723e-01 1.000000000000000000e+00 1.000000000000000000e+00 0.000000000000000000e+00
9.422790408134460449e-01 9.993202090263366699e-01 9.999998211860656738e-01 1.000000000000000000e+00 1.000000000000000000e+00 0.000000000000000000e+00
9.519199728965759277e-01 9.997941255569458008e-01 9.999994039535522461e-01 1.000000000000000000e+00 1.000000000000000000e+00 0.000000000000000000e+00
-1.611694693565368652e-01 7.922637462615966797e-01 8.796846270561218262e-01 7.290829420089721680e-01 9.787303209304809570e-01 0.000000000000000000e+00
8.807764053344726562e-01 9.906957149505615234e-01 9.996810555458068848e-01 9.999972581863403320e-01 1.000000000000000000e+00 0.000000000000000000e+00
7.620873451232910156e-01 9.012942314147949219e-01 9.720531105995178223e-01 9.981649518013000488e-01 9.999590516090393066e-01 0.000000000000000000e+00
7.140135765075683594e-01 8.638420104980468750e-01 9.361332654953002930e-01 9.859160184860229492e-01 9.982060194015502930e-01 0.000000000000000000e+00
4.087574481964111328e-01 1.568353325128555298e-01 7.188367843627929688e-01 7.896797657012939453e-01 9.505729675292968750e-01 0.000000000000000000e+00
-4.816168546676635742e-01 -6.517064571380615234e-01 -5.775392055511474609e-01 -6.273479461669921875e-01 -6.248149871826171875e-01 0.000000000000000000e+00
5.105988979339599609e-01 1.704708486795425415e-01 -5.981632471084594727e-01 -2.512128651142120361e-01 -1.349129974842071533e-01 0.000000000000000000e+00
6.667929887771606445e-01 9.575892090797424316e-01 9.963200092315673828e-01 9.998199343681335449e-01 9.999977946281433105e-01 0.000000000000000000e+00
9.235451221466064453e-01 9.936031103134155273e-01 9.997536540031433105e-01 9.999991655349731445e-01 1.000000000000000000e+00 0.000000000000000000e+00
9.864651560783386230e-01 9.998623132705688477e-01 9.999997615814208984e-01 1.000000000000000000e+00 1.000000000000000000e+00 0.000000000000000000e+00
9.984983205795288086e-01 9.999992847442626953e-01 1.000000000000000000e+00 1.000000000000000000e+00 1.000000000000000000e+00 0.000000000000000000e+00
9.444439411163330078e-01 9.974727630615234375e-01 9.999692440032958984e-01 1.000000000000000000e+00 1.000000000000000000e+00 0.000000000000000000e+00
9.029446840286254883e-01 9.850441217422485352e-01 9.997341036796569824e-01 9.999979734420776367e-01 1.000000000000000000e+00 0.000000000000000000e+00
9.536740183830261230e-01 9.985784292221069336e-01 9.999920725822448730e-01 1.000000000000000000e+00 1.000000000000000000e+00 0.000000000000000000e+00
9.505442976951599121e-01 9.980779290199279785e-01 9.999967813491821289e-01 1.000000000000000000e+00 1.000000000000000000e+00 0.000000000000000000e+00
6.996735334396362305e-01 8.041298389434814453e-01 9.834895133972167969e-01 9.976790547370910645e-01 9.998085498809814453e-01 1.000000000000000000e+00
8.719999194145202637e-01 9.853847026824951172e-01 9.998180270195007324e-01 9.999997615814208984e-01 1.000000000000000000e+00 2.000000000000000000e+00
6.996735334396362305e-01 8.041298389434814453e-01 9.834895133972167969e-01 9.976790547370910645e-01 9.998085498809814453e-01 1.000000000000000000e+00
8.719999194145202637e-01 9.853847026824951172e-01 9.998180270195007324e-01 9.999997615814208984e-01 1.000000000000000000e+00 2.000000000000000000e+00
6.996735334396362305e-01 8.041298389434814453e-01 9.834895133972167969e-01 9.976790547370910645e-01 9.998085498809814453e-01 1.000000000000000000e+00
8.719999194145202637e-01 9.853847026824951172e-01 9.998180270195007324e-01 9.999997615814208984e-01 1.000000000000000000e+00 2.000000000000000000e+00
6.996735334396362305e-01 8.041298389434814453e-01 9.834895133972167969e-01 9.976790547370910645e-01 9.998085498809814453e-01 1.000000000000000000e+00
8.719999194145202637e-01 9.853847026824951172e-01 9.998180270195007324e-01 9.999997615814208984e-01 1.000000000000000000e+00 2.000000000000000000e+00
6.996735334396362305e-01 8.041298389434814453e-01 9.834895133972167969e-01 9.976790547370910645e-01 9.998085498809814453e-01 1.000000000000000000e+00
8.719999194145202637e-01 9.853847026824951172e-01 9.998180270195007324e-01 9.999997615814208984e-01 1.000000000000000000e+00 2.000000000000000000e+00
6.996735334396362305e-01 8.041298389434814453e-01 9.834895133972167969e-01 9.976790547370910645e-01 9.998085498809814453e-01 1.000000000000000000e+00
8.719999194145202637e-01 9.853847026824951172e-01 9.998180270195007324e-01 9.999997615814208984e-01 1.000000000000000000e+00 2.000000000000000000e+00
6.996735334396362305e-01 8.041298389434814453e-01 9.834895133972167969e-01 9.976790547370910645e-01 9.998085498809814453e-01 1.000000000000000000e+00
8.719999194145202637e-01 9.853847026824951172e-01 9.998180270195007324e-01 9.999997615814208984e-01 1.000000000000000000e+00 2.000000000000000000e+00
6.996735334396362305e-01 8.041298389434814453e-01 9.834895133972167969e-01 9.976790547370910645e-01 9.998085498809814453e-01 1.000000000000000000e+00
8.719999194145202637e-01 9.853847026824951172e-01 9.998180270195007324e-01 9.999997615814208984e-01 1.000000000000000000e+00 2.000000000000000000e+00
6.996735334396362305e-01 8.041298389434814453e-01 9.834895133972167969e-01 9.976790547370910645e-01 9.998085498809814453e-01 1.000000000000000000e+00
8.719999194145202637e-01 9.853847026824951172e-01 9.998180270195007324e-01 9.999997615814208984e-01 1.000000000000000000e+00 2.000000000000000000e+00
6.996735334396362305e-01 8.041298389434814453e-01 9.834895133972167969e-01 9.976790547370910645e-01 9.998085498809814453e-01 1.000000000000000000e+00
8.719999194145202637e-01 9.853847026824951172e-01 9.998180270195007324e-01 9.999997615814208984e-01 1.000000000000000000e+00 2.000000000000000000e+00
9.127649068832397461e-01 9.884266853332519531e-01 9.998056888580322266e-01 9.999997019767761230e-01 1.000000000000000000e+00 0.000000000000000000e+00
8.277072310447692871e-01 9.859514236450195312e-01 9.998810291290283203e-01 9.999996423721313477e-01 1.000000000000000000e+00 0.000000000000000000e+00
-6.064150333404541016e-01 7.668495178222656250e-01 9.972302317619323730e-01 9.999724030494689941e-01 1.000000000000000000e+00 0.000000000000000000e+00
8.534857630729675293e-01 9.910644292831420898e-01 9.999123215675354004e-01 9.999998211860656738e-01 1.000000000000000000e+00 0.000000000000000000e+00
9.377108216285705566e-01 9.945570826530456543e-01 9.999704957008361816e-01 1.000000000000000000e+00 1.000000000000000000e+00 0.000000000000000000e+00
3.436204493045806885e-01 8.076767921447753906e-01 9.893295764923095703e-01 9.999482631683349609e-01 1.000000000000000000e+00 0.000000000000000000e+00
6.108917593955993652e-01 9.445152878761291504e-01 9.987706542015075684e-01 9.999921917915344238e-01 1.000000000000000000e+00 0.000000000000000000e+00
9.958114027976989746e-01 9.999963045120239258e-01 1.000000000000000000e+00 1.000000000000000000e+00 1.000000000000000000e+00 1.000000000000000000e+00
8.291518688201904297e-01 9.878121614456176758e-01 9.999924898147583008e-01 1.000000000000000000e+00 1.000000000000000000e+00 2.000000000000000000e+00
9.958114027976989746e-01 9.999963045120239258e-01 1.000000000000000000e+00 1.000000000000000000e+00 1.000000000000000000e+00 1.000000000000000000e+00
8.291518688201904297e-01 9.878121614456176758e-01 9.999924898147583008e-01 1.000000000000000000e+00 1.000000000000000000e+00 2.000000000000000000e+00
9.958114027976989746e-01 9.999963045120239258e-01 1.000000000000000000e+00 1.000000000000000000e+00 1.000000000000000000e+00 1.000000000000000000e+00
8.291518688201904297e-01 9.878121614456176758e-01 9.999924898147583008e-01 1.000000000000000000e+00 1.000000000000000000e+00 2.000000000000000000e+00
9.958114027976989746e-01 9.999963045120239258e-01 1.000000000000000000e+00 1.000000000000000000e+00 1.000000000000000000e+00 1.000000000000000000e+00
8.291518688201904297e-01 9.878121614456176758e-01 9.999924898147583008e-01 1.000000000000000000e+00 1.000000000000000000e+00 2.000000000000000000e+00
9.958114027976989746e-01 9.999963045120239258e-01 1.000000000000000000e+00 1.000000000000000000e+00 1.000000000000000000e+00 1.000000000000000000e+00
8.291518688201904297e-01 9.878121614456176758e-01 9.999924898147583008e-01 1.000000000000000000e+00 1.000000000000000000e+00 2.000000000000000000e+00
9.958114027976989746e-01 9.999963045120239258e-01 1.000000000000000000e+00 1.000000000000000000e+00 1.000000000000000000e+00 1.000000000000000000e+00
8.291518688201904297e-01 9.878121614456176758e-01 9.999924898147583008e-01 1.000000000000000000e+00 1.000000000000000000e+00 2.000000000000000000e+00
9.958114027976989746e-01 9.999963045120239258e-01 1.000000000000000000e+00 1.000000000000000000e+00 1.000000000000000000e+00 1.000000000000000000e+00
8.291518688201904297e-01 9.878121614456176758e-01 9.999924898147583008e-01 1.000000000000000000e+00 1.000000000000000000e+00 2.000000000000000000e+00
9.958114027976989746e-01 9.999963045120239258e-01 1.000000000000000000e+00 1.000000000000000000e+00 1.000000000000000000e+00 1.000000000000000000e+00
8.291518688201904297e-01 9.878121614456176758e-01 9.999924898147583008e-01 1.000000000000000000e+00 1.000000000000000000e+00 2.000000000000000000e+00
9.958114027976989746e-01 9.999963045120239258e-01 1.000000000000000000e+00 1.000000000000000000e+00 1.000000000000000000e+00 1.000000000000000000e+00
8.291518688201904297e-01 9.878121614456176758e-01 9.999924898147583008e-01 1.000000000000000000e+00 1.000000000000000000e+00 2.000000000000000000e+00
9.958114027976989746e-01 9.999963045120239258e-01 1.000000000000000000e+00 1.000000000000000000e+00 1.000000000000000000e+00 1.000000000000000000e+00
8.291518688201904297e-01 9.878121614456176758e-01 9.999924898147583008e-01 1.000000000000000000e+00 1.000000000000000000e+00 2.000000000000000000e+00
8.697590827941894531e-01 9.844630956649780273e-01 9.998684525489807129e-01 1.000000000000000000e+00 1.000000000000000000e+00 0.000000000000000000e+00
9.867119193077087402e-01 9.987039566040039062e-01 9.999973177909851074e-01 1.000000000000000000e+00 1.000000000000000000e+00 0.000000000000000000e+00
8.301876783370971680e-01 9.936147928237915039e-01 9.998551607131958008e-01 9.999989271163940430e-01 1.000000000000000000e+00 0.000000000000000000e+00
9.277011156082153320e-01 9.724182486534118652e-01 9.986187815666198730e-01 9.999656677246093750e-01 9.999999403953552246e-01 0.000000000000000000e+00
9.661849141120910645e-01 9.955544471740722656e-01 9.994542002677917480e-01 9.999924302101135254e-01 1.000000000000000000e+00 0.000000000000000000e+00
8.772947788238525391e-01 9.924599528312683105e-01 9.993562698364257812e-01 9.999988079071044922e-01 1.000000000000000000e+00 0.000000000000000000e+00
-4.471804201602935791e-01 -5.969630479812622070e-01 -6.049168705940246582e-01 -5.968722105026245117e-01 -7.362848520278930664e-01 0.000000000000000000e+00
9.222158789634704590e-01 9.971894621849060059e-01 9.999946951866149902e-01 1.000000000000000000e+00 1.000000000000000000e+00 0.000000000000000000e+00
3.521656990051269531e-01 9.619965553283691406e-01 9.954725503921508789e-01 9.999352693557739258e-01 9.999998211860656738e-01 0.000000000000000000e+00
9.502966403961181641e-01 9.994968175888061523e-01 9.999786615371704102e-01 9.999998807907104492e-01 1.000000000000000000e+00 0.000000000000000000e+00
8.608596324920654297e-01 9.598121643066406250e-01 9.987910389900207520e-01 9.999833703041076660e-01 9.999999403953552246e-01 0.000000000000000000e+00
-6.931589245796203613e-01 -7.542369365692138672e-01 -8.182747364044189453e-01 -8.900965452194213867e-01 -9.485042691230773926e-01 0.000000000000000000e+00
7.442713975906372070e-01 9.711500406265258789e-01 9.995002746582031250e-01 9.999957680702209473e-01 1.000000000000000000e+00 0.000000000000000000e+00
9.644945263862609863e-01 9.984893202781677246e-01 9.999862909317016602e-01 1.000000000000000000e+00 1.000000000000000000e+00 0.000000000000000000e+00
9.721453189849853516e-01 9.993457198143005371e-01 9.999805688858032227e-01 1.000000000000000000e+00 1.000000000000000000e+00 0.000000000000000000e+00
9.088479280471801758e-01 9.908263683319091797e-01 9.998389482498168945e-01 9.999998211860656738e-01 1.000000000000000000e+00 0.000000000000000000e+00
8.904095888137817383e-01 9.942432045936584473e-01 9.996830821037292480e-01 9.999917745590209961e-01 1.000000000000000000e+00 0.000000000000000000e+00
9.067429304122924805e-01 9.917902946472167969e-01 9.995914697647094727e-01 9.999988675117492676e-01 1.000000000000000000e+00 0.000000000000000000e+00
8.254894018173217773e-01 9.808077216148376465e-01 9.960380792617797852e-01 9.999397397041320801e-01 9.999995827674865723e-01 0.000000000000000000e+00
9.065904617309570312e-01 9.964752197265625000e-01 9.999338388442993164e-01 9.999998807907104492e-01 1.000000000000000000e+00 0.000000000000000000e+00
7.829476594924926758e-01 9.476147890090942383e-01 9.858236908912658691e-01 9.987974762916564941e-01 9.999608397483825684e-01 0.000000000000000000e+00
8.808586001396179199e-01 9.894014000892639160e-01 9.999758005142211914e-01 1.000000000000000000e+00 1.000000000000000000e+00 0.000000000000000000e+00
-2.869776785373687744e-01 2.755481898784637451e-01 7.862024903297424316e-01 9.660915136337280273e-01 9.988795518875122070e-01 0.000000000000000000e+00
9.190773367881774902e-01 9.995334744453430176e-01 9.999927282333374023e-01 1.000000000000000000e+00 1.000000000000000000e+00 0.000000000000000000e+00
9.519138932228088379e-01 9.999350905418395996e-01 9.999997615814208984e-01 1.000000000000000000e+00 1.000000000000000000e+00 0.000000000000000000e+00
9.267582893371582031e-01 9.959120750427246094e-01 9.999394416809082031e-01 9.999999403953552246e-01 1.000000000000000000e+00 0.000000000000000000e+00
7.153524160385131836e-01 8.666508197784423828e-01 9.723907709121704102e-01 9.987004399299621582e-01 9.999843835830688477e-01 0.000000000000000000e+00
8.149366378784179688e-01 9.254066944122314453e-01 9.807865023612976074e-01 9.979661703109741211e-01 9.999526143074035645e-01 0.000000000000000000e+00
9.771082997322082520e-01 9.997273683547973633e-01 9.999983310699462891e-01 1.000000000000000000e+00 1.000000000000000000e+00 0.000000000000000000e+00
9.087486267089843750e-01 9.884421825408935547e-01 9.998860955238342285e-01 9.999998211860656738e-01 1.000000000000000000e+00 0.000000000000000000e+00
9.431101083755493164e-01 9.935431480407714844e-01 9.996484518051147461e-01 9.999936819076538086e-01 1.000000000000000000e+00 0.000000000000000000e+00
9.889060258865356445e-01 9.999811053276062012e-01 1.000000000000000000e+00 1.000000000000000000e+00 1.000000000000000000e+00 0.000000000000000000e+00
9.979903101921081543e-01 9.999991655349731445e-01 1.000000000000000000e+00 1.000000000000000000e+00 1.000000000000000000e+00 0.000000000000000000e+00
9.973513484001159668e-01 9.999992847442626953e-01 1.000000000000000000e+00 1.000000000000000000e+00 1.000000000000000000e+00 0.000000000000000000e+00
9.663178920745849609e-01 9.999591112136840820e-01 1.000000000000000000e+00 1.000000000000000000e+00 1.000000000000000000e+00 0.000000000000000000e+00
9.709730744361877441e-01 9.971894621849060059e-01 9.999806880950927734e-01 1.000000000000000000e+00 1.000000000000000000e+00 0.000000000000000000e+00
9.972298741340637207e-01 9.999956488609313965e-01 1.000000000000000000e+00 1.000000000000000000e+00 1.000000000000000000e+00 0.000000000000000000e+00
9.986706972122192383e-01 9.999997019767761230e-01 1.000000000000000000e+00 1.000000000000000000e+00 1.000000000000000000e+00 0.000000000000000000e+00
9.808257222175598145e-01 9.998585581779479980e-01 1.000000000000000000e+00 1.000000000000000000e+00 1.000000000000000000e+00 0.000000000000000000e+00
9.287105798721313477e-01 9.981124401092529297e-01 9.999957680702209473e-01 1.000000000000000000e+00 1.000000000000000000e+00 0.000000000000000000e+00
9.608655571937561035e-01 9.991368055343627930e-01 9.999999403953552246e-01 1.000000000000000000e+00 1.000000000000000000e+00 0.000000000000000000e+00
