9.018799066543579102e-01 9.831839203834533691e-01 9.962668418884277344e-01 9.994277358055114746e-01 9.998279809951782227e-01 0.000000000000000000e+00
5.275781750679016113e-01 8.824059963226318359e-01 9.085622429847717285e-01 9.600511789321899414e-01 9.877651929855346680e-01 0.000000000000000000e+00
3.041996955871582031e-01 6.710587739944458008e-01 8.719669580459594727e-01 9.826226234436035156e-01 9.988041520118713379e-01 0.000000000000000000e+00
9.144304394721984863e-01 9.602661132812500000e-01 9.864960908889770508e-01 9.953247308731079102e-01 9.995616078376770020e-01 0.000000000000000000e+00
9.776818156242370605e-01 9.992054700851440430e-01 9.999535083770751953e-01 9.999983906745910645e-01 9.999999403953552246e-01 0.000000000000000000e+00
9.904457330703735352e-01 9.998056888580322266e-01 9.999777674674987793e-01 9.999975562095642090e-01 9.999999403953552246e-01 0.000000000000000000e+00
9.975272417068481445e-01 9.999430179595947266e-01 9.999980926513671875e-01 9.999999403953552246e-01 1.000000000000000000e+00 0.000000000000000000e+00
9.746351838111877441e-01 9.811139702796936035e-01 9.923596382141113281e-01 9.966424703598022461e-01 9.996477961540222168e-01 0.000000000000000000e+00
9.966500997543334961e-01 9.999470114707946777e-01 9.999983906745910645e-01 9.999999403953552246e-01 1.000000000000000000e+00 0.000000000000000000e+00
9.970832467079162598e-01 9.998941421508789062e-01 9.999951720237731934e-01 9.999997615814208984e-01 1.000000000000000000e+00 0.000000000000000000e+00
9.980888366699218750e-01 9.999644160270690918e-01 9.999993443489074707e-01 1.000000000000000000e+00 1.000000000000000000e+00 0.000000000000000000e+00
9.980621933937072754e-01 9.999574422836303711e-01 9.999988675117492676e-01 1.000000000000000000e+00 1.000000000000000000e+00 0.000000000000000000e+00
9.980221390724182129e-01 9.999725222587585449e-01 9.999996423721313477e-01 1.000000000000000000e+00 1.000000000000000000e+00 0.000000000000000000e+00
9.972491860389709473e-01 9.998921155929565430e-01 9.999976754188537598e-01 9.999999403953552246e-01 1.000000000000000000e+00 0.000000000000000000e+00
5.044498443603515625e-01 8.984586000442504883e-01 9.959206581115722656e-01 9.998822212219238281e-01 9.999979734420776367e-01 0.000000000000000000e+00
-3.713879287242889404e-01 2.954869568347930908e-01 9.627683162689208984e-01 9.986593127250671387e-01 9.999837875366210938e-01 0.000000000000000000e+00
4.388425499200820923e-03 9.274380803108215332e-01 9.913431406021118164e-01 9.995570182800292969e-01 9.999908208847045898e-01 0.000000000000000000e+00
-4.916149973869323730e-01 -4.547341465950012207e-01 -4.746986627578735352e-01 -4.196360409259796143e-01 -2.794130742549896240e-01 0.000000000000000000e+00
-2.147735357284545898e-01 8.104398846626281738e-01 9.895308017730712891e-01 9.993405938148498535e-01 9.999122619628906250e-01 0.000000000000000000e+00
-6.008501723408699036e-02 6.799830198287963867e-01 9.606187343597412109e-01 9.965084195137023926e-01 9.998748302459716797e-01 0.000000000000000000e+00
1.065718680620193481e-01 5.827752351760864258e-01 9.402284026145935059e-01 9.906439781188964844e-01 9.992094635963439941e-01 0.000000000000000000e+00
9.974061846733093262e-01 9.999567270278930664e-01 9.999995231628417969e-01 1.000000000000000000e+00 1.000000000000000000e+00 0.000000000000000000e+00
7.904443740844726562e-01 9.919636249542236328e-01 9.998692274093627930e-01 9.999998211860656738e-01 1.000000000000000000e+00 0.000000000000000000e+00
-4.674581587314605713e-01 -4.546134471893310547e-01 -4.505894482135772705e-01 -4.445613324642181396e-01 -4.436054229736328125e-01 0.000000000000000000e+00
-5.100165605545043945e-01 -5.331045985221862793e-01 -5.211313366889953613e-01 -4.898996651172637939e-01 -4.638641774654388428e-01 0.000000000000000000e+00
-4.957213997840881348e-01 -5.954443812370300293e-01 -6.132686138153076172e-01 -6.261575818061828613e-01 -6.056639552116394043e-01 0.000000000000000000e+00
9.192534089088439941e-01 9.859294891357421875e-01 9.974012970924377441e-01 9.993370175361633301e-01 9.995774030685424805e-01 0.000000000000000000e+00
9.471783638000488281e-01 9.973875284194946289e-01 9.997159838676452637e-01 9.999632239341735840e-01 9.999943375587463379e-01 0.000000000000000000e+00
-4.677959382534027100e-01 -5.976669490337371826e-02 9.750309586524963379e-01 9.999966621398925781e-01 1.000000000000000000e+00 0.000000000000000000e+00
-5.194681882858276367e-01 -5.519425868988037109e-01 -5.415314435958862305e-01 -3.804743289947509766e-01 8.640277385711669922e-01 0.000000000000000000e+00
7.248491048812866211e-02 6.900920867919921875e-01 9.660418033599853516e-01 9.818292856216430664e-01 9.982270002365112305e-01 0.000000000000000000e+00
-4.409081339836120605e-01 -3.108677640557289124e-02 8.479087352752685547e-01 9.862247705459594727e-01 9.986553192138671875e-01 0.000000000000000000e+00
5.086542963981628418e-01 8.453891277313232422e-01 9.710482954978942871e-01 9.992789626121520996e-01 9.999895691871643066e-01 0.000000000000000000e+00
9.676076173782348633e-01 9.992592930793762207e-01 9.999953508377075195e-01 9.999999403953552246e-01 1.000000000000000000e+00 0.000000000000000000e+00
9.804900884628295898e-01 9.999122619628906250e-01 9.999998807907104492e-01 1.000000000000000000e+00 1.000000000000000000e+00 0.000000000000000000e+00
9.995690584182739258e-01 1.000000000000000000e+00 1.000000000000000000e+00 1.000000000000000000e+00 1.000000000000000000e+00 0.000000000000000000e+00
9.989681243896484375e-01 9.999999403953552246e-01 1.000000000000000000e+00 1.000000000000000000e+00 1.000000000000000000e+00 0.000000000000000000e+00
9.999927282333374023e-01 1.000000000000000000e+00 1.000000000000000000e+00 1.000000000000000000e+00 1.000000000000000000e+00 0.000000000000000000e+00
9.999910593032836914e-01 1.000000000000000000e+00 1.000000000000000000e+00 1.000000000000000000e+00 1.000000000000000000e+00 0.000000000000000000e+00
9.999892115592956543e-01 1.000000000000000000e+00 1.000000000000000000e+00 1.000000000000000000e+00 1.000000000000000000e+00 0.000000000000000000e+00
9.999988079071044922e-01 1.000000000000000000e+00 1.000000000000000000e+00 1.000000000000000000e+00 1.000000000000000000e+00 0.000000000000000000e+00
9.965642690658569336e-01 9.999992847442626953e-01 1.000000000000000000e+00 1.000000000000000000e+00 1.000000000000000000e+00 0.000000000000000000e+00
8.568595647811889648e-01 9.501729607582092285e-01 9.744247794151306152e-01 -3.279163539409637451e-01 -5.638862848281860352e-01 1.000000000000000000e+00
9.887838363647460938e-01 9.999040961265563965e-01 9.999991655349731445e-01 1.000000000000000000e+00 1.000000000000000000e+00 2.000000000000000000e+00
8.568595647811889648e-01 9.501729607582092285e-01 9.744247794151306152e-01 -3.279163539409637451e-01 -5.638862848281860352e-01 1.000000000000000000e+00
9.887838363647460938e-01 9.999040961265563965e-01 9.999991655349731445e-01 1.000000000000000000e+00 1.000000000000000000e+00 2.000000000000000000e+00
8.568595647811889648e-01 9.501729607582092285e-01 9.744247794151306152e-01 -3.279163539409637451e-01 -5.638862848281860352e-01 1.000000000000000000e+00
9.887838363647460938e-01 9.999040961265563965e-01 9.999991655349731445e-01 1.000000000000000000e+00 1.000000000000000000e+00 2.000000000000000000e+00
8.568595647811889648e-01 9.501729607582092285e-01 9.744247794151306152e-01 -3.279163539409637451e-01 -5.638862848281860352e-01 1.000000000000000000e+00
9.887838363647460938e-01 9.999040961265563965e-01 9.999991655349731445e-01 1.000000000000000000e+00 1.000000000000000000e+00 2.000000000000000000e+00
8.568595647811889648e-01 9.501729607582092285e-01 9.744247794151306152e-01 -3.279163539409637451e-01 -5.638862848281860352e-01 1.000000000000000000e+00
9.887838363647460938e-01 9.999040961265563965e-01 9.999991655349731445e-01 1.000000000000000000e+00 1.000000000000000000e+00 2.000000000000000000e+00
8.568595647811889648e-01 9.501729607582092285e-01 9.744247794151306152e-01 -3.279163539409637451e-01 -5.638862848281860352e-01 1.000000000000000000e+00
9.887838363647460938e-01 9.999040961265563965e-01 9.999991655349731445e-01 1.000000000000000000e+00 1.000000000000000000e+00 2.000000000000000000e+00
8.568595647811889648e-01 9.501729607582092285e-01 9.744247794151306152e-01 -3.279163539409637451e-01 -5.638862848281860352e-01 1.000000000000000000e+00
9.887838363647460938e-01 9.999040961265563965e-01 9.999991655349731445e-01 1.000000000000000000e+00 1.000000000000000000e+00 2.000000000000000000e+00
8.568595647811889648e-01 9.501729607582092285e-01 9.744247794151306152e-01 -3.279163539409637451e-01 -5.638862848281860352e-01 1.000000000000000000e+00
9.887838363647460938e-01 9.999040961265563965e-01 9.999991655349731445e-01 1.000000000000000000e+00 1.000000000000000000e+00 2.000000000000000000e+00
8.568595647811889648e-01 9.501729607582092285e-01 9.744247794151306152e-01 -3.279163539409637451e-01 -5.638862848281860352e-01 1.000000000000000000e+00
9.887838363647460938e-01 9.999040961265563965e-01 9.999991655349731445e-01 1.000000000000000000e+00 1.000000000000000000e+00 2.000000000000000000e+00
8.568595647811889648e-01 9.501729607582092285e-01 9.744247794151306152e-01 -3.279163539409637451e-01 -5.638862848281860352e-01 1.000000000000000000e+00
9.887838363647460938e-01 9.999040961265563965e-01 9.999991655349731445e-01 1.000000000000000000e+00 1.000000000000000000e+00 2.000000000000000000e+00
9.988777041435241699e-01 9.999988079071044922e-01 1.000000000000000000e+00 1.000000000000000000e+00 1.000000000000000000e+00 0.000000000000000000e+00
9.992324113845825195e-01 9.999975562095642090e-01 1.000000000000000000e+00 1.000000000000000000e+00 1.000000000000000000e+00 0.000000000000000000e+00
9.983568787574768066e-01 9.999980926513671875e-01 1.000000000000000000e+00 1.000000000000000000e+00 1.000000000000000000e+00 0.000000000000000000e+00
9.746724367141723633e-01 9.996862411499023438e-01 9.999980926513671875e-01 1.000000000000000000e+00 1.000000000000000000e+00 0.000000000000000000e+00
9.764826297760009766e-01 9.994024634361267090e-01 9.999912977218627930e-01 9.999998807907104492e-01 1.000000000000000000e+00 0.000000000000000000e+00
9.969988465309143066e-01 9.999932646751403809e-01 1.000000000000000000e+00 1.000000000000000000e+00 1.000000000000000000e+00 0.000000000000000000e+00
9.914420247077941895e-01 9.999409914016723633e-01 9.999998807907104492e-01 1.000000000000000000e+00 1.000000000000000000e+00 0.000000000000000000e+00
9.759247303009033203e-01 9.988734126091003418e-01 9.999780058860778809e-01 9.999997019767761230e-01 1.000000000000000000e+00 0.000000000000000000e+00
9.925856590270996094e-01 9.999502897262573242e-01 9.999995827674865723e-01 1.000000000000000000e+00 1.000000000000000000e+00 0.000000000000000000e+00
9.923211932182312012e-01 9.997726082801818848e-01 9.999900460243225098e-01 9.999997019767761230e-01 1.000000000000000000e+00 0.000000000000000000e+00
9.905921816825866699e-01 9.997009634971618652e-01 9.999905228614807129e-01 9.999997019767761230e-01 1.000000000000000000e+00 0.000000000000000000e+00
9.907963871955871582e-01 9.996144175529479980e-01 9.999813437461853027e-01 9.999993443489074707e-01 1.000000000000000000e+00 0.000000000000000000e+00
9.905813932418823242e-01 9.996119737625122070e-01 9.999811053276062012e-01 9.999991655349731445e-01 1.000000000000000000e+00 0.000000000000000000e+00
9.896868467330932617e-01 9.995653033256530762e-01 9.999777078628540039e-01 9.999990463256835938e-01 9.999999403953552246e-01 0.000000000000000000e+00
8.798329234123229980e-01 9.966070652008056641e-01 9.999506473541259766e-01 9.999990463256835938e-01 1.000000000000000000e+00 0.000000000000000000e+00
1.116111502051353455e-01 3.281352818012237549e-01 5.763086080551147461e-01 9.483953714370727539e-01 9.985411763191223145e-01 0.000000000000000000e+00
4.074296951293945312e-01 8.912550210952758789e-01 9.467259645462036133e-01 9.943924546241760254e-01 9.988920688629150391e-01 0.000000000000000000e+00
9.937411546707153320e-01 9.998636245727539062e-01 9.999971985816955566e-01 9.999999403953552246e-01 1.000000000000000000e+00 0.000000000000000000e+00
9.977044463157653809e-01 9.999933838844299316e-01 9.999999403953552246e-01 1.000000000000000000e+00 1.000000000000000000e+00 0.000000000000000000e+00
1.879098825156688690e-02 -5.347280502319335938e-01 -5.154144763946533203e-01 -5.019623041152954102e-01 -4.846212267875671387e-01 1.000000000000000000e+00
5.259872674942016602e-01 8.526530265808105469e-01 9.529651403427124023e-01 9.986276626586914062e-01 9.998571872711181641e-01 2.000000000000000000e+00
1.879098825156688690e-02 -5.347280502319335938e-01 -5.154144763946533203e-01 -5.019623041152954102e-01 -4.846212267875671387e-01 1.000000000000000000e+00
5.259872674942016602e-01 8.526530265808105469e-01 9.529651403427124023e-01 9.986276626586914062e-01 9.998571872711181641e-01 2.000000000000000000e+00
1.879098825156688690e-02 -5.347280502319335938e-01 -5.154144763946533203e-01 -5.019623041152954102e-01 -4.846212267875671387e-01 1.000000000000000000e+00
5.259872674942016602e-01 8.526530265808105469e-01 9.529651403427124023e-01 9.986276626586914062e-01 9.998571872711181641e-01 2.000000000000000000e+00
1.879098825156688690e-02 -5.347280502319335938e-01 -5.154144763946533203e-01 -5.019623041152954102e-01 -4.846212267875671387e-01 1.000000000000000000e+00
5.259872674942016602e-01 8.526530265808105469e-01 9.529651403427124023e-01 9.986276626586914062e-01 9.998571872711181641e-01 2.000000000000000000e+00
1.879098825156688690e-02 -5.347280502319335938e-01 -5.154144763946533203e-01 -5.019623041152954102e-01 -4.846212267875671387e-01 1.000000000000000000e+00
5.259872674942016602e-01 8.526530265808105469e-01 9.529651403427124023e-01 9.986276626586914062e-01 9.998571872711181641e-01 2.000000000000000000e+00
1.879098825156688690e-02 -5.347280502319335938e-01 -5.154144763946533203e-01 -5.019623041152954102e-01 -4.846212267875671387e-01 1.000000000000000000e+00
5.259872674942016602e-01 8.526530265808105469e-01 9.529651403427124023e-01 9.986276626586914062e-01 9.998571872711181641e-01 2.000000000000000000e+00
1.879098825156688690e-02 -5.347280502319335938e-01 -5.154144763946533203e-01 -5.019623041152954102e-01 -4.846212267875671387e-01 1.000000000000000000e+00
5.259872674942016602e-01 8.526530265808105469e-01 9.529651403427124023e-01 9.986276626586914062e-01 9.998571872711181641e-01 2.000000000000000000e+00
1.879098825156688690e-02 -5.347280502319335938e-01 -5.154144763946533203e-01 -5.019623041152954102e-01 -4.846212267875671387e-01 1.000000000000000000e+00
5.259872674942016602e-01 8.526530265808105469e-01 9.529651403427124023e-01 9.986276626586914062e-01 9.998571872711181641e-01 2.000000000000000000e+00
1.879098825156688690e-02 -5.347280502319335938e-01 -5.154144763946533203e-01 -5.019623041152954102e-01 -4.846212267875671387e-01 1.000000000000000000e+00
5.259872674942016602e-01 8.526530265808105469e-01 9.529651403427124023e-01 9.986276626586914062e-01 9.998571872711181641e-01 2.000000000000000000e+00
1.879098825156688690e-02 -5.347280502319335938e-01 -5.154144763946533203e-01 -5.019623041152954102e-01 -4.846212267875671387e-01 1.000000000000000000e+00
5.259872674942016602e-01 8.526530265808105469e-01 9.529651403427124023e-01 9.986276626586914062e-01 9.998571872711181641e-01 2.000000000000000000e+00
9.834588170051574707e-01 9.999910593032836914e-01 1.000000000000000000e+00 1.000000000000000000e+00 1.000000000000000000e+00 0.000000000000000000e+00
9.768957495689392090e-01 9.999105334281921387e-01 9.999996423721313477e-01 1.000000000000000000e+00 1.000000000000000000e+00 0.000000000000000000e+00
9.732998609542846680e-01 9.999331831932067871e-01 9.999998211860656738e-01 1.000000000000000000e+00 1.000000000000000000e+00 0.000000000000000000e+00
9.989474415779113770e-01 9.999983310699462891e-01 1.000000000000000000e+00 1.000000000000000000e+00 1.000000000000000000e+00 0.000000000000000000e+00
9.991462826728820801e-01 9.999981522560119629e-01 1.000000000000000000e+00 1.000000000000000000e+00 1.000000000000000000e+00 0.000000000000000000e+00
6.306648999452590942e-02 1.461351811885833740e-01 -1.316019333899021149e-02 5.579437017440795898e-01 9.855051040649414062e-01 1.000000000000000000e+00
9.828023314476013184e-01 9.994772672653198242e-01 9.999994635581970215e-01 1.000000000000000000e+00 1.000000000000000000e+00 2.000000000000000000e+00
6.306648999452590942e-02 1.461351811885833740e-01 -1.316019333899021149e-02 5.579437017440795898e-01 9.855051040649414062e-01 1.000000000000000000e+00
9.828023314476013184e-01 9.994772672653198242e-01 9.999994635581970215e-01 1.000000000000000000e+00 1.000000000000000000e+00 2.000000000000000000e+00
6.306648999452590942e-02 1.461351811885833740e-01 -1.316019333899021149e-02 5.579437017440795898e-01 9.855051040649414062e-01 1.000000000000000000e+00
9.828023314476013184e-01 9.994772672653198242e-01 9.999994635581970215e-01 1.000000000000000000e+00 1.000000000000000000e+00 2.000000000000000000e+00
6.306648999452590942e-02 1.461351811885833740e-01 -1.316019333899021149e-02 5.579437017440795898e-01 9.855051040649414062e-01 1.000000000000000000e+00
9.828023314476013184e-01 9.994772672653198242e-01 9.999994635581970215e-01 1.000000000000000000e+00 1.000000000000000000e+00 2.000000000000000000e+00
6.306648999452590942e-02 1.461351811885833740e-01 -1.316019333899021149e-02 5.579437017440795898e-01 9.855051040649414062e-01 1.000000000000000000e+00
9.828023314476013184e-01 9.994772672653198242e-01 9.999994635581970215e-01 1.000000000000000000e+00 1.000000000000000000e+00 2.000000000000000000e+00
6.306648999452590942e-02 1.461351811885833740e-01 -1.316019333899021149e-02 5.579437017440795898e-01 9.855051040649414062e-01 1.000000000000000000e+00
9.828023314476013184e-01 9.994772672653198242e-01 9.999994635581970215e-01 1.000000000000000000e+00 1.000000000000000000e+00 2.000000000000000000e+00
6.306648999452590942e-02 1.461351811885833740e-01 -1.316019333899021149e-02 5.579437017440795898e-01 9.855051040649414062e-01 1.000000000000000000e+00
9.828023314476013184e-01 9.994772672653198242e-01 9.999994635581970215e-01 1.000000000000000000e+00 1.000000000000000000e+00 2.000000000000000000e+00
6.306648999452590942e-02 1.461351811885833740e-01 -1.316019333899021149e-02 5.579437017440795898e-01 9.855051040649414062e-01 1.000000000000000000e+00
9.828023314476013184e-01 9.994772672653198242e-01 9.999994635581970215e-01 1.000000000000000000e+00 1.000000000000000000e+00 2.000000000000000000e+00
6.306648999452590942e-02 1.461351811885833740e-01 -1.316019333899021149e-02 5.579437017440795898e-01 9.855051040649414062e-01 1.000000000000000000e+00
9.828023314476013184e-01 9.994772672653198242e-01 9.999994635581970215e-01 1.000000000000000000e+00 1.000000000000000000e+00 2.000000000000000000e+00
6.306648999452590942e-02 1.461351811885833740e-01 -1.316019333899021149e-02 5.579437017440795898e-01 9.855051040649414062e-01 1.000000000000000000e+00
9.828023314476013184e-01 9.994772672653198242e-01 9.999994635581970215e-01 1.000000000000000000e+00 1.000000000000000000e+00 2.000000000000000000e+00
9.998886585235595703e-01 9.999998211860656738e-01 1.000000000000000000e+00 1.000000000000000000e+00 1.000000000000000000e+00 0.000000000000000000e+00
9.987562298774719238e-01 9.999969005584716797e-01 1.000000000000000000e+00 1.000000000000000000e+00 1.000000000000000000e+00 0.000000000000000000e+00
9.990680217742919922e-01 9.999974370002746582e-01 1.000000000000000000e+00 1.000000000000000000e+00 1.000000000000000000e+00 0.000000000000000000e+00
9.993598461151123047e-01 9.999984502792358398e-01 1.000000000000000000e+00 1.000000000000000000e+00 1.000000000000000000e+00 0.000000000000000000e+00
9.991434812545776367e-01 9.999952316284179688e-01 1.000000000000000000e+00 1.000000000000000000e+00 1.000000000000000000e+00 0.000000000000000000e+00
9.997853040695190430e-01 9.999990463256835938e-01 1.000000000000000000e+00 1.000000000000000000e+00 1.000000000000000000e+00 0.000000000000000000e+00
9.995635747909545898e-01 9.999995231628417969e-01 1.000000000000000000e+00 1.000000000000000000e+00 1.000000000000000000e+00 0.000000000000000000e+00
-5.313559770584106445e-01 -5.177788138389587402e-01 -3.084228932857513428e-01 9.556612372398376465e-01 9.999122619628906250e-01 0.000000000000000000e+00
9.989844560623168945e-01 9.999935626983642578e-01 9.999995827674865723e-01 1.000000000000000000e+00 1.000000000000000000e+00 0.000000000000000000e+00
-5.340191125869750977e-01 8.658834099769592285e-01 9.993554353713989258e-01 1.000000000000000000e+00 1.000000000000000000e+00 0.000000000000000000e+00
-5.318770408630371094e-01 -5.003091692924499512e-01 -4.997798204421997070e-01 -5.310170054435729980e-01 -5.335830450057983398e-01 0.000000000000000000e+00
1.029965933412313461e-02 9.404621124267578125e-01 7.474794387817382812e-01 -4.592612087726593018e-01 -5.151023864746093750e-01 0.000000000000000000e+00
9.541603326797485352e-01 9.987078309059143066e-01 9.999587535858154297e-01 9.999995827674865723e-01 1.000000000000000000e+00 0.000000000000000000e+00
9.832966923713684082e-01 9.992330670356750488e-01 9.999956488609313965e-01 1.000000000000000000e+00 1.000000000000000000e+00 0.000000000000000000e+00
9.958851933479309082e-01 9.999270439147949219e-01 9.999982714653015137e-01 1.000000000000000000e+00 1.000000000000000000e+00 0.000000000000000000e+00
9.952429533004760742e-01 9.999577403068542480e-01 9.999991655349731445e-01 1.000000000000000000e+00 1.000000000000000000e+00 0.000000000000000000e+00
9.924325346946716309e-01 9.999294281005859375e-01 9.999986290931701660e-01 1.000000000000000000e+00 1.000000000000000000e+00 0.000000000000000000e+00
9.708161950111389160e-01 9.990401864051818848e-01 9.999743103981018066e-01 9.999986290931701660e-01 9.999999403953552246e-01 0.000000000000000000e+00
8.941931128501892090e-01 9.874624609947204590e-01 9.995023608207702637e-01 9.999675154685974121e-01 9.999991655349731445e-01 0.000000000000000000e+00
8.411586284637451172e-01 9.857851862907409668e-01 9.985243678092956543e-01 9.999186396598815918e-01 9.999950528144836426e-01 0.000000000000000000e+00
8.356534838676452637e-01 9.780737757682800293e-01 9.971389770507812500e-01 9.996031522750854492e-01 9.999356269836425781e-01 0.000000000000000000e+00
9.740086197853088379e-01 9.992603063583374023e-01 9.999923110008239746e-01 9.999999403953552246e-01 1.000000000000000000e+00 0.000000000000000000e+00
9.860433936119079590e-01 9.999355673789978027e-01 9.999996423721313477e-01 1.000000000000000000e+00 1.000000000000000000e+00 0.000000000000000000e+00
9.708985090255737305e-01 9.998747706413269043e-01 9.999994635581970215e-01 1.000000000000000000e+00 1.000000000000000000e+00 0.000000000000000000e+00
9.811636805534362793e-01 9.996958374977111816e-01 9.999996423721313477e-01 1.000000000000000000e+00 1.000000000000000000e+00 0.000000000000000000e+00
9.968334436416625977e-01 9.999930262565612793e-01 9.999999403953552246e-01 1.000000000000000000e+00 1.000000000000000000e+00 0.000000000000000000e+00
9.998406171798706055e-01 9.999998807907104492e-01 1.000000000000000000e+00 1.000000000000000000e+00 1.000000000000000000e+00 0.000000000000000000e+00
-4.740293323993682861e-01 -4.759711623191833496e-01 -5.468196868896484375e-01 -5.716617107391357422e-01 -5.806976556777954102e-01 1.000000000000000000e+00
9.792069792747497559e-01 9.997829198837280273e-01 9.999930858612060547e-01 9.999998807907104492e-01 1.000000000000000000e+00 2.000000000000000000e+00
-4.740293323993682861e-01 -4.759711623191833496e-01 -5.468196868896484375e-01 -5.716617107391357422e-01 -5.806976556777954102e-01 1.000000000000000000e+00
9.792069792747497559e-01 9.997829198837280273e-01 9.999930858612060547e-01 9.999998807907104492e-01 1.000000000000000000e+00 2.000000000000000000e+00
-4.740293323993682861e-01 -4.759711623191833496e-01 -5.468196868896484375e-01 -5.716617107391357422e-01 -5.806976556777954102e-01 1.000000000000000000e+00
9.792069792747497559e-01 9.997829198837280273e-01 9.999930858612060547e-01 9.999998807907104492e-01 1.000000000000000000e+00 2.000000000000000000e+00
-4.740293323993682861e-01 -4.759711623191833496e-01 -5.468196868896484375e-01 -5.716617107391357422e-01 -5.806976556777954102e-01 1.000000000000000000e+00
9.792069792747497559e-01 9.997829198837280273e-01 9.999930858612060547e-01 9.999998807907104492e-01 1.000000000000000000e+00 2.000000000000000000e+00
-4.740293323993682861e-01 -4.759711623191833496e-01 -5.468196868896484375e-01 -5.716617107391357422e-01 -5.806976556777954102e-01 1.000000000000000000e+00
9.792069792747497559e-01 9.997829198837280273e-01 9.999930858612060547e-01 9.999998807907104492e-01 1.000000000000000000e+00 2.000000000000000000e+00
-4.740293323993682861e-01 -4.759711623191833496e-01 -5.468196868896484375e-01 -5.716617107391357422e-01 -5.806976556777954102e-01 1.000000000000000000e+00
9.792069792747497559e-01 9.997829198837280273e-01 9.999930858612060547e-01 9.999998807907104492e-01 1.000000000000000000e+00 2.000000000000000000e+00
-4.740293323993682861e-01 -4.759711623191833496e-01 -5.468196868896484375e-01 -5.716617107391357422e-01 -5.806976556777954102e-01 1.000000000000000000e+00
9.792069792747497559e-01 9.997829198837280273e-01 9.999930858612060547e-01 9.999998807907104492e-01 1.000000000000000000e+00 2.000000000000000000e+00
-4.740293323993682861e-01 -4.759711623191833496e-01 -5.468196868896484375e-01 -5.716617107391357422e-01 -5.806976556777954102e-01 1.000000000000000000e+00
9.792069792747497559e-01 9.997829198837280273e-01 9.999930858612060547e-01 9.999998807907104492e-01 1.000000000000000000e+00 2.000000000000000000e+00
-4.740293323993682861e-01 -4.759711623191833496e-01 -5.468196868896484375e-01 -5.716617107391357422e-01 -5.806976556777954102e-01 1.000000000000000000e+00
9.792069792747497559e-01 9.997829198837280273e-01 9.999930858612060547e-01 9.999998807907104492e-01 1.000000000000000000e+00 2.000000000000000000e+00
-4.740293323993682861e-01 -4.759711623191833496e-01 -5.468196868896484375e-01 -5.716617107391357422e-01 -5.806976556777954102e-01 1.000000000000000000e+00
9.792069792747497559e-01 9.997829198837280273e-01 9.999930858612060547e-01 9.999998807907104492e-01 1.000000000000000000e+00 2.000000000000000000e+00
9.999960064888000488e-01 1.000000000000000000e+00 1.000000000000000000e+00 1.000000000000000000e+00 1.000000000000000000e+00 0.000000000000000000e+00
9.999998807907104492e-01 1.000000000000000000e+00 1.000000000000000000e+00 1.000000000000000000e+00 1.000000000000000000e+00 0.000000000000000000e+00
9.999994039535522461e-01 1.000000000000000000e+00 1.000000000000000000e+00 1.000000000000000000e+00 1.000000000000000000e+00 0.000000000000000000e+00
9.999996423721313477e-01 1.000000000000000000e+00 1.000000000000000000e+00 1.000000000000000000e+00 1.000000000000000000e+00 0.000000000000000000e+00
9.999964237213134766e-01 1.000000000000000000e+00 1.000000000000000000e+00 1.000000000000000000e+00 1.000000000000000000e+00 0.000000000000000000e+00
9.999724626541137695e-01 1.000000000000000000e+00 1.000000000000000000e+00 1.000000000000000000e+00 1.000000000000000000e+00 0.000000000000000000e+00
9.999961853027343750e-01 1.000000000000000000e+00 1.000000000000000000e+00 1.000000000000000000e+00 1.000000000000000000e+00 0.000000000000000000e+00
9.999812245368957520e-01 1.000000000000000000e+00 1.000000000000000000e+00 1.000000000000000000e+00 1.000000000000000000e+00 0.000000000000000000e+00
9.995928406715393066e-01 9.999997615814208984e-01 1.000000000000000000e+00 1.000000000000000000e+00 1.000000000000000000e+00 0.000000000000000000e+00
9.875347614288330078e-01 9.998518228530883789e-01 9.999959468841552734e-01 9.999998807907104492e-01 1.000000000000000000e+00 0.000000000000000000e+00
9.729222655296325684e-01 9.982591271400451660e-01 9.998871684074401855e-01 9.999952316284179688e-01 9.999997615814208984e-01 0.000000000000000000e+00
9.896681308746337891e-01 9.988226294517517090e-01 9.998096823692321777e-01 9.999772310256958008e-01 9.999977350234985352e-01 0.000000000000000000e+00
8.916314840316772461e-01 9.965975880622863770e-01 9.999477863311767578e-01 9.999984502792358398e-01 1.000000000000000000e+00 0.000000000000000000e+00
8.083078861236572266e-01 9.907730817794799805e-01 9.987627863883972168e-01 9.999954700469970703e-01 9.999999403953552246e-01 0.000000000000000000e+00
9.895744323730468750e-01 9.999342560768127441e-01 9.999995827674865723e-01 1.000000000000000000e+00 1.000000000000000000e+00 0.000000000000000000e+00
9.937122464179992676e-01 9.999768137931823730e-01 9.999998211860656738e-01 1.000000000000000000e+00 1.000000000000000000e+00 0.000000000000000000e+00
9.697408676147460938e-01 9.996308684349060059e-01 9.999942183494567871e-01 9.999999403953552246e-01 1.000000000000000000e+00 0.000000000000000000e+00
9.799291491508483887e-01 9.997265338897705078e-01 9.999962449073791504e-01 9.999999403953552246e-01 1.000000000000000000e+00 0.000000000000000000e+00
8.821009397506713867e-01 9.964492917060852051e-01 9.999413490295410156e-01 9.999979734420776367e-01 9.999998807907104492e-01 0.000000000000000000e+00
8.333114385604858398e-01 9.937083125114440918e-01 9.995893239974975586e-01 9.999505281448364258e-01 9.999981522560119629e-01 0.000000000000000000e+00
9.077633023262023926e-01 9.872035980224609375e-01 9.994367361068725586e-01 9.999747276306152344e-01 9.999962449073791504e-01 0.000000000000000000e+00
9.731653332710266113e-01 9.995582103729248047e-01 9.999982118606567383e-01 1.000000000000000000e+00 1.000000000000000000e+00 0.000000000000000000e+00
9.444665908813476562e-01 9.957209825515747070e-01 9.999513030052185059e-01 9.999995231628417969e-01 1.000000000000000000e+00 0.000000000000000000e+00
7.998765110969543457e-01 9.878669977188110352e-01 9.996192455291748047e-01 9.999939799308776855e-01 9.999999403953552246e-01 0.000000000000000000e+00
7.058802247047424316e-01 9.052907228469848633e-01 9.913286566734313965e-01 9.997252821922302246e-01 9.999969601631164551e-01 0.000000000000000000e+00
8.351183533668518066e-01 9.901275634765625000e-01 9.997906684875488281e-01 9.999912381172180176e-01 9.999997019767761230e-01 0.000000000000000000e+00
9.803797006607055664e-01 9.970263242721557617e-01 9.998775124549865723e-01 9.999967813491821289e-01 1.000000000000000000e+00 0.000000000000000000e+00
-2.574532330036163330e-01 -3.164996802806854248e-01 1.126048341393470764e-01 7.010943293571472168e-01 9.757725596427917480e-01 0.000000000000000000e+00
8.343667984008789062e-01 9.881476759910583496e-01 9.988029599189758301e-01 9.999665617942810059e-01 9.999988675117492676e-01 0.000000000000000000e+00
9.975846409797668457e-01 9.999836087226867676e-01 1.000000000000000000e+00 1.000000000000000000e+00 1.000000000000000000e+00 0.000000000000000000e+00
9.978933334350585938e-01 9.999994039535522461e-01 1.000000000000000000e+00 1.000000000000000000e+00 1.000000000000000000e+00 0.000000000000000000e+00
9.832061529159545898e-01 9.998989701271057129e-01 9.999998211860656738e-01 1.000000000000000000e+00 1.000000000000000000e+00 0.000000000000000000e+00
6.747427582740783691e-02 7.384283542633056641e-01 9.825256466865539551e-01 9.999452233314514160e-01 9.999998211860656738e-01 0.000000000000000000e+00
6.543831229209899902e-01 8.498834371566772461e-01 9.908901453018188477e-01 9.994224905967712402e-01 9.999372959136962891e-01 0.000000000000000000e+00
4.267999529838562012e-01 8.583928942680358887e-01 8.515001535415649414e-01 8.055188059806823730e-01 9.848280549049377441e-01 0.000000000000000000e+00
9.999964237213134766e-01 1.000000000000000000e+00 1.000000000000000000e+00 1.000000000000000000e+00 1.000000000000000000e+00 0.000000000000000000e+00
9.999931454658508301e-01 1.000000000000000000e+00 1.000000000000000000e+00 1.000000000000000000e+00 1.000000000000000000e+00 0.000000000000000000e+00
9.999951124191284180e-01 1.000000000000000000e+00 1.000000000000000000e+00 1.000000000000000000e+00 1.000000000000000000e+00 0.000000000000000000e+00
9.999929666519165039e-01 1.000000000000000000e+00 1.000000000000000000e+00 1.000000000000000000e+00 1.000000000000000000e+00 0.000000000000000000e+00
9.999935626983642578e-01 1.000000000000000000e+00 1.000000000000000000e+00 1.000000000000000000e+00 1.000000000000000000e+00 0.000000000000000000e+00
9.999966025352478027e-01 1.000000000000000000e+00 1.000000000000000000e+00 1.000000000000000000e+00 1.000000000000000000e+00 0.000000000000000000e+00
9.999654889106750488e-01 1.000000000000000000e+00 1.000000000000000000e+00 1.000000000000000000e+00 1.000000000000000000e+00 0.000000000000000000e+00
9.885045886039733887e-01 9.997962117195129395e-01 9.999982118606567383e-01 1.000000000000000000e+00 1.000000000000000000e+00 0.000000000000000000e+00
9.526203274726867676e-01 9.981201887130737305e-01 9.999764561653137207e-01 9.999996423721313477e-01 1.000000000000000000e+00 0.000000000000000000e+00
5.487456321716308594e-01 5.963337421417236328e-01 9.106413125991821289e-01 9.948120713233947754e-01 9.998695850372314453e-01 0.000000000000000000e+00
8.054491281509399414e-01 9.335784912109375000e-01 9.885323047637939453e-01 9.993792176246643066e-01 9.999592900276184082e-01 0.000000000000000000e+00
9.359160661697387695e-01 9.945854544639587402e-01 9.999094605445861816e-01 9.999892115592956543e-01 9.999995827674865723e-01 0.000000000000000000e+00
9.619285464286804199e-01 9.992782473564147949e-01 9.999935626983642578e-01 9.999997615814208984e-01 1.000000000000000000e+00 0.000000000000000000e+00
9.871413111686706543e-01 9.996108412742614746e-01 9.999906420707702637e-01 9.999997019767761230e-01 1.000000000000000000e+00 0.000000000000000000e+00
9.828279018402099609e-01 9.996801614761352539e-01 9.999985098838806152e-01 1.000000000000000000e+00 1.000000000000000000e+00 0.000000000000000000e+00
9.772462248802185059e-01 9.999058246612548828e-01 9.999998211860656738e-01 1.000000000000000000e+00 1.000000000000000000e+00 0.000000000000000000e+00
9.468034505844116211e-01 9.996353983879089355e-01 9.999997019767761230e-01 1.000000000000000000e+00 1.000000000000000000e+00 0.000000000000000000e+00
9.892197847366333008e-01 9.999836087226867676e-01 1.000000000000000000e+00 1.000000000000000000e+00 1.000000000000000000e+00 0.000000000000000000e+00
5.221738815307617188e-01 9.639658927917480469e-01 9.993592500686645508e-01 9.999971985816955566e-01 1.000000000000000000e+00 0.000000000000000000e+00
5.881348848342895508e-01 4.187014997005462646e-01 9.716085791587829590e-01 9.989426732063293457e-01 9.999902844429016113e-01 0.000000000000000000e+00
2.936435043811798096e-01 6.557155847549438477e-01 7.887644171714782715e-01 9.774138927459716797e-01 9.992938041687011719e-01 0.000000000000000000e+00
9.999985694885253906e-01 1.000000000000000000e+00 1.000000000000000000e+00 1.000000000000000000e+00 1.000000000000000000e+00 0.000000000000000000e+00
9.999997615814208984e-01 1.000000000000000000e+00 1.000000000000000000e+00 1.000000000000000000e+00 1.000000000000000000e+00 0.000000000000000000e+00
9.999995231628417969e-01 1.000000000000000000e+00 1.000000000000000000e+00 1.000000000000000000e+00 1.000000000000000000e+00 0.000000000000000000e+00
9.999974370002746582e-01 1.000000000000000000e+00 1.000000000000000000e+00 1.000000000000000000e+00 1.000000000000000000e+00 0.000000000000000000e+00
9.999998211860656738e-01 1.000000000000000000e+00 1.000000000000000000e+00 1.000000000000000000e+00 1.000000000000000000e+00 0.000000000000000000e+00
9.999991655349731445e-01 1.000000000000000000e+00 1.000000000000000000e+00 1.000000000000000000e+00 1.000000000000000000e+00 0.000000000000000000e+00
9.999997615814208984e-01 1.000000000000000000e+00 1.000000000000000000e+00 1.000000000000000000e+00 1.000000000000000000e+00 0.000000000000000000e+00
9.928873181343078613e-01 9.997888207435607910e-01 9.999895095825195312e-01 9.999991655349731445e-01 9.999999403953552246e-01 0.000000000000000000e+00
9.906830787658691406e-01 9.995550513267517090e-01 9.999798536300659180e-01 9.999992847442626953e-01 1.000000000000000000e+00 0.000000000000000000e+00
9.902780652046203613e-01 9.993548989295959473e-01 9.999659061431884766e-01 9.999984502792358398e-01 9.999999403953552246e-01 0.000000000000000000e+00
9.953277111053466797e-01 9.998304843902587891e-01 9.999891519546508789e-01 9.999995231628417969e-01 1.000000000000000000e+00 0.000000000000000000e+00
9.911982417106628418e-01 9.996745586395263672e-01 9.999893903732299805e-01 9.999997019767761230e-01 1.000000000000000000e+00 0.000000000000000000e+00
9.658630490303039551e-01 9.980308413505554199e-01 9.996705055236816406e-01 9.999685883522033691e-01 9.999970197677612305e-01 0.000000000000000000e+00
9.936063885688781738e-01 9.998488426208496094e-01 9.999778270721435547e-01 9.999971389770507812e-01 9.999992251396179199e-01 0.000000000000000000e+00
9.999475479125976562e-01 1.000000000000000000e+00 1.000000000000000000e+00 1.000000000000000000e+00 1.000000000000000000e+00 0.000000000000000000e+00
9.997050166130065918e-01 9.999999403953552246e-01 1.000000000000000000e+00 1.000000000000000000e+00 1.000000000000000000e+00 0.000000000000000000e+00
9.999467134475708008e-01 1.000000000000000000e+00 1.000000000000000000e+00 1.000000000000000000e+00 1.000000000000000000e+00 0.000000000000000000e+00
9.995688199996948242e-01 9.999999403953552246e-01 1.000000000000000000e+00 1.000000000000000000e+00 1.000000000000000000e+00 0.000000000000000000e+00
9.895572662353515625e-01 9.999961256980895996e-01 1.000000000000000000e+00 1.000000000000000000e+00 1.000000000000000000e+00 0.000000000000000000e+00
9.822190999984741211e-01 9.999516010284423828e-01 9.999995827674865723e-01 1.000000000000000000e+00 1.000000000000000000e+00 0.000000000000000000e+00
9.731264114379882812e-01 9.997643232345581055e-01 9.999988675117492676e-01 1.000000000000000000e+00 1.000000000000000000e+00 0.000000000000000000e+00
9.418811202049255371e-01 9.997332096099853516e-01 9.999991655349731445e-01 1.000000000000000000e+00 1.000000000000000000e+00 0.000000000000000000e+00
-3.428294956684112549e-01 -3.349851965904235840e-01 7.365087270736694336e-01 9.795239567756652832e-01 9.984309077262878418e-01 0.000000000000000000e+00
-1.207207366824150085e-01 9.385449886322021484e-01 9.994925856590270996e-01 9.999788999557495117e-01 9.999988079071044922e-01 0.000000000000000000e+00
3.346355259418487549e-01 9.638783931732177734e-01 9.930763840675354004e-01 9.991691708564758301e-01 9.999936819076538086e-01 0.000000000000000000e+00
-5.094627737998962402e-01 -4.274397790431976318e-01 -3.231391906738281250e-01 8.135566711425781250e-01 9.877399802207946777e-01 0.000000000000000000e+00
-3.648771643638610840e-01 3.691956996917724609e-01 8.811790943145751953e-01 9.898175597190856934e-01 9.988772273063659668e-01 0.000000000000000000e+00
-1.813978105783462524e-01 8.645581603050231934e-01 9.993439316749572754e-01 9.999992251396179199e-01 1.000000000000000000e+00 0.000000000000000000e+00
9.979641437530517578e-01 9.999867677688598633e-01 9.999999403953552246e-01 1.000000000000000000e+00 1.000000000000000000e+00 0.000000000000000000e+00
9.875798225402832031e-01 9.965621829032897949e-01 9.995038509368896484e-01 9.999704360961914062e-01 9.999981522560119629e-01 0.000000000000000000e+00
9.987465739250183105e-01 9.999925494194030762e-01 9.999996423721313477e-01 1.000000000000000000e+00 1.000000000000000000e+00 0.000000000000000000e+00
9.930025935173034668e-01 9.997663497924804688e-01 9.999958872795104980e-01 9.999999403953552246e-01 1.000000000000000000e+00 0.000000000000000000e+00
9.407013654708862305e-01 9.990389943122863770e-01 9.999725222587585449e-01 9.999992251396179199e-01 1.000000000000000000e+00 0.000000000000000000e+00
7.313556671142578125e-01 9.796890616416931152e-01 9.999144673347473145e-01 9.999919533729553223e-01 9.999997615814208984e-01 0.000000000000000000e+00
-3.534600734710693359e-01 -1.931762695312500000e-01 3.988817036151885986e-01 9.722575545310974121e-01 9.993236064910888672e-01 0.000000000000000000e+00
9.872283935546875000e-01 9.999757409095764160e-01 1.000000000000000000e+00 1.000000000000000000e+00 1.000000000000000000e+00 0.000000000000000000e+00
9.971889853477478027e-01 9.999961256980895996e-01 9.999999403953552246e-01 1.000000000000000000e+00 1.000000000000000000e+00 0.000000000000000000e+00
9.932038187980651855e-01 9.999862313270568848e-01 9.999999403953552246e-01 1.000000000000000000e+00 1.000000000000000000e+00 0.000000000000000000e+00
9.176333546638488770e-01 9.996438026428222656e-01 9.999924898147583008e-01 9.999998211860656738e-01 1.000000000000000000e+00 0.000000000000000000e+00
5.912984013557434082e-01 9.875966310501098633e-01 9.984416365623474121e-01 9.999493360519409180e-01 9.999932050704956055e-01 0.000000000000000000e+00
8.528560400009155273e-01 9.907692074775695801e-01 9.997562170028686523e-01 9.999854564666748047e-01 9.999985098838806152e-01 0.000000000000000000e+00
9.502140283584594727e-01 9.990928173065185547e-01 9.999473690986633301e-01 9.999989867210388184e-01 9.999999403953552246e-01 0.000000000000000000e+00
9.997200369834899902e-01 9.999998211860656738e-01 1.000000000000000000e+00 1.000000000000000000e+00 1.000000000000000000e+00 0.000000000000000000e+00
9.998846054077148438e-01 9.999998807907104492e-01 1.000000000000000000e+00 1.000000000000000000e+00 1.000000000000000000e+00 0.000000000000000000e+00
9.999129176139831543e-01 9.999999403953552246e-01 1.000000000000000000e+00 1.000000000000000000e+00 1.000000000000000000e+00 0.000000000000000000e+00
9.999231100082397461e-01 9.999999403953552246e-01 1.000000000000000000e+00 1.000000000000000000e+00 1.000000000000000000e+00 0.000000000000000000e+00
9.999327063560485840e-01 9.999999403953552246e-01 1.000000000000000000e+00 1.000000000000000000e+00 1.000000000000000000e+00 0.000000000000000000e+00
9.999449849128723145e-01 1.000000000000000000e+00 1.000000000000000000e+00 1.000000000000000000e+00 1.000000000000000000e+00 0.000000000000000000e+00
9.999454617500305176e-01 1.000000000000000000e+00 1.000000000000000000e+00 1.000000000000000000e+00 1.000000000000000000e+00 0.000000000000000000e+00
-5.773535966873168945e-01 -4.454403817653656006e-01 9.497235417366027832e-01 9.999837875366210938e-01 9.999999403953552246e-01 0.000000000000000000e+00
-4.529136419296264648e-01 -2.603668868541717529e-01 5.631236433982849121e-01 9.061654806137084961e-01 9.609254002571105957e-01 0.000000000000000000e+00
7.646827101707458496e-01 9.927297830581665039e-01 9.977989792823791504e-01 9.997296333312988281e-01 9.999982714653015137e-01 0.000000000000000000e+00
8.492159843444824219e-01 9.990893006324768066e-01 9.999994039535522461e-01 1.000000000000000000e+00 1.000000000000000000e+00 0.000000000000000000e+00
4.019807279109954834e-02 8.961616754531860352e-01 9.980930089950561523e-01 9.997743368148803711e-01 9.999896883964538574e-01 0.000000000000000000e+00
9.972746968269348145e-01 9.999892115592956543e-01 9.999997615814208984e-01 1.000000000000000000e+00 1.000000000000000000e+00 0.000000000000000000e+00
9.997698068618774414e-01 9.999997019767761230e-01 1.000000000000000000e+00 1.000000000000000000e+00 1.000000000000000000e+00 0.000000000000000000e+00
3.409930169582366943e-01 9.323700070381164551e-01 9.936940073966979980e-01 9.999175667762756348e-01 9.999980926513671875e-01 1.000000000000000000e+00
-4.562580287456512451e-01 2.190258800983428955e-01 9.763951897621154785e-01 9.998924732208251953e-01 9.999998211860656738e-01 2.000000000000000000e+00
3.409930169582366943e-01 9.323700070381164551e-01 9.936940073966979980e-01 9.999175667762756348e-01 9.999980926513671875e-01 1.000000000000000000e+00
-4.562580287456512451e-01 2.190258800983428955e-01 9.763951897621154785e-01 9.998924732208251953e-01 9.999998211860656738e-01 2.000000000000000000e+00
3.409930169582366943e-01 9.323700070381164551e-01 9.936940073966979980e-01 9.999175667762756348e-01 9.999980926513671875e-01 1.000000000000000000e+00
-4.562580287456512451e-01 2.190258800983428955e-01 9.763951897621154785e-01 9.998924732208251953e-01 9.999998211860656738e-01 2.000000000000000000e+00
3.409930169582366943e-01 9.323700070381164551e-01 9.936940073966979980e-01 9.999175667762756348e-01 9.999980926513671875e-01 1.000000000000000000e+00
-4.562580287456512451e-01 2.190258800983428955e-01 9.763951897621154785e-01 9.998924732208251953e-01 9.999998211860656738e-01 2.000000000000000000e+00
3.409930169582366943e-01 9.323700070381164551e-01 9.936940073966979980e-01 9.999175667762756348e-01 9.999980926513671875e-01 1.000000000000000000e+00
-4.562580287456512451e-01 2.190258800983428955e-01 9.763951897621154785e-01 9.998924732208251953e-01 9.999998211860656738e-01 2.000000000000000000e+00
3.409930169582366943e-01 9.323700070381164551e-01 9.936940073966979980e-01 9.999175667762756348e-01 9.999980926513671875e-01 1.000000000000000000e+00
-4.562580287456512451e-01 2.190258800983428955e-01 9.763951897621154785e-01 9.998924732208251953e-01 9.999998211860656738e-01 2.000000000000000000e+00
3.409930169582366943e-01 9.323700070381164551e-01 9.936940073966979980e-01 9.999175667762756348e-01 9.999980926513671875e-01 1.000000000000000000e+00
-4.562580287456512451e-01 2.190258800983428955e-01 9.763951897621154785e-01 9.998924732208251953e-01 9.999998211860656738e-01 2.000000000000000000e+00
3.409930169582366943e-01 9.323700070381164551e-01 9.936940073966979980e-01 9.999175667762756348e-01 9.999980926513671875e-01 1.000000000000000000e+00
-4.562580287456512451e-01 2.190258800983428955e-01 9.763951897621154785e-01 9.998924732208251953e-01 9.999998211860656738e-01 2.000000000000000000e+00
3.409930169582366943e-01 9.323700070381164551e-01 9.936940073966979980e-01 9.999175667762756348e-01 9.999980926513671875e-01 1.000000000000000000e+00
-4.562580287456512451e-01 2.190258800983428955e-01 9.763951897621154785e-01 9.998924732208251953e-01 9.999998211860656738e-01 2.000000000000000000e+00
3.409930169582366943e-01 9.323700070381164551e-01 9.936940073966979980e-01 9.999175667762756348e-01 9.999980926513671875e-01 1.000000000000000000e+00
-4.562580287456512451e-01 2.190258800983428955e-01 9.763951897621154785e-01 9.998924732208251953e-01 9.999998211860656738e-01 2.000000000000000000e+00
9.997085928916931152e-01 9.999992251396179199e-01 1.000000000000000000e+00 1.000000000000000000e+00 1.000000000000000000e+00 0.000000000000000000e+00
9.997658729553222656e-01 9.999991059303283691e-01 1.000000000000000000e+00 1.000000000000000000e+00 1.000000000000000000e+00 0.000000000000000000e+00
9.992288947105407715e-01 9.999957084655761719e-01 1.000000000000000000e+00 1.000000000000000000e+00 1.000000000000000000e+00 0.000000000000000000e+00
9.965454339981079102e-01 9.999566674232482910e-01 9.999987483024597168e-01 1.000000000000000000e+00 1.000000000000000000e+00 0.000000000000000000e+00
9.987010955810546875e-01 9.999812841415405273e-01 9.999918341636657715e-01 9.999928474426269531e-01 9.999970793724060059e-01 0.000000000000000000e+00
9.998328089714050293e-01 9.999995827674865723e-01 1.000000000000000000e+00 1.000000000000000000e+00 1.000000000000000000e+00 0.000000000000000000e+00
9.991559386253356934e-01 9.999970197677612305e-01 1.000000000000000000e+00 1.000000000000000000e+00 1.000000000000000000e+00 0.000000000000000000e+00
9.977294206619262695e-01 9.999971389770507812e-01 1.000000000000000000e+00 1.000000000000000000e+00 1.000000000000000000e+00 0.000000000000000000e+00
9.959707856178283691e-01 9.999964237213134766e-01 1.000000000000000000e+00 1.000000000000000000e+00 1.000000000000000000e+00 0.000000000000000000e+00
9.853221178054809570e-01 9.998628497123718262e-01 9.999974966049194336e-01 1.000000000000000000e+00 1.000000000000000000e+00 0.000000000000000000e+00
7.797464132308959961e-01 9.704160094261169434e-01 9.956062436103820801e-01 9.995551705360412598e-01 9.999578595161437988e-01 0.000000000000000000e+00
7.856168746948242188e-01 9.962909817695617676e-01 9.996802806854248047e-01 9.999333620071411133e-01 9.999892115592956543e-01 0.000000000000000000e+00
-1.314306352287530899e-02 2.046164423227310181e-01 7.221664190292358398e-01 9.216719269752502441e-01 9.895092844963073730e-01 0.000000000000000000e+00
-2.504580020904541016e-01 5.648875236511230469e-01 9.797223210334777832e-01 9.961273074150085449e-01 9.967897534370422363e-01 0.000000000000000000e+00
9.996646046638488770e-01 9.999998807907104492e-01 1.000000000000000000e+00 1.000000000000000000e+00 1.000000000000000000e+00 0.000000000000000000e+00
9.997991323471069336e-01 9.999993443489074707e-01 1.000000000000000000e+00 1.000000000000000000e+00 1.000000000000000000e+00 0.000000000000000000e+00
9.986732602119445801e-01 9.999907612800598145e-01 9.999999403953552246e-01 1.000000000000000000e+00 1.000000000000000000e+00 0.000000000000000000e+00
9.983984231948852539e-01 9.999966621398925781e-01 1.000000000000000000e+00 1.000000000000000000e+00 1.000000000000000000e+00 0.000000000000000000e+00
9.987427592277526855e-01 9.999956488609313965e-01 1.000000000000000000e+00 1.000000000000000000e+00 1.000000000000000000e+00 0.000000000000000000e+00
9.997346997261047363e-01 9.999996423721313477e-01 1.000000000000000000e+00 1.000000000000000000e+00 1.000000000000000000e+00 0.000000000000000000e+00
9.999472498893737793e-01 9.999999403953552246e-01 1.000000000000000000e+00 1.000000000000000000e+00 1.000000000000000000e+00 0.000000000000000000e+00
9.926229119300842285e-01 9.999747276306152344e-01 1.000000000000000000e+00 1.000000000000000000e+00 1.000000000000000000e+00 0.000000000000000000e+00
9.931482672691345215e-01 9.999923706054687500e-01 1.000000000000000000e+00 1.000000000000000000e+00 1.000000000000000000e+00 0.000000000000000000e+00
9.975746870040893555e-01 9.999965429306030273e-01 1.000000000000000000e+00 1.000000000000000000e+00 1.000000000000000000e+00 0.000000000000000000e+00
9.981543421745300293e-01 9.999988675117492676e-01 1.000000000000000000e+00 1.000000000000000000e+00 1.000000000000000000e+00 0.000000000000000000e+00
9.995132684707641602e-01 9.999996423721313477e-01 1.000000000000000000e+00 1.000000000000000000e+00 1.000000000000000000e+00 0.000000000000000000e+00
9.988703131675720215e-01 9.999979138374328613e-01 1.000000000000000000e+00 1.000000000000000000e+00 1.000000000000000000e+00 0.000000000000000000e+00
9.982945919036865234e-01 9.999989271163940430e-01 1.000000000000000000e+00 1.000000000000000000e+00 1.000000000000000000e+00 0.000000000000000000e+00
5.857696533203125000e-01 8.840388059616088867e-01 9.956343173980712891e-01 9.998950362205505371e-01 9.999976754188537598e-01 0.000000000000000000e+00
7.154913544654846191e-01 9.093417525291442871e-01 9.864479303359985352e-01 9.993525147438049316e-01 9.999626278877258301e-01 0.000000000000000000e+00
3.244103491306304932e-01 9.351314306259155273e-01 9.961545467376708984e-01 9.999130368232727051e-01 9.999983310699462891e-01 0.000000000000000000e+00
9.671491980552673340e-01 9.993258714675903320e-01 9.999847412109375000e-01 9.999997615814208984e-01 1.000000000000000000e+00 0.000000000000000000e+00
9.674600362777709961e-01 9.994605183601379395e-01 9.999939799308776855e-01 9.999999403953552246e-01 1.000000000000000000e+00 0.000000000000000000e+00
9.927213788032531738e-01 9.999521374702453613e-01 9.999996423721313477e-01 1.000000000000000000e+00 1.000000000000000000e+00 0.000000000000000000e+00
9.667292237281799316e-01 9.995680451393127441e-01 9.999983310699462891e-01 1.000000000000000000e+00 1.000000000000000000e+00 0.000000000000000000e+00
4.059203863143920898e-01 9.518669843673706055e-01 9.993216991424560547e-01 9.999907016754150391e-01 9.999999403953552246e-01 1.000000000000000000e+00
6.846301555633544922e-01 9.518532156944274902e-01 9.938217401504516602e-01 9.991937279701232910e-01 9.999652504920959473e-01 2.000000000000000000e+00
4.059203863143920898e-01 9.518669843673706055e-01 9.993216991424560547e-01 9.999907016754150391e-01 9.999999403953552246e-01 1.000000000000000000e+00
6.846301555633544922e-01 9.518532156944274902e-01 9.938217401504516602e-01 9.991937279701232910e-01 9.999652504920959473e-01 2.000000000000000000e+00
4.059203863143920898e-01 9.518669843673706055e-01 9.993216991424560547e-01 9.999907016754150391e-01 9.999999403953552246e-01 1.000000000000000000e+00
6.846301555633544922e-01 9.518532156944274902e-01 9.938217401504516602e-01 9.991937279701232910e-01 9.999652504920959473e-01 2.000000000000000000e+00
4.059203863143920898e-01 9.518669843673706055e-01 9.993216991424560547e-01 9.999907016754150391e-01 9.999999403953552246e-01 1.000000000000000000e+00
6.846301555633544922e-01 9.518532156944274902e-01 9.938217401504516602e-01 9.991937279701232910e-01 9.999652504920959473e-01 2.000000000000000000e+00
4.059203863143920898e-01 9.518669843673706055e-01 9.993216991424560547e-01 9.999907016754150391e-01 9.999999403953552246e-01 1.000000000000000000e+00
6.846301555633544922e-01 9.518532156944274902e-01 9.938217401504516602e-01 9.991937279701232910e-01 9.999652504920959473e-01 2.000000000000000000e+00
4.059203863143920898e-01 9.518669843673706055e-01 9.993216991424560547e-01 9.999907016754150391e-01 9.999999403953552246e-01 1.000000000000000000e+00
6.846301555633544922e-01 9.518532156944274902e-01 9.938217401504516602e-01 9.991937279701232910e-01 9.999652504920959473e-01 2.000000000000000000e+00
4.059203863143920898e-01 9.518669843673706055e-01 9.993216991424560547e-01 9.999907016754150391e-01 9.999999403953552246e-01 1.000000000000000000e+00
6.846301555633544922e-01 9.518532156944274902e-01 9.938217401504516602e-01 9.991937279701232910e-01 9.999652504920959473e-01 2.000000000000000000e+00
4.059203863143920898e-01 9.518669843673706055e-01 9.993216991424560547e-01 9.999907016754150391e-01 9.999999403953552246e-01 1.000000000000000000e+00
6.846301555633544922e-01 9.518532156944274902e-01 9.938217401504516602e-01 9.991937279701232910e-01 9.999652504920959473e-01 2.000000000000000000e+00
4.059203863143920898e-01 9.518669843673706055e-01 9.993216991424560547e-01 9.999907016754150391e-01 9.999999403953552246e-01 1.000000000000000000e+00
6.846301555633544922e-01 9.518532156944274902e-01 9.938217401504516602e-01 9.991937279701232910e-01 9.999652504920959473e-01 2.000000000000000000e+00
4.059203863143920898e-01 9.518669843673706055e-01 9.993216991424560547e-01 9.999907016754150391e-01 9.999999403953552246e-01 1.000000000000000000e+00
6.846301555633544922e-01 9.518532156944274902e-01 9.938217401504516602e-01 9.991937279701232910e-01 9.999652504920959473e-01 2.000000000000000000e+00
9.907337427139282227e-01 9.999529719352722168e-01 9.999967813491821289e-01 9.999999403953552246e-01 1.000000000000000000e+00 0.000000000000000000e+00
7.705076932907104492e-01 9.614665508270263672e-01 9.907418489456176758e-01 9.991171956062316895e-01 9.999701380729675293e-01 0.000000000000000000e+00
7.155930995941162109e-01 1.897022426128387451e-01 1.425061821937561035e-01 5.092894434928894043e-01 8.473209738731384277e-01 0.000000000000000000e+00
4.751439690589904785e-01 5.686588883399963379e-01 9.719805121421813965e-01 9.991464018821716309e-01 9.999510049819946289e-01 0.000000000000000000e+00
-4.328753650188446045e-01 -2.556996047496795654e-01 7.951382398605346680e-01 9.900520443916320801e-01 9.999189376831054688e-01 0.000000000000000000e+00
9.087789058685302734e-01 9.131693243980407715e-01 9.922803640365600586e-01 9.994899630546569824e-01 9.999836683273315430e-01 0.000000000000000000e+00
-5.068429112434387207e-01 -4.981900751590728760e-01 -5.169674158096313477e-01 -4.948306977748870850e-01 -1.065031737089157104e-01 0.000000000000000000e+00
2.860455214977264404e-01 6.438865661621093750e-01 9.417955875396728516e-01 9.947413206100463867e-01 9.996325969696044922e-01 0.000000000000000000e+00
-4.502201974391937256e-01 -4.525421261787414551e-01 -4.400722682476043701e-01 -4.280880093574523926e-01 -4.300295114517211914e-01 0.000000000000000000e+00
7.034466862678527832e-01 8.201714754104614258e-01 8.352292776107788086e-01 6.273776292800903320e-01 4.559808075428009033e-01 0.000000000000000000e+00
9.990645647048950195e-01 9.999976754188537598e-01 1.000000000000000000e+00 1.000000000000000000e+00 1.000000000000000000e+00 0.000000000000000000e+00
9.991964101791381836e-01 9.999993443489074707e-01 1.000000000000000000e+00 1.000000000000000000e+00 1.000000000000000000e+00 0.000000000000000000e+00
9.902290701866149902e-01 9.996703863143920898e-01 9.999805092811584473e-01 9.999987483024597168e-01 9.999998211860656738e-01 1.000000000000000000e+00
9.645953774452209473e-01 9.951906204223632812e-01 9.995235800743103027e-01 9.999804496765136719e-01 9.999994039535522461e-01 2.000000000000000000e+00
9.902290701866149902e-01 9.996703863143920898e-01 9.999805092811584473e-01 9.999987483024597168e-01 9.999998211860656738e-01 1.000000000000000000e+00
9.645953774452209473e-01 9.951906204223632812e-01 9.995235800743103027e-01 9.999804496765136719e-01 9.999994039535522461e-01 2.000000000000000000e+00
9.902290701866149902e-01 9.996703863143920898e-01 9.999805092811584473e-01 9.999987483024597168e-01 9.999998211860656738e-01 1.000000000000000000e+00
9.645953774452209473e-01 9.951906204223632812e-01 9.995235800743103027e-01 9.999804496765136719e-01 9.999994039535522461e-01 2.000000000000000000e+00
9.902290701866149902e-01 9.996703863143920898e-01 9.999805092811584473e-01 9.999987483024597168e-01 9.999998211860656738e-01 1.000000000000000000e+00
9.645953774452209473e-01 9.951906204223632812e-01 9.995235800743103027e-01 9.999804496765136719e-01 9.999994039535522461e-01 2.000000000000000000e+00
9.902290701866149902e-01 9.996703863143920898e-01 9.999805092811584473e-01 9.999987483024597168e-01 9.999998211860656738e-01 1.000000000000000000e+00
9.645953774452209473e-01 9.951906204223632812e-01 9.995235800743103027e-01 9.999804496765136719e-01 9.999994039535522461e-01 2.000000000000000000e+00
9.902290701866149902e-01 9.996703863143920898e-01 9.999805092811584473e-01 9.999987483024597168e-01 9.999998211860656738e-01 1.000000000000000000e+00
9.645953774452209473e-01 9.951906204223632812e-01 9.995235800743103027e-01 9.999804496765136719e-01 9.999994039535522461e-01 2.000000000000000000e+00
9.902290701866149902e-01 9.996703863143920898e-01 9.999805092811584473e-01 9.999987483024597168e-01 9.999998211860656738e-01 1.000000000000000000e+00
9.645953774452209473e-01 9.951906204223632812e-01 9.995235800743103027e-01 9.999804496765136719e-01 9.999994039535522461e-01 2.000000000000000000e+00
9.902290701866149902e-01 9.996703863143920898e-01 9.999805092811584473e-01 9.999987483024597168e-01 9.999998211860656738e-01 1.000000000000000000e+00
9.645953774452209473e-01 9.951906204223632812e-01 9.995235800743103027e-01 9.999804496765136719e-01 9.999994039535522461e-01 2.000000000000000000e+00
9.902290701866149902e-01 9.996703863143920898e-01 9.999805092811584473e-01 9.999987483024597168e-01 9.999998211860656738e-01 1.000000000000000000e+00
9.645953774452209473e-01 9.951906204223632812e-01 9.995235800743103027e-01 9.999804496765136719e-01 9.999994039535522461e-01 2.000000000000000000e+00
9.902290701866149902e-01 9.996703863143920898e-01 9.999805092811584473e-01 9.999987483024597168e-01 9.999998211860656738e-01 1.000000000000000000e+00
9.645953774452209473e-01 9.951906204223632812e-01 9.995235800743103027e-01 9.999804496765136719e-01 9.999994039535522461e-01 2.000000000000000000e+00
7.097219228744506836e-01 9.351555109024047852e-01 9.875320792198181152e-01 9.992455244064331055e-01 9.999076724052429199e-01 0.000000000000000000e+00
9.371446371078491211e-01 9.994396567344665527e-01 9.999839067459106445e-01 9.999973773956298828e-01 9.999998807907104492e-01 0.000000000000000000e+00
9.582191705703735352e-01 9.980180859565734863e-01 9.999127984046936035e-01 9.999948143959045410e-01 9.999998211860656738e-01 0.000000000000000000e+00
9.975695013999938965e-01 9.999699592590332031e-01 9.999996423721313477e-01 1.000000000000000000e+00 1.000000000000000000e+00 0.000000000000000000e+00
9.998003244400024414e-01 9.999999403953552246e-01 1.000000000000000000e+00 1.000000000000000000e+00 1.000000000000000000e+00 0.000000000000000000e+00
1.033522710204124451e-01 7.845733165740966797e-01 9.602624177932739258e-01 9.755817651748657227e-01 -3.220653533935546875e-01 1.000000000000000000e+00
7.022643089294433594e-01 9.922176599502563477e-01 9.997971653938293457e-01 9.999828934669494629e-01 9.999989271163940430e-01 2.000000000000000000e+00
1.033522710204124451e-01 7.845733165740966797e-01 9.602624177932739258e-01 9.755817651748657227e-01 -3.220653533935546875e-01 1.000000000000000000e+00
7.022643089294433594e-01 9.922176599502563477e-01 9.997971653938293457e-01 9.999828934669494629e-01 9.999989271163940430e-01 2.000000000000000000e+00
1.033522710204124451e-01 7.845733165740966797e-01 9.602624177932739258e-01 9.755817651748657227e-01 -3.220653533935546875e-01 1.000000000000000000e+00
7.022643089294433594e-01 9.922176599502563477e-01 9.997971653938293457e-01 9.999828934669494629e-01 9.999989271163940430e-01 2.000000000000000000e+00
1.033522710204124451e-01 7.845733165740966797e-01 9.602624177932739258e-01 9.755817651748657227e-01 -3.220653533935546875e-01 1.000000000000000000e+00
7.022643089294433594e-01 9.922176599502563477e-01 9.997971653938293457e-01 9.999828934669494629e-01 9.999989271163940430e-01 2.000000000000000000e+00
1.033522710204124451e-01 7.845733165740966797e-01 9.602624177932739258e-01 9.755817651748657227e-01 -3.220653533935546875e-01 1.000000000000000000e+00
7.022643089294433594e-01 9.922176599502563477e-01 9.997971653938293457e-01 9.999828934669494629e-01 9.999989271163940430e-01 2.000000000000000000e+00
1.033522710204124451e-01 7.845733165740966797e-01 9.602624177932739258e-01 9.755817651748657227e-01 -3.220653533935546875e-01 1.000000000000000000e+00
7.022643089294433594e-01 9.922176599502563477e-01 9.997971653938293457e-01 9.999828934669494629e-01 9.999989271163940430e-01 2.000000000000000000e+00
1.033522710204124451e-01 7.845733165740966797e-01 9.602624177932739258e-01 9.755817651748657227e-01 -3.220653533935546875e-01 1.000000000000000000e+00
7.022643089294433594e-01 9.922176599502563477e-01 9.997971653938293457e-01 9.999828934669494629e-01 9.999989271163940430e-01 2.000000000000000000e+00
1.033522710204124451e-01 7.845733165740966797e-01 9.602624177932739258e-01 9.755817651748657227e-01 -3.220653533935546875e-01 1.000000000000000000e+00
7.022643089294433594e-01 9.922176599502563477e-01 9.997971653938293457e-01 9.999828934669494629e-01 9.999989271163940430e-01 2.000000000000000000e+00
1.033522710204124451e-01 7.845733165740966797e-01 9.602624177932739258e-01 9.755817651748657227e-01 -3.220653533935546875e-01 1.000000000000000000e+00
7.022643089294433594e-01 9.922176599502563477e-01 9.997971653938293457e-01 9.999828934669494629e-01 9.999989271163940430e-01 2.000000000000000000e+00
1.033522710204124451e-01 7.845733165740966797e-01 9.602624177932739258e-01 9.755817651748657227e-01 -3.220653533935546875e-01 1.000000000000000000e+00
7.022643089294433594e-01 9.922176599502563477e-01 9.997971653938293457e-01 9.999828934669494629e-01 9.999989271163940430e-01 2.000000000000000000e+00
-1.459614634513854980e-01 1.177609041333198547e-01 2.125991880893707275e-01 9.182115644216537476e-02 -3.364635631442070007e-02 0.000000000000000000e+00
-3.392509818077087402e-01 -4.195913076400756836e-01 -5.429864525794982910e-01 -5.871323347091674805e-01 -6.438220143318176270e-01 0.000000000000000000e+00
2.789215743541717529e-01 -6.891968101263046265e-02 -1.857165843248367310e-01 -2.816747725009918213e-01 -4.647155702114105225e-01 0.000000000000000000e+00
4.582600593566894531e-01 1.732947379350662231e-01 2.755847945809364319e-02 -1.412954628467559814e-01 -3.932148590683937073e-02 0.000000000000000000e+00
-4.290187060832977295e-01 -4.293912947177886963e-01 -3.935109972953796387e-01 -4.000203311443328857e-01 -2.975845336914062500e-01 0.000000000000000000e+00
-3.976073563098907471e-01 -3.354285359382629395e-01 -3.574447929859161377e-01 -4.328499138355255127e-01 -4.927970468997955322e-01 0.000000000000000000e+00
-4.055790901184082031e-01 -2.707699835300445557e-01 -2.178577780723571777e-01 -1.461123079061508179e-01 -3.405289649963378906e-01 0.000000000000000000e+00
9.987990260124206543e-01 9.999918341636657715e-01 9.999999403953552246e-01 1.000000000000000000e+00 1.000000000000000000e+00 0.000000000000000000e+00
9.805719852447509766e-01 9.989663958549499512e-01 9.996019005775451660e-01 9.999578595161437988e-01 9.999969005584716797e-01 0.000000000000000000e+00
-3.761095106601715088e-01 -2.892400622367858887e-01 -1.759719848632812500e-02 -2.739604413509368896e-01 -1.823901683092117310e-01 0.000000000000000000e+00
-3.132293224334716797e-01 -3.112129569053649902e-01 -5.404768586158752441e-01 -5.228715538978576660e-01 -5.928567647933959961e-01 0.000000000000000000e+00
-4.489472508430480957e-01 -4.555295109748840332e-01 -5.043933391571044922e-01 -6.505678892135620117e-01 -6.370215415954589844e-01 0.000000000000000000e+00
-4.385676383972167969e-01 -5.134919881820678711e-01 -5.492669343948364258e-01 -6.482775211334228516e-01 -6.331351995468139648e-01 0.000000000000000000e+00
6.737812161445617676e-01 8.140758872032165527e-01 2.861197292804718018e-01 -2.388165593147277832e-01 -3.948339521884918213e-01 0.000000000000000000e+00
9.999951720237731934e-01 1.000000000000000000e+00 1.000000000000000000e+00 1.000000000000000000e+00 1.000000000000000000e+00 0.000000000000000000e+00
9.999863505363464355e-01 1.000000000000000000e+00 1.000000000000000000e+00 1.000000000000000000e+00 1.000000000000000000e+00 0.000000000000000000e+00
9.999892115592956543e-01 1.000000000000000000e+00 1.000000000000000000e+00 1.000000000000000000e+00 1.000000000000000000e+00 0.000000000000000000e+00
9.999778270721435547e-01 1.000000000000000000e+00 1.000000000000000000e+00 1.000000000000000000e+00 1.000000000000000000e+00 0.000000000000000000e+00
9.999978542327880859e-01 1.000000000000000000e+00 1.000000000000000000e+00 1.000000000000000000e+00 1.000000000000000000e+00 0.000000000000000000e+00
9.999974370002746582e-01 1.000000000000000000e+00 1.000000000000000000e+00 1.000000000000000000e+00 1.000000000000000000e+00 0.000000000000000000e+00
9.999916553497314453e-01 1.000000000000000000e+00 1.000000000000000000e+00 1.000000000000000000e+00 1.000000000000000000e+00 0.000000000000000000e+00
9.902247786521911621e-01 9.999616146087646484e-01 9.999996423721313477e-01 1.000000000000000000e+00 1.000000000000000000e+00 0.000000000000000000e+00
9.981391429901123047e-01 9.999789595603942871e-01 9.999998807907104492e-01 1.000000000000000000e+00 1.000000000000000000e+00 0.000000000000000000e+00
9.975875616073608398e-01 9.999850392341613770e-01 9.999998807907104492e-01 1.000000000000000000e+00 1.000000000000000000e+00 0.000000000000000000e+00
9.986575841903686523e-01 9.999912977218627930e-01 9.999999403953552246e-01 1.000000000000000000e+00 1.000000000000000000e+00 0.000000000000000000e+00
9.965195059776306152e-01 9.999765753746032715e-01 9.999996423721313477e-01 1.000000000000000000e+00 1.000000000000000000e+00 0.000000000000000000e+00
9.994043111801147461e-01 9.999932050704956055e-01 9.999999403953552246e-01 1.000000000000000000e+00 1.000000000000000000e+00 0.000000000000000000e+00
9.981005787849426270e-01 9.999867677688598633e-01 9.999998807907104492e-01 1.000000000000000000e+00 1.000000000000000000e+00 0.000000000000000000e+00
-5.177361369132995605e-01 -4.969146847724914551e-01 -3.556203544139862061e-01 5.887250304222106934e-01 9.950258731842041016e-01 0.000000000000000000e+00
-4.508149325847625732e-01 -3.780774176120758057e-01 -1.642531007528305054e-01 1.917942464351654053e-01 3.185112774372100830e-01 0.000000000000000000e+00
1.264798492193222046e-01 8.091295957565307617e-01 9.871222376823425293e-01 9.995658397674560547e-01 9.999900460243225098e-01 0.000000000000000000e+00
8.060418367385864258e-01 9.947912096977233887e-01 9.996890425682067871e-01 9.999951720237731934e-01 1.000000000000000000e+00 0.000000000000000000e+00
7.138127088546752930e-01 9.766416549682617188e-01 9.972686767578125000e-01 9.998947381973266602e-01 9.999985694885253906e-01 0.000000000000000000e+00
9.728714823722839355e-01 9.984284043312072754e-01 9.998899102210998535e-01 9.999002218246459961e-01 9.999951720237731934e-01 0.000000000000000000e+00
9.794189333915710449e-01 9.987512230873107910e-01 9.999464154243469238e-01 9.999990463256835938e-01 1.000000000000000000e+00 0.000000000000000000e+00
-5.189677476882934570e-01 -5.081174969673156738e-01 -4.911223948001861572e-01 -4.837889969348907471e-01 -4.800341129302978516e-01 0.000000000000000000e+00
-3.571097254753112793e-01 1.320080365985631943e-02 6.931970119476318359e-01 8.281809091567993164e-01 9.261894226074218750e-01 0.000000000000000000e+00
1.989326030015945435e-01 5.585378408432006836e-01 8.918232321739196777e-01 9.988174438476562500e-01 9.999760389328002930e-01 0.000000000000000000e+00
9.684756398200988770e-01 9.999163746833801270e-01 9.999996423721313477e-01 1.000000000000000000e+00 1.000000000000000000e+00 0.000000000000000000e+00
9.894832372665405273e-01 9.980084896087646484e-01 9.992582201957702637e-01 9.999762773513793945e-01 9.999996423721313477e-01 0.000000000000000000e+00
9.987815022468566895e-01 9.999938011169433594e-01 1.000000000000000000e+00 1.000000000000000000e+00 1.000000000000000000e+00 0.000000000000000000e+00
-5.265852808952331543e-01 -4.965804517269134521e-01 -5.250011086463928223e-01 -5.216119289398193359e-01 -5.437727570533752441e-01 1.000000000000000000e+00
-5.191540122032165527e-01 -5.030829906463623047e-01 -4.807639420032501221e-01 -4.703198671340942383e-01 -4.714290499687194824e-01 2.000000000000000000e+00
-5.265852808952331543e-01 -4.965804517269134521e-01 -5.250011086463928223e-01 -5.216119289398193359e-01 -5.437727570533752441e-01 1.000000000000000000e+00
-5.191540122032165527e-01 -5.030829906463623047e-01 -4.807639420032501221e-01 -4.703198671340942383e-01 -4.714290499687194824e-01 2.000000000000000000e+00
-5.265852808952331543e-01 -4.965804517269134521e-01 -5.250011086463928223e-01 -5.216119289398193359e-01 -5.437727570533752441e-01 1.000000000000000000e+00
-5.191540122032165527e-01 -5.030829906463623047e-01 -4.807639420032501221e-01 -4.703198671340942383e-01 -4.714290499687194824e-01 2.000000000000000000e+00
-5.265852808952331543e-01 -4.965804517269134521e-01 -5.250011086463928223e-01 -5.216119289398193359e-01 -5.437727570533752441e-01 1.000000000000000000e+00
-5.191540122032165527e-01 -5.030829906463623047e-01 -4.807639420032501221e-01 -4.703198671340942383e-01 -4.714290499687194824e-01 2.000000000000000000e+00
-5.265852808952331543e-01 -4.965804517269134521e-01 -5.250011086463928223e-01 -5.216119289398193359e-01 -5.437727570533752441e-01 1.000000000000000000e+00
-5.191540122032165527e-01 -5.030829906463623047e-01 -4.807639420032501221e-01 -4.703198671340942383e-01 -4.714290499687194824e-01 2.000000000000000000e+00
-5.265852808952331543e-01 -4.965804517269134521e-01 -5.250011086463928223e-01 -5.216119289398193359e-01 -5.437727570533752441e-01 1.000000000000000000e+00
-5.191540122032165527e-01 -5.030829906463623047e-01 -4.807639420032501221e-01 -4.703198671340942383e-01 -4.714290499687194824e-01 2.000000000000000000e+00
-5.265852808952331543e-01 -4.965804517269134521e-01 -5.250011086463928223e-01 -5.216119289398193359e-01 -5.437727570533752441e-01 1.000000000000000000e+00
-5.191540122032165527e-01 -5.030829906463623047e-01 -4.807639420032501221e-01 -4.703198671340942383e-01 -4.714290499687194824e-01 2.000000000000000000e+00
-5.265852808952331543e-01 -4.965804517269134521e-01 -5.250011086463928223e-01 -5.216119289398193359e-01 -5.437727570533752441e-01 1.000000000000000000e+00
-5.191540122032165527e-01 -5.030829906463623047e-01 -4.807639420032501221e-01 -4.703198671340942383e-01 -4.714290499687194824e-01 2.000000000000000000e+00
-5.265852808952331543e-01 -4.965804517269134521e-01 -5.250011086463928223e-01 -5.216119289398193359e-01 -5.437727570533752441e-01 1.000000000000000000e+00
-5.191540122032165527e-01 -5.030829906463623047e-01 -4.807639420032501221e-01 -4.703198671340942383e-01 -4.714290499687194824e-01 2.000000000000000000e+00
-5.265852808952331543e-01 -4.965804517269134521e-01 -5.250011086463928223e-01 -5.216119289398193359e-01 -5.437727570533752441e-01 1.000000000000000000e+00
-5.191540122032165527e-01 -5.030829906463623047e-01 -4.807639420032501221e-01 -4.703198671340942383e-01 -4.714290499687194824e-01 2.000000000000000000e+00
9.991297125816345215e-01 9.999964833259582520e-01 1.000000000000000000e+00 1.000000000000000000e+00 1.000000000000000000e+00 0.000000000000000000e+00
9.991297125816345215e-01 9.999958872795104980e-01 1.000000000000000000e+00 1.000000000000000000e+00 1.000000000000000000e+00 0.000000000000000000e+00
9.994564652442932129e-01 9.999982118606567383e-01 1.000000000000000000e+00 1.000000000000000000e+00 1.000000000000000000e+00 0.000000000000000000e+00
9.993389844894409180e-01 9.999973773956298828e-01 1.000000000000000000e+00 1.000000000000000000e+00 1.000000000000000000e+00 0.000000000000000000e+00
9.984067082405090332e-01 9.999915957450866699e-01 9.999999403953552246e-01 1.000000000000000000e+00 1.000000000000000000e+00 0.000000000000000000e+00
9.990909695625305176e-01 9.999974370002746582e-01 1.000000000000000000e+00 1.000000000000000000e+00 1.000000000000000000e+00 0.000000000000000000e+00
9.974831342697143555e-01 9.999924898147583008e-01 1.000000000000000000e+00 1.000000000000000000e+00 1.000000000000000000e+00 0.000000000000000000e+00
9.999242424964904785e-01 1.000000000000000000e+00 1.000000000000000000e+00 1.000000000000000000e+00 1.000000000000000000e+00 0.000000000000000000e+00
9.994437694549560547e-01 9.999999403953552246e-01 1.000000000000000000e+00 1.000000000000000000e+00 1.000000000000000000e+00 0.000000000000000000e+00
9.984793066978454590e-01 9.999971985816955566e-01 1.000000000000000000e+00 1.000000000000000000e+00 1.000000000000000000e+00 0.000000000000000000e+00
9.956876039505004883e-01 9.999317526817321777e-01 9.999987483024597168e-01 1.000000000000000000e+00 1.000000000000000000e+00 0.000000000000000000e+00
9.970160722732543945e-01 9.999380707740783691e-01 9.999997615814208984e-01 1.000000000000000000e+00 1.000000000000000000e+00 0.000000000000000000e+00
9.899491071701049805e-01 9.998859763145446777e-01 9.999970793724060059e-01 9.999997019767761230e-01 9.999999403953552246e-01 0.000000000000000000e+00
9.989493489265441895e-01 9.999906420707702637e-01 9.999998807907104492e-01 1.000000000000000000e+00 1.000000000000000000e+00 0.000000000000000000e+00
9.751965999603271484e-01 9.996822476387023926e-01 9.999834299087524414e-01 9.999998211860656738e-01 1.000000000000000000e+00 0.000000000000000000e+00
9.925062060356140137e-01 9.999566674232482910e-01 9.999997019767761230e-01 1.000000000000000000e+00 1.000000000000000000e+00 0.000000000000000000e+00
9.976150393486022949e-01 9.999272823333740234e-01 9.999979734420776367e-01 1.000000000000000000e+00 1.000000000000000000e+00 0.000000000000000000e+00
9.992143511772155762e-01 9.999925494194030762e-01 9.999999403953552246e-01 1.000000000000000000e+00 1.000000000000000000e+00 0.000000000000000000e+00
9.989705085754394531e-01 9.999894499778747559e-01 9.999998807907104492e-01 1.000000000000000000e+00 1.000000000000000000e+00 0.000000000000000000e+00
9.574226140975952148e-01 9.999690055847167969e-01 9.999999403953552246e-01 1.000000000000000000e+00 1.000000000000000000e+00 0.000000000000000000e+00
9.143516421318054199e-01 9.996767044067382812e-01 9.999991059303283691e-01 1.000000000000000000e+00 1.000000000000000000e+00 0.000000000000000000e+00
8.317597508430480957e-01 5.736075639724731445e-01 4.496880173683166504e-01 2.693235874176025391e-01 -7.933505624532699585e-02 0.000000000000000000e+00
8.460254669189453125e-01 7.537004947662353516e-01 6.026598215103149414e-01 8.984099626541137695e-01 9.138473272323608398e-01 0.000000000000000000e+00
6.696511507034301758e-01 5.080308914184570312e-01 6.172859072685241699e-01 6.266840696334838867e-01 5.505639314651489258e-01 0.000000000000000000e+00
9.268673062324523926e-01 9.829084277153015137e-01 9.929932355880737305e-01 9.961720108985900879e-01 8.816550970077514648e-01 0.000000000000000000e+00
9.997681379318237305e-01 9.999820590019226074e-01 9.999999403953552246e-01 1.000000000000000000e+00 1.000000000000000000e+00 0.000000000000000000e+00
8.288347721099853516e-01 4.372042119503021240e-01 9.701084494590759277e-01 4.755361378192901611e-01 9.906139373779296875e-01 0.000000000000000000e+00
-1.583124510943889618e-02 -7.534888386726379395e-02 2.204986959695816040e-01 -2.636358141899108887e-01 -3.514826595783233643e-01 0.000000000000000000e+00
9.749590158462524414e-01 9.994457960128784180e-01 9.999657869338989258e-01 9.999991059303283691e-01 9.999999403953552246e-01 0.000000000000000000e+00
9.950163960456848145e-01 9.999310970306396484e-01 9.999990463256835938e-01 1.000000000000000000e+00 1.000000000000000000e+00 0.000000000000000000e+00
9.974887371063232422e-01 9.999178647994995117e-01 9.999982118606567383e-01 1.000000000000000000e+00 1.000000000000000000e+00 0.000000000000000000e+00
9.974430799484252930e-01 9.999638199806213379e-01 9.999997019767761230e-01 1.000000000000000000e+00 1.000000000000000000e+00 0.000000000000000000e+00
9.995433092117309570e-01 9.999999403953552246e-01 1.000000000000000000e+00 1.000000000000000000e+00 1.000000000000000000e+00 0.000000000000000000e+00
9.184635877609252930e-01 9.552018046379089355e-01 9.914063811302185059e-01 9.998582005500793457e-01 9.999998211860656738e-01 0.000000000000000000e+00
9.993126392364501953e-01 9.999996423721313477e-01 1.000000000000000000e+00 1.000000000000000000e+00 1.000000000000000000e+00 0.000000000000000000e+00
8.920600414276123047e-01 9.838122725486755371e-01 9.968688488006591797e-01 9.997670054435729980e-01 9.999916553497314453e-01 0.000000000000000000e+00
9.798895120620727539e-01 9.998765587806701660e-01 9.999982714653015137e-01 1.000000000000000000e+00 1.000000000000000000e+00 0.000000000000000000e+00
9.943213462829589844e-01 9.999291300773620605e-01 9.999991655349731445e-01 1.000000000000000000e+00 1.000000000000000000e+00 0.000000000000000000e+00
9.922589063644409180e-01 9.999800920486450195e-01 9.999999403953552246e-01 1.000000000000000000e+00 1.000000000000000000e+00 0.000000000000000000e+00
9.994712471961975098e-01 9.999954700469970703e-01 1.000000000000000000e+00 1.000000000000000000e+00 1.000000000000000000e+00 0.000000000000000000e+00
9.999588727951049805e-01 9.999999403953552246e-01 1.000000000000000000e+00 1.000000000000000000e+00 1.000000000000000000e+00 0.000000000000000000e+00
9.999949336051940918e-01 1.000000000000000000e+00 1.000000000000000000e+00 1.000000000000000000e+00 1.000000000000000000e+00 0.000000000000000000e+00
5.093923807144165039e-01 9.352794289588928223e-01 9.932902455329895020e-01 9.996333718299865723e-01 9.999974370002746582e-01 1.000000000000000000e+00
2.612473368644714355e-01 7.373476624488830566e-01 9.444879293441772461e-01 9.890604019165039062e-01 9.990735650062561035e-01 2.000000000000000000e+00
5.093923807144165039e-01 9.352794289588928223e-01 9.932902455329895020e-01 9.996333718299865723e-01 9.999974370002746582e-01 1.000000000000000000e+00
2.612473368644714355e-01 7.373476624488830566e-01 9.444879293441772461e-01 9.890604019165039062e-01 9.990735650062561035e-01 2.000000000000000000e+00
5.093923807144165039e-01 9.352794289588928223e-01 9.932902455329895020e-01 9.996333718299865723e-01 9.999974370002746582e-01 1.000000000000000000e+00
2.612473368644714355e-01 7.373476624488830566e-01 9.444879293441772461e-01 9.890604019165039062e-01 9.990735650062561035e-01 2.000000000000000000e+00
5.093923807144165039e-01 9.352794289588928223e-01 9.932902455329895020e-01 9.996333718299865723e-01 9.999974370002746582e-01 1.000000000000000000e+00
2.612473368644714355e-01 7.373476624488830566e-01 9.444879293441772461e-01 9.890604019165039062e-01 9.990735650062561035e-01 2.000000000000000000e+00
5.093923807144165039e-01 9.352794289588928223e-01 9.932902455329895020e-01 9.996333718299865723e-01 9.999974370002746582e-01 1.000000000000000000e+00
2.612473368644714355e-01 7.373476624488830566e-01 9.444879293441772461e-01 9.890604019165039062e-01 9.990735650062561035e-01 2.000000000000000000e+00
5.093923807144165039e-01 9.352794289588928223e-01 9.932902455329895020e-01 9.996333718299865723e-01 9.999974370002746582e-01 1.000000000000000000e+00
2.612473368644714355e-01 7.373476624488830566e-01 9.444879293441772461e-01 9.890604019165039062e-01 9.990735650062561035e-01 2.000000000000000000e+00
5.093923807144165039e-01 9.352794289588928223e-01 9.932902455329895020e-01 9.996333718299865723e-01 9.999974370002746582e-01 1.000000000000000000e+00
2.612473368644714355e-01 7.373476624488830566e-01 9.444879293441772461e-01 9.890604019165039062e-01 9.990735650062561035e-01 2.000000000000000000e+00
5.093923807144165039e-01 9.352794289588928223e-01 9.932902455329895020e-01 9.996333718299865723e-01 9.999974370002746582e-01 1.000000000000000000e+00
2.612473368644714355e-01 7.373476624488830566e-01 9.444879293441772461e-01 9.890604019165039062e-01 9.990735650062561035e-01 2.000000000000000000e+00
5.093923807144165039e-01 9.352794289588928223e-01 9.932902455329895020e-01 9.996333718299865723e-01 9.999974370002746582e-01 1.000000000000000000e+00
2.612473368644714355e-01 7.373476624488830566e-01 9.444879293441772461e-01 9.890604019165039062e-01 9.990735650062561035e-01 2.000000000000000000e+00
5.093923807144165039e-01 9.352794289588928223e-01 9.932902455329895020e-01 9.996333718299865723e-01 9.999974370002746582e-01 1.000000000000000000e+00
2.612473368644714355e-01 7.373476624488830566e-01 9.444879293441772461e-01 9.890604019165039062e-01 9.990735650062561035e-01 2.000000000000000000e+00
7.693643569946289062e-01 9.802455902099609375e-01 9.985573291778564453e-01 9.999017119407653809e-01 9.999592304229736328e-01 0.000000000000000000e+00
8.018917441368103027e-01 9.610742330551147461e-01 9.985219836235046387e-01 9.996937513351440430e-01 9.999839067459106445e-01 0.000000000000000000e+00
6.899299621582031250e-01 9.925542473793029785e-01 9.994631409645080566e-01 9.999866485595703125e-01 9.999997019767761230e-01 0.000000000000000000e+00
5.954282879829406738e-01 9.971298575401306152e-01 9.999972581863403320e-01 1.000000000000000000e+00 1.000000000000000000e+00 0.000000000000000000e+00
3.685396015644073486e-01 9.990444779396057129e-01 9.999995827674865723e-01 1.000000000000000000e+00 1.000000000000000000e+00 0.000000000000000000e+00
8.743924498558044434e-01 9.995751976966857910e-01 9.999946951866149902e-01 9.999998211860656738e-01 1.000000000000000000e+00 0.000000000000000000e+00
7.765777707099914551e-01 9.999254345893859863e-01 1.000000000000000000e+00 1.000000000000000000e+00 1.000000000000000000e+00 0.000000000000000000e+00
-5.492783188819885254e-01 -5.926104784011840820e-01 -6.050668954849243164e-01 -6.076835989952087402e-01 -6.038299798965454102e-01 1.000000000000000000e+00
7.166248559951782227e-01 8.876572251319885254e-01 9.859717488288879395e-01 9.882199168205261230e-01 6.920938491821289062e-01 2.000000000000000000e+00
-5.492783188819885254e-01 -5.926104784011840820e-01 -6.050668954849243164e-01 -6.076835989952087402e-01 -6.038299798965454102e-01 1.000000000000000000e+00
7.166248559951782227e-01 8.876572251319885254e-01 9.859717488288879395e-01 9.882199168205261230e-01 6.920938491821289062e-01 2.000000000000000000e+00
-5.492783188819885254e-01 -5.926104784011840820e-01 -6.050668954849243164e-01 -6.076835989952087402e-01 -6.038299798965454102e-01 1.000000000000000000e+00
7.166248559951782227e-01 8.876572251319885254e-01 9.859717488288879395e-01 9.882199168205261230e-01 6.920938491821289062e-01 2.000000000000000000e+00
-5.492783188819885254e-01 -5.926104784011840820e-01 -6.050668954849243164e-01 -6.076835989952087402e-01 -6.038299798965454102e-01 1.000000000000000000e+00
7.166248559951782227e-01 8.876572251319885254e-01 9.859717488288879395e-01 9.882199168205261230e-01 6.920938491821289062e-01 2.000000000000000000e+00
-5.492783188819885254e-01 -5.926104784011840820e-01 -6.050668954849243164e-01 -6.076835989952087402e-01 -6.038299798965454102e-01 1.000000000000000000e+00
7.166248559951782227e-01 8.876572251319885254e-01 9.859717488288879395e-01 9.882199168205261230e-01 6.920938491821289062e-01 2.000000000000000000e+00
-5.492783188819885254e-01 -5.926104784011840820e-01 -6.050668954849243164e-01 -6.076835989952087402e-01 -6.038299798965454102e-01 1.000000000000000000e+00
7.166248559951782227e-01 8.876572251319885254e-01 9.859717488288879395e-01 9.882199168205261230e-01 6.920938491821289062e-01 2.000000000000000000e+00
-5.492783188819885254e-01 -5.926104784011840820e-01 -6.050668954849243164e-01 -6.076835989952087402e-01 -6.038299798965454102e-01 1.000000000000000000e+00
7.166248559951782227e-01 8.876572251319885254e-01 9.859717488288879395e-01 9.882199168205261230e-01 6.920938491821289062e-01 2.000000000000000000e+00
-5.492783188819885254e-01 -5.926104784011840820e-01 -6.050668954849243164e-01 -6.076835989952087402e-01 -6.038299798965454102e-01 1.000000000000000000e+00
7.166248559951782227e-01 8.876572251319885254e-01 9.859717488288879395e-01 9.882199168205261230e-01 6.920938491821289062e-01 2.000000000000000000e+00
-5.492783188819885254e-01 -5.926104784011840820e-01 -6.050668954849243164e-01 -6.076835989952087402e-01 -6.038299798965454102e-01 1.000000000000000000e+00
7.166248559951782227e-01 8.876572251319885254e-01 9.859717488288879395e-01 9.882199168205261230e-01 6.920938491821289062e-01 2.000000000000000000e+00
-5.492783188819885254e-01 -5.926104784011840820e-01 -6.050668954849243164e-01 -6.076835989952087402e-01 -6.038299798965454102e-01 1.000000000000000000e+00
7.166248559951782227e-01 8.876572251319885254e-01 9.859717488288879395e-01 9.882199168205261230e-01 6.920938491821289062e-01 2.000000000000000000e+00
9.222087860107421875e-01 9.935725331306457520e-01 9.997078180313110352e-01 9.999772310256958008e-01 9.999997615814208984e-01 0.000000000000000000e+00
9.362764358520507812e-01 9.990639686584472656e-01 9.999780058860778809e-01 9.999996423721313477e-01 1.000000000000000000e+00 0.000000000000000000e+00
9.467957615852355957e-01 9.993688464164733887e-01 9.999959468841552734e-01 1.000000000000000000e+00 1.000000000000000000e+00 0.000000000000000000e+00
3.606446087360382080e-01 9.175847172737121582e-01 9.964242577552795410e-01 9.998898506164550781e-01 9.999994039535522461e-01 0.000000000000000000e+00
6.267156004905700684e-01 9.935431480407714844e-01 9.999138116836547852e-01 9.999983310699462891e-01 1.000000000000000000e+00 0.000000000000000000e+00
-4.624713063240051270e-01 1.732469946146011353e-01 2.865262329578399658e-01 4.079489707946777344e-01 8.030793070793151855e-01 0.000000000000000000e+00
-4.553709924221038818e-01 -4.781975746154785156e-01 -5.273836851119995117e-01 -5.542695522308349609e-01 -5.433344841003417969e-01 0.000000000000000000e+00
9.994556903839111328e-01 9.999999403953552246e-01 1.000000000000000000e+00 1.000000000000000000e+00 1.000000000000000000e+00 0.000000000000000000e+00
9.142056703567504883e-01 9.999631643295288086e-01 1.000000000000000000e+00 1.000000000000000000e+00 1.000000000000000000e+00 0.000000000000000000e+00
9.951095581054687500e-01 9.999799132347106934e-01 9.999999403953552246e-01 1.000000000000000000e+00 1.000000000000000000e+00 0.000000000000000000e+00
7.821159958839416504e-01 9.959772825241088867e-01 9.999393224716186523e-01 9.999995827674865723e-01 1.000000000000000000e+00 0.000000000000000000e+00
9.943425059318542480e-01 9.999838471412658691e-01 9.999999403953552246e-01 1.000000000000000000e+00 1.000000000000000000e+00 0.000000000000000000e+00
9.995344877243041992e-01 9.999997615814208984e-01 1.000000000000000000e+00 1.000000000000000000e+00 1.000000000000000000e+00 0.000000000000000000e+00
9.999961256980895996e-01 1.000000000000000000e+00 1.000000000000000000e+00 1.000000000000000000e+00 1.000000000000000000e+00 0.000000000000000000e+00
-2.352272123098373413e-01 -4.172879755496978760e-01 -2.158293575048446655e-01 8.171331286430358887e-01 9.981146454811096191e-01 0.000000000000000000e+00
8.701080083847045898e-01 9.967150688171386719e-01 9.995309114456176758e-01 9.999440908432006836e-01 9.999975562095642090e-01 0.000000000000000000e+00
9.886302351951599121e-01 9.995270371437072754e-01 9.999903440475463867e-01 9.999999403953552246e-01 1.000000000000000000e+00 0.000000000000000000e+00
9.984060525894165039e-01 9.999842047691345215e-01 9.999999403953552246e-01 1.000000000000000000e+00 1.000000000000000000e+00 0.000000000000000000e+00
9.995182752609252930e-01 9.999983310699462891e-01 1.000000000000000000e+00 1.000000000000000000e+00 1.000000000000000000e+00 0.000000000000000000e+00
9.988622665405273438e-01 9.999960660934448242e-01 1.000000000000000000e+00 1.000000000000000000e+00 1.000000000000000000e+00 0.000000000000000000e+00
9.998019933700561523e-01 9.999998211860656738e-01 1.000000000000000000e+00 1.000000000000000000e+00 1.000000000000000000e+00 0.000000000000000000e+00
7.573942095041275024e-02 9.327379465103149414e-01 9.952613711357116699e-01 9.998770356178283691e-01 9.999991655349731445e-01 0.000000000000000000e+00
3.862681984901428223e-01 9.108106493949890137e-01 9.870393872261047363e-01 9.890600442886352539e-01 9.964332580566406250e-01 0.000000000000000000e+00
3.742230236530303955e-01 6.814870834350585938e-01 9.535821676254272461e-01 9.981731176376342773e-01 9.999773502349853516e-01 0.000000000000000000e+00
8.072264194488525391e-01 7.598543167114257812e-01 6.751309633255004883e-01 8.859108686447143555e-01 9.828202724456787109e-01 0.000000000000000000e+00
9.774113297462463379e-01 9.953632354736328125e-01 9.996652603149414062e-01 9.999690055847167969e-01 9.999973773956298828e-01 0.000000000000000000e+00
9.882720112800598145e-01 9.994950890541076660e-01 9.999886751174926758e-01 9.999998211860656738e-01 1.000000000000000000e+00 0.000000000000000000e+00
9.928945302963256836e-01 9.998949766159057617e-01 9.999950528144836426e-01 9.999997615814208984e-01 1.000000000000000000e+00 0.000000000000000000e+00
9.961757659912109375e-01 9.999427199363708496e-01 9.999989271163940430e-01 1.000000000000000000e+00 1.000000000000000000e+00 0.000000000000000000e+00
9.033323526382446289e-01 9.951275587081909180e-01 9.999872446060180664e-01 9.999998807907104492e-01 1.000000000000000000e+00 0.000000000000000000e+00
9.830971956253051758e-01 9.988920688629150391e-01 9.999611377716064453e-01 9.999925494194030762e-01 9.999997019767761230e-01 0.000000000000000000e+00
9.412204027175903320e-01 9.987381696701049805e-01 9.999968409538269043e-01 1.000000000000000000e+00 1.000000000000000000e+00 0.000000000000000000e+00
5.846509933471679688e-01 9.681908488273620605e-01 9.990562796592712402e-01 9.999760389328002930e-01 9.999996423721313477e-01 0.000000000000000000e+00
9.358915686607360840e-01 9.972549676895141602e-01 9.999555945396423340e-01 9.999966025352478027e-01 9.999998807907104492e-01 0.000000000000000000e+00
9.858668446540832520e-01 9.998936057090759277e-01 9.999942779541015625e-01 9.999992847442626953e-01 1.000000000000000000e+00 0.000000000000000000e+00
9.896152615547180176e-01 9.997745156288146973e-01 9.999923706054687500e-01 9.999998211860656738e-01 1.000000000000000000e+00 0.000000000000000000e+00
9.970657229423522949e-01 9.999727010726928711e-01 9.999995827674865723e-01 1.000000000000000000e+00 1.000000000000000000e+00 0.000000000000000000e+00
9.975085258483886719e-01 9.999595284461975098e-01 9.999994635581970215e-01 1.000000000000000000e+00 1.000000000000000000e+00 0.000000000000000000e+00
9.966507554054260254e-01 9.999471306800842285e-01 9.999991059303283691e-01 1.000000000000000000e+00 1.000000000000000000e+00 0.000000000000000000e+00
9.444268941879272461e-01 9.898131489753723145e-01 9.985280632972717285e-01 9.999666810035705566e-01 9.999992847442626953e-01 0.000000000000000000e+00
9.973180890083312988e-01 9.999870061874389648e-01 9.999997615814208984e-01 1.000000000000000000e+00 1.000000000000000000e+00 0.000000000000000000e+00
