1.714920043945312500e+00 1.114013195037841797e+00 1.027875781059265137e+00 1.003430128097534180e+00 0.000000000000000000e+00
4.075856685638427734e+00 1.143968462944030762e+00 1.423451662063598633e+00 1.237191319465637207e+00 0.000000000000000000e+00
3.972790479660034180e+00 2.680140495300292969e+00 1.978523612022399902e+00 1.144437909126281738e+00 0.000000000000000000e+00
1.372787237167358398e+00 1.222565889358520508e+00 1.074782490730285645e+00 1.037693500518798828e+00 0.000000000000000000e+00
1.192918300628662109e+00 1.006685853004455566e+00 1.000402331352233887e+00 1.000013828277587891e+00 0.000000000000000000e+00
1.084045290946960449e+00 1.001526474952697754e+00 1.000175714492797852e+00 1.000021457672119141e+00 0.000000000000000000e+00
1.021685004234313965e+00 1.000493764877319336e+00 1.000016570091247559e+00 1.000000476837158203e+00 0.000000000000000000e+00
1.039422988891601562e+00 1.093570709228515625e+00 1.035187959671020508e+00 1.026695728302001953e+00 0.000000000000000000e+00
1.029619216918945312e+00 1.000460863113403320e+00 1.000013828277587891e+00 1.000000476837158203e+00 0.000000000000000000e+00
1.025192260742187500e+00 1.000904440879821777e+00 1.000041007995605469e+00 1.000002145767211914e+00 0.000000000000000000e+00
1.016844630241394043e+00 1.000313758850097656e+00 1.000005960464477539e+00 1.000000000000000000e+00 0.000000000000000000e+00
1.017014741897583008e+00 1.000371694564819336e+00 1.000010251998901367e+00 1.000000000000000000e+00 0.000000000000000000e+00
1.017525911331176758e+00 1.000243663787841797e+00 1.000003218650817871e+00 1.000000000000000000e+00 0.000000000000000000e+00
1.023678541183471680e+00 1.000947713851928711e+00 1.000020265579223633e+00 1.000000476837158203e+00 0.000000000000000000e+00
4.444537162780761719e+00 1.873079180717468262e+00 1.035536289215087891e+00 1.001039743423461914e+00 0.000000000000000000e+00
6.297360897064208984e+00 6.968300819396972656e+00 1.321678280830383301e+00 1.011904001235961914e+00 0.000000000000000000e+00
9.234885215759277344e+00 1.566488742828369141e+00 1.073481917381286621e+00 1.003895044326782227e+00 0.000000000000000000e+00
-1.228064894676208496e-01 -6.543793082237243652e-01 7.592755556106567383e-02 9.825936555862426758e-01 0.000000000000000000e+00
1.003736114501953125e+01 2.601349115371704102e+00 1.087628722190856934e+00 1.005057334899902344e+00 0.000000000000000000e+00
7.340595245361328125e+00 3.486340045928955078e+00 1.319515585899353027e+00 1.030172586441040039e+00 0.000000000000000000e+00
4.868605613708496094e+00 4.157306671142578125e+00 1.444384098052978516e+00 1.076298832893371582e+00 0.000000000000000000e+00
1.022911548614501953e+00 1.000384688377380371e+00 1.000004291534423828e+00 1.000000000000000000e+00 0.000000000000000000e+00
2.805636882781982422e+00 1.071019649505615234e+00 1.001175165176391602e+00 1.000001668930053711e+00 0.000000000000000000e+00
-3.390110433101654053e-01 -4.143734574317932129e-01 -3.903082907199859619e-01 -4.350022375583648682e-01 0.000000000000000000e+00
-7.408969402313232422e-01 -4.133719801902770996e-01 -2.088146209716796875e-01 -2.295447885990142822e-01 0.000000000000000000e+00
-1.492951154708862305e+00 -7.736867070198059082e-01 -7.421582937240600586e-01 -4.212213158607482910e-01 0.000000000000000000e+00
1.586014270782470703e+00 1.100647568702697754e+00 1.016758441925048828e+00 1.001740932464599609e+00 0.000000000000000000e+00
1.449270009994506836e+00 1.020672082901000977e+00 1.002188444137573242e+00 1.000274419784545898e+00 0.000000000000000000e+00
3.612496852874755859e+00 1.028820991516113281e+01 1.224688053131103516e+00 1.000030040740966797e+00 0.000000000000000000e+00
-8.442121744155883789e-01 -4.478311538696289062e-01 1.069039702415466309e+00 1.206454658508300781e+01 0.000000000000000000e+00
6.248556613922119141e+00 3.449589252471923828e+00 1.123916625976562500e+00 1.145806431770324707e+00 0.000000000000000000e+00
3.657305479049682617e+00 8.758868217468261719e+00 2.231069087982177734e+00 1.110530257225036621e+00 0.000000000000000000e+00
3.876002550125122070e+00 2.101980686187744141e+00 1.253355026245117188e+00 1.006385087966918945e+00 0.000000000000000000e+00
1.284124374389648438e+00 1.006619930267333984e+00 1.000041246414184570e+00 1.000000476837158203e+00 0.000000000000000000e+00
1.174711823463439941e+00 1.000788450241088867e+00 1.000001072883605957e+00 1.000000000000000000e+00 0.000000000000000000e+00
1.003878474235534668e+00 1.000000000000000000e+00 1.000000000000000000e+00 1.000000000000000000e+00 0.000000000000000000e+00
1.009286284446716309e+00 1.000000476837158203e+00 1.000000000000000000e+00 1.000000000000000000e+00 0.000000000000000000e+00
1.000065445899963379e+00 1.000000000000000000e+00 1.000000000000000000e+00 1.000000000000000000e+00 0.000000000000000000e+00
1.000080466270446777e+00 1.000000000000000000e+00 1.000000000000000000e+00 1.000000000000000000e+00 0.000000000000000000e+00
1.000097036361694336e+00 1.000000000000000000e+00 1.000000000000000000e+00 1.000000000000000000e+00 0.000000000000000000e+00
1.000010728836059570e+00 1.000000000000000000e+00 1.000000000000000000e+00 1.000000000000000000e+00 0.000000000000000000e+00
1.030914425849914551e+00 1.000006437301635742e+00 1.000000000000000000e+00 1.000000000000000000e+00 0.000000000000000000e+00
1.789993524551391602e+00 1.192691087722778320e+00 -1.204898643493652344e+01 -2.687615633010864258e+00 1.000000000000000000e+00
1.099986433982849121e+00 1.000854730606079102e+00 1.000007510185241699e+00 1.000000000000000000e+00 2.000000000000000000e+00
1.789993524551391602e+00 1.192691087722778320e+00 -1.204898643493652344e+01 -2.687615633010864258e+00 1.000000000000000000e+00
1.099986433982849121e+00 1.000854730606079102e+00 1.000007510185241699e+00 1.000000000000000000e+00 2.000000000000000000e+00
1.789993524551391602e+00 1.192691087722778320e+00 -1.204898643493652344e+01 -2.687615633010864258e+00 1.000000000000000000e+00
1.099986433982849121e+00 1.000854730606079102e+00 1.000007510185241699e+00 1.000000000000000000e+00 2.000000000000000000e+00
1.789993524551391602e+00 1.192691087722778320e+00 -1.204898643493652344e+01 -2.687615633010864258e+00 1.000000000000000000e+00
1.099986433982849121e+00 1.000854730606079102e+00 1.000007510185241699e+00 1.000000000000000000e+00 2.000000000000000000e+00
1.789993524551391602e+00 1.192691087722778320e+00 -1.204898643493652344e+01 -2.687615633010864258e+00 1.000000000000000000e+00
1.099986433982849121e+00 1.000854730606079102e+00 1.000007510185241699e+00 1.000000000000000000e+00 2.000000000000000000e+00
1.789993524551391602e+00 1.192691087722778320e+00 -1.204898643493652344e+01 -2.687615633010864258e+00 1.000000000000000000e+00
1.099986433982849121e+00 1.000854730606079102e+00 1.000007510185241699e+00 1.000000000000000000e+00 2.000000000000000000e+00
1.789993524551391602e+00 1.192691087722778320e+00 -1.204898643493652344e+01 -2.687615633010864258e+00 1.000000000000000000e+00
1.099986433982849121e+00 1.000854730606079102e+00 1.000007510185241699e+00 1.000000000000000000e+00 2.000000000000000000e+00
1.789993524551391602e+00 1.192691087722778320e+00 -1.204898643493652344e+01 -2.687615633010864258e+00 1.000000000000000000e+00
1.099986433982849121e+00 1.000854730606079102e+00 1.000007510185241699e+00 1.000000000000000000e+00 2.000000000000000000e+00
1.789993524551391602e+00 1.192691087722778320e+00 -1.204898643493652344e+01 -2.687615633010864258e+00 1.000000000000000000e+00
1.099986433982849121e+00 1.000854730606079102e+00 1.000007510185241699e+00 1.000000000000000000e+00 2.000000000000000000e+00
1.789993524551391602e+00 1.192691087722778320e+00 -1.204898643493652344e+01 -2.687615633010864258e+00 1.000000000000000000e+00
1.099986433982849121e+00 1.000854730606079102e+00 1.000007510185241699e+00 1.000000000000000000e+00 2.000000000000000000e+00
1.010088682174682617e+00 1.000010728836059570e+00 1.000000000000000000e+00 1.000000000000000000e+00 0.000000000000000000e+00
1.006883859634399414e+00 1.000021934509277344e+00 1.000000000000000000e+00 1.000000000000000000e+00 0.000000000000000000e+00
1.014769077301025391e+00 1.000017166137695312e+00 1.000000000000000000e+00 1.000000000000000000e+00 0.000000000000000000e+00
1.224810481071472168e+00 1.002804756164550781e+00 1.000017166137695312e+00 1.000000000000000000e+00 0.000000000000000000e+00
1.205680966377258301e+00 1.005290746688842773e+00 1.000077128410339355e+00 1.000001072883605957e+00 0.000000000000000000e+00
1.026942968368530273e+00 1.000060558319091797e+00 1.000000000000000000e+00 1.000000000000000000e+00 0.000000000000000000e+00
1.076431751251220703e+00 1.000529885292053223e+00 1.000001072883605957e+00 1.000000000000000000e+00 0.000000000000000000e+00
1.205411553382873535e+00 1.009919404983520508e+00 1.000195026397705078e+00 1.000002622604370117e+00 0.000000000000000000e+00
1.066231966018676758e+00 1.000443220138549805e+00 1.000003814697265625e+00 1.000000000000000000e+00 0.000000000000000000e+00
1.066835403442382812e+00 1.001946926116943359e+00 1.000086545944213867e+00 1.000002622604370117e+00 0.000000000000000000e+00
1.081680059432983398e+00 1.002596616744995117e+00 1.000082254409790039e+00 1.000002622604370117e+00 0.000000000000000000e+00
1.078976631164550781e+00 1.003283739089965820e+00 1.000161409378051758e+00 1.000005960464477539e+00 0.000000000000000000e+00
1.080887198448181152e+00 1.003303289413452148e+00 1.000161647796630859e+00 1.000007510185241699e+00 0.000000000000000000e+00
1.088471412658691406e+00 1.003689289093017578e+00 1.000191092491149902e+00 1.000007987022399902e+00 0.000000000000000000e+00
2.047574281692504883e+00 1.030042886734008789e+00 1.000434637069702148e+00 1.000008583068847656e+00 0.000000000000000000e+00
2.276852369308471680e+00 2.809868574142456055e+00 4.297176361083984375e+00 1.449853420257568359e+00 0.000000000000000000e+00
5.245682716369628906e+00 1.445964455604553223e+00 1.423390865325927734e+00 1.039388656616210938e+00 0.000000000000000000e+00
1.054965853691101074e+00 1.001199364662170410e+00 1.000024557113647461e+00 1.000000476837158203e+00 0.000000000000000000e+00
1.020593881607055664e+00 1.000058889389038086e+00 1.000000476837158203e+00 1.000000000000000000e+00 0.000000000000000000e+00
-5.516398906707763672e+00 -3.415923118591308594e-01 -3.808927536010742188e-01 -3.285515308380126953e-01 1.000000000000000000e+00
3.792644977569580078e+00 1.855774164199829102e+00 1.409590363502502441e+00 1.010922908782958984e+00 2.000000000000000000e+00
-5.516398906707763672e+00 -3.415923118591308594e-01 -3.808927536010742188e-01 -3.285515308380126953e-01 1.000000000000000000e+00
3.792644977569580078e+00 1.855774164199829102e+00 1.409590363502502441e+00 1.010922908782958984e+00 2.000000000000000000e+00
-5.516398906707763672e+00 -3.415923118591308594e-01 -3.808927536010742188e-01 -3.285515308380126953e-01 1.000000000000000000e+00
3.792644977569580078e+00 1.855774164199829102e+00 1.409590363502502441e+00 1.010922908782958984e+00 2.000000000000000000e+00
-5.516398906707763672e+00 -3.415923118591308594e-01 -3.808927536010742188e-01 -3.285515308380126953e-01 1.000000000000000000e+00
3.792644977569580078e+00 1.855774164199829102e+00 1.409590363502502441e+00 1.010922908782958984e+00 2.000000000000000000e+00
-5.516398906707763672e+00 -3.415923118591308594e-01 -3.808927536010742188e-01 -3.285515308380126953e-01 1.000000000000000000e+00
3.792644977569580078e+00 1.855774164199829102e+00 1.409590363502502441e+00 1.010922908782958984e+00 2.000000000000000000e+00
-5.516398906707763672e+00 -3.415923118591308594e-01 -3.808927536010742188e-01 -3.285515308380126953e-01 1.000000000000000000e+00
3.792644977569580078e+00 1.855774164199829102e+00 1.409590363502502441e+00 1.010922908782958984e+00 2.000000000000000000e+00
-5.516398906707763672e+00 -3.415923118591308594e-01 -3.808927536010742188e-01 -3.285515308380126953e-01 1.000000000000000000e+00
3.792644977569580078e+00 1.855774164199829102e+00 1.409590363502502441e+00 1.010922908782958984e+00 2.000000000000000000e+00
-5.516398906707763672e+00 -3.415923118591308594e-01 -3.808927536010742188e-01 -3.285515308380126953e-01 1.000000000000000000e+00
3.792644977569580078e+00 1.855774164199829102e+00 1.409590363502502441e+00 1.010922908782958984e+00 2.000000000000000000e+00
-5.516398906707763672e+00 -3.415923118591308594e-01 -3.808927536010742188e-01 -3.285515308380126953e-01 1.000000000000000000e+00
3.792644977569580078e+00 1.855774164199829102e+00 1.409590363502502441e+00 1.010922908782958984e+00 2.000000000000000000e+00
-5.516398906707763672e+00 -3.415923118591308594e-01 -3.808927536010742188e-01 -3.285515308380126953e-01 1.000000000000000000e+00
3.792644977569580078e+00 1.855774164199829102e+00 1.409590363502502441e+00 1.010922908782958984e+00 2.000000000000000000e+00
1.148781299591064453e+00 1.000080466270446777e+00 1.000000000000000000e+00 1.000000000000000000e+00 0.000000000000000000e+00
1.207043647766113281e+00 1.000801563262939453e+00 1.000003218650817871e+00 1.000000000000000000e+00 0.000000000000000000e+00
1.239633083343505859e+00 1.000599622726440430e+00 1.000001668930053711e+00 1.000000000000000000e+00 0.000000000000000000e+00
1.009456396102905273e+00 1.000015020370483398e+00 1.000000000000000000e+00 1.000000000000000000e+00 0.000000000000000000e+00
1.007664918899536133e+00 1.000016689300537109e+00 1.000000000000000000e+00 1.000000000000000000e+00 0.000000000000000000e+00
8.937534093856811523e-01 -1.446818590164184570e+00 5.697878360748291016e+00 4.833557605743408203e+00 1.000000000000000000e+00
1.149551630020141602e+00 1.004699230194091797e+00 1.000004768371582031e+00 1.000000000000000000e+00 2.000000000000000000e+00
8.937534093856811523e-01 -1.446818590164184570e+00 5.697878360748291016e+00 4.833557605743408203e+00 1.000000000000000000e+00
1.149551630020141602e+00 1.004699230194091797e+00 1.000004768371582031e+00 1.000000000000000000e+00 2.000000000000000000e+00
8.937534093856811523e-01 -1.446818590164184570e+00 5.697878360748291016e+00 4.833557605743408203e+00 1.000000000000000000e+00
1.149551630020141602e+00 1.004699230194091797e+00 1.000004768371582031e+00 1.000000000000000000e+00 2.000000000000000000e+00
8.937534093856811523e-01 -1.446818590164184570e+00 5.697878360748291016e+00 4.833557605743408203e+00 1.000000000000000000e+00
1.149551630020141602e+00 1.004699230194091797e+00 1.000004768371582031e+00 1.000000000000000000e+00 2.000000000000000000e+00
8.937534093856811523e-01 -1.446818590164184570e+00 5.697878360748291016e+00 4.833557605743408203e+00 1.000000000000000000e+00
1.149551630020141602e+00 1.004699230194091797e+00 1.000004768371582031e+00 1.000000000000000000e+00 2.000000000000000000e+00
8.937534093856811523e-01 -1.446818590164184570e+00 5.697878360748291016e+00 4.833557605743408203e+00 1.000000000000000000e+00
1.149551630020141602e+00 1.004699230194091797e+00 1.000004768371582031e+00 1.000000000000000000e+00 2.000000000000000000e+00
8.937534093856811523e-01 -1.446818590164184570e+00 5.697878360748291016e+00 4.833557605743408203e+00 1.000000000000000000e+00
1.149551630020141602e+00 1.004699230194091797e+00 1.000004768371582031e+00 1.000000000000000000e+00 2.000000000000000000e+00
8.937534093856811523e-01 -1.446818590164184570e+00 5.697878360748291016e+00 4.833557605743408203e+00 1.000000000000000000e+00
1.149551630020141602e+00 1.004699230194091797e+00 1.000004768371582031e+00 1.000000000000000000e+00 2.000000000000000000e+00
8.937534093856811523e-01 -1.446818590164184570e+00 5.697878360748291016e+00 4.833557605743408203e+00 1.000000000000000000e+00
1.149551630020141602e+00 1.004699230194091797e+00 1.000004768371582031e+00 1.000000000000000000e+00 2.000000000000000000e+00
8.937534093856811523e-01 -1.446818590164184570e+00 5.697878360748291016e+00 4.833557605743408203e+00 1.000000000000000000e+00
1.149551630020141602e+00 1.004699230194091797e+00 1.000004768371582031e+00 1.000000000000000000e+00 2.000000000000000000e+00
1.001000285148620605e+00 1.000001668930053711e+00 1.000000000000000000e+00 1.000000000000000000e+00 0.000000000000000000e+00
1.011162996292114258e+00 1.000027894973754883e+00 1.000000000000000000e+00 1.000000000000000000e+00 0.000000000000000000e+00
1.008362174034118652e+00 1.000023126602172852e+00 1.000000000000000000e+00 1.000000000000000000e+00 0.000000000000000000e+00
1.005745887756347656e+00 1.000013947486877441e+00 1.000000000000000000e+00 1.000000000000000000e+00 0.000000000000000000e+00
1.007660984992980957e+00 1.000042915344238281e+00 1.000000000000000000e+00 1.000000000000000000e+00 0.000000000000000000e+00
1.001922726631164551e+00 1.000008583068847656e+00 1.000000000000000000e+00 1.000000000000000000e+00 0.000000000000000000e+00
1.003923058509826660e+00 1.000004291534423828e+00 1.000000000000000000e+00 1.000000000000000000e+00 0.000000000000000000e+00
-3.955843448638916016e-01 1.575780391693115234e+00 1.233241748809814453e+01 1.398171424865722656e+00 0.000000000000000000e+00
1.009075522422790527e+00 1.000053763389587402e+00 1.000003814697265625e+00 1.000000000000000000e+00 0.000000000000000000e+00
1.346500587463378906e+01 2.200603723526000977e+00 1.005801081657409668e+00 1.000000000000000000e+00 0.000000000000000000e+00
-2.161983251571655273e-01 -4.950156807899475098e-01 -8.121516704559326172e-01 -5.566774010658264160e-01 0.000000000000000000e+00
9.311923980712890625e+00 -9.893646240234375000e-01 -1.131992626190185547e+01 -1.017673015594482422e+00 0.000000000000000000e+00
1.399635314941406250e+00 1.011217117309570312e+00 1.000367045402526855e+00 1.000003814697265625e+00 0.000000000000000000e+00
1.142660379409790039e+00 1.006858825683593750e+00 1.000039100646972656e+00 1.000000000000000000e+00 0.000000000000000000e+00
1.036303758621215820e+00 1.000639319419860840e+00 1.000015497207641602e+00 1.000000000000000000e+00 0.000000000000000000e+00
1.042390823364257812e+00 1.000371932983398438e+00 1.000007510185241699e+00 1.000000000000000000e+00 0.000000000000000000e+00
1.067401409149169922e+00 1.000621438026428223e+00 1.000012397766113281e+00 1.000000000000000000e+00 0.000000000000000000e+00
1.253056049346923828e+00 1.008381366729736328e+00 1.000217437744140625e+00 1.000011682510375977e+00 0.000000000000000000e+00
1.826886653900146484e+00 1.107861518859863281e+00 1.004153966903686523e+00 1.000283956527709961e+00 0.000000000000000000e+00
2.287424087524414062e+00 1.113177061080932617e+00 1.012467145919799805e+00 1.000682830810546875e+00 0.000000000000000000e+00
2.259856462478637695e+00 1.168725728988647461e+00 1.021780729293823242e+00 1.002927899360656738e+00 0.000000000000000000e+00
1.226525545120239258e+00 1.006580352783203125e+00 1.000068664550781250e+00 1.000000476837158203e+00 0.000000000000000000e+00
1.124965190887451172e+00 1.000576257705688477e+00 1.000003218650817871e+00 1.000000000000000000e+00 0.000000000000000000e+00
1.260661125183105469e+00 1.001121759414672852e+00 1.000004768371582031e+00 1.000000000000000000e+00 0.000000000000000000e+00
1.166485309600830078e+00 1.002733945846557617e+00 1.000003218650817871e+00 1.000000000000000000e+00 0.000000000000000000e+00
1.028429269790649414e+00 1.000062227249145508e+00 1.000000476837158203e+00 1.000000000000000000e+00 0.000000000000000000e+00
1.001433253288269043e+00 1.000001072883605957e+00 1.000000000000000000e+00 1.000000000000000000e+00 0.000000000000000000e+00
-4.934476315975189209e-01 -1.184456348419189453e+00 -7.952399253845214844e-01 -6.620211601257324219e-01 1.000000000000000000e+00
1.184966325759887695e+00 1.001884579658508301e+00 1.000061035156250000e+00 1.000001072883605957e+00 2.000000000000000000e+00
-4.934476315975189209e-01 -1.184456348419189453e+00 -7.952399253845214844e-01 -6.620211601257324219e-01 1.000000000000000000e+00
1.184966325759887695e+00 1.001884579658508301e+00 1.000061035156250000e+00 1.000001072883605957e+00 2.000000000000000000e+00
-4.934476315975189209e-01 -1.184456348419189453e+00 -7.952399253845214844e-01 -6.620211601257324219e-01 1.000000000000000000e+00
1.184966325759887695e+00 1.001884579658508301e+00 1.000061035156250000e+00 1.000001072883605957e+00 2.000000000000000000e+00
-4.934476315975189209e-01 -1.184456348419189453e+00 -7.952399253845214844e-01 -6.620211601257324219e-01 1.000000000000000000e+00
1.184966325759887695e+00 1.001884579658508301e+00 1.000061035156250000e+00 1.000001072883605957e+00 2.000000000000000000e+00
-4.934476315975189209e-01 -1.184456348419189453e+00 -7.952399253845214844e-01 -6.620211601257324219e-01 1.000000000000000000e+00
1.184966325759887695e+00 1.001884579658508301e+00 1.000061035156250000e+00 1.000001072883605957e+00 2.000000000000000000e+00
-4.934476315975189209e-01 -1.184456348419189453e+00 -7.952399253845214844e-01 -6.620211601257324219e-01 1.000000000000000000e+00
1.184966325759887695e+00 1.001884579658508301e+00 1.000061035156250000e+00 1.000001072883605957e+00 2.000000000000000000e+00
-4.934476315975189209e-01 -1.184456348419189453e+00 -7.952399253845214844e-01 -6.620211601257324219e-01 1.000000000000000000e+00
1.184966325759887695e+00 1.001884579658508301e+00 1.000061035156250000e+00 1.000001072883605957e+00 2.000000000000000000e+00
-4.934476315975189209e-01 -1.184456348419189453e+00 -7.952399253845214844e-01 -6.620211601257324219e-01 1.000000000000000000e+00
1.184966325759887695e+00 1.001884579658508301e+00 1.000061035156250000e+00 1.000001072883605957e+00 2.000000000000000000e+00
-4.934476315975189209e-01 -1.184456348419189453e+00 -7.952399253845214844e-01 -6.620211601257324219e-01 1.000000000000000000e+00
1.184966325759887695e+00 1.001884579658508301e+00 1.000061035156250000e+00 1.000001072883605957e+00 2.000000000000000000e+00
-4.934476315975189209e-01 -1.184456348419189453e+00 -7.952399253845214844e-01 -6.620211601257324219e-01 1.000000000000000000e+00
1.184966325759887695e+00 1.001884579658508301e+00 1.000061035156250000e+00 1.000001072883605957e+00 2.000000000000000000e+00
1.000036001205444336e+00 1.000000000000000000e+00 1.000000000000000000e+00 1.000000000000000000e+00 0.000000000000000000e+00
1.000001072883605957e+00 1.000000000000000000e+00 1.000000000000000000e+00 1.000000000000000000e+00 0.000000000000000000e+00
1.000005364418029785e+00 1.000000000000000000e+00 1.000000000000000000e+00 1.000000000000000000e+00 0.000000000000000000e+00
1.000003218650817871e+00 1.000000000000000000e+00 1.000000000000000000e+00 1.000000000000000000e+00 0.000000000000000000e+00
1.000032186508178711e+00 1.000000000000000000e+00 1.000000000000000000e+00 1.000000000000000000e+00 0.000000000000000000e+00
1.000247836112976074e+00 1.000000000000000000e+00 1.000000000000000000e+00 1.000000000000000000e+00 0.000000000000000000e+00
1.000034332275390625e+00 1.000000000000000000e+00 1.000000000000000000e+00 1.000000000000000000e+00 0.000000000000000000e+00
1.000169038772583008e+00 1.000000000000000000e+00 1.000000000000000000e+00 1.000000000000000000e+00 0.000000000000000000e+00
1.003662109375000000e+00 1.000002145767211914e+00 1.000000000000000000e+00 1.000000000000000000e+00 0.000000000000000000e+00
1.110705375671386719e+00 1.001293063163757324e+00 1.000035285949707031e+00 1.000001072883605957e+00 0.000000000000000000e+00
1.226290941238403320e+00 1.014539480209350586e+00 1.000967741012573242e+00 1.000040531158447266e+00 0.000000000000000000e+00
1.081213116645812988e+00 1.008693218231201172e+00 1.001485109329223633e+00 1.000182271003723145e+00 0.000000000000000000e+00
1.941292524337768555e+00 1.030099630355834961e+00 1.000454425811767578e+00 1.000013947486877441e+00 0.000000000000000000e+00
2.632959842681884766e+00 1.070670127868652344e+00 1.011089563369750977e+00 1.000040173530578613e+00 0.000000000000000000e+00
1.093172669410705566e+00 1.000587463378906250e+00 1.000003814697265625e+00 1.000000000000000000e+00 0.000000000000000000e+00
1.056357860565185547e+00 1.000206947326660156e+00 1.000001668930053711e+00 1.000000000000000000e+00 0.000000000000000000e+00
1.268640875816345215e+00 1.003264427185058594e+00 1.000051498413085938e+00 1.000000476837158203e+00 0.000000000000000000e+00
1.177902936935424805e+00 1.002423644065856934e+00 1.000033140182495117e+00 1.000000476837158203e+00 0.000000000000000000e+00
2.025584459304809570e+00 1.031369924545288086e+00 1.000507593154907227e+00 1.000017046928405762e+00 0.000000000000000000e+00
2.437280178070068359e+00 1.052518367767333984e+00 1.003201365470886230e+00 1.000426769256591797e+00 0.000000000000000000e+00
1.702166318893432617e+00 1.109534978866577148e+00 1.004816651344299316e+00 1.000189900398254395e+00 0.000000000000000000e+00
1.237094163894653320e+00 1.003958225250244141e+00 1.000016093254089355e+00 1.000000000000000000e+00 0.000000000000000000e+00
1.457010507583618164e+00 1.038024187088012695e+00 1.000433444976806641e+00 1.000004291534423828e+00 0.000000000000000000e+00
2.679781436920166016e+00 1.105389475822448730e+00 1.003366589546203613e+00 1.000053644180297852e+00 0.000000000000000000e+00
2.699985265731811523e+00 1.765670061111450195e+00 1.075294971466064453e+00 1.002442121505737305e+00 0.000000000000000000e+00
2.385210514068603516e+00 1.086758613586425781e+00 1.001796364784240723e+00 1.000075817108154297e+00 0.000000000000000000e+00
1.146845936775207520e+00 1.025538206100463867e+00 1.001070261001586914e+00 1.000028967857360840e+00 0.000000000000000000e+00
-8.479176759719848633e-01 3.974545478820800781e+00 5.997499465942382812e+00 3.447876691818237305e+00 0.000000000000000000e+00
2.372175693511962891e+00 1.094700574874877930e+00 1.010438919067382812e+00 1.000289678573608398e+00 0.000000000000000000e+00
1.021574258804321289e+00 1.000147581100463867e+00 1.000000000000000000e+00 1.000000000000000000e+00 0.000000000000000000e+00
1.018954038619995117e+00 1.000005364418029785e+00 1.000000000000000000e+00 1.000000000000000000e+00 0.000000000000000000e+00
1.150134325027465820e+00 1.000907421112060547e+00 1.000001668930053711e+00 1.000000000000000000e+00 0.000000000000000000e+00
6.777015686035156250e+00 3.179401159286499023e+00 1.156721353530883789e+00 1.000491142272949219e+00 0.000000000000000000e+00
2.609386205673217773e+00 2.259950637817382812e+00 1.076213598251342773e+00 1.004570484161376953e+00 0.000000000000000000e+00
4.742729187011718750e+00 7.894654870033264160e-01 3.916866779327392578e-01 2.598611354827880859e+00 0.000000000000000000e+00
1.000032186508178711e+00 1.000000000000000000e+00 1.000000000000000000e+00 1.000000000000000000e+00 0.000000000000000000e+00
1.000061750411987305e+00 1.000000000000000000e+00 1.000000000000000000e+00 1.000000000000000000e+00 0.000000000000000000e+00
1.000043988227844238e+00 1.000000000000000000e+00 1.000000000000000000e+00 1.000000000000000000e+00 0.000000000000000000e+00
1.000063300132751465e+00 1.000000000000000000e+00 1.000000000000000000e+00 1.000000000000000000e+00 0.000000000000000000e+00
1.000057935714721680e+00 1.000000000000000000e+00 1.000000000000000000e+00 1.000000000000000000e+00 0.000000000000000000e+00
1.000030517578125000e+00 1.000000000000000000e+00 1.000000000000000000e+00 1.000000000000000000e+00 0.000000000000000000e+00
1.000310659408569336e+00 1.000000000000000000e+00 1.000000000000000000e+00 1.000000000000000000e+00 0.000000000000000000e+00
1.101420879364013672e+00 1.001816272735595703e+00 1.000016093254089355e+00 1.000000000000000000e+00 0.000000000000000000e+00
1.407618999481201172e+00 1.016682863235473633e+00 1.000208377838134766e+00 1.000003218650817871e+00 0.000000000000000000e+00
1.024626731872558594e+00 3.739409446716308594e+00 1.752348899841308594e+00 1.045387268066406250e+00 0.000000000000000000e+00
2.086742877960205078e+00 1.483116626739501953e+00 1.097001433372497559e+00 1.005179882049560547e+00 0.000000000000000000e+00
1.522609949111938477e+00 1.047825574874877930e+00 1.000706911087036133e+00 1.000092983245849609e+00 0.000000000000000000e+00
1.335425615310668945e+00 1.006431341171264648e+00 1.000055551528930664e+00 1.000002145767211914e+00 0.000000000000000000e+00
1.111836671829223633e+00 1.003408908843994141e+00 1.000081300735473633e+00 1.000002622604370117e+00 0.000000000000000000e+00
1.151350498199462891e+00 1.002863645553588867e+00 1.000013351440429688e+00 1.000000000000000000e+00 0.000000000000000000e+00
1.203842163085937500e+00 1.000845789909362793e+00 1.000001668930053711e+00 1.000000000000000000e+00 0.000000000000000000e+00
1.475122928619384766e+00 1.003278493881225586e+00 1.000002622604370117e+00 1.000000000000000000e+00 0.000000000000000000e+00
1.096858024597167969e+00 1.000147581100463867e+00 1.000000000000000000e+00 1.000000000000000000e+00 0.000000000000000000e+00
4.940093994140625000e+00 1.317899465560913086e+00 1.005738735198974609e+00 1.000025272369384766e+00 0.000000000000000000e+00
-1.106198906898498535e+00 5.947772502899169922e+00 1.244949579238891602e+00 1.009418725967407227e+00 0.000000000000000000e+00
3.914364337921142578e+00 1.986203908920288086e+00 2.675259113311767578e+00 1.196213006973266602e+00 0.000000000000000000e+00
1.000012874603271484e+00 1.000000000000000000e+00 1.000000000000000000e+00 1.000000000000000000e+00 0.000000000000000000e+00
1.000002145767211914e+00 1.000000000000000000e+00 1.000000000000000000e+00 1.000000000000000000e+00 0.000000000000000000e+00
1.000004291534423828e+00 1.000000000000000000e+00 1.000000000000000000e+00 1.000000000000000000e+00 0.000000000000000000e+00
1.000023126602172852e+00 1.000000000000000000e+00 1.000000000000000000e+00 1.000000000000000000e+00 0.000000000000000000e+00
1.000001668930053711e+00 1.000000000000000000e+00 1.000000000000000000e+00 1.000000000000000000e+00 0.000000000000000000e+00
1.000007510185241699e+00 1.000000000000000000e+00 1.000000000000000000e+00 1.000000000000000000e+00 0.000000000000000000e+00
1.000002145767211914e+00 1.000000000000000000e+00 1.000000000000000000e+00 1.000000000000000000e+00 0.000000000000000000e+00
1.061902284622192383e+00 1.001795768737792969e+00 1.000086069107055664e+00 1.000006914138793945e+00 0.000000000000000000e+00
1.079402804374694824e+00 1.003803014755249023e+00 1.000174164772033691e+00 1.000006437301635742e+00 0.000000000000000000e+00
1.081046342849731445e+00 1.005465030670166016e+00 1.000291347503662109e+00 1.000013351440429688e+00 0.000000000000000000e+00
1.040355443954467773e+00 1.001417160034179688e+00 1.000092864036560059e+00 1.000004291534423828e+00 0.000000000000000000e+00
1.075961351394653320e+00 1.002822875976562500e+00 1.000092506408691406e+00 1.000002622604370117e+00 0.000000000000000000e+00
1.287540912628173828e+00 1.014427423477172852e+00 1.002651333808898926e+00 1.000252962112426758e+00 0.000000000000000000e+00
1.056030988693237305e+00 1.001138687133789062e+00 1.000170946121215820e+00 1.000018000602722168e+00 0.000000000000000000e+00
1.000472068786621094e+00 1.000000000000000000e+00 1.000000000000000000e+00 1.000000000000000000e+00 0.000000000000000000e+00
1.002654314041137695e+00 1.000000476837158203e+00 1.000000000000000000e+00 1.000000000000000000e+00 0.000000000000000000e+00
1.000479578971862793e+00 1.000000000000000000e+00 1.000000000000000000e+00 1.000000000000000000e+00 0.000000000000000000e+00
1.003880023956298828e+00 1.000000476837158203e+00 1.000000000000000000e+00 1.000000000000000000e+00 0.000000000000000000e+00
1.093945860862731934e+00 1.000034809112548828e+00 1.000000000000000000e+00 1.000000000000000000e+00 0.000000000000000000e+00
1.159544110298156738e+00 1.000431418418884277e+00 1.000003814697265625e+00 1.000000000000000000e+00 0.000000000000000000e+00
1.239505529403686523e+00 1.002109766006469727e+00 1.000010251998901367e+00 1.000000000000000000e+00 0.000000000000000000e+00
1.520401954650878906e+00 1.002392768859863281e+00 1.000007510185241699e+00 1.000000000000000000e+00 0.000000000000000000e+00
-2.643865048885345459e-01 1.037995433807373047e+01 3.166661262512207031e+00 1.168593406677246094e+00 0.000000000000000000e+00
1.047193622589111328e+01 1.548020958900451660e+00 1.004355669021606445e+00 1.000177979469299316e+00 0.000000000000000000e+00
6.627064704895019531e+00 1.255858302116394043e+00 1.054004192352294922e+00 1.007414340972900391e+00 0.000000000000000000e+00
3.107671737670898438e-01 6.155661344528198242e-01 1.104381942749023438e+01 2.555389881134033203e+00 0.000000000000000000e+00
6.975851535797119141e+00 5.489029884338378906e+00 1.967563748359680176e+00 1.080414295196533203e+00 0.000000000000000000e+00
1.027816295623779297e+01 2.212415933609008789e+00 1.005896806716918945e+00 1.000006914138793945e+00 0.000000000000000000e+00
1.018190383911132812e+00 1.000118494033813477e+00 1.000000476837158203e+00 1.000000000000000000e+00 0.000000000000000000e+00
1.077403426170349121e+00 1.025978803634643555e+00 1.004169702529907227e+00 1.000247597694396973e+00 0.000000000000000000e+00
1.011206388473510742e+00 1.000063419342041016e+00 1.000003218650817871e+00 1.000000000000000000e+00 0.000000000000000000e+00
1.060640096664428711e+00 1.002061724662780762e+00 1.000036478042602539e+00 1.000000476837158203e+00 0.000000000000000000e+00
1.524077653884887695e+00 1.008374214172363281e+00 1.000239610671997070e+00 1.000006914138793945e+00 0.000000000000000000e+00
3.214689731597900391e+00 1.181943178176879883e+00 1.000689268112182617e+00 1.000070095062255859e+00 0.000000000000000000e+00
1.249377965927124023e+00 5.727403163909912109e+00 6.132639884948730469e+00 1.242918014526367188e+00 0.000000000000000000e+00
1.114701867103576660e+00 1.000218391418457031e+00 1.000000000000000000e+00 1.000000000000000000e+00 0.000000000000000000e+00
1.025260448455810547e+00 1.000034332275390625e+00 1.000000476837158203e+00 1.000000000000000000e+00 0.000000000000000000e+00
1.061028003692626953e+00 1.000123262405395508e+00 1.000000476837158203e+00 1.000000000000000000e+00 0.000000000000000000e+00
1.737737894058227539e+00 1.003130674362182617e+00 1.000065803527832031e+00 1.000001668930053711e+00 0.000000000000000000e+00
4.554280757904052734e+00 1.096046686172485352e+00 1.013518571853637695e+00 1.000388026237487793e+00 0.000000000000000000e+00
2.231987714767456055e+00 1.080639362335205078e+00 1.002048611640930176e+00 1.000115990638732910e+00 0.000000000000000000e+00
1.439001917839050293e+00 1.007638335227966309e+00 1.000463485717773438e+00 1.000008583068847656e+00 0.000000000000000000e+00
1.002517938613891602e+00 1.000001668930053711e+00 1.000000000000000000e+00 1.000000000000000000e+00 0.000000000000000000e+00
1.001037359237670898e+00 1.000001072883605957e+00 1.000000000000000000e+00 1.000000000000000000e+00 0.000000000000000000e+00
1.000783205032348633e+00 1.000000476837158203e+00 1.000000000000000000e+00 1.000000000000000000e+00 0.000000000000000000e+00
1.000691413879394531e+00 1.000000476837158203e+00 1.000000000000000000e+00 1.000000000000000000e+00 0.000000000000000000e+00
1.000605106353759766e+00 1.000000476837158203e+00 1.000000000000000000e+00 1.000000000000000000e+00 0.000000000000000000e+00
1.000495195388793945e+00 1.000000000000000000e+00 1.000000000000000000e+00 1.000000000000000000e+00 0.000000000000000000e+00
1.000490903854370117e+00 1.000000000000000000e+00 1.000000000000000000e+00 1.000000000000000000e+00 0.000000000000000000e+00
7.417784929275512695e-01 1.350619888305664062e+01 1.452326059341430664e+00 1.000145316123962402e+00 0.000000000000000000e+00
1.472553849220275879e+00 7.974538326263427734e+00 3.993542194366455078e+00 1.453764677047729492e+00 0.000000000000000000e+00
3.045153617858886719e+00 1.043421745300292969e+00 1.017105579376220703e+00 1.002416014671325684e+00 0.000000000000000000e+00
2.347949028015136719e+00 1.008190393447875977e+00 1.000005364418029785e+00 1.000000000000000000e+00 0.000000000000000000e+00
8.599834442138671875e+00 1.915475010871887207e+00 1.014906287193298340e+00 1.001927852630615234e+00 0.000000000000000000e+00
1.024419784545898438e+00 1.000094652175903320e+00 1.000002145767211914e+00 1.000000000000000000e+00 0.000000000000000000e+00
1.002068758010864258e+00 1.000002622604370117e+00 1.000000000000000000e+00 1.000000000000000000e+00 0.000000000000000000e+00
6.254763126373291016e+00 1.545609951019287109e+00 1.055929660797119141e+00 1.000722885131835938e+00 1.000000000000000000e+00
6.296581268310546875e+00 7.792718887329101562e+00 1.211368083953857422e+00 1.000965952873229980e+00 2.000000000000000000e+00
6.254763126373291016e+00 1.545609951019287109e+00 1.055929660797119141e+00 1.000722885131835938e+00 1.000000000000000000e+00
6.296581268310546875e+00 7.792718887329101562e+00 1.211368083953857422e+00 1.000965952873229980e+00 2.000000000000000000e+00
6.254763126373291016e+00 1.545609951019287109e+00 1.055929660797119141e+00 1.000722885131835938e+00 1.000000000000000000e+00
6.296581268310546875e+00 7.792718887329101562e+00 1.211368083953857422e+00 1.000965952873229980e+00 2.000000000000000000e+00
6.254763126373291016e+00 1.545609951019287109e+00 1.055929660797119141e+00 1.000722885131835938e+00 1.000000000000000000e+00
6.296581268310546875e+00 7.792718887329101562e+00 1.211368083953857422e+00 1.000965952873229980e+00 2.000000000000000000e+00
6.254763126373291016e+00 1.545609951019287109e+00 1.055929660797119141e+00 1.000722885131835938e+00 1.000000000000000000e+00
6.296581268310546875e+00 7.792718887329101562e+00 1.211368083953857422e+00 1.000965952873229980e+00 2.000000000000000000e+00
6.254763126373291016e+00 1.545609951019287109e+00 1.055929660797119141e+00 1.000722885131835938e+00 1.000000000000000000e+00
6.296581268310546875e+00 7.792718887329101562e+00 1.211368083953857422e+00 1.000965952873229980e+00 2.000000000000000000e+00
6.254763126373291016e+00 1.545609951019287109e+00 1.055929660797119141e+00 1.000722885131835938e+00 1.000000000000000000e+00
6.296581268310546875e+00 7.792718887329101562e+00 1.211368083953857422e+00 1.000965952873229980e+00 2.000000000000000000e+00
6.254763126373291016e+00 1.545609951019287109e+00 1.055929660797119141e+00 1.000722885131835938e+00 1.000000000000000000e+00
6.296581268310546875e+00 7.792718887329101562e+00 1.211368083953857422e+00 1.000965952873229980e+00 2.000000000000000000e+00
6.254763126373291016e+00 1.545609951019287109e+00 1.055929660797119141e+00 1.000722885131835938e+00 1.000000000000000000e+00
6.296581268310546875e+00 7.792718887329101562e+00 1.211368083953857422e+00 1.000965952873229980e+00 2.000000000000000000e+00
6.254763126373291016e+00 1.545609951019287109e+00 1.055929660797119141e+00 1.000722885131835938e+00 1.000000000000000000e+00
6.296581268310546875e+00 7.792718887329101562e+00 1.211368083953857422e+00 1.000965952873229980e+00 2.000000000000000000e+00
1.002614974975585938e+00 1.000006914138793945e+00 1.000000000000000000e+00 1.000000000000000000e+00 0.000000000000000000e+00
1.002098202705383301e+00 1.000008106231689453e+00 1.000000000000000000e+00 1.000000000000000000e+00 0.000000000000000000e+00
1.006896972656250000e+00 1.000038623809814453e+00 1.000000000000000000e+00 1.000000000000000000e+00 0.000000000000000000e+00
1.030657768249511719e+00 1.000377416610717773e+00 1.000011205673217773e+00 1.000000000000000000e+00 0.000000000000000000e+00
1.011502981185913086e+00 1.000086784362792969e+00 1.000001907348632812e+00 1.000035166740417480e+00 0.000000000000000000e+00
1.001500606536865234e+00 1.000003814697265625e+00 1.000000000000000000e+00 1.000000000000000000e+00 0.000000000000000000e+00
1.007566690444946289e+00 1.000026822090148926e+00 1.000000000000000000e+00 1.000000000000000000e+00 0.000000000000000000e+00
1.020406603813171387e+00 1.000025749206542969e+00 1.000000000000000000e+00 1.000000000000000000e+00 0.000000000000000000e+00
1.036227226257324219e+00 1.000032186508178711e+00 1.000000000000000000e+00 1.000000000000000000e+00 0.000000000000000000e+00
1.130729436874389648e+00 1.001209259033203125e+00 1.000022530555725098e+00 1.000000000000000000e+00 0.000000000000000000e+00
2.686442375183105469e+00 1.222318410873413086e+00 1.035095453262329102e+00 1.003582000732421875e+00 0.000000000000000000e+00
2.892357826232910156e+00 1.030184030532836914e+00 1.002211093902587891e+00 1.000491857528686523e+00 0.000000000000000000e+00
2.164452075958251953e+00 5.380116462707519531e+00 2.717221498489379883e+00 1.600045442581176758e+00 0.000000000000000000e+00
7.902997970581054688e+00 4.713235378265380859e+00 1.143772125244140625e+00 1.002751827239990234e+00 0.000000000000000000e+00
1.003017425537109375e+00 1.000001072883605957e+00 1.000000000000000000e+00 1.000000000000000000e+00 0.000000000000000000e+00
1.001801252365112305e+00 1.000005960464477539e+00 1.000000000000000000e+00 1.000000000000000000e+00 0.000000000000000000e+00
1.011848211288452148e+00 1.000082492828369141e+00 1.000000476837158203e+00 1.000000000000000000e+00 0.000000000000000000e+00
1.014380812644958496e+00 1.000030040740966797e+00 1.000000000000000000e+00 1.000000000000000000e+00 0.000000000000000000e+00
1.011271715164184570e+00 1.000039100646972656e+00 1.000000000000000000e+00 1.000000000000000000e+00 0.000000000000000000e+00
1.002384185791015625e+00 1.000003218650817871e+00 1.000000000000000000e+00 1.000000000000000000e+00 0.000000000000000000e+00
1.000474214553833008e+00 1.000000476837158203e+00 1.000000000000000000e+00 1.000000000000000000e+00 0.000000000000000000e+00
1.066141128540039062e+00 1.000227451324462891e+00 1.000000000000000000e+00 1.000000000000000000e+00 0.000000000000000000e+00
1.061589241027832031e+00 1.000068664550781250e+00 1.000000000000000000e+00 1.000000000000000000e+00 0.000000000000000000e+00
1.021793246269226074e+00 1.000031113624572754e+00 1.000000000000000000e+00 1.000000000000000000e+00 0.000000000000000000e+00
1.016599655151367188e+00 1.000010251998901367e+00 1.000000000000000000e+00 1.000000000000000000e+00 0.000000000000000000e+00
1.004377007484436035e+00 1.000003218650817871e+00 1.000000000000000000e+00 1.000000000000000000e+00 0.000000000000000000e+00
1.010146379470825195e+00 1.000018835067749023e+00 1.000000000000000000e+00 1.000000000000000000e+00 0.000000000000000000e+00
1.015337944030761719e+00 1.000009655952453613e+00 1.000000000000000000e+00 1.000000000000000000e+00 0.000000000000000000e+00
3.568461179733276367e+00 1.999993920326232910e+00 1.038241505622863770e+00 1.000921487808227539e+00 0.000000000000000000e+00
2.653995275497436523e+00 1.680403470993041992e+00 1.115493774414062500e+00 1.005453586578369141e+00 0.000000000000000000e+00
6.431621551513671875e+00 1.545362591743469238e+00 1.033739447593688965e+00 1.000766038894653320e+00 0.000000000000000000e+00
1.288915872573852539e+00 1.005914568901062012e+00 1.000134944915771484e+00 1.000002145767211914e+00 0.000000000000000000e+00
1.287464857101440430e+00 1.004795074462890625e+00 1.000053644180297852e+00 1.000000476837158203e+00 0.000000000000000000e+00
1.065028905868530273e+00 1.000427246093750000e+00 1.000003218650817871e+00 1.000000000000000000e+00 0.000000000000000000e+00
1.295117378234863281e+00 1.003870964050292969e+00 1.000015020370483398e+00 1.000000000000000000e+00 0.000000000000000000e+00
5.865386486053466797e+00 1.426414132118225098e+00 1.006011724472045898e+00 1.000083088874816895e+00 1.000000000000000000e+00
3.356860876083374023e+00 1.371538400650024414e+00 1.047541618347167969e+00 1.006908893585205078e+00 2.000000000000000000e+00
5.865386486053466797e+00 1.426414132118225098e+00 1.006011724472045898e+00 1.000083088874816895e+00 1.000000000000000000e+00
3.356860876083374023e+00 1.371538400650024414e+00 1.047541618347167969e+00 1.006908893585205078e+00 2.000000000000000000e+00
5.865386486053466797e+00 1.426414132118225098e+00 1.006011724472045898e+00 1.000083088874816895e+00 1.000000000000000000e+00
3.356860876083374023e+00 1.371538400650024414e+00 1.047541618347167969e+00 1.006908893585205078e+00 2.000000000000000000e+00
5.865386486053466797e+00 1.426414132118225098e+00 1.006011724472045898e+00 1.000083088874816895e+00 1.000000000000000000e+00
3.356860876083374023e+00 1.371538400650024414e+00 1.047541618347167969e+00 1.006908893585205078e+00 2.000000000000000000e+00
5.865386486053466797e+00 1.426414132118225098e+00 1.006011724472045898e+00 1.000083088874816895e+00 1.000000000000000000e+00
3.356860876083374023e+00 1.371538400650024414e+00 1.047541618347167969e+00 1.006908893585205078e+00 2.000000000000000000e+00
5.865386486053466797e+00 1.426414132118225098e+00 1.006011724472045898e+00 1.000083088874816895e+00 1.000000000000000000e+00
3.356860876083374023e+00 1.371538400650024414e+00 1.047541618347167969e+00 1.006908893585205078e+00 2.000000000000000000e+00
5.865386486053466797e+00 1.426414132118225098e+00 1.006011724472045898e+00 1.000083088874816895e+00 1.000000000000000000e+00
3.356860876083374023e+00 1.371538400650024414e+00 1.047541618347167969e+00 1.006908893585205078e+00 2.000000000000000000e+00
5.865386486053466797e+00 1.426414132118225098e+00 1.006011724472045898e+00 1.000083088874816895e+00 1.000000000000000000e+00
3.356860876083374023e+00 1.371538400650024414e+00 1.047541618347167969e+00 1.006908893585205078e+00 2.000000000000000000e+00
5.865386486053466797e+00 1.426414132118225098e+00 1.006011724472045898e+00 1.000083088874816895e+00 1.000000000000000000e+00
3.356860876083374023e+00 1.371538400650024414e+00 1.047541618347167969e+00 1.006908893585205078e+00 2.000000000000000000e+00
5.865386486053466797e+00 1.426414132118225098e+00 1.006011724472045898e+00 1.000083088874816895e+00 1.000000000000000000e+00
3.356860876083374023e+00 1.371538400650024414e+00 1.047541618347167969e+00 1.006908893585205078e+00 2.000000000000000000e+00
1.082926034927368164e+00 1.000391006469726562e+00 1.000028371810913086e+00 1.000000476837158203e+00 0.000000000000000000e+00
2.680096149444580078e+00 1.254219532012939453e+00 1.074495315551757812e+00 1.007646560668945312e+00 0.000000000000000000e+00
-4.543314933776855469e+00 -2.822583615779876709e-01 3.810338735580444336e+00 3.889604806900024414e+00 0.000000000000000000e+00
1.410293102264404297e+00 4.601875305175781250e+00 1.243639469146728516e+00 1.007192373275756836e+00 0.000000000000000000e+00
1.338882207870483398e+00 1.025267982482910156e+01 2.744276285171508789e+00 1.088721036911010742e+00 0.000000000000000000e+00
9.526830911636352539e-01 1.704279661178588867e+00 1.064376354217529297e+00 1.004426956176757812e+00 0.000000000000000000e+00
-4.203145503997802734e-01 -6.859635114669799805e-01 -2.956002354621887207e-01 3.388444900512695312e+00 0.000000000000000000e+00
3.864455938339233398e+00 3.622976779937744141e+00 1.471252918243408203e+00 1.043654084205627441e+00 0.000000000000000000e+00
-4.734394848346710205e-01 -3.278435468673706055e-01 -3.202296793460845947e-01 -4.475030303001403809e-01 0.000000000000000000e+00
1.870694637298583984e+00 9.707494974136352539e-01 -1.243287205696105957e+00 -1.086590647697448730e+00 0.000000000000000000e+00
1.008395671844482422e+00 1.000020980834960938e+00 1.000000000000000000e+00 1.000000000000000000e+00 0.000000000000000000e+00
1.007225751876831055e+00 1.000005960464477539e+00 1.000000000000000000e+00 1.000000000000000000e+00 0.000000000000000000e+00
1.084642171859741211e+00 1.002771615982055664e+00 1.000162839889526367e+00 1.000009536743164062e+00 1.000000000000000000e+00
1.270547866821289062e+00 1.038520216941833496e+00 1.004092216491699219e+00 1.000169992446899414e+00 2.000000000000000000e+00
1.084642171859741211e+00 1.002771615982055664e+00 1.000162839889526367e+00 1.000009536743164062e+00 1.000000000000000000e+00
1.270547866821289062e+00 1.038520216941833496e+00 1.004092216491699219e+00 1.000169992446899414e+00 2.000000000000000000e+00
1.084642171859741211e+00 1.002771615982055664e+00 1.000162839889526367e+00 1.000009536743164062e+00 1.000000000000000000e+00
1.270547866821289062e+00 1.038520216941833496e+00 1.004092216491699219e+00 1.000169992446899414e+00 2.000000000000000000e+00
1.084642171859741211e+00 1.002771615982055664e+00 1.000162839889526367e+00 1.000009536743164062e+00 1.000000000000000000e+00
1.270547866821289062e+00 1.038520216941833496e+00 1.004092216491699219e+00 1.000169992446899414e+00 2.000000000000000000e+00
1.084642171859741211e+00 1.002771615982055664e+00 1.000162839889526367e+00 1.000009536743164062e+00 1.000000000000000000e+00
1.270547866821289062e+00 1.038520216941833496e+00 1.004092216491699219e+00 1.000169992446899414e+00 2.000000000000000000e+00
1.084642171859741211e+00 1.002771615982055664e+00 1.000162839889526367e+00 1.000009536743164062e+00 1.000000000000000000e+00
1.270547866821289062e+00 1.038520216941833496e+00 1.004092216491699219e+00 1.000169992446899414e+00 2.000000000000000000e+00
1.084642171859741211e+00 1.002771615982055664e+00 1.000162839889526367e+00 1.000009536743164062e+00 1.000000000000000000e+00
1.270547866821289062e+00 1.038520216941833496e+00 1.004092216491699219e+00 1.000169992446899414e+00 2.000000000000000000e+00
1.084642171859741211e+00 1.002771615982055664e+00 1.000162839889526367e+00 1.000009536743164062e+00 1.000000000000000000e+00
1.270547866821289062e+00 1.038520216941833496e+00 1.004092216491699219e+00 1.000169992446899414e+00 2.000000000000000000e+00
1.084642171859741211e+00 1.002771615982055664e+00 1.000162839889526367e+00 1.000009536743164062e+00 1.000000000000000000e+00
1.270547866821289062e+00 1.038520216941833496e+00 1.004092216491699219e+00 1.000169992446899414e+00 2.000000000000000000e+00
1.084642171859741211e+00 1.002771615982055664e+00 1.000162839889526367e+00 1.000009536743164062e+00 1.000000000000000000e+00
1.270547866821289062e+00 1.038520216941833496e+00 1.004092216491699219e+00 1.000169992446899414e+00 2.000000000000000000e+00
2.964057922363281250e+00 1.458921194076538086e+00 1.104666471481323242e+00 1.005867004394531250e+00 0.000000000000000000e+00
1.560094833374023438e+00 1.004882097244262695e+00 1.000118613243103027e+00 1.000022411346435547e+00 0.000000000000000000e+00
1.356208324432373047e+00 1.016965150833129883e+00 1.000732898712158203e+00 1.000044822692871094e+00 0.000000000000000000e+00
1.021574020385742188e+00 1.000266790390014648e+00 1.000003218650817871e+00 1.000000000000000000e+00 0.000000000000000000e+00
1.001796483993530273e+00 1.000000476837158203e+00 1.000000000000000000e+00 1.000000000000000000e+00 0.000000000000000000e+00
6.915562629699707031e+00 2.541464328765869141e+00 1.113455891609191895e+00 -1.200088882446289062e+01 1.000000000000000000e+00
3.601797819137573242e+00 1.068012714385986328e+00 1.001654386520385742e+00 1.000143289566040039e+00 2.000000000000000000e+00
6.915562629699707031e+00 2.541464328765869141e+00 1.113455891609191895e+00 -1.200088882446289062e+01 1.000000000000000000e+00
3.601797819137573242e+00 1.068012714385986328e+00 1.001654386520385742e+00 1.000143289566040039e+00 2.000000000000000000e+00
6.915562629699707031e+00 2.541464328765869141e+00 1.113455891609191895e+00 -1.200088882446289062e+01 1.000000000000000000e+00
3.601797819137573242e+00 1.068012714385986328e+00 1.001654386520385742e+00 1.000143289566040039e+00 2.000000000000000000e+00
6.915562629699707031e+00 2.541464328765869141e+00 1.113455891609191895e+00 -1.200088882446289062e+01 1.000000000000000000e+00
3.601797819137573242e+00 1.068012714385986328e+00 1.001654386520385742e+00 1.000143289566040039e+00 2.000000000000000000e+00
6.915562629699707031e+00 2.541464328765869141e+00 1.113455891609191895e+00 -1.200088882446289062e+01 1.000000000000000000e+00
3.601797819137573242e+00 1.068012714385986328e+00 1.001654386520385742e+00 1.000143289566040039e+00 2.000000000000000000e+00
6.915562629699707031e+00 2.541464328765869141e+00 1.113455891609191895e+00 -1.200088882446289062e+01 1.000000000000000000e+00
3.601797819137573242e+00 1.068012714385986328e+00 1.001654386520385742e+00 1.000143289566040039e+00 2.000000000000000000e+00
6.915562629699707031e+00 2.541464328765869141e+00 1.113455891609191895e+00 -1.200088882446289062e+01 1.000000000000000000e+00
3.601797819137573242e+00 1.068012714385986328e+00 1.001654386520385742e+00 1.000143289566040039e+00 2.000000000000000000e+00
6.915562629699707031e+00 2.541464328765869141e+00 1.113455891609191895e+00 -1.200088882446289062e+01 1.000000000000000000e+00
3.601797819137573242e+00 1.068012714385986328e+00 1.001654386520385742e+00 1.000143289566040039e+00 2.000000000000000000e+00
6.915562629699707031e+00 2.541464328765869141e+00 1.113455891609191895e+00 -1.200088882446289062e+01 1.000000000000000000e+00
3.601797819137573242e+00 1.068012714385986328e+00 1.001654386520385742e+00 1.000143289566040039e+00 2.000000000000000000e+00
6.915562629699707031e+00 2.541464328765869141e+00 1.113455891609191895e+00 -1.200088882446289062e+01 1.000000000000000000e+00
3.601797819137573242e+00 1.068012714385986328e+00 1.001654386520385742e+00 1.000143289566040039e+00 2.000000000000000000e+00
2.491262197494506836e+00 1.066143751144409180e+00 -9.951812028884887695e-01 -1.162853956222534180e+00 0.000000000000000000e+00
-1.142654180526733398e+00 -1.653542757034301758e+00 -9.844452738761901855e-01 -1.154029130935668945e+00 0.000000000000000000e+00
-3.199491024017333984e+00 -1.236888647079467773e+00 -1.145298480987548828e+00 -2.112082719802856445e+00 0.000000000000000000e+00
-2.391393184661865234e+00 -1.284067869186401367e+00 -1.660980939865112305e+00 8.784444332122802734e-01 0.000000000000000000e+00
-4.327445924282073975e-01 -7.058832049369812012e-02 -4.586043357849121094e-01 6.243376731872558594e-01 0.000000000000000000e+00
2.241808474063873291e-01 -5.555911064147949219e-01 -1.111495971679687500e+00 -1.032321214675903320e+00 0.000000000000000000e+00
9.425120353698730469e-01 2.583520710468292236e-01 4.995968937873840332e-01 -2.090278863906860352e+00 0.000000000000000000e+00
1.010727167129516602e+00 1.000072956085205078e+00 1.000000476837158203e+00 1.000000000000000000e+00 0.000000000000000000e+00
1.164516091346740723e+00 1.005321502685546875e+00 1.003161430358886719e+00 1.000348329544067383e+00 0.000000000000000000e+00
4.925849735736846924e-01 2.427188634872436523e+00 -2.581229686737060547e+00 6.417422294616699219e-01 0.000000000000000000e+00
-2.930656671524047852e-01 -2.603852033615112305e+00 -3.644238114356994629e-01 -1.222723722457885742e+00 0.000000000000000000e+00
-5.147698521614074707e-01 -9.441677927970886230e-01 -1.966138839721679688e+00 -5.151044130325317383e-01 0.000000000000000000e+00
-1.187811136245727539e+00 -8.712414503097534180e-01 -1.539372801780700684e+00 -4.968543052673339844e-01 0.000000000000000000e+00
2.076727867126464844e+00 -4.465485095977783203e+00 -4.963243007659912109e+00 -1.798990488052368164e+00 0.000000000000000000e+00
1.000043392181396484e+00 1.000000000000000000e+00 1.000000000000000000e+00 1.000000000000000000e+00 0.000000000000000000e+00
1.000122785568237305e+00 1.000000000000000000e+00 1.000000000000000000e+00 1.000000000000000000e+00 0.000000000000000000e+00
1.000097036361694336e+00 1.000000000000000000e+00 1.000000000000000000e+00 1.000000000000000000e+00 0.000000000000000000e+00
1.000199556350708008e+00 1.000000000000000000e+00 1.000000000000000000e+00 1.000000000000000000e+00 0.000000000000000000e+00
1.000019311904907227e+00 1.000000000000000000e+00 1.000000000000000000e+00 1.000000000000000000e+00 0.000000000000000000e+00
1.000023126602172852e+00 1.000000000000000000e+00 1.000000000000000000e+00 1.000000000000000000e+00 0.000000000000000000e+00
1.000075101852416992e+00 1.000000000000000000e+00 1.000000000000000000e+00 1.000000000000000000e+00 0.000000000000000000e+00
1.087593078613281250e+00 1.000341892242431641e+00 1.000003218650817871e+00 1.000000000000000000e+00 0.000000000000000000e+00
1.016537308692932129e+00 1.000188112258911133e+00 1.000001072883605957e+00 1.000000000000000000e+00 0.000000000000000000e+00
1.021562337875366211e+00 1.000133514404296875e+00 1.000001072883605957e+00 1.000000000000000000e+00 0.000000000000000000e+00
1.011994719505310059e+00 1.000077724456787109e+00 1.000000476837158203e+00 1.000000000000000000e+00 0.000000000000000000e+00
1.031090259552001953e+00 1.000207185745239258e+00 1.000003218650817871e+00 1.000000000000000000e+00 0.000000000000000000e+00
1.005293250083923340e+00 1.000060558319091797e+00 1.000000476837158203e+00 1.000000000000000000e+00 0.000000000000000000e+00
1.016962528228759766e+00 1.000117897987365723e+00 1.000001072883605957e+00 1.000000000000000000e+00 0.000000000000000000e+00
-3.095216155052185059e-01 9.160286784172058105e-01 9.087833404541015625e+00 4.651733398437500000e+00 0.000000000000000000e+00
2.765602171421051025e-01 1.760165810585021973e+00 3.396220445632934570e+00 1.458964586257934570e+00 0.000000000000000000e+00
6.952976703643798828e+00 2.589056015014648438e+00 1.111558198928833008e+00 1.003807902336120605e+00 0.000000000000000000e+00
2.693535566329956055e+00 1.043769598007202148e+00 1.002750396728515625e+00 1.000043392181396484e+00 0.000000000000000000e+00
3.342102050781250000e+00 1.182911872863769531e+00 1.023529291152954102e+00 1.000933051109313965e+00 0.000000000000000000e+00
1.228440761566162109e+00 1.013043403625488281e+00 9.999930262565612793e-01 1.000849723815917969e+00 0.000000000000000000e+00
1.172741889953613281e+00 1.010703086853027344e+00 1.000472784042358398e+00 1.000008583068847656e+00 0.000000000000000000e+00
-4.104652404785156250e-01 -3.381664752960205078e-01 -4.177884161472320557e-01 -4.462401568889617920e-01 0.000000000000000000e+00
3.345995426177978516e+00 6.813162803649902344e+00 2.043035984039306641e+00 1.808266043663024902e+00 0.000000000000000000e+00
3.794985294342041016e+00 3.891391754150390625e+00 1.961765289306640625e+00 1.010403394699096680e+00 0.000000000000000000e+00
1.282882928848266602e+00 1.000749111175537109e+00 1.000003218650817871e+00 1.000000000000000000e+00 0.000000000000000000e+00
1.074735760688781738e+00 1.010505795478820801e+00 1.006438732147216797e+00 1.000209927558898926e+00 0.000000000000000000e+00
1.010904550552368164e+00 1.000055789947509766e+00 1.000000000000000000e+00 1.000000000000000000e+00 0.000000000000000000e+00
-2.265369892120361328e-01 -7.807869911193847656e-01 -4.911093115806579590e-01 -7.432202100753784180e-01 1.000000000000000000e+00
-3.584437966346740723e-01 -2.798925042152404785e-01 -3.763231933116912842e-01 -4.814116954803466797e-01 2.000000000000000000e+00
-2.265369892120361328e-01 -7.807869911193847656e-01 -4.911093115806579590e-01 -7.432202100753784180e-01 1.000000000000000000e+00
-3.584437966346740723e-01 -2.798925042152404785e-01 -3.763231933116912842e-01 -4.814116954803466797e-01 2.000000000000000000e+00
-2.265369892120361328e-01 -7.807869911193847656e-01 -4.911093115806579590e-01 -7.432202100753784180e-01 1.000000000000000000e+00
-3.584437966346740723e-01 -2.798925042152404785e-01 -3.763231933116912842e-01 -4.814116954803466797e-01 2.000000000000000000e+00
-2.265369892120361328e-01 -7.807869911193847656e-01 -4.911093115806579590e-01 -7.432202100753784180e-01 1.000000000000000000e+00
-3.584437966346740723e-01 -2.798925042152404785e-01 -3.763231933116912842e-01 -4.814116954803466797e-01 2.000000000000000000e+00
-2.265369892120361328e-01 -7.807869911193847656e-01 -4.911093115806579590e-01 -7.432202100753784180e-01 1.000000000000000000e+00
-3.584437966346740723e-01 -2.798925042152404785e-01 -3.763231933116912842e-01 -4.814116954803466797e-01 2.000000000000000000e+00
-2.265369892120361328e-01 -7.807869911193847656e-01 -4.911093115806579590e-01 -7.432202100753784180e-01 1.000000000000000000e+00
-3.584437966346740723e-01 -2.798925042152404785e-01 -3.763231933116912842e-01 -4.814116954803466797e-01 2.000000000000000000e+00
-2.265369892120361328e-01 -7.807869911193847656e-01 -4.911093115806579590e-01 -7.432202100753784180e-01 1.000000000000000000e+00
-3.584437966346740723e-01 -2.798925042152404785e-01 -3.763231933116912842e-01 -4.814116954803466797e-01 2.000000000000000000e+00
-2.265369892120361328e-01 -7.807869911193847656e-01 -4.911093115806579590e-01 -7.432202100753784180e-01 1.000000000000000000e+00
-3.584437966346740723e-01 -2.798925042152404785e-01 -3.763231933116912842e-01 -4.814116954803466797e-01 2.000000000000000000e+00
-2.265369892120361328e-01 -7.807869911193847656e-01 -4.911093115806579590e-01 -7.432202100753784180e-01 1.000000000000000000e+00
-3.584437966346740723e-01 -2.798925042152404785e-01 -3.763231933116912842e-01 -4.814116954803466797e-01 2.000000000000000000e+00
-2.265369892120361328e-01 -7.807869911193847656e-01 -4.911093115806579590e-01 -7.432202100753784180e-01 1.000000000000000000e+00
-3.584437966346740723e-01 -2.798925042152404785e-01 -3.763231933116912842e-01 -4.814116954803466797e-01 2.000000000000000000e+00
1.007797479629516602e+00 1.000031709671020508e+00 1.000000000000000000e+00 1.000000000000000000e+00 0.000000000000000000e+00
1.007791519165039062e+00 1.000036954879760742e+00 1.000000000000000000e+00 1.000000000000000000e+00 0.000000000000000000e+00
1.004873991012573242e+00 1.000016093254089355e+00 1.000000000000000000e+00 1.000000000000000000e+00 0.000000000000000000e+00
1.005922913551330566e+00 1.000023603439331055e+00 1.000000000000000000e+00 1.000000000000000000e+00 0.000000000000000000e+00
1.014255523681640625e+00 1.000075101852416992e+00 1.000000476837158203e+00 1.000000000000000000e+00 0.000000000000000000e+00
1.008155584335327148e+00 1.000023126602172852e+00 1.000000000000000000e+00 1.000000000000000000e+00 0.000000000000000000e+00
1.022576689720153809e+00 1.000067591667175293e+00 1.000000000000000000e+00 1.000000000000000000e+00 0.000000000000000000e+00
1.000681877136230469e+00 1.000000000000000000e+00 1.000000000000000000e+00 1.000000000000000000e+00 0.000000000000000000e+00
1.005005478858947754e+00 1.000000476837158203e+00 1.000000000000000000e+00 1.000000000000000000e+00 0.000000000000000000e+00
1.013658285140991211e+00 1.000025272369384766e+00 1.000000000000000000e+00 1.000000000000000000e+00 0.000000000000000000e+00
1.038129091262817383e+00 1.000601768493652344e+00 1.000011205673217773e+00 1.000000000000000000e+00 0.000000000000000000e+00
1.026236057281494141e+00 1.000555038452148438e+00 1.000002145767211914e+00 1.000000000000000000e+00 0.000000000000000000e+00
1.089317798614501953e+00 1.000997066497802734e+00 1.000023365020751953e+00 1.000002145767211914e+00 0.000000000000000000e+00
1.009362220764160156e+00 1.000082969665527344e+00 1.000001072883605957e+00 1.000000000000000000e+00 0.000000000000000000e+00
1.220053076744079590e+00 1.002694129943847656e+00 1.000147342681884766e+00 1.000001668930053711e+00 0.000000000000000000e+00
1.067010879516601562e+00 1.000386953353881836e+00 1.000002622604370117e+00 1.000000000000000000e+00 0.000000000000000000e+00
1.020737409591674805e+00 1.000634193420410156e+00 1.000018239021301270e+00 1.000000000000000000e+00 0.000000000000000000e+00
1.006996393203735352e+00 1.000066518783569336e+00 1.000000476837158203e+00 1.000000000000000000e+00 0.000000000000000000e+00
1.009159922599792480e+00 1.000093698501586914e+00 1.000001072883605957e+00 1.000000000000000000e+00 0.000000000000000000e+00
1.382886528968811035e+00 1.000278353691101074e+00 1.000000476837158203e+00 1.000000000000000000e+00 0.000000000000000000e+00
1.767602205276489258e+00 1.002900719642639160e+00 1.000008106231689453e+00 1.000000000000000000e+00 0.000000000000000000e+00
-1.749762296676635742e+00 -6.655879020690917969e-01 -1.353956222534179688e+00 -3.217262983322143555e+00 0.000000000000000000e+00
-7.722425460815429688e-02 -7.567062377929687500e-01 3.560161113739013672e+00 1.052783608436584473e+00 0.000000000000000000e+00
-9.465514421463012695e-01 1.600581049919128418e+00 7.112675309181213379e-01 -1.345173120498657227e-01 0.000000000000000000e+00
1.487278461456298828e+00 1.083756446838378906e+00 1.024780988693237305e+00 -1.489971280097961426e-01 0.000000000000000000e+00
1.001907348632812500e+00 1.000160932540893555e+00 1.000000476837158203e+00 1.000000000000000000e+00 0.000000000000000000e+00
-3.087470769882202148e+00 5.766246795654296875e+00 -3.975614547729492188e+00 5.626314640045166016e+00 0.000000000000000000e+00
-6.110075712203979492e-01 2.883127212524414062e+00 -4.620846271514892578e+00 -1.142104268074035645e+00 0.000000000000000000e+00
1.219826817512512207e+00 1.004645705223083496e+00 1.000298976898193359e+00 1.000007390975952148e+00 0.000000000000000000e+00
1.044163465499877930e+00 1.000610589981079102e+00 1.000008583068847656e+00 1.000000000000000000e+00 0.000000000000000000e+00
1.021780014038085938e+00 1.000721335411071777e+00 1.000016093254089355e+00 1.000000000000000000e+00 0.000000000000000000e+00
1.022650480270385742e+00 1.000322580337524414e+00 1.000002622604370117e+00 1.000000000000000000e+00 0.000000000000000000e+00
1.004109621047973633e+00 1.000000476837158203e+00 1.000000000000000000e+00 1.000000000000000000e+00 0.000000000000000000e+00
1.285845756530761719e+00 1.317247629165649414e+00 1.075924634933471680e+00 1.001274347305297852e+00 0.000000000000000000e+00
1.006182670593261719e+00 1.000003218650817871e+00 1.000000000000000000e+00 1.000000000000000000e+00 0.000000000000000000e+00
1.809582352638244629e+00 1.114377975463867188e+00 1.025850415229797363e+00 1.002013444900512695e+00 0.000000000000000000e+00
1.179759979248046875e+00 1.001093626022338867e+00 1.000015497207641602e+00 1.000000000000000000e+00 0.000000000000000000e+00
1.050399184226989746e+00 1.000629425048828125e+00 1.000007510185241699e+00 1.000000000000000000e+00 0.000000000000000000e+00
1.069470763206481934e+00 1.000178575515747070e+00 1.000000476837158203e+00 1.000000000000000000e+00 0.000000000000000000e+00
1.004713535308837891e+00 1.000040769577026367e+00 1.000000000000000000e+00 1.000000000000000000e+00 0.000000000000000000e+00
1.000369548797607422e+00 1.000000476837158203e+00 1.000000000000000000e+00 1.000000000000000000e+00 0.000000000000000000e+00
1.000045537948608398e+00 1.000000000000000000e+00 1.000000000000000000e+00 1.000000000000000000e+00 0.000000000000000000e+00
4.768262863159179688e+00 1.515387535095214844e+00 1.056721448898315430e+00 1.003273963928222656e+00 1.000000000000000000e+00
5.022250652313232422e+00 2.808750152587890625e+00 1.390212655067443848e+00 1.089192032814025879e+00 2.000000000000000000e+00
4.768262863159179688e+00 1.515387535095214844e+00 1.056721448898315430e+00 1.003273963928222656e+00 1.000000000000000000e+00
5.022250652313232422e+00 2.808750152587890625e+00 1.390212655067443848e+00 1.089192032814025879e+00 2.000000000000000000e+00
4.768262863159179688e+00 1.515387535095214844e+00 1.056721448898315430e+00 1.003273963928222656e+00 1.000000000000000000e+00
5.022250652313232422e+00 2.808750152587890625e+00 1.390212655067443848e+00 1.089192032814025879e+00 2.000000000000000000e+00
4.768262863159179688e+00 1.515387535095214844e+00 1.056721448898315430e+00 1.003273963928222656e+00 1.000000000000000000e+00
5.022250652313232422e+00 2.808750152587890625e+00 1.390212655067443848e+00 1.089192032814025879e+00 2.000000000000000000e+00
4.768262863159179688e+00 1.515387535095214844e+00 1.056721448898315430e+00 1.003273963928222656e+00 1.000000000000000000e+00
5.022250652313232422e+00 2.808750152587890625e+00 1.390212655067443848e+00 1.089192032814025879e+00 2.000000000000000000e+00
4.768262863159179688e+00 1.515387535095214844e+00 1.056721448898315430e+00 1.003273963928222656e+00 1.000000000000000000e+00
5.022250652313232422e+00 2.808750152587890625e+00 1.390212655067443848e+00 1.089192032814025879e+00 2.000000000000000000e+00
4.768262863159179688e+00 1.515387535095214844e+00 1.056721448898315430e+00 1.003273963928222656e+00 1.000000000000000000e+00
5.022250652313232422e+00 2.808750152587890625e+00 1.390212655067443848e+00 1.089192032814025879e+00 2.000000000000000000e+00
4.768262863159179688e+00 1.515387535095214844e+00 1.056721448898315430e+00 1.003273963928222656e+00 1.000000000000000000e+00
5.022250652313232422e+00 2.808750152587890625e+00 1.390212655067443848e+00 1.089192032814025879e+00 2.000000000000000000e+00
4.768262863159179688e+00 1.515387535095214844e+00 1.056721448898315430e+00 1.003273963928222656e+00 1.000000000000000000e+00
5.022250652313232422e+00 2.808750152587890625e+00 1.390212655067443848e+00 1.089192032814025879e+00 2.000000000000000000e+00
4.768262863159179688e+00 1.515387535095214844e+00 1.056721448898315430e+00 1.003273963928222656e+00 1.000000000000000000e+00
5.022250652313232422e+00 2.808750152587890625e+00 1.390212655067443848e+00 1.089192032814025879e+00 2.000000000000000000e+00
2.878176689147949219e+00 1.163362979888916016e+00 1.012001156806945801e+00 1.000476837158203125e+00 0.000000000000000000e+00
2.393716573715209961e+00 1.335551738739013672e+00 1.010239601135253906e+00 1.002595305442810059e+00 0.000000000000000000e+00
3.716172695159912109e+00 1.061643123626708984e+00 1.004698276519775391e+00 1.000117182731628418e+00 0.000000000000000000e+00
4.612443923950195312e+00 1.025803804397583008e+00 1.000024676322937012e+00 1.000000000000000000e+00 0.000000000000000000e+00
6.673588275909423828e+00 1.008595466613769531e+00 1.000003814697265625e+00 1.000000000000000000e+00 0.000000000000000000e+00
2.126219987869262695e+00 1.003770112991333008e+00 1.000046014785766602e+00 1.000001668930053711e+00 0.000000000000000000e+00
3.010054349899291992e+00 1.000671148300170898e+00 1.000000000000000000e+00 1.000000000000000000e+00 0.000000000000000000e+00
-9.825999140739440918e-01 -7.171746492385864258e-01 -6.312339305877685547e-01 -5.691474080085754395e-01 1.000000000000000000e+00
2.426948547363281250e+00 1.870802402496337891e+00 1.008453369140625000e+00 -1.973040819168090820e+00 2.000000000000000000e+00
-9.825999140739440918e-01 -7.171746492385864258e-01 -6.312339305877685547e-01 -5.691474080085754395e-01 1.000000000000000000e+00
2.426948547363281250e+00 1.870802402496337891e+00 1.008453369140625000e+00 -1.973040819168090820e+00 2.000000000000000000e+00
-9.825999140739440918e-01 -7.171746492385864258e-01 -6.312339305877685547e-01 -5.691474080085754395e-01 1.000000000000000000e+00
2.426948547363281250e+00 1.870802402496337891e+00 1.008453369140625000e+00 -1.973040819168090820e+00 2.000000000000000000e+00
-9.825999140739440918e-01 -7.171746492385864258e-01 -6.312339305877685547e-01 -5.691474080085754395e-01 1.000000000000000000e+00
2.426948547363281250e+00 1.870802402496337891e+00 1.008453369140625000e+00 -1.973040819168090820e+00 2.000000000000000000e+00
-9.825999140739440918e-01 -7.171746492385864258e-01 -6.312339305877685547e-01 -5.691474080085754395e-01 1.000000000000000000e+00
2.426948547363281250e+00 1.870802402496337891e+00 1.008453369140625000e+00 -1.973040819168090820e+00 2.000000000000000000e+00
-9.825999140739440918e-01 -7.171746492385864258e-01 -6.312339305877685547e-01 -5.691474080085754395e-01 1.000000000000000000e+00
2.426948547363281250e+00 1.870802402496337891e+00 1.008453369140625000e+00 -1.973040819168090820e+00 2.000000000000000000e+00
-9.825999140739440918e-01 -7.171746492385864258e-01 -6.312339305877685547e-01 -5.691474080085754395e-01 1.000000000000000000e+00
2.426948547363281250e+00 1.870802402496337891e+00 1.008453369140625000e+00 -1.973040819168090820e+00 2.000000000000000000e+00
-9.825999140739440918e-01 -7.171746492385864258e-01 -6.312339305877685547e-01 -5.691474080085754395e-01 1.000000000000000000e+00
2.426948547363281250e+00 1.870802402496337891e+00 1.008453369140625000e+00 -1.973040819168090820e+00 2.000000000000000000e+00
-9.825999140739440918e-01 -7.171746492385864258e-01 -6.312339305877685547e-01 -5.691474080085754395e-01 1.000000000000000000e+00
2.426948547363281250e+00 1.870802402496337891e+00 1.008453369140625000e+00 -1.973040819168090820e+00 2.000000000000000000e+00
-9.825999140739440918e-01 -7.171746492385864258e-01 -6.312339305877685547e-01 -5.691474080085754395e-01 1.000000000000000000e+00
2.426948547363281250e+00 1.870802402496337891e+00 1.008453369140625000e+00 -1.973040819168090820e+00 2.000000000000000000e+00
1.635846257209777832e+00 1.054925441741943359e+00 1.002401947975158691e+00 1.000202536582946777e+00 0.000000000000000000e+00
1.564151763916015625e+00 1.008204340934753418e+00 1.000194311141967773e+00 1.000003218650817871e+00 0.000000000000000000e+00
1.472526550292968750e+00 1.005639791488647461e+00 1.000036478042602539e+00 1.000000000000000000e+00 0.000000000000000000e+00
5.930045604705810547e+00 1.705980062484741211e+00 1.031080245971679688e+00 1.000985383987426758e+00 0.000000000000000000e+00
4.294991016387939453e+00 1.057249784469604492e+00 1.000759005546569824e+00 1.000015020370483398e+00 0.000000000000000000e+00
5.894711494445800781e+00 1.306039333343505859e+00 1.500753641128540039e+00 4.359252452850341797e+00 0.000000000000000000e+00
-6.836367845535278320e-01 -9.700586795806884766e-01 -7.962423563003540039e-01 -4.449188709259033203e-01 0.000000000000000000e+00
1.004898190498352051e+00 1.000000476837158203e+00 1.000000000000000000e+00 1.000000000000000000e+00 0.000000000000000000e+00
1.771780610084533691e+00 1.000331521034240723e+00 1.000000000000000000e+00 1.000000000000000000e+00 0.000000000000000000e+00
1.043813109397888184e+00 1.000180244445800781e+00 1.000000476837158203e+00 1.000000000000000000e+00 0.000000000000000000e+00
2.920728683471679688e+00 1.035597681999206543e+00 1.000541925430297852e+00 1.000003814697265625e+00 0.000000000000000000e+00
1.050755977630615234e+00 1.000144720077514648e+00 1.000000476837158203e+00 1.000000000000000000e+00 0.000000000000000000e+00
1.004187226295471191e+00 1.000002145767211914e+00 1.000000000000000000e+00 1.000000000000000000e+00 0.000000000000000000e+00
1.000034809112548828e+00 1.000000000000000000e+00 1.000000000000000000e+00 1.000000000000000000e+00 0.000000000000000000e+00
-2.055834770202636719e+00 1.597298264503479004e+00 1.011379528045654297e+01 2.626948356628417969e+00 0.000000000000000000e+00
2.136178493499755859e+00 1.024873495101928711e+00 1.003662705421447754e+00 1.000478744506835938e+00 0.000000000000000000e+00
1.097598314285278320e+00 1.004160165786743164e+00 1.000086307525634766e+00 1.000000476837158203e+00 0.000000000000000000e+00
1.014187574386596680e+00 1.000141620635986328e+00 1.000000476837158203e+00 1.000000000000000000e+00 0.000000000000000000e+00
1.004318833351135254e+00 1.000015020370483398e+00 1.000000000000000000e+00 1.000000000000000000e+00 0.000000000000000000e+00
1.010200262069702148e+00 1.000035405158996582e+00 1.000000000000000000e+00 1.000000000000000000e+00 0.000000000000000000e+00
1.001780271530151367e+00 1.000001668930053711e+00 1.000000000000000000e+00 1.000000000000000000e+00 0.000000000000000000e+00
8.645725250244140625e+00 1.557972192764282227e+00 1.041418075561523438e+00 1.001098394393920898e+00 0.000000000000000000e+00
5.631692409515380859e+00 1.673098087310791016e+00 1.007246017456054688e+00 1.062792181968688965e+00 0.000000000000000000e+00
3.446863651275634766e+00 3.402437925338745117e+00 1.399491667747497559e+00 1.016215443611145020e+00 0.000000000000000000e+00
3.335053920745849609e-01 -8.737921714782714844e-02 2.782929897308349609e+00 1.855004906654357910e+00 0.000000000000000000e+00
1.156930446624755859e+00 1.038383483886718750e+00 1.002702713012695312e+00 1.000252723693847656e+00 0.000000000000000000e+00
1.100502729415893555e+00 1.004431009292602539e+00 1.000100135803222656e+00 1.000001668930053711e+00 0.000000000000000000e+00
1.062898993492126465e+00 1.000895738601684570e+00 1.000042200088500977e+00 1.000002145767211914e+00 0.000000000000000000e+00
1.033845305442810059e+00 1.000504732131958008e+00 1.000009655952453613e+00 1.000000000000000000e+00 0.000000000000000000e+00
1.821284413337707520e+00 1.043724417686462402e+00 1.000113606452941895e+00 1.000001072883605957e+00 0.000000000000000000e+00
1.141045928001403809e+00 1.009582757949829102e+00 1.000275254249572754e+00 1.000064134597778320e+00 0.000000000000000000e+00
1.516398072242736816e+00 1.011324882507324219e+00 1.000028371810913086e+00 1.000000000000000000e+00 0.000000000000000000e+00
4.420049667358398438e+00 1.276845216751098633e+00 1.008253812789916992e+00 1.000212073326110840e+00 0.000000000000000000e+00
1.549525499343872070e+00 1.024261236190795898e+00 1.000365734100341797e+00 1.000029325485229492e+00 0.000000000000000000e+00
1.126134395599365234e+00 1.000900268554687500e+00 1.000044345855712891e+00 1.000006437301635742e+00 0.000000000000000000e+00
1.091207742691040039e+00 1.001953125000000000e+00 1.000066876411437988e+00 1.000001668930053711e+00 0.000000000000000000e+00
1.026135444641113281e+00 1.000241518020629883e+00 1.000003814697265625e+00 1.000000000000000000e+00 0.000000000000000000e+00
1.022018551826477051e+00 1.000358819961547852e+00 1.000004768371582031e+00 1.000000000000000000e+00 0.000000000000000000e+00
1.029614448547363281e+00 1.000466823577880859e+00 1.000008106231689453e+00 1.000000000000000000e+00 0.000000000000000000e+00
1.398289442062377930e+00 1.076962232589721680e+00 1.012914180755615234e+00 1.000292778015136719e+00 0.000000000000000000e+00
1.024007320404052734e+00 1.000114560127258301e+00 1.000002145767211914e+00 1.000000000000000000e+00 0.000000000000000000e+00
