-4.631435573101043701e-01 -8.999025225639343262e-01 -9.766571521759033203e-01 -9.639805555343627930e-01 -9.767625927925109863e-01 1.000000000000000000e+00
-7.022908926010131836e-01 -8.586971759796142578e-01 -9.099695086479187012e-01 -9.009988903999328613e-01 -9.344059824943542480e-01 1.000000000000000000e+00
-2.610457874834537506e-02 -5.839084982872009277e-01 -7.083313465118408203e-01 -6.573253870010375977e-01 -6.293833255767822266e-01 1.000000000000000000e+00
9.918418526649475098e-01 9.980152249336242676e-01 9.990638494491577148e-01 9.977722764015197754e-01 9.990072250366210938e-01 1.000000000000000000e+00
-5.845839977264404297e-01 -8.887246251106262207e-01 -9.195939302444458008e-01 -9.173049926757812500e-01 -9.248196482658386230e-01 1.000000000000000000e+00
-7.505832314491271973e-01 2.270974069833755493e-01 8.087812662124633789e-01 7.979341745376586914e-01 -8.949487209320068359e-01 1.000000000000000000e+00
2.748589515686035156e-01 -1.468496024608612061e-01 -6.527620553970336914e-01 -1.565756499767303467e-01 -7.178806066513061523e-01 1.000000000000000000e+00
7.168861627578735352e-01 5.977890491485595703e-01 7.466415166854858398e-01 -1.914556026458740234e-01 -1.721017062664031982e-01 1.000000000000000000e+00
-6.034287214279174805e-01 -7.027527689933776855e-01 -9.925813674926757812e-01 -9.927459955215454102e-01 -9.957343935966491699e-01 1.000000000000000000e+00
9.145588874816894531e-01 9.547526836395263672e-01 9.309176206588745117e-01 9.578862786293029785e-01 8.862743973731994629e-01 1.000000000000000000e+00
-9.450696706771850586e-01 -9.237877130508422852e-01 -9.484167695045471191e-01 -9.437078833580017090e-01 -9.194517731666564941e-01 1.000000000000000000e+00
-6.502885818481445312e-01 -5.228137373924255371e-01 -7.643692493438720703e-01 -8.226847052574157715e-01 -8.575794696807861328e-01 1.000000000000000000e+00
9.754517078399658203e-01 9.585890173912048340e-01 -8.068847656250000000e-01 -9.427896738052368164e-01 -9.847251176834106445e-01 1.000000000000000000e+00
7.718557715415954590e-01 2.727639079093933105e-01 7.582172155380249023e-01 9.117947816848754883e-01 8.177869319915771484e-01 1.000000000000000000e+00
3.562024533748626709e-01 -3.929004073143005371e-01 -8.138605952262878418e-01 -7.906121015548706055e-01 -7.279004454612731934e-01 1.000000000000000000e+00
-5.115150809288024902e-01 -4.140017926692962646e-01 -4.636076986789703369e-01 1.247469410300254822e-01 8.693205118179321289e-01 1.000000000000000000e+00
2.955076098442077637e-01 6.864778399467468262e-01 6.594839692115783691e-01 7.450489997863769531e-01 7.660346627235412598e-01 1.000000000000000000e+00
5.096308588981628418e-01 4.188981056213378906e-01 -4.761740565299987793e-01 -7.266177535057067871e-01 -8.345263004302978516e-01 1.000000000000000000e+00
2.549093067646026611e-01 -2.557829022407531738e-01 -3.879147768020629883e-01 -5.827982425689697266e-01 -6.234008669853210449e-01 1.000000000000000000e+00
6.341556310653686523e-01 9.686093926429748535e-01 9.183007478713989258e-01 9.365084767341613770e-01 7.894925475120544434e-01 1.000000000000000000e+00
5.678662657737731934e-01 2.541892528533935547e-01 -7.101207375526428223e-01 -9.386991262435913086e-01 -9.650959372520446777e-01 1.000000000000000000e+00
8.473771810531616211e-01 9.147124886512756348e-01 8.767122626304626465e-01 9.303484559059143066e-01 8.919687271118164062e-01 1.000000000000000000e+00
8.239578008651733398e-01 4.384782910346984863e-01 -6.152664497494697571e-02 5.838395953178405762e-01 -5.528098940849304199e-01 1.000000000000000000e+00
3.185275197029113770e-01 8.435776084661483765e-02 -7.416696548461914062e-01 -8.140608072280883789e-01 -8.929604291915893555e-01 1.000000000000000000e+00
7.926209568977355957e-01 6.099329590797424316e-01 4.112401604652404785e-01 -3.144168257713317871e-01 -2.226546108722686768e-01 1.000000000000000000e+00
2.895081341266632080e-01 -6.698437929153442383e-01 -7.359979152679443359e-01 -7.565917968750000000e-01 -6.777638196945190430e-01 1.000000000000000000e+00
8.612111210823059082e-01 8.349195718765258789e-01 7.083041667938232422e-01 -9.947502017021179199e-01 -9.989395737648010254e-01 1.000000000000000000e+00
7.216229438781738281e-01 3.064939975738525391e-01 -7.315191030502319336e-01 -8.012212514877319336e-01 -7.913733124732971191e-01 1.000000000000000000e+00
1.868146657943725586e-01 3.136198222637176514e-02 1.235622838139533997e-01 -6.265686750411987305e-01 -7.821725010871887207e-01 1.000000000000000000e+00
6.164292097091674805e-01 1.574241667985916138e-01 5.817748904228210449e-01 -7.629116177558898926e-01 -7.685850858688354492e-01 1.000000000000000000e+00
-1.937756985425949097e-01 8.326324224472045898e-01 1.247749403119087219e-01 -5.280977487564086914e-01 -8.692154884338378906e-01 1.000000000000000000e+00
5.258909463882446289e-01 -7.243876457214355469e-01 -7.995359301567077637e-01 -8.477341532707214355e-01 -7.679263353347778320e-01 1.000000000000000000e+00
9.959967732429504395e-01 9.998403191566467285e-01 9.999584555625915527e-01 9.999430775642395020e-01 9.999389052391052246e-01 1.000000000000000000e+00
-2.617830634117126465e-01 -5.225629806518554688e-01 -3.846285343170166016e-01 -2.167300581932067871e-01 1.403765827417373657e-01 1.000000000000000000e+00
-8.164438009262084961e-01 -7.785265445709228516e-01 -9.167536497116088867e-01 -9.659015536308288574e-01 -9.887621402740478516e-01 1.000000000000000000e+00
7.449998855590820312e-01 5.978171825408935547e-01 -3.356441855430603027e-01 -7.308823466300964355e-01 -6.483717560768127441e-01 1.000000000000000000e+00
9.317544102668762207e-01 9.806333780288696289e-01 8.321981430053710938e-01 1.627183705568313599e-01 -2.126416414976119995e-01 1.000000000000000000e+00
-9.171410202980041504e-01 -9.367875456809997559e-01 -8.494119048118591309e-01 -9.023069143295288086e-01 -8.776511549949645996e-01 1.000000000000000000e+00
9.519081711769104004e-01 9.501817822456359863e-01 9.665684103965759277e-01 8.514835238456726074e-01 8.697157502174377441e-01 1.000000000000000000e+00
-7.759619951248168945e-01 -8.065010905265808105e-01 -8.912903666496276855e-01 -9.065440297126770020e-01 -8.847450017929077148e-01 1.000000000000000000e+00
8.569160699844360352e-01 5.991594195365905762e-01 7.030199766159057617e-01 9.126148223876953125e-01 9.022510647773742676e-01 1.000000000000000000e+00
-3.943970799446105957e-01 -7.266321182250976562e-01 -5.655367374420166016e-01 7.841703891754150391e-01 9.343687891960144043e-01 1.000000000000000000e+00
-3.395743668079376221e-01 -4.412992894649505615e-01 -8.509275913238525391e-01 -7.872512340545654297e-01 -9.873241782188415527e-01 1.000000000000000000e+00
-5.847648382186889648e-01 -7.035990953445434570e-01 -3.403175473213195801e-01 8.494261503219604492e-01 9.248522520065307617e-01 1.000000000000000000e+00
-4.049228131771087646e-01 -8.468616008758544922e-01 -9.432314038276672363e-01 -8.279014229774475098e-01 -8.888822793960571289e-01 1.000000000000000000e+00
