5.077914595603942871e-01 7.215493321418762207e-01 7.469914555549621582e-01 8.352020382881164551e-01 8.288715481758117676e-01 0.000000000000000000e+00
4.331411048769950867e-02 3.635944724082946777e-01 3.792760893702507019e-02 -3.568496927618980408e-02 3.389449417591094971e-01 0.000000000000000000e+00
3.719100058078765869e-01 6.722071766853332520e-02 -1.456414014101028442e-01 -1.075952872633934021e-01 -1.907226443290710449e-01 0.000000000000000000e+00
-1.767502166330814362e-02 2.236407846212387085e-01 2.596347033977508545e-01 -5.445501208305358887e-02 4.009070619940757751e-02 0.000000000000000000e+00
-1.103615313768386841e-01 6.817930843681097031e-03 2.971145808696746826e-01 5.351458191871643066e-01 5.052779912948608398e-01 0.000000000000000000e+00
2.876338362693786621e-01 3.014191687107086182e-01 1.658910065889358521e-01 2.294559180736541748e-01 1.568537652492523193e-01 0.000000000000000000e+00
2.647355198860168457e-01 1.633766852319240570e-02 1.287169754505157471e-01 2.585225105285644531e-01 3.776620030403137207e-01 0.000000000000000000e+00
5.215147137641906738e-01 6.554432511329650879e-01 5.952859520912170410e-01 5.703107714653015137e-01 6.017920374870300293e-01 0.000000000000000000e+00
6.012576818466186523e-01 7.502340078353881836e-01 8.064412474632263184e-01 8.817501664161682129e-01 8.332854509353637695e-01 0.000000000000000000e+00
4.560603797435760498e-01 6.705764532089233398e-01 7.956095933914184570e-01 7.578856945037841797e-01 7.691745162010192871e-01 0.000000000000000000e+00
6.526478528976440430e-01 7.736569046974182129e-01 7.901514768600463867e-01 8.222158551216125488e-01 7.817018032073974609e-01 0.000000000000000000e+00
5.439895987510681152e-01 8.208909034729003906e-01 8.035913109779357910e-01 8.709800243377685547e-01 8.163632154464721680e-01 0.000000000000000000e+00
5.908529758453369141e-01 6.469081044197082520e-01 7.694711685180664062e-01 7.884962558746337891e-01 7.870766520500183105e-01 0.000000000000000000e+00
6.818349361419677734e-01 7.049729824066162109e-01 6.694213151931762695e-01 7.229191660881042480e-01 7.119425535202026367e-01 0.000000000000000000e+00
6.484062671661376953e-01 8.640980720520019531e-01 8.824225068092346191e-01 9.357879757881164551e-01 9.741752743721008301e-01 0.000000000000000000e+00
4.539234936237335205e-01 6.730093359947204590e-01 8.235960006713867188e-01 9.432246685028076172e-01 9.860900640487670898e-01 0.000000000000000000e+00
5.070816278457641602e-01 8.023455739021301270e-01 8.900115489959716797e-01 8.753334879875183105e-01 9.373701214790344238e-01 0.000000000000000000e+00
4.825038015842437744e-01 6.886093020439147949e-01 6.555767059326171875e-01 8.230264186859130859e-01 8.561693429946899414e-01 0.000000000000000000e+00
2.987804114818572998e-01 6.622208952903747559e-01 5.278671383857727051e-01 7.676082849502563477e-01 8.703421950340270996e-01 0.000000000000000000e+00
3.436280488967895508e-01 5.658236742019653320e-01 7.099205851554870605e-01 7.047598361968994141e-01 8.051649928092956543e-01 0.000000000000000000e+00
1.403683871030807495e-01 -1.378508210182189941e-01 2.452100515365600586e-01 3.681357204914093018e-01 4.822409749031066895e-01 0.000000000000000000e+00
3.836305737495422363e-01 6.723421216011047363e-01 6.988540291786193848e-01 7.494285106658935547e-01 8.505710363388061523e-01 0.000000000000000000e+00
3.306360244750976562e-01 3.085195422172546387e-01 3.187915384769439697e-01 5.249198079109191895e-01 5.760421156883239746e-01 0.000000000000000000e+00
1.204914599657058716e-01 2.426159828901290894e-01 4.145496189594268799e-01 4.018223881721496582e-01 5.501677989959716797e-01 0.000000000000000000e+00
1.674173921346664429e-01 1.907370239496231079e-01 1.225000172853469849e-01 8.287736773490905762e-02 1.414287090301513672e-01 0.000000000000000000e+00
-6.528892368078231812e-02 -1.062996685504913330e-01 -1.196193099021911621e-01 9.041938930749893188e-02 2.286500781774520874e-01 0.000000000000000000e+00
4.753271639347076416e-01 5.961624383926391602e-01 7.164053916931152344e-01 7.151953577995300293e-01 6.730588078498840332e-01 0.000000000000000000e+00
1.618661433458328247e-01 3.861481249332427979e-01 5.561426281929016113e-01 5.561954379081726074e-01 7.441263794898986816e-01 0.000000000000000000e+00
-2.529103159904479980e-01 -1.037995219230651855e-01 1.648450344800949097e-01 5.677697062492370605e-01 7.623113393783569336e-01 0.000000000000000000e+00
2.572217583656311035e-01 4.747907631099224091e-03 -2.063333392143249512e-01 -2.184419035911560059e-01 -3.221919834613800049e-01 0.000000000000000000e+00
1.858559623360633850e-02 3.802793323993682861e-01 2.028266638517379761e-01 -8.488312363624572754e-02 3.279508650302886963e-01 0.000000000000000000e+00
2.222272455692291260e-01 5.090081691741943359e-01 4.739882349967956543e-01 5.726401209831237793e-01 6.532064080238342285e-01 0.000000000000000000e+00
2.368720620870590210e-01 4.741267561912536621e-01 5.624688863754272461e-01 7.762842178344726562e-01 8.816580176353454590e-01 0.000000000000000000e+00
1.759272068738937378e-01 2.975555658340454102e-01 3.166944384574890137e-01 2.431467920541763306e-01 3.058639466762542725e-01 0.000000000000000000e+00
5.362458825111389160e-01 6.497080922126770020e-01 7.372167706489562988e-01 5.024773478507995605e-01 3.722751140594482422e-01 0.000000000000000000e+00
6.659820079803466797e-01 9.019150733947753906e-01 9.346725344657897949e-01 9.349850416183471680e-01 9.340583682060241699e-01 0.000000000000000000e+00
6.669764518737792969e-01 8.793255686759948730e-01 9.305118322372436523e-01 9.130512475967407227e-01 9.589537382125854492e-01 0.000000000000000000e+00
8.616743683815002441e-01 8.851220607757568359e-01 8.642646670341491699e-01 7.977261543273925781e-01 8.604332208633422852e-01 0.000000000000000000e+00
4.573260843753814697e-01 7.790026068687438965e-01 9.217048883438110352e-01 9.352567791938781738e-01 9.207194447517395020e-01 0.000000000000000000e+00
9.590524435043334961e-01 9.764656424522399902e-01 9.849149584770202637e-01 9.800174236297607422e-01 9.722679257392883301e-01 0.000000000000000000e+00
1.600406914949417114e-01 5.212110280990600586e-01 6.902167797088623047e-01 8.319069147109985352e-01 9.253187179565429688e-01 0.000000000000000000e+00
4.110774397850036621e-01 5.624072551727294922e-01 6.638936996459960938e-01 9.120306968688964844e-01 9.471154212951660156e-01 0.000000000000000000e+00
4.209902286529541016e-01 4.207180738449096680e-01 4.830320179462432861e-01 1.325594782829284668e-01 1.416366249322891235e-01 1.000000000000000000e+00
3.359344899654388428e-01 7.060230374336242676e-01 7.357115745544433594e-01 7.191550731658935547e-01 7.670027613639831543e-01 2.000000000000000000e+00
4.209902286529541016e-01 4.207180738449096680e-01 4.830320179462432861e-01 1.325594782829284668e-01 1.416366249322891235e-01 1.000000000000000000e+00
3.359344899654388428e-01 7.060230374336242676e-01 7.357115745544433594e-01 7.191550731658935547e-01 7.670027613639831543e-01 2.000000000000000000e+00
4.209902286529541016e-01 4.207180738449096680e-01 4.830320179462432861e-01 1.325594782829284668e-01 1.416366249322891235e-01 1.000000000000000000e+00
3.359344899654388428e-01 7.060230374336242676e-01 7.357115745544433594e-01 7.191550731658935547e-01 7.670027613639831543e-01 2.000000000000000000e+00
4.209902286529541016e-01 4.207180738449096680e-01 4.830320179462432861e-01 1.325594782829284668e-01 1.416366249322891235e-01 1.000000000000000000e+00
3.359344899654388428e-01 7.060230374336242676e-01 7.357115745544433594e-01 7.191550731658935547e-01 7.670027613639831543e-01 2.000000000000000000e+00
4.209902286529541016e-01 4.207180738449096680e-01 4.830320179462432861e-01 1.325594782829284668e-01 1.416366249322891235e-01 1.000000000000000000e+00
3.359344899654388428e-01 7.060230374336242676e-01 7.357115745544433594e-01 7.191550731658935547e-01 7.670027613639831543e-01 2.000000000000000000e+00
4.209902286529541016e-01 4.207180738449096680e-01 4.830320179462432861e-01 1.325594782829284668e-01 1.416366249322891235e-01 1.000000000000000000e+00
3.359344899654388428e-01 7.060230374336242676e-01 7.357115745544433594e-01 7.191550731658935547e-01 7.670027613639831543e-01 2.000000000000000000e+00
4.209902286529541016e-01 4.207180738449096680e-01 4.830320179462432861e-01 1.325594782829284668e-01 1.416366249322891235e-01 1.000000000000000000e+00
3.359344899654388428e-01 7.060230374336242676e-01 7.357115745544433594e-01 7.191550731658935547e-01 7.670027613639831543e-01 2.000000000000000000e+00
4.209902286529541016e-01 4.207180738449096680e-01 4.830320179462432861e-01 1.325594782829284668e-01 1.416366249322891235e-01 1.000000000000000000e+00
3.359344899654388428e-01 7.060230374336242676e-01 7.357115745544433594e-01 7.191550731658935547e-01 7.670027613639831543e-01 2.000000000000000000e+00
4.209902286529541016e-01 4.207180738449096680e-01 4.830320179462432861e-01 1.325594782829284668e-01 1.416366249322891235e-01 1.000000000000000000e+00
3.359344899654388428e-01 7.060230374336242676e-01 7.357115745544433594e-01 7.191550731658935547e-01 7.670027613639831543e-01 2.000000000000000000e+00
4.209902286529541016e-01 4.207180738449096680e-01 4.830320179462432861e-01 1.325594782829284668e-01 1.416366249322891235e-01 1.000000000000000000e+00
3.359344899654388428e-01 7.060230374336242676e-01 7.357115745544433594e-01 7.191550731658935547e-01 7.670027613639831543e-01 2.000000000000000000e+00
8.100750446319580078e-01 9.761083126068115234e-01 9.900053739547729492e-01 9.936321973800659180e-01 9.965966939926147461e-01 0.000000000000000000e+00
5.536029934883117676e-01 7.765166163444519043e-01 9.169008135795593262e-01 9.716722369194030762e-01 9.792757630348205566e-01 0.000000000000000000e+00
8.219202160835266113e-01 9.239736795425415039e-01 9.219673275947570801e-01 9.578018784523010254e-01 9.464987516403198242e-01 0.000000000000000000e+00
5.724177956581115723e-01 8.784198164939880371e-01 9.685012102127075195e-01 9.895967841148376465e-01 9.939374923706054688e-01 0.000000000000000000e+00
5.111262798309326172e-01 7.049139738082885742e-01 8.998264670372009277e-01 9.092568159103393555e-01 9.531594514846801758e-01 0.000000000000000000e+00
5.763673782348632812e-01 4.854872226715087891e-01 6.702689528465270996e-01 6.985014081001281738e-01 7.342510223388671875e-01 0.000000000000000000e+00
2.332330346107482910e-01 4.584692716598510742e-01 7.393543124198913574e-01 8.540687561035156250e-01 8.915367722511291504e-01 0.000000000000000000e+00
7.024973034858703613e-01 8.267318606376647949e-01 8.875965476036071777e-01 8.901668787002563477e-01 9.143460988998413086e-01 0.000000000000000000e+00
6.463544964790344238e-01 8.054584860801696777e-01 8.990581035614013672e-01 9.062005281448364258e-01 9.237748384475708008e-01 0.000000000000000000e+00
5.098959207534790039e-01 6.156994104385375977e-01 7.849670648574829102e-01 7.224680781364440918e-01 8.412990570068359375e-01 0.000000000000000000e+00
5.223993659019470215e-01 5.488213896751403809e-01 5.840059518814086914e-01 5.551617145538330078e-01 5.737891197204589844e-01 0.000000000000000000e+00
5.135499835014343262e-01 5.190277099609375000e-01 4.962690174579620361e-01 5.311300754547119141e-01 5.766761898994445801e-01 0.000000000000000000e+00
5.452492237091064453e-01 6.221388578414916992e-01 7.045271396636962891e-01 7.189350724220275879e-01 7.258323431015014648e-01 0.000000000000000000e+00
5.632741451263427734e-01 6.604774594306945801e-01 6.738368272781372070e-01 7.231839895248413086e-01 7.495523691177368164e-01 0.000000000000000000e+00
5.659129023551940918e-01 6.689749956130981445e-01 7.559503316879272461e-01 6.870610713958740234e-01 6.294668316841125488e-01 0.000000000000000000e+00
2.718293666839599609e-02 5.350666642189025879e-01 4.894684255123138428e-01 4.611364006996154785e-01 6.530587673187255859e-01 0.000000000000000000e+00
5.595558881759643555e-01 7.636988162994384766e-01 7.548648118972778320e-01 8.308262228965759277e-01 8.694958686828613281e-01 0.000000000000000000e+00
7.042129635810852051e-01 8.994541764259338379e-01 8.714841008186340332e-01 8.483020663261413574e-01 9.191924333572387695e-01 0.000000000000000000e+00
4.549117684364318848e-01 5.724036693572998047e-01 7.934046983718872070e-01 8.876508474349975586e-01 9.186077713966369629e-01 0.000000000000000000e+00
3.327329158782958984e-01 4.985501170158386230e-01 5.833632946014404297e-01 5.509511828422546387e-01 5.886964797973632812e-01 1.000000000000000000e+00
1.850912570953369141e-01 3.996534943580627441e-01 7.620057463645935059e-01 7.754042744636535645e-01 8.225727081298828125e-01 2.000000000000000000e+00
3.327329158782958984e-01 4.985501170158386230e-01 5.833632946014404297e-01 5.509511828422546387e-01 5.886964797973632812e-01 1.000000000000000000e+00
1.850912570953369141e-01 3.996534943580627441e-01 7.620057463645935059e-01 7.754042744636535645e-01 8.225727081298828125e-01 2.000000000000000000e+00
3.327329158782958984e-01 4.985501170158386230e-01 5.833632946014404297e-01 5.509511828422546387e-01 5.886964797973632812e-01 1.000000000000000000e+00
1.850912570953369141e-01 3.996534943580627441e-01 7.620057463645935059e-01 7.754042744636535645e-01 8.225727081298828125e-01 2.000000000000000000e+00
3.327329158782958984e-01 4.985501170158386230e-01 5.833632946014404297e-01 5.509511828422546387e-01 5.886964797973632812e-01 1.000000000000000000e+00
1.850912570953369141e-01 3.996534943580627441e-01 7.620057463645935059e-01 7.754042744636535645e-01 8.225727081298828125e-01 2.000000000000000000e+00
3.327329158782958984e-01 4.985501170158386230e-01 5.833632946014404297e-01 5.509511828422546387e-01 5.886964797973632812e-01 1.000000000000000000e+00
1.850912570953369141e-01 3.996534943580627441e-01 7.620057463645935059e-01 7.754042744636535645e-01 8.225727081298828125e-01 2.000000000000000000e+00
3.327329158782958984e-01 4.985501170158386230e-01 5.833632946014404297e-01 5.509511828422546387e-01 5.886964797973632812e-01 1.000000000000000000e+00
1.850912570953369141e-01 3.996534943580627441e-01 7.620057463645935059e-01 7.754042744636535645e-01 8.225727081298828125e-01 2.000000000000000000e+00
3.327329158782958984e-01 4.985501170158386230e-01 5.833632946014404297e-01 5.509511828422546387e-01 5.886964797973632812e-01 1.000000000000000000e+00
1.850912570953369141e-01 3.996534943580627441e-01 7.620057463645935059e-01 7.754042744636535645e-01 8.225727081298828125e-01 2.000000000000000000e+00
3.327329158782958984e-01 4.985501170158386230e-01 5.833632946014404297e-01 5.509511828422546387e-01 5.886964797973632812e-01 1.000000000000000000e+00
1.850912570953369141e-01 3.996534943580627441e-01 7.620057463645935059e-01 7.754042744636535645e-01 8.225727081298828125e-01 2.000000000000000000e+00
3.327329158782958984e-01 4.985501170158386230e-01 5.833632946014404297e-01 5.509511828422546387e-01 5.886964797973632812e-01 1.000000000000000000e+00
1.850912570953369141e-01 3.996534943580627441e-01 7.620057463645935059e-01 7.754042744636535645e-01 8.225727081298828125e-01 2.000000000000000000e+00
3.327329158782958984e-01 4.985501170158386230e-01 5.833632946014404297e-01 5.509511828422546387e-01 5.886964797973632812e-01 1.000000000000000000e+00
1.850912570953369141e-01 3.996534943580627441e-01 7.620057463645935059e-01 7.754042744636535645e-01 8.225727081298828125e-01 2.000000000000000000e+00
1.335074156522750854e-01 6.625236868858337402e-01 6.894379258155822754e-01 6.871970891952514648e-01 7.269427776336669922e-01 0.000000000000000000e+00
3.123361170291900635e-01 7.144573926925659180e-01 8.616135120391845703e-01 8.097690343856811523e-01 8.392168283462524414e-01 0.000000000000000000e+00
5.983284711837768555e-01 9.498060941696166992e-01 9.956108927726745605e-01 9.976852536201477051e-01 9.911996722221374512e-01 0.000000000000000000e+00
7.889036536216735840e-01 9.301587939262390137e-01 9.366942644119262695e-01 9.853322505950927734e-01 9.942625164985656738e-01 0.000000000000000000e+00
9.503055810928344727e-01 9.801013469696044922e-01 9.950195550918579102e-01 9.985607862472534180e-01 9.981415867805480957e-01 0.000000000000000000e+00
-1.445085555315017700e-01 -1.528097987174987793e-01 6.195909976959228516e-01 5.225545167922973633e-01 7.626927495002746582e-01 1.000000000000000000e+00
6.145951747894287109e-01 7.824577689170837402e-01 9.013077020645141602e-01 6.169821023941040039e-01 2.064367085695266724e-01 2.000000000000000000e+00
-1.445085555315017700e-01 -1.528097987174987793e-01 6.195909976959228516e-01 5.225545167922973633e-01 7.626927495002746582e-01 1.000000000000000000e+00
6.145951747894287109e-01 7.824577689170837402e-01 9.013077020645141602e-01 6.169821023941040039e-01 2.064367085695266724e-01 2.000000000000000000e+00
-1.445085555315017700e-01 -1.528097987174987793e-01 6.195909976959228516e-01 5.225545167922973633e-01 7.626927495002746582e-01 1.000000000000000000e+00
6.145951747894287109e-01 7.824577689170837402e-01 9.013077020645141602e-01 6.169821023941040039e-01 2.064367085695266724e-01 2.000000000000000000e+00
-1.445085555315017700e-01 -1.528097987174987793e-01 6.195909976959228516e-01 5.225545167922973633e-01 7.626927495002746582e-01 1.000000000000000000e+00
6.145951747894287109e-01 7.824577689170837402e-01 9.013077020645141602e-01 6.169821023941040039e-01 2.064367085695266724e-01 2.000000000000000000e+00
-1.445085555315017700e-01 -1.528097987174987793e-01 6.195909976959228516e-01 5.225545167922973633e-01 7.626927495002746582e-01 1.000000000000000000e+00
6.145951747894287109e-01 7.824577689170837402e-01 9.013077020645141602e-01 6.169821023941040039e-01 2.064367085695266724e-01 2.000000000000000000e+00
-1.445085555315017700e-01 -1.528097987174987793e-01 6.195909976959228516e-01 5.225545167922973633e-01 7.626927495002746582e-01 1.000000000000000000e+00
6.145951747894287109e-01 7.824577689170837402e-01 9.013077020645141602e-01 6.169821023941040039e-01 2.064367085695266724e-01 2.000000000000000000e+00
-1.445085555315017700e-01 -1.528097987174987793e-01 6.195909976959228516e-01 5.225545167922973633e-01 7.626927495002746582e-01 1.000000000000000000e+00
6.145951747894287109e-01 7.824577689170837402e-01 9.013077020645141602e-01 6.169821023941040039e-01 2.064367085695266724e-01 2.000000000000000000e+00
-1.445085555315017700e-01 -1.528097987174987793e-01 6.195909976959228516e-01 5.225545167922973633e-01 7.626927495002746582e-01 1.000000000000000000e+00
6.145951747894287109e-01 7.824577689170837402e-01 9.013077020645141602e-01 6.169821023941040039e-01 2.064367085695266724e-01 2.000000000000000000e+00
-1.445085555315017700e-01 -1.528097987174987793e-01 6.195909976959228516e-01 5.225545167922973633e-01 7.626927495002746582e-01 1.000000000000000000e+00
6.145951747894287109e-01 7.824577689170837402e-01 9.013077020645141602e-01 6.169821023941040039e-01 2.064367085695266724e-01 2.000000000000000000e+00
-1.445085555315017700e-01 -1.528097987174987793e-01 6.195909976959228516e-01 5.225545167922973633e-01 7.626927495002746582e-01 1.000000000000000000e+00
6.145951747894287109e-01 7.824577689170837402e-01 9.013077020645141602e-01 6.169821023941040039e-01 2.064367085695266724e-01 2.000000000000000000e+00
6.010805964469909668e-01 7.727143764495849609e-01 7.479433417320251465e-01 8.218800425529479980e-01 8.054134845733642578e-01 0.000000000000000000e+00
6.687040925025939941e-01 9.408211112022399902e-01 9.485000371932983398e-01 9.325183033943176270e-01 9.506328105926513672e-01 0.000000000000000000e+00
5.633928179740905762e-01 6.015670299530029297e-01 6.813089251518249512e-01 8.490942716598510742e-01 8.658334612846374512e-01 0.000000000000000000e+00
4.889263808727264404e-01 6.584628820419311523e-01 6.662553548812866211e-01 7.851331830024719238e-01 8.448768854141235352e-01 0.000000000000000000e+00
5.890370607376098633e-01 6.523200869560241699e-01 6.712424159049987793e-01 7.421847581863403320e-01 7.705469727516174316e-01 0.000000000000000000e+00
4.615789949893951416e-01 6.536100506782531738e-01 7.594018578529357910e-01 8.105155825614929199e-01 9.440220594406127930e-01 0.000000000000000000e+00
3.582393825054168701e-01 3.881588578224182129e-01 2.654016613960266113e-01 3.541936576366424561e-01 2.710622251033782959e-01 0.000000000000000000e+00
5.737607479095458984e-01 9.456184506416320801e-01 9.700992107391357422e-01 9.488479495048522949e-01 9.845033288002014160e-01 0.000000000000000000e+00
1.355786435306072235e-02 7.864237427711486816e-01 8.096787929534912109e-01 7.816561460494995117e-01 8.767558932304382324e-01 0.000000000000000000e+00
5.556012392044067383e-01 5.577756762504577637e-01 8.067929148674011230e-01 8.816499114036560059e-01 9.065288901329040527e-01 0.000000000000000000e+00
-1.809072047472000122e-01 -1.798076629638671875e-01 2.864205539226531982e-01 6.794093847274780273e-01 7.361594438552856445e-01 0.000000000000000000e+00
-1.887023150920867920e-01 3.187665045261383057e-01 4.086447656154632568e-01 4.679729044437408447e-01 5.309615731239318848e-01 0.000000000000000000e+00
5.033472776412963867e-01 8.351292610168457031e-01 7.015627622604370117e-01 6.561441421508789062e-01 6.582024097442626953e-01 0.000000000000000000e+00
4.176709055900573730e-01 7.218758463859558105e-01 8.128742575645446777e-01 8.646776080131530762e-01 8.660534620285034180e-01 0.000000000000000000e+00
4.518110454082489014e-01 5.669254064559936523e-01 6.679708957672119141e-01 7.705833911895751953e-01 8.521901965141296387e-01 0.000000000000000000e+00
4.011437296867370605e-01 2.763759791851043701e-01 3.451175093650817871e-01 5.337336063385009766e-01 5.942606329917907715e-01 0.000000000000000000e+00
2.758290767669677734e-01 1.476722210645675659e-01 1.768694259226322174e-02 -6.044765934348106384e-02 -3.817940130829811096e-02 0.000000000000000000e+00
2.902745008468627930e-01 3.032156527042388916e-01 3.242390155792236328e-01 4.340209662914276123e-01 1.489703804254531860e-01 0.000000000000000000e+00
6.209927797317504883e-01 5.173774361610412598e-01 5.366890430450439453e-01 5.755851864814758301e-01 3.759162724018096924e-01 0.000000000000000000e+00
5.826994180679321289e-01 6.500982642173767090e-01 7.316781282424926758e-01 7.476755380630493164e-01 5.992760658264160156e-01 0.000000000000000000e+00
3.883121013641357422e-01 3.610612154006958008e-01 5.313786864280700684e-01 5.234827399253845215e-01 6.013405323028564453e-01 0.000000000000000000e+00
4.315359592437744141e-01 6.259589791297912598e-01 5.435472130775451660e-01 5.753675103187561035e-01 5.836099982261657715e-01 0.000000000000000000e+00
5.270365476608276367e-01 6.537677645683288574e-01 7.638444304466247559e-01 7.676714062690734863e-01 7.242674231529235840e-01 0.000000000000000000e+00
2.363036721944808960e-01 7.296979427337646484e-01 8.450515866279602051e-01 9.393739104270935059e-01 9.459210038185119629e-01 0.000000000000000000e+00
2.460464239120483398e-01 5.458704233169555664e-01 8.350528478622436523e-01 8.291208744049072266e-01 8.608141541481018066e-01 0.000000000000000000e+00
4.124675989151000977e-01 5.206393003463745117e-01 5.970131158828735352e-01 6.273621916770935059e-01 6.761373877525329590e-01 0.000000000000000000e+00
6.169269084930419922e-01 8.146607279777526855e-01 8.226138353347778320e-01 8.563346862792968750e-01 8.362153768539428711e-01 0.000000000000000000e+00
3.102345466613769531e-01 -1.918748021125793457e-01 -2.149617075920104980e-01 -1.163511425256729126e-01 2.817571461200714111e-01 1.000000000000000000e+00
1.370793133974075317e-01 4.621750414371490479e-01 5.759860873222351074e-01 7.551659941673278809e-01 8.164988160133361816e-01 2.000000000000000000e+00
3.102345466613769531e-01 -1.918748021125793457e-01 -2.149617075920104980e-01 -1.163511425256729126e-01 2.817571461200714111e-01 1.000000000000000000e+00
1.370793133974075317e-01 4.621750414371490479e-01 5.759860873222351074e-01 7.551659941673278809e-01 8.164988160133361816e-01 2.000000000000000000e+00
3.102345466613769531e-01 -1.918748021125793457e-01 -2.149617075920104980e-01 -1.163511425256729126e-01 2.817571461200714111e-01 1.000000000000000000e+00
1.370793133974075317e-01 4.621750414371490479e-01 5.759860873222351074e-01 7.551659941673278809e-01 8.164988160133361816e-01 2.000000000000000000e+00
3.102345466613769531e-01 -1.918748021125793457e-01 -2.149617075920104980e-01 -1.163511425256729126e-01 2.817571461200714111e-01 1.000000000000000000e+00
1.370793133974075317e-01 4.621750414371490479e-01 5.759860873222351074e-01 7.551659941673278809e-01 8.164988160133361816e-01 2.000000000000000000e+00
3.102345466613769531e-01 -1.918748021125793457e-01 -2.149617075920104980e-01 -1.163511425256729126e-01 2.817571461200714111e-01 1.000000000000000000e+00
1.370793133974075317e-01 4.621750414371490479e-01 5.759860873222351074e-01 7.551659941673278809e-01 8.164988160133361816e-01 2.000000000000000000e+00
3.102345466613769531e-01 -1.918748021125793457e-01 -2.149617075920104980e-01 -1.163511425256729126e-01 2.817571461200714111e-01 1.000000000000000000e+00
1.370793133974075317e-01 4.621750414371490479e-01 5.759860873222351074e-01 7.551659941673278809e-01 8.164988160133361816e-01 2.000000000000000000e+00
3.102345466613769531e-01 -1.918748021125793457e-01 -2.149617075920104980e-01 -1.163511425256729126e-01 2.817571461200714111e-01 1.000000000000000000e+00
1.370793133974075317e-01 4.621750414371490479e-01 5.759860873222351074e-01 7.551659941673278809e-01 8.164988160133361816e-01 2.000000000000000000e+00
3.102345466613769531e-01 -1.918748021125793457e-01 -2.149617075920104980e-01 -1.163511425256729126e-01 2.817571461200714111e-01 1.000000000000000000e+00
1.370793133974075317e-01 4.621750414371490479e-01 5.759860873222351074e-01 7.551659941673278809e-01 8.164988160133361816e-01 2.000000000000000000e+00
3.102345466613769531e-01 -1.918748021125793457e-01 -2.149617075920104980e-01 -1.163511425256729126e-01 2.817571461200714111e-01 1.000000000000000000e+00
1.370793133974075317e-01 4.621750414371490479e-01 5.759860873222351074e-01 7.551659941673278809e-01 8.164988160133361816e-01 2.000000000000000000e+00
3.102345466613769531e-01 -1.918748021125793457e-01 -2.149617075920104980e-01 -1.163511425256729126e-01 2.817571461200714111e-01 1.000000000000000000e+00
1.370793133974075317e-01 4.621750414371490479e-01 5.759860873222351074e-01 7.551659941673278809e-01 8.164988160133361816e-01 2.000000000000000000e+00
5.746503472328186035e-01 7.121333479881286621e-01 8.319168686866760254e-01 7.815512418746948242e-01 6.519821286201477051e-01 0.000000000000000000e+00
-6.134522147476673126e-03 1.950769685208797455e-02 4.146218672394752502e-02 3.301420509815216064e-01 5.731419324874877930e-01 0.000000000000000000e+00
7.924323678016662598e-01 8.849067687988281250e-01 8.906604051589965820e-01 8.320227861404418945e-01 6.518663763999938965e-01 0.000000000000000000e+00
4.160996526479721069e-03 8.245042711496353149e-02 1.021350249648094177e-01 6.687120348215103149e-02 3.961262702941894531e-01 0.000000000000000000e+00
7.350028753280639648e-01 8.806304931640625000e-01 9.383894801139831543e-01 9.600110650062561035e-01 9.357563257217407227e-01 0.000000000000000000e+00
6.040043234825134277e-01 5.178495049476623535e-01 2.996482849121093750e-01 3.439724743366241455e-01 5.643211603164672852e-01 0.000000000000000000e+00
1.296198517084121704e-01 3.637857735157012939e-02 1.870737671852111816e-01 5.234725475311279297e-01 7.784458398818969727e-01 0.000000000000000000e+00
5.511806607246398926e-01 5.532879829406738281e-01 6.867066621780395508e-01 6.417267322540283203e-01 5.949895977973937988e-01 0.000000000000000000e+00
5.000767707824707031e-01 6.609000563621520996e-01 7.556718587875366211e-01 6.598064899444580078e-01 4.996194243431091309e-01 0.000000000000000000e+00
2.976363003253936768e-01 3.621204197406768799e-01 5.732181072235107422e-01 6.053050160408020020e-01 6.013200283050537109e-01 0.000000000000000000e+00
4.219605028629302979e-01 4.942478239536285400e-01 3.816194236278533936e-01 3.419484496116638184e-01 1.596289724111557007e-01 0.000000000000000000e+00
3.939906954765319824e-01 4.236386120319366455e-01 3.891177177429199219e-01 3.102632164955139160e-01 4.193081557750701904e-01 0.000000000000000000e+00
2.452150881290435791e-01 1.394629478454589844e-01 1.035567075014114380e-01 2.190448343753814697e-01 4.031499326229095459e-01 0.000000000000000000e+00
8.973601460456848145e-02 -1.437783986330032349e-01 -2.014255672693252563e-01 -2.117249518632888794e-01 -2.490400671958923340e-01 0.000000000000000000e+00
5.440840721130371094e-01 5.717971324920654297e-01 6.485554575920104980e-01 8.545245528221130371e-01 7.731028795242309570e-01 0.000000000000000000e+00
8.289263248443603516e-01 8.553703427314758301e-01 7.774598002433776855e-01 8.144462704658508301e-01 7.785777449607849121e-01 0.000000000000000000e+00
7.546587586402893066e-01 7.583671212196350098e-01 8.296710848808288574e-01 7.787703871726989746e-01 9.098712801933288574e-01 0.000000000000000000e+00
4.833627343177795410e-01 6.053803563117980957e-01 5.935987830162048340e-01 5.171070098876953125e-01 8.471813201904296875e-01 0.000000000000000000e+00
3.418738543987274170e-01 5.920773744583129883e-01 5.991571545600891113e-01 6.118584275245666504e-01 8.234700560569763184e-01 0.000000000000000000e+00
1.905336380004882812e-01 1.559102237224578857e-01 5.005212426185607910e-01 5.511519312858581543e-01 6.936186552047729492e-01 0.000000000000000000e+00
2.765169143676757812e-01 2.573105692863464355e-01 3.301501870155334473e-01 1.724216043949127197e-01 1.629918515682220459e-01 0.000000000000000000e+00
2.567580342292785645e-01 5.595496892929077148e-01 8.385691642761230469e-01 8.693095445632934570e-01 9.255785942077636719e-01 0.000000000000000000e+00
5.465960502624511719e-01 5.711170434951782227e-01 5.518679022789001465e-01 5.078996419906616211e-01 5.505198240280151367e-01 0.000000000000000000e+00
8.608537912368774414e-02 2.201307713985443115e-01 4.887748956680297852e-01 5.639662146568298340e-01 6.510465145111083984e-01 0.000000000000000000e+00
5.911731719970703125e-01 5.769146084785461426e-01 6.377578973770141602e-01 5.834540724754333496e-01 4.840227365493774414e-01 0.000000000000000000e+00
9.049155116081237793e-01 9.575496912002563477e-01 9.828013181686401367e-01 9.876821637153625488e-01 9.905959367752075195e-01 0.000000000000000000e+00
-1.715908795595169067e-01 4.753971695899963379e-01 5.426585674285888672e-01 5.958765745162963867e-01 7.539510130882263184e-01 0.000000000000000000e+00
1.430182456970214844e-01 3.505077660083770752e-01 4.004529118537902832e-01 4.371117055416107178e-01 5.470346212387084961e-01 0.000000000000000000e+00
6.359065175056457520e-01 8.943338394165039062e-01 9.405308365821838379e-01 9.398992657661437988e-01 9.337024092674255371e-01 0.000000000000000000e+00
6.613146066665649414e-01 8.508311510086059570e-01 8.921085596084594727e-01 8.825629949569702148e-01 8.673607707023620605e-01 0.000000000000000000e+00
8.978849053382873535e-01 9.154831171035766602e-01 9.042491912841796875e-01 9.375999569892883301e-01 9.508278369903564453e-01 0.000000000000000000e+00
6.384788155555725098e-01 8.663353919982910156e-01 8.875089287757873535e-01 9.424593448638916016e-01 9.617686271667480469e-01 0.000000000000000000e+00
5.045510530471801758e-01 7.920728921890258789e-01 8.756534457206726074e-01 9.216336011886596680e-01 9.315071105957031250e-01 0.000000000000000000e+00
5.221382379531860352e-01 8.334071040153503418e-01 8.717246651649475098e-01 9.016486406326293945e-01 7.920979261398315430e-01 0.000000000000000000e+00
6.963347792625427246e-01 7.170691490173339844e-01 8.564502000808715820e-01 9.006493687629699707e-01 9.313061833381652832e-01 0.000000000000000000e+00
5.466881394386291504e-01 7.656837105751037598e-01 8.146849870681762695e-01 9.063526391983032227e-01 9.413671493530273438e-01 0.000000000000000000e+00
7.080184817314147949e-01 7.601220607757568359e-01 8.042156100273132324e-01 8.626891970634460449e-01 8.766868114471435547e-01 0.000000000000000000e+00
5.292376875877380371e-01 7.440552115440368652e-01 7.957495450973510742e-01 8.240202665328979492e-01 8.496572375297546387e-01 0.000000000000000000e+00
6.698271632194519043e-01 9.117611050605773926e-01 9.429780840873718262e-01 9.754672646522521973e-01 9.683073163032531738e-01 0.000000000000000000e+00
8.126251697540283203e-01 8.391305208206176758e-01 9.420871138572692871e-01 9.458211660385131836e-01 9.712208509445190430e-01 0.000000000000000000e+00
8.292266130447387695e-01 9.272422790527343750e-01 9.598386287689208984e-01 9.812956452369689941e-01 9.852284193038940430e-01 0.000000000000000000e+00
7.729433178901672363e-01 9.453250765800476074e-01 9.745373129844665527e-01 9.849690198898315430e-01 9.895023703575134277e-01 0.000000000000000000e+00
8.383208513259887695e-01 9.642114639282226562e-01 9.890461564064025879e-01 9.931642413139343262e-01 9.986061453819274902e-01 0.000000000000000000e+00
8.133559823036193848e-01 8.722252249717712402e-01 9.692066907882690430e-01 9.727303385734558105e-01 9.893895387649536133e-01 0.000000000000000000e+00
4.951416850090026855e-01 7.289888262748718262e-01 7.490713000297546387e-01 7.557543516159057617e-01 9.105249047279357910e-01 0.000000000000000000e+00
6.500333547592163086e-01 8.374699950218200684e-01 8.415540456771850586e-01 9.055812358856201172e-01 9.067195653915405273e-01 0.000000000000000000e+00
4.525617063045501709e-01 5.308425426483154297e-01 6.363774538040161133e-01 6.773774623870849609e-01 5.185050964355468750e-01 0.000000000000000000e+00
2.832009196281433105e-01 4.041668474674224854e-01 5.409497022628784180e-01 6.256720423698425293e-01 6.690953969955444336e-01 0.000000000000000000e+00
4.805893599987030029e-01 5.970810651779174805e-01 6.499650478363037109e-01 6.923327445983886719e-01 6.749232411384582520e-01 0.000000000000000000e+00
4.085429012775421143e-01 7.808008193969726562e-01 7.537306547164916992e-01 8.331247568130493164e-01 7.889916300773620605e-01 0.000000000000000000e+00
5.606865882873535156e-01 8.008218407630920410e-01 6.637348532676696777e-01 9.247022867202758789e-01 9.060936570167541504e-01 0.000000000000000000e+00
3.528060019016265869e-01 7.014643549919128418e-01 7.251208424568176270e-01 8.935131430625915527e-01 9.741208553314208984e-01 0.000000000000000000e+00
1.267462223768234253e-01 6.637718677520751953e-01 5.795834064483642578e-01 6.442188620567321777e-01 8.965656757354736328e-01 0.000000000000000000e+00
3.835503458976745605e-01 5.697801113128662109e-01 6.574263572692871094e-01 5.680591464042663574e-01 5.662816166877746582e-01 0.000000000000000000e+00
6.002087593078613281e-01 6.180396676063537598e-01 7.335895299911499023e-01 7.291544675827026367e-01 5.663199424743652344e-01 0.000000000000000000e+00
5.264591574668884277e-01 6.976506114006042480e-01 8.339712023735046387e-01 8.755937814712524414e-01 8.840383291244506836e-01 0.000000000000000000e+00
3.739322423934936523e-01 6.166806221008300781e-01 8.246957063674926758e-01 8.698980808258056641e-01 9.013157486915588379e-01 0.000000000000000000e+00
5.007939934730529785e-01 2.799763679504394531e-01 3.109020888805389404e-01 5.101226568222045898e-01 3.286070227622985840e-01 0.000000000000000000e+00
3.177664279937744141e-01 7.364569306373596191e-01 9.051812291145324707e-01 9.521433115005493164e-01 9.499619603157043457e-01 0.000000000000000000e+00
4.425359070301055908e-01 4.708617627620697021e-01 5.203478336334228516e-01 4.643865227699279785e-01 5.166606903076171875e-01 0.000000000000000000e+00
3.941624462604522705e-01 6.268300414085388184e-01 7.579357028007507324e-01 8.701988458633422852e-01 9.492352008819580078e-01 0.000000000000000000e+00
7.864733338356018066e-01 6.839720606803894043e-01 5.832336544990539551e-01 6.127507090568542480e-01 5.392385125160217285e-01 0.000000000000000000e+00
3.056423068046569824e-01 2.262177616357803345e-01 3.938882052898406982e-01 6.400380730628967285e-01 8.160639405250549316e-01 0.000000000000000000e+00
4.184991717338562012e-01 4.316138625144958496e-01 4.326955378055572510e-01 5.343670248985290527e-01 5.336313843727111816e-01 0.000000000000000000e+00
3.970593810081481934e-01 3.824596703052520752e-01 4.912397861480712891e-01 5.225700736045837402e-01 5.487594604492187500e-01 0.000000000000000000e+00
3.005867898464202881e-01 2.981264889240264893e-01 2.696447670459747314e-01 3.068205118179321289e-01 2.902548909187316895e-01 0.000000000000000000e+00
3.416163027286529541e-01 4.292200207710266113e-01 4.449362456798553467e-01 4.816960394382476807e-01 3.818687200546264648e-01 0.000000000000000000e+00
9.465058892965316772e-02 4.744537174701690674e-02 1.266321986913681030e-01 1.969771534204483032e-01 3.357477784156799316e-01 0.000000000000000000e+00
3.372716307640075684e-01 2.511872649192810059e-01 8.449669182300567627e-02 2.159802913665771484e-01 9.946256875991821289e-03 0.000000000000000000e+00
2.585268914699554443e-01 3.617772459983825684e-01 3.568603992462158203e-01 1.066705733537673950e-01 5.772145465016365051e-02 0.000000000000000000e+00
7.876518964767456055e-01 9.460595846176147461e-01 9.822586178779602051e-01 9.938494563102722168e-01 9.957125782966613770e-01 0.000000000000000000e+00
7.010168433189392090e-01 8.651155829429626465e-01 9.342707991600036621e-01 9.814573526382446289e-01 9.931818246841430664e-01 0.000000000000000000e+00
3.491218686103820801e-01 7.180911898612976074e-01 8.213678598403930664e-01 9.209783077239990234e-01 9.381082057952880859e-01 0.000000000000000000e+00
9.491729736328125000e-02 4.715748131275177002e-01 7.377480864524841309e-01 7.481791973114013672e-01 8.174627423286437988e-01 0.000000000000000000e+00
4.580994546413421631e-01 6.943045258522033691e-01 7.422649264335632324e-01 6.899427175521850586e-01 7.925115227699279785e-01 0.000000000000000000e+00
8.752731978893280029e-02 -1.258640289306640625e-01 -1.057729572057723999e-01 5.251777544617652893e-02 4.185653328895568848e-01 0.000000000000000000e+00
2.298481613397598267e-01 5.120595097541809082e-01 3.543258905410766602e-01 2.681700289249420166e-01 3.705506920814514160e-01 0.000000000000000000e+00
6.916413307189941406e-01 8.914048671722412109e-01 9.517731666564941406e-01 9.781624078750610352e-01 9.897007346153259277e-01 0.000000000000000000e+00
7.142975926399230957e-01 9.406366944313049316e-01 9.394815564155578613e-01 9.581207633018493652e-01 9.642936587333679199e-01 0.000000000000000000e+00
7.391937375068664551e-01 9.144808053970336914e-01 9.803735017776489258e-01 9.899669885635375977e-01 9.912254214286804199e-01 0.000000000000000000e+00
5.381708145141601562e-01 8.850566744804382324e-01 9.483796954154968262e-01 9.765468835830688477e-01 9.831072688102722168e-01 0.000000000000000000e+00
5.826027989387512207e-01 6.155531406402587891e-01 8.826059103012084961e-01 9.391653537750244141e-01 9.609261155128479004e-01 0.000000000000000000e+00
2.935150563716888428e-01 6.686040163040161133e-01 6.701573133468627930e-01 7.645645141601562500e-01 7.738726139068603516e-01 0.000000000000000000e+00
-3.718234598636627197e-02 2.485684752464294434e-01 4.941402971744537354e-01 4.705653488636016846e-01 5.668075680732727051e-01 0.000000000000000000e+00
6.574289202690124512e-01 8.124421238899230957e-01 8.334293961524963379e-01 8.797355294227600098e-01 8.719099760055541992e-01 0.000000000000000000e+00
5.343956351280212402e-01 7.326477169990539551e-01 7.028056979179382324e-01 8.121842145919799805e-01 8.193885684013366699e-01 0.000000000000000000e+00
6.394283175468444824e-01 8.742849230766296387e-01 9.335671663284301758e-01 9.062221646308898926e-01 9.075207114219665527e-01 0.000000000000000000e+00
2.536684274673461914e-01 6.758456826210021973e-01 8.412207365036010742e-01 9.090825915336608887e-01 8.752772212028503418e-01 0.000000000000000000e+00
1.388843208551406860e-01 2.900401353836059570e-01 5.859891772270202637e-01 7.393879890441894531e-01 7.488915920257568359e-01 0.000000000000000000e+00
4.684833884239196777e-01 6.301628351211547852e-01 6.070483922958374023e-01 6.167026758193969727e-01 5.428530573844909668e-01 0.000000000000000000e+00
6.486904621124267578e-01 8.772378563880920410e-01 7.331107854843139648e-01 7.899546027183532715e-01 8.713421225547790527e-01 0.000000000000000000e+00
6.949250102043151855e-01 9.211391806602478027e-01 9.471230506896972656e-01 9.744858741760253906e-01 9.657905697822570801e-01 0.000000000000000000e+00
7.807966470718383789e-01 9.288895130157470703e-01 9.701141715049743652e-01 9.814392924308776855e-01 9.908645153045654297e-01 0.000000000000000000e+00
7.814211845397949219e-01 9.095977544784545898e-01 9.348981380462646484e-01 9.734017252922058105e-01 9.866895079612731934e-01 0.000000000000000000e+00
6.277616024017333984e-01 8.581231236457824707e-01 9.634237885475158691e-01 9.804153442382812500e-01 9.899721741676330566e-01 0.000000000000000000e+00
9.216426014900207520e-01 9.899598956108093262e-01 9.939528107643127441e-01 9.934073686599731445e-01 9.973756670951843262e-01 0.000000000000000000e+00
8.493876457214355469e-01 9.614316225051879883e-01 9.894486665725708008e-01 9.914185404777526855e-01 9.944123029708862305e-01 0.000000000000000000e+00
5.752403736114501953e-01 8.528921008110046387e-01 9.340167641639709473e-01 9.784787297248840332e-01 9.896632432937622070e-01 0.000000000000000000e+00
6.451810002326965332e-01 7.798928022384643555e-01 8.525723814964294434e-01 9.134020209312438965e-01 9.415256977081298828e-01 0.000000000000000000e+00
7.022272348403930664e-01 8.277466893196105957e-01 8.791364431381225586e-01 9.080883860588073730e-01 9.136140346527099609e-01 0.000000000000000000e+00
7.712203264236450195e-01 8.742541074752807617e-01 9.128725528717041016e-01 9.354991912841796875e-01 9.411537051200866699e-01 0.000000000000000000e+00
7.290396094322204590e-01 8.621078729629516602e-01 9.281319379806518555e-01 9.455951452255249023e-01 9.624823927879333496e-01 0.000000000000000000e+00
7.709859013557434082e-01 8.628722429275512695e-01 9.209847450256347656e-01 9.528040885925292969e-01 9.585060477256774902e-01 0.000000000000000000e+00
8.053652644157409668e-01 9.114506244659423828e-01 9.386831521987915039e-01 9.551392793655395508e-01 9.594464302062988281e-01 0.000000000000000000e+00
7.737419009208679199e-01 8.995136022567749023e-01 9.378383159637451172e-01 9.645497202873229980e-01 9.737262725830078125e-01 0.000000000000000000e+00
-2.012654542922973633e-01 4.659906327724456787e-01 6.817509531974792480e-01 8.678240776062011719e-01 8.873898983001708984e-01 0.000000000000000000e+00
5.729891657829284668e-01 6.283370852470397949e-01 7.957444787025451660e-01 8.324941396713256836e-01 8.782836198806762695e-01 0.000000000000000000e+00
4.255629181861877441e-01 7.736704945564270020e-01 6.866673231124877930e-01 7.695268392562866211e-01 8.582772016525268555e-01 0.000000000000000000e+00
6.403573155403137207e-01 8.302419781684875488e-01 8.465172648429870605e-01 8.977556824684143066e-01 9.003324508666992188e-01 0.000000000000000000e+00
1.848765611648559570e-01 5.298073887825012207e-01 5.765776038169860840e-01 4.506801664829254150e-01 4.190661013126373291e-01 0.000000000000000000e+00
5.911882519721984863e-01 7.891464829444885254e-01 9.217461347579956055e-01 8.978937268257141113e-01 8.911043405532836914e-01 0.000000000000000000e+00
8.094601631164550781e-01 8.599735498428344727e-01 8.862783312797546387e-01 9.127186536788940430e-01 8.860370516777038574e-01 0.000000000000000000e+00
-1.222805753350257874e-01 8.244901150465011597e-02 2.558811306953430176e-01 1.912236586213111877e-02 -1.627158522605895996e-01 1.000000000000000000e+00
-5.053524672985076904e-02 2.908490896224975586e-01 6.528375148773193359e-01 6.638199687004089355e-01 7.677648663520812988e-01 2.000000000000000000e+00
-1.222805753350257874e-01 8.244901150465011597e-02 2.558811306953430176e-01 1.912236586213111877e-02 -1.627158522605895996e-01 1.000000000000000000e+00
-5.053524672985076904e-02 2.908490896224975586e-01 6.528375148773193359e-01 6.638199687004089355e-01 7.677648663520812988e-01 2.000000000000000000e+00
-1.222805753350257874e-01 8.244901150465011597e-02 2.558811306953430176e-01 1.912236586213111877e-02 -1.627158522605895996e-01 1.000000000000000000e+00
-5.053524672985076904e-02 2.908490896224975586e-01 6.528375148773193359e-01 6.638199687004089355e-01 7.677648663520812988e-01 2.000000000000000000e+00
-1.222805753350257874e-01 8.244901150465011597e-02 2.558811306953430176e-01 1.912236586213111877e-02 -1.627158522605895996e-01 1.000000000000000000e+00
-5.053524672985076904e-02 2.908490896224975586e-01 6.528375148773193359e-01 6.638199687004089355e-01 7.677648663520812988e-01 2.000000000000000000e+00
-1.222805753350257874e-01 8.244901150465011597e-02 2.558811306953430176e-01 1.912236586213111877e-02 -1.627158522605895996e-01 1.000000000000000000e+00
-5.053524672985076904e-02 2.908490896224975586e-01 6.528375148773193359e-01 6.638199687004089355e-01 7.677648663520812988e-01 2.000000000000000000e+00
-1.222805753350257874e-01 8.244901150465011597e-02 2.558811306953430176e-01 1.912236586213111877e-02 -1.627158522605895996e-01 1.000000000000000000e+00
-5.053524672985076904e-02 2.908490896224975586e-01 6.528375148773193359e-01 6.638199687004089355e-01 7.677648663520812988e-01 2.000000000000000000e+00
-1.222805753350257874e-01 8.244901150465011597e-02 2.558811306953430176e-01 1.912236586213111877e-02 -1.627158522605895996e-01 1.000000000000000000e+00
-5.053524672985076904e-02 2.908490896224975586e-01 6.528375148773193359e-01 6.638199687004089355e-01 7.677648663520812988e-01 2.000000000000000000e+00
-1.222805753350257874e-01 8.244901150465011597e-02 2.558811306953430176e-01 1.912236586213111877e-02 -1.627158522605895996e-01 1.000000000000000000e+00
-5.053524672985076904e-02 2.908490896224975586e-01 6.528375148773193359e-01 6.638199687004089355e-01 7.677648663520812988e-01 2.000000000000000000e+00
-1.222805753350257874e-01 8.244901150465011597e-02 2.558811306953430176e-01 1.912236586213111877e-02 -1.627158522605895996e-01 1.000000000000000000e+00
-5.053524672985076904e-02 2.908490896224975586e-01 6.528375148773193359e-01 6.638199687004089355e-01 7.677648663520812988e-01 2.000000000000000000e+00
-1.222805753350257874e-01 8.244901150465011597e-02 2.558811306953430176e-01 1.912236586213111877e-02 -1.627158522605895996e-01 1.000000000000000000e+00
-5.053524672985076904e-02 2.908490896224975586e-01 6.528375148773193359e-01 6.638199687004089355e-01 7.677648663520812988e-01 2.000000000000000000e+00
6.003666520118713379e-01 7.114355564117431641e-01 7.492362856864929199e-01 7.814970612525939941e-01 7.803021073341369629e-01 0.000000000000000000e+00
6.246925592422485352e-01 7.822595238685607910e-01 7.610742449760437012e-01 7.655949592590332031e-01 8.055591583251953125e-01 0.000000000000000000e+00
6.161203384399414062e-01 6.851878166198730469e-01 7.457329630851745605e-01 7.699462771415710449e-01 8.563120365142822266e-01 0.000000000000000000e+00
3.650655448436737061e-01 5.716235637664794922e-01 6.510980725288391113e-01 6.311575174331665039e-01 6.873663067817687988e-01 0.000000000000000000e+00
6.880939006805419922e-01 6.402838826179504395e-01 5.254764556884765625e-01 4.819906949996948242e-01 3.451210260391235352e-01 0.000000000000000000e+00
5.483865737915039062e-01 6.725314259529113770e-01 6.871448755264282227e-01 6.326306462287902832e-01 6.405980587005615234e-01 0.000000000000000000e+00
5.705075860023498535e-01 6.213409304618835449e-01 7.084203362464904785e-01 7.903389334678649902e-01 8.351000547409057617e-01 0.000000000000000000e+00
7.218773961067199707e-01 8.546755909919738770e-01 9.350533485412597656e-01 9.664955735206604004e-01 9.583777189254760742e-01 0.000000000000000000e+00
8.581048846244812012e-01 9.599761366844177246e-01 9.691138863563537598e-01 9.525789022445678711e-01 9.493993520736694336e-01 0.000000000000000000e+00
6.518412828445434570e-01 8.761383891105651855e-01 9.465054273605346680e-01 9.580599069595336914e-01 9.793649315834045410e-01 0.000000000000000000e+00
7.520163655281066895e-01 8.822124600410461426e-01 9.062120914459228516e-01 9.355843663215637207e-01 9.188129305839538574e-01 0.000000000000000000e+00
5.390999317169189453e-01 5.551700592041015625e-01 7.257021665573120117e-01 8.365690708160400391e-01 8.282301425933837891e-01 0.000000000000000000e+00
3.792765438556671143e-01 6.891555190086364746e-01 7.749367952346801758e-01 7.757339477539062500e-01 8.133295774459838867e-01 0.000000000000000000e+00
-6.997940689325332642e-02 2.871937155723571777e-01 2.892264127731323242e-01 -1.726332493126392365e-02 -9.925794787704944611e-03 0.000000000000000000e+00
6.353780627250671387e-01 7.974148392677307129e-01 8.200123906135559082e-01 7.900490760803222656e-01 8.158563971519470215e-01 0.000000000000000000e+00
5.123394727706909180e-01 5.201146006584167480e-01 4.162341356277465820e-01 3.255254328250885010e-01 3.935222923755645752e-01 0.000000000000000000e+00
4.133557379245758057e-01 5.430737733840942383e-01 5.654841065406799316e-01 4.800705909729003906e-01 4.206617474555969238e-01 0.000000000000000000e+00
3.944517076015472412e-01 4.022537767887115479e-01 4.326715767383575439e-01 6.338340640068054199e-01 7.455859780311584473e-01 0.000000000000000000e+00
4.894279241561889648e-01 6.196537613868713379e-01 6.113360524177551270e-01 5.047038793563842773e-01 5.143955349922180176e-01 0.000000000000000000e+00
5.856397151947021484e-01 6.338587999343872070e-01 6.672363281250000000e-01 6.242666244506835938e-01 6.831713914871215820e-01 0.000000000000000000e+00
6.765805482864379883e-01 8.010168075561523438e-01 8.318150639533996582e-01 8.445551395416259766e-01 8.514240384101867676e-01 0.000000000000000000e+00
3.366735577583312988e-01 5.007441043853759766e-01 7.087820172309875488e-01 6.173523068428039551e-01 6.742895841598510742e-01 0.000000000000000000e+00
3.203460872173309326e-01 3.086947798728942871e-01 5.953061580657958984e-01 6.824362874031066895e-01 8.002139925956726074e-01 0.000000000000000000e+00
5.446144342422485352e-01 5.607021450996398926e-01 6.481962800025939941e-01 6.749335527420043945e-01 7.091641426086425781e-01 0.000000000000000000e+00
6.239217519760131836e-01 8.135749697685241699e-01 7.410224676132202148e-01 7.785786390304565430e-01 7.556966543197631836e-01 0.000000000000000000e+00
6.583054661750793457e-01 8.623104095458984375e-01 8.801366686820983887e-01 8.980194926261901855e-01 9.071611166000366211e-01 0.000000000000000000e+00
7.407016158103942871e-01 8.234187364578247070e-01 8.790346980094909668e-01 9.172326326370239258e-01 9.237963557243347168e-01 0.000000000000000000e+00
3.898414671421051025e-01 6.490541696548461914e-01 8.841196894645690918e-01 9.281050562858581543e-01 9.482588768005371094e-01 0.000000000000000000e+00
6.683211922645568848e-01 8.969798684120178223e-01 9.020460247993469238e-01 9.100337028503417969e-01 9.325067400932312012e-01 0.000000000000000000e+00
9.235596656799316406e-01 9.522545337677001953e-01 9.711958765983581543e-01 9.804599881172180176e-01 9.876415729522705078e-01 0.000000000000000000e+00
8.396350741386413574e-01 9.631721973419189453e-01 9.726247191429138184e-01 9.902145266532897949e-01 9.868049621582031250e-01 0.000000000000000000e+00
7.100971341133117676e-01 9.146980643272399902e-01 9.373424649238586426e-01 9.718666672706604004e-01 9.865609407424926758e-01 0.000000000000000000e+00
7.486317753791809082e-01 8.309118151664733887e-01 9.004618525505065918e-01 9.212914705276489258e-01 9.695602059364318848e-01 0.000000000000000000e+00
7.151017785072326660e-01 8.838292956352233887e-01 9.188026189804077148e-01 9.621309041976928711e-01 9.588741660118103027e-01 0.000000000000000000e+00
6.869522333145141602e-01 8.225684165954589844e-01 8.633548021316528320e-01 8.930873274803161621e-01 9.086615443229675293e-01 0.000000000000000000e+00
7.340930700302124023e-01 8.388969898223876953e-01 8.776806592941284180e-01 9.292688965797424316e-01 9.329257011413574219e-01 1.000000000000000000e+00
7.340217828750610352e-01 8.989304900169372559e-01 9.554831385612487793e-01 9.621066451072692871e-01 9.239352345466613770e-01 2.000000000000000000e+00
7.340930700302124023e-01 8.388969898223876953e-01 8.776806592941284180e-01 9.292688965797424316e-01 9.329257011413574219e-01 1.000000000000000000e+00
7.340217828750610352e-01 8.989304900169372559e-01 9.554831385612487793e-01 9.621066451072692871e-01 9.239352345466613770e-01 2.000000000000000000e+00
7.340930700302124023e-01 8.388969898223876953e-01 8.776806592941284180e-01 9.292688965797424316e-01 9.329257011413574219e-01 1.000000000000000000e+00
7.340217828750610352e-01 8.989304900169372559e-01 9.554831385612487793e-01 9.621066451072692871e-01 9.239352345466613770e-01 2.000000000000000000e+00
7.340930700302124023e-01 8.388969898223876953e-01 8.776806592941284180e-01 9.292688965797424316e-01 9.329257011413574219e-01 1.000000000000000000e+00
7.340217828750610352e-01 8.989304900169372559e-01 9.554831385612487793e-01 9.621066451072692871e-01 9.239352345466613770e-01 2.000000000000000000e+00
7.340930700302124023e-01 8.388969898223876953e-01 8.776806592941284180e-01 9.292688965797424316e-01 9.329257011413574219e-01 1.000000000000000000e+00
7.340217828750610352e-01 8.989304900169372559e-01 9.554831385612487793e-01 9.621066451072692871e-01 9.239352345466613770e-01 2.000000000000000000e+00
7.340930700302124023e-01 8.388969898223876953e-01 8.776806592941284180e-01 9.292688965797424316e-01 9.329257011413574219e-01 1.000000000000000000e+00
7.340217828750610352e-01 8.989304900169372559e-01 9.554831385612487793e-01 9.621066451072692871e-01 9.239352345466613770e-01 2.000000000000000000e+00
7.340930700302124023e-01 8.388969898223876953e-01 8.776806592941284180e-01 9.292688965797424316e-01 9.329257011413574219e-01 1.000000000000000000e+00
7.340217828750610352e-01 8.989304900169372559e-01 9.554831385612487793e-01 9.621066451072692871e-01 9.239352345466613770e-01 2.000000000000000000e+00
7.340930700302124023e-01 8.388969898223876953e-01 8.776806592941284180e-01 9.292688965797424316e-01 9.329257011413574219e-01 1.000000000000000000e+00
7.340217828750610352e-01 8.989304900169372559e-01 9.554831385612487793e-01 9.621066451072692871e-01 9.239352345466613770e-01 2.000000000000000000e+00
7.340930700302124023e-01 8.388969898223876953e-01 8.776806592941284180e-01 9.292688965797424316e-01 9.329257011413574219e-01 1.000000000000000000e+00
7.340217828750610352e-01 8.989304900169372559e-01 9.554831385612487793e-01 9.621066451072692871e-01 9.239352345466613770e-01 2.000000000000000000e+00
7.340930700302124023e-01 8.388969898223876953e-01 8.776806592941284180e-01 9.292688965797424316e-01 9.329257011413574219e-01 1.000000000000000000e+00
7.340217828750610352e-01 8.989304900169372559e-01 9.554831385612487793e-01 9.621066451072692871e-01 9.239352345466613770e-01 2.000000000000000000e+00
6.378568410873413086e-01 7.654338479042053223e-01 7.104226350784301758e-01 7.518422603607177734e-01 7.603469491004943848e-01 0.000000000000000000e+00
4.905965030193328857e-01 6.749844551086425781e-01 7.487680912017822266e-01 7.988921403884887695e-01 7.678621411323547363e-01 0.000000000000000000e+00
6.086155772209167480e-01 8.560106158256530762e-01 8.491340875625610352e-01 8.446792960166931152e-01 8.626827597618103027e-01 0.000000000000000000e+00
4.945482611656188965e-01 8.571203947067260742e-01 9.144529104232788086e-01 9.458883404731750488e-01 9.526711702346801758e-01 0.000000000000000000e+00
6.019326448440551758e-01 9.066652655601501465e-01 9.333401322364807129e-01 9.192837476730346680e-01 9.140316247940063477e-01 0.000000000000000000e+00
5.601993203163146973e-01 3.197603523731231689e-01 6.423254609107971191e-01 6.945307254791259766e-01 7.826782464981079102e-01 0.000000000000000000e+00
4.760033190250396729e-01 6.216491460800170898e-01 8.121444582939147949e-01 8.728660941123962402e-01 9.131045341491699219e-01 0.000000000000000000e+00
5.497168898582458496e-01 7.354563474655151367e-01 7.725118398666381836e-01 8.422170281410217285e-01 8.561874628067016602e-01 0.000000000000000000e+00
-1.837110966444015503e-01 -1.783426851034164429e-01 -1.996010094881057739e-01 1.564216911792755127e-01 9.234520047903060913e-02 0.000000000000000000e+00
8.788082003593444824e-02 3.953941166400909424e-01 3.954640924930572510e-01 5.554068684577941895e-01 6.728411316871643066e-01 0.000000000000000000e+00
1.091713756322860718e-01 2.705452144145965576e-01 5.402824878692626953e-01 5.786197185516357422e-01 6.117618083953857422e-01 0.000000000000000000e+00
7.191064953804016113e-01 8.611738681793212891e-01 9.263456463813781738e-01 9.015287756919860840e-01 8.690655231475830078e-01 0.000000000000000000e+00
5.807303190231323242e-01 6.675732731819152832e-01 7.306827306747436523e-01 7.740040421485900879e-01 7.968261837959289551e-01 1.000000000000000000e+00
6.710038185119628906e-01 6.068420410156250000e-01 7.816112041473388672e-01 8.757218718528747559e-01 8.048944473266601562e-01 2.000000000000000000e+00
5.807303190231323242e-01 6.675732731819152832e-01 7.306827306747436523e-01 7.740040421485900879e-01 7.968261837959289551e-01 1.000000000000000000e+00
6.710038185119628906e-01 6.068420410156250000e-01 7.816112041473388672e-01 8.757218718528747559e-01 8.048944473266601562e-01 2.000000000000000000e+00
5.807303190231323242e-01 6.675732731819152832e-01 7.306827306747436523e-01 7.740040421485900879e-01 7.968261837959289551e-01 1.000000000000000000e+00
6.710038185119628906e-01 6.068420410156250000e-01 7.816112041473388672e-01 8.757218718528747559e-01 8.048944473266601562e-01 2.000000000000000000e+00
5.807303190231323242e-01 6.675732731819152832e-01 7.306827306747436523e-01 7.740040421485900879e-01 7.968261837959289551e-01 1.000000000000000000e+00
6.710038185119628906e-01 6.068420410156250000e-01 7.816112041473388672e-01 8.757218718528747559e-01 8.048944473266601562e-01 2.000000000000000000e+00
5.807303190231323242e-01 6.675732731819152832e-01 7.306827306747436523e-01 7.740040421485900879e-01 7.968261837959289551e-01 1.000000000000000000e+00
6.710038185119628906e-01 6.068420410156250000e-01 7.816112041473388672e-01 8.757218718528747559e-01 8.048944473266601562e-01 2.000000000000000000e+00
5.807303190231323242e-01 6.675732731819152832e-01 7.306827306747436523e-01 7.740040421485900879e-01 7.968261837959289551e-01 1.000000000000000000e+00
6.710038185119628906e-01 6.068420410156250000e-01 7.816112041473388672e-01 8.757218718528747559e-01 8.048944473266601562e-01 2.000000000000000000e+00
5.807303190231323242e-01 6.675732731819152832e-01 7.306827306747436523e-01 7.740040421485900879e-01 7.968261837959289551e-01 1.000000000000000000e+00
6.710038185119628906e-01 6.068420410156250000e-01 7.816112041473388672e-01 8.757218718528747559e-01 8.048944473266601562e-01 2.000000000000000000e+00
5.807303190231323242e-01 6.675732731819152832e-01 7.306827306747436523e-01 7.740040421485900879e-01 7.968261837959289551e-01 1.000000000000000000e+00
6.710038185119628906e-01 6.068420410156250000e-01 7.816112041473388672e-01 8.757218718528747559e-01 8.048944473266601562e-01 2.000000000000000000e+00
5.807303190231323242e-01 6.675732731819152832e-01 7.306827306747436523e-01 7.740040421485900879e-01 7.968261837959289551e-01 1.000000000000000000e+00
6.710038185119628906e-01 6.068420410156250000e-01 7.816112041473388672e-01 8.757218718528747559e-01 8.048944473266601562e-01 2.000000000000000000e+00
5.807303190231323242e-01 6.675732731819152832e-01 7.306827306747436523e-01 7.740040421485900879e-01 7.968261837959289551e-01 1.000000000000000000e+00
6.710038185119628906e-01 6.068420410156250000e-01 7.816112041473388672e-01 8.757218718528747559e-01 8.048944473266601562e-01 2.000000000000000000e+00
5.360175371170043945e-01 5.442894101142883301e-01 4.151557385921478271e-01 5.561563372611999512e-01 3.872608542442321777e-01 0.000000000000000000e+00
1.981425881385803223e-01 2.159824669361114502e-01 2.947277426719665527e-01 3.447196483612060547e-01 5.452904701232910156e-01 0.000000000000000000e+00
5.141393095254898071e-02 3.105098307132720947e-01 2.434875518083572388e-01 5.352992415428161621e-01 3.676212728023529053e-01 0.000000000000000000e+00
7.363961935043334961e-01 8.945656418800354004e-01 8.953029513359069824e-01 7.940198183059692383e-01 6.390716433525085449e-01 0.000000000000000000e+00
4.063785076141357422e-01 7.169997692108154297e-01 7.768853306770324707e-01 8.283008337020874023e-01 8.830073475837707520e-01 0.000000000000000000e+00
-2.218553870916366577e-01 -2.081435173749923706e-01 -1.463918685913085938e-01 -9.749522805213928223e-02 -2.551623284816741943e-01 1.000000000000000000e+00
2.629188299179077148e-01 2.321537882089614868e-01 5.758229643106460571e-02 -1.633266806602478027e-01 -1.057936400175094604e-01 2.000000000000000000e+00
-2.218553870916366577e-01 -2.081435173749923706e-01 -1.463918685913085938e-01 -9.749522805213928223e-02 -2.551623284816741943e-01 1.000000000000000000e+00
2.629188299179077148e-01 2.321537882089614868e-01 5.758229643106460571e-02 -1.633266806602478027e-01 -1.057936400175094604e-01 2.000000000000000000e+00
-2.218553870916366577e-01 -2.081435173749923706e-01 -1.463918685913085938e-01 -9.749522805213928223e-02 -2.551623284816741943e-01 1.000000000000000000e+00
2.629188299179077148e-01 2.321537882089614868e-01 5.758229643106460571e-02 -1.633266806602478027e-01 -1.057936400175094604e-01 2.000000000000000000e+00
-2.218553870916366577e-01 -2.081435173749923706e-01 -1.463918685913085938e-01 -9.749522805213928223e-02 -2.551623284816741943e-01 1.000000000000000000e+00
2.629188299179077148e-01 2.321537882089614868e-01 5.758229643106460571e-02 -1.633266806602478027e-01 -1.057936400175094604e-01 2.000000000000000000e+00
-2.218553870916366577e-01 -2.081435173749923706e-01 -1.463918685913085938e-01 -9.749522805213928223e-02 -2.551623284816741943e-01 1.000000000000000000e+00
2.629188299179077148e-01 2.321537882089614868e-01 5.758229643106460571e-02 -1.633266806602478027e-01 -1.057936400175094604e-01 2.000000000000000000e+00
-2.218553870916366577e-01 -2.081435173749923706e-01 -1.463918685913085938e-01 -9.749522805213928223e-02 -2.551623284816741943e-01 1.000000000000000000e+00
2.629188299179077148e-01 2.321537882089614868e-01 5.758229643106460571e-02 -1.633266806602478027e-01 -1.057936400175094604e-01 2.000000000000000000e+00
-2.218553870916366577e-01 -2.081435173749923706e-01 -1.463918685913085938e-01 -9.749522805213928223e-02 -2.551623284816741943e-01 1.000000000000000000e+00
2.629188299179077148e-01 2.321537882089614868e-01 5.758229643106460571e-02 -1.633266806602478027e-01 -1.057936400175094604e-01 2.000000000000000000e+00
-2.218553870916366577e-01 -2.081435173749923706e-01 -1.463918685913085938e-01 -9.749522805213928223e-02 -2.551623284816741943e-01 1.000000000000000000e+00
2.629188299179077148e-01 2.321537882089614868e-01 5.758229643106460571e-02 -1.633266806602478027e-01 -1.057936400175094604e-01 2.000000000000000000e+00
-2.218553870916366577e-01 -2.081435173749923706e-01 -1.463918685913085938e-01 -9.749522805213928223e-02 -2.551623284816741943e-01 1.000000000000000000e+00
2.629188299179077148e-01 2.321537882089614868e-01 5.758229643106460571e-02 -1.633266806602478027e-01 -1.057936400175094604e-01 2.000000000000000000e+00
-2.218553870916366577e-01 -2.081435173749923706e-01 -1.463918685913085938e-01 -9.749522805213928223e-02 -2.551623284816741943e-01 1.000000000000000000e+00
2.629188299179077148e-01 2.321537882089614868e-01 5.758229643106460571e-02 -1.633266806602478027e-01 -1.057936400175094604e-01 2.000000000000000000e+00
4.808207452297210693e-01 5.048643350601196289e-01 5.240474343299865723e-01 5.337020158767700195e-01 5.464873313903808594e-01 0.000000000000000000e+00
4.200183749198913574e-01 2.009658962488174438e-01 2.895207405090332031e-01 2.816043496131896973e-01 4.633641839027404785e-01 0.000000000000000000e+00
5.849013924598693848e-01 7.937932014465332031e-01 8.015276193618774414e-01 7.740499377250671387e-01 7.010333538055419922e-01 0.000000000000000000e+00
5.315163731575012207e-01 5.018410086631774902e-01 5.111616253852844238e-01 6.310534477233886719e-01 7.197821140289306641e-01 0.000000000000000000e+00
5.547890663146972656e-01 4.000695049762725830e-01 4.138307869434356689e-01 4.825913012027740479e-01 5.740855932235717773e-01 0.000000000000000000e+00
1.257952153682708740e-01 7.183849066495895386e-02 -7.511693984270095825e-02 1.379236727952957153e-01 5.196229368448257446e-02 0.000000000000000000e+00
4.209366142749786377e-01 2.222057878971099854e-01 3.977693319320678711e-01 4.402989447116851807e-01 2.778278291225433350e-01 0.000000000000000000e+00
8.702942132949829102e-01 9.466267228126525879e-01 9.468742609024047852e-01 9.629634022712707520e-01 9.631428122520446777e-01 0.000000000000000000e+00
4.065483510494232178e-01 4.750115275382995605e-01 4.489564001560211182e-01 4.709158241748809814e-01 5.595466494560241699e-01 0.000000000000000000e+00
2.612132430076599121e-01 4.204101264476776123e-01 3.723668456077575684e-01 2.442398667335510254e-01 3.922890126705169678e-01 0.000000000000000000e+00
-1.427519768476486206e-01 -1.156102344393730164e-01 -1.394689679145812988e-01 -3.798639029264450073e-02 1.550943106412887573e-01 0.000000000000000000e+00
1.357932668179273605e-02 -8.891528099775314331e-02 -1.057951450347900391e-01 -1.394792944192886353e-01 -2.137919962406158447e-01 0.000000000000000000e+00
-1.298537999391555786e-01 -2.158758044242858887e-01 -3.345890045166015625e-01 -4.052925705909729004e-01 -4.820901453495025635e-01 0.000000000000000000e+00
2.516363561153411865e-01 8.048085868358612061e-02 -7.372680306434631348e-02 -1.614768505096435547e-01 -2.452179044485092163e-01 0.000000000000000000e+00
8.895770907402038574e-01 9.708657860755920410e-01 9.817181229591369629e-01 9.626077413558959961e-01 9.664377570152282715e-01 0.000000000000000000e+00
6.990415453910827637e-01 8.420147299766540527e-01 8.735158443450927734e-01 9.442960023880004883e-01 9.487480521202087402e-01 0.000000000000000000e+00
7.702416777610778809e-01 8.972132205963134766e-01 9.332803487777709961e-01 9.553751349449157715e-01 9.713954925537109375e-01 0.000000000000000000e+00
8.510115742683410645e-01 9.516204595565795898e-01 9.775804281234741211e-01 9.899354577064514160e-01 9.914733171463012695e-01 0.000000000000000000e+00
7.176225185394287109e-01 8.337679505348205566e-01 9.441178441047668457e-01 9.606602787971496582e-01 9.848622679710388184e-01 0.000000000000000000e+00
7.327099442481994629e-01 8.605068922042846680e-01 9.156311750411987305e-01 9.579273462295532227e-01 9.727079272270202637e-01 0.000000000000000000e+00
6.911708712577819824e-01 8.523445725440979004e-01 9.138680696487426758e-01 9.566898345947265625e-01 9.632549881935119629e-01 0.000000000000000000e+00
2.527185082435607910e-01 4.328642487525939941e-01 3.361894190311431885e-01 2.476799935102462769e-01 -2.262183837592601776e-02 0.000000000000000000e+00
1.230039075016975403e-01 8.929281681776046753e-02 1.288051009178161621e-01 1.241244599223136902e-01 1.047061309218406677e-01 0.000000000000000000e+00
1.620464473962783813e-01 1.038899421691894531e-01 7.444678992033004761e-02 1.177387833595275879e-01 8.080207556486129761e-02 0.000000000000000000e+00
5.240377783775329590e-02 2.548124790191650391e-01 3.064934611320495605e-01 3.657829165458679199e-01 5.736922025680541992e-01 0.000000000000000000e+00
4.481148421764373779e-01 4.682746827602386475e-01 2.622399330139160156e-01 2.210530042648315430e-01 4.025812745094299316e-01 0.000000000000000000e+00
4.466904997825622559e-01 3.771258294582366943e-01 4.277900457382202148e-01 3.883602917194366455e-01 3.686583340167999268e-01 0.000000000000000000e+00
3.397705256938934326e-01 2.882387042045593262e-01 3.500916361808776855e-01 3.751841187477111816e-01 3.360033333301544189e-01 0.000000000000000000e+00
5.159257650375366211e-01 7.132106423377990723e-01 7.503378987312316895e-01 7.655373215675354004e-01 7.523277401924133301e-01 0.000000000000000000e+00
1.482152193784713745e-01 4.364852607250213623e-02 -1.582085639238357544e-01 -4.753680154681205750e-02 -1.379162371158599854e-01 0.000000000000000000e+00
-2.060926854610443115e-01 1.578764058649539948e-03 2.764658927917480469e-01 2.104289233684539795e-01 4.912733733654022217e-01 0.000000000000000000e+00
1.095418259501457214e-01 4.955927431583404541e-01 6.173081994056701660e-01 5.832008719444274902e-01 4.910075366497039795e-01 0.000000000000000000e+00
8.632906526327133179e-02 -1.352509856224060059e-01 -1.267942041158676147e-01 -1.496226191520690918e-01 1.236405130475759506e-02 0.000000000000000000e+00
1.806665509939193726e-01 2.439972460269927979e-01 2.325708717107772827e-01 2.302348464727401733e-01 3.411681056022644043e-01 0.000000000000000000e+00
3.887825906276702881e-01 5.664855837821960449e-01 6.333798766136169434e-01 6.488773822784423828e-01 6.842377185821533203e-01 0.000000000000000000e+00
-2.277823239564895630e-01 -2.830305695533752441e-01 -3.010000586509704590e-01 -2.637618780136108398e-01 -5.210297554731369019e-02 0.000000000000000000e+00
1.424300670623779297e-01 2.407246530055999756e-01 3.775986135005950928e-01 -7.855100184679031372e-02 -1.802986115217208862e-01 0.000000000000000000e+00
-8.133015036582946777e-02 7.489697635173797607e-02 3.606204390525817871e-01 2.132758796215057373e-01 5.084748864173889160e-01 0.000000000000000000e+00
3.502108156681060791e-01 3.661276102066040039e-01 3.228085935115814209e-01 5.129437446594238281e-01 7.835099101066589355e-01 0.000000000000000000e+00
8.577985167503356934e-01 8.741360902786254883e-01 9.161509871482849121e-01 8.531944155693054199e-01 9.072860479354858398e-01 0.000000000000000000e+00
8.408634662628173828e-01 9.059900045394897461e-01 9.125336408615112305e-01 9.346396327018737793e-01 9.260842204093933105e-01 0.000000000000000000e+00
-2.163855582475662231e-01 -2.788616418838500977e-01 -3.047737479209899902e-01 -3.136792182922363281e-01 -3.282963335514068604e-01 1.000000000000000000e+00
-9.249705821275711060e-02 -9.864230453968048096e-02 -2.191216219216585159e-03 -4.353706538677215576e-02 -1.221076548099517822e-01 2.000000000000000000e+00
-2.163855582475662231e-01 -2.788616418838500977e-01 -3.047737479209899902e-01 -3.136792182922363281e-01 -3.282963335514068604e-01 1.000000000000000000e+00
-9.249705821275711060e-02 -9.864230453968048096e-02 -2.191216219216585159e-03 -4.353706538677215576e-02 -1.221076548099517822e-01 2.000000000000000000e+00
-2.163855582475662231e-01 -2.788616418838500977e-01 -3.047737479209899902e-01 -3.136792182922363281e-01 -3.282963335514068604e-01 1.000000000000000000e+00
-9.249705821275711060e-02 -9.864230453968048096e-02 -2.191216219216585159e-03 -4.353706538677215576e-02 -1.221076548099517822e-01 2.000000000000000000e+00
-2.163855582475662231e-01 -2.788616418838500977e-01 -3.047737479209899902e-01 -3.136792182922363281e-01 -3.282963335514068604e-01 1.000000000000000000e+00
-9.249705821275711060e-02 -9.864230453968048096e-02 -2.191216219216585159e-03 -4.353706538677215576e-02 -1.221076548099517822e-01 2.000000000000000000e+00
-2.163855582475662231e-01 -2.788616418838500977e-01 -3.047737479209899902e-01 -3.136792182922363281e-01 -3.282963335514068604e-01 1.000000000000000000e+00
-9.249705821275711060e-02 -9.864230453968048096e-02 -2.191216219216585159e-03 -4.353706538677215576e-02 -1.221076548099517822e-01 2.000000000000000000e+00
-2.163855582475662231e-01 -2.788616418838500977e-01 -3.047737479209899902e-01 -3.136792182922363281e-01 -3.282963335514068604e-01 1.000000000000000000e+00
-9.249705821275711060e-02 -9.864230453968048096e-02 -2.191216219216585159e-03 -4.353706538677215576e-02 -1.221076548099517822e-01 2.000000000000000000e+00
-2.163855582475662231e-01 -2.788616418838500977e-01 -3.047737479209899902e-01 -3.136792182922363281e-01 -3.282963335514068604e-01 1.000000000000000000e+00
-9.249705821275711060e-02 -9.864230453968048096e-02 -2.191216219216585159e-03 -4.353706538677215576e-02 -1.221076548099517822e-01 2.000000000000000000e+00
-2.163855582475662231e-01 -2.788616418838500977e-01 -3.047737479209899902e-01 -3.136792182922363281e-01 -3.282963335514068604e-01 1.000000000000000000e+00
-9.249705821275711060e-02 -9.864230453968048096e-02 -2.191216219216585159e-03 -4.353706538677215576e-02 -1.221076548099517822e-01 2.000000000000000000e+00
-2.163855582475662231e-01 -2.788616418838500977e-01 -3.047737479209899902e-01 -3.136792182922363281e-01 -3.282963335514068604e-01 1.000000000000000000e+00
-9.249705821275711060e-02 -9.864230453968048096e-02 -2.191216219216585159e-03 -4.353706538677215576e-02 -1.221076548099517822e-01 2.000000000000000000e+00
-2.163855582475662231e-01 -2.788616418838500977e-01 -3.047737479209899902e-01 -3.136792182922363281e-01 -3.282963335514068604e-01 1.000000000000000000e+00
-9.249705821275711060e-02 -9.864230453968048096e-02 -2.191216219216585159e-03 -4.353706538677215576e-02 -1.221076548099517822e-01 2.000000000000000000e+00
3.708731532096862793e-01 3.989608585834503174e-01 4.402197599411010742e-01 5.114942789077758789e-01 4.837016165256500244e-01 0.000000000000000000e+00
5.738274455070495605e-01 5.263859629631042480e-01 5.423904657363891602e-01 5.337756276130676270e-01 4.763838350772857666e-01 0.000000000000000000e+00
4.054326415061950684e-01 4.017231166362762451e-01 4.804170131683349609e-01 5.283467769622802734e-01 5.778598785400390625e-01 0.000000000000000000e+00
4.149048626422882080e-01 4.468421339988708496e-01 4.541464149951934814e-01 3.920600116252899170e-01 4.226947426795959473e-01 0.000000000000000000e+00
4.730627536773681641e-01 6.337837576866149902e-01 6.728476285934448242e-01 7.032806277275085449e-01 6.547497510910034180e-01 0.000000000000000000e+00
4.849739968776702881e-01 6.380614042282104492e-01 7.829896211624145508e-01 7.804207205772399902e-01 8.121883273124694824e-01 0.000000000000000000e+00
8.462768048048019409e-02 5.287622213363647461e-01 4.503574669361114502e-01 3.774828016757965088e-01 3.607377707958221436e-01 0.000000000000000000e+00
6.617219001054763794e-02 7.258419990539550781e-01 8.941982984542846680e-01 9.392847418785095215e-01 8.944310545921325684e-01 0.000000000000000000e+00
9.580752253532409668e-02 3.451799154281616211e-01 5.717571973800659180e-01 4.718600213527679443e-01 6.362310051918029785e-01 0.000000000000000000e+00
6.729985773563385010e-02 3.134546875953674316e-01 5.949848890304565430e-01 6.625651121139526367e-01 6.395186185836791992e-01 0.000000000000000000e+00
1.029360443353652954e-01 -7.809958606958389282e-02 2.008069772273302078e-03 -5.776616930961608887e-02 -1.068699806928634644e-01 0.000000000000000000e+00
1.469942629337310791e-01 8.806698024272918701e-02 9.468396008014678955e-02 1.973841786384582520e-01 4.331771433353424072e-01 0.000000000000000000e+00
3.692072331905364990e-01 3.484478592872619629e-01 4.179637730121612549e-01 4.376027882099151611e-01 4.820756614208221436e-01 0.000000000000000000e+00
4.363332092761993408e-01 5.130828619003295898e-01 5.109980702400207520e-01 6.066638827323913574e-01 6.345179677009582520e-01 0.000000000000000000e+00
1.496730744838714600e-01 5.983538031578063965e-01 7.770169377326965332e-01 8.381360769271850586e-01 9.013512730598449707e-01 0.000000000000000000e+00
7.959607839584350586e-01 7.698234319686889648e-01 8.140804171562194824e-01 8.001426458358764648e-01 8.080927729606628418e-01 0.000000000000000000e+00
5.426483154296875000e-01 7.665547132492065430e-01 9.214719533920288086e-01 8.949598073959350586e-01 9.347003698348999023e-01 0.000000000000000000e+00
6.713510751724243164e-01 7.469945549964904785e-01 7.583822011947631836e-01 8.102139234542846680e-01 7.979195117950439453e-01 0.000000000000000000e+00
4.000980257987976074e-01 4.842354357242584229e-01 5.760135054588317871e-01 6.800935268402099609e-01 7.885982990264892578e-01 0.000000000000000000e+00
1.463081985712051392e-01 3.786594271659851074e-01 6.411255002021789551e-01 7.012653350830078125e-01 6.983277797698974609e-01 0.000000000000000000e+00
-6.550222635269165039e-02 6.439228355884552002e-02 2.403422892093658447e-01 3.563004359602928162e-02 3.958324790000915527e-01 0.000000000000000000e+00
3.926925063133239746e-01 4.370321929454803467e-01 5.914992094039916992e-01 5.746214389801025391e-01 6.358865499496459961e-01 0.000000000000000000e+00
4.135758876800537109e-01 4.923421442508697510e-01 4.316159486770629883e-01 4.867103099822998047e-01 4.042854905128479004e-01 0.000000000000000000e+00
5.320724248886108398e-01 6.441321372985839844e-01 5.554275512695312500e-01 5.402678251266479492e-01 6.770326495170593262e-01 0.000000000000000000e+00
6.514884829521179199e-01 7.340645790100097656e-01 7.391164302825927734e-01 7.555922865867614746e-01 7.523595690727233887e-01 0.000000000000000000e+00
6.820938587188720703e-01 8.685592412948608398e-01 9.373317360877990723e-01 9.702407121658325195e-01 9.413745403289794922e-01 0.000000000000000000e+00
8.200090527534484863e-01 8.611828684806823730e-01 7.775428295135498047e-01 7.800754904747009277e-01 8.159373402595520020e-01 0.000000000000000000e+00
5.256441235542297363e-01 6.751241087913513184e-01 7.058353424072265625e-01 7.785171866416931152e-01 7.945821285247802734e-01 0.000000000000000000e+00
7.038221359252929688e-01 8.935647606849670410e-01 9.502917528152465820e-01 9.446816444396972656e-01 9.186827540397644043e-01 0.000000000000000000e+00
7.935891151428222656e-01 8.620498180389404297e-01 9.073505401611328125e-01 9.359712600708007812e-01 9.545550346374511719e-01 0.000000000000000000e+00
6.497719883918762207e-01 6.970810890197753906e-01 7.060469985008239746e-01 7.889679670333862305e-01 8.453512787818908691e-01 0.000000000000000000e+00
5.770520567893981934e-01 7.349982261657714844e-01 7.447381615638732910e-01 7.060015797615051270e-01 7.139767408370971680e-01 0.000000000000000000e+00
3.702937662601470947e-01 1.734273508191108704e-02 5.154836177825927734e-02 2.060043811798095703e-01 1.952427029609680176e-01 0.000000000000000000e+00
6.941074728965759277e-01 8.525371551513671875e-01 7.955806255340576172e-01 7.836644649505615234e-01 8.191763758659362793e-01 0.000000000000000000e+00
8.229382038116455078e-01 9.382321834564208984e-01 9.800741076469421387e-01 9.900217056274414062e-01 9.797132611274719238e-01 0.000000000000000000e+00
6.448301672935485840e-01 8.816652297973632812e-01 9.693734049797058105e-01 9.831255078315734863e-01 9.832752346992492676e-01 0.000000000000000000e+00
9.351186752319335938e-01 9.908030033111572266e-01 9.976747035980224609e-01 9.989107847213745117e-01 9.990036487579345703e-01 0.000000000000000000e+00
9.293544888496398926e-01 9.879595637321472168e-01 9.959924221038818359e-01 9.977737665176391602e-01 9.988088011741638184e-01 0.000000000000000000e+00
9.543879032135009766e-01 9.916757345199584961e-01 9.980837702751159668e-01 9.998111128807067871e-01 9.999268651008605957e-01 0.000000000000000000e+00
9.104267954826354980e-01 9.712435603141784668e-01 9.867203235626220703e-01 9.934639334678649902e-01 9.985874891281127930e-01 0.000000000000000000e+00
7.910716533660888672e-01 9.424581527709960938e-01 9.750639796257019043e-01 9.895178079605102539e-01 9.934116005897521973e-01 0.000000000000000000e+00
9.261866807937622070e-01 9.859881401062011719e-01 9.949495792388916016e-01 9.911983609199523926e-01 9.840427041053771973e-01 0.000000000000000000e+00
2.995166182518005371e-01 2.510491013526916504e-01 7.336787581443786621e-01 8.607090115547180176e-01 9.856292009353637695e-01 1.000000000000000000e+00
6.574591398239135742e-01 8.868769407272338867e-01 9.104920625686645508e-01 8.555191755294799805e-01 8.143997788429260254e-01 2.000000000000000000e+00
2.995166182518005371e-01 2.510491013526916504e-01 7.336787581443786621e-01 8.607090115547180176e-01 9.856292009353637695e-01 1.000000000000000000e+00
6.574591398239135742e-01 8.868769407272338867e-01 9.104920625686645508e-01 8.555191755294799805e-01 8.143997788429260254e-01 2.000000000000000000e+00
2.995166182518005371e-01 2.510491013526916504e-01 7.336787581443786621e-01 8.607090115547180176e-01 9.856292009353637695e-01 1.000000000000000000e+00
6.574591398239135742e-01 8.868769407272338867e-01 9.104920625686645508e-01 8.555191755294799805e-01 8.143997788429260254e-01 2.000000000000000000e+00
2.995166182518005371e-01 2.510491013526916504e-01 7.336787581443786621e-01 8.607090115547180176e-01 9.856292009353637695e-01 1.000000000000000000e+00
6.574591398239135742e-01 8.868769407272338867e-01 9.104920625686645508e-01 8.555191755294799805e-01 8.143997788429260254e-01 2.000000000000000000e+00
2.995166182518005371e-01 2.510491013526916504e-01 7.336787581443786621e-01 8.607090115547180176e-01 9.856292009353637695e-01 1.000000000000000000e+00
6.574591398239135742e-01 8.868769407272338867e-01 9.104920625686645508e-01 8.555191755294799805e-01 8.143997788429260254e-01 2.000000000000000000e+00
2.995166182518005371e-01 2.510491013526916504e-01 7.336787581443786621e-01 8.607090115547180176e-01 9.856292009353637695e-01 1.000000000000000000e+00
6.574591398239135742e-01 8.868769407272338867e-01 9.104920625686645508e-01 8.555191755294799805e-01 8.143997788429260254e-01 2.000000000000000000e+00
2.995166182518005371e-01 2.510491013526916504e-01 7.336787581443786621e-01 8.607090115547180176e-01 9.856292009353637695e-01 1.000000000000000000e+00
6.574591398239135742e-01 8.868769407272338867e-01 9.104920625686645508e-01 8.555191755294799805e-01 8.143997788429260254e-01 2.000000000000000000e+00
2.995166182518005371e-01 2.510491013526916504e-01 7.336787581443786621e-01 8.607090115547180176e-01 9.856292009353637695e-01 1.000000000000000000e+00
6.574591398239135742e-01 8.868769407272338867e-01 9.104920625686645508e-01 8.555191755294799805e-01 8.143997788429260254e-01 2.000000000000000000e+00
2.995166182518005371e-01 2.510491013526916504e-01 7.336787581443786621e-01 8.607090115547180176e-01 9.856292009353637695e-01 1.000000000000000000e+00
6.574591398239135742e-01 8.868769407272338867e-01 9.104920625686645508e-01 8.555191755294799805e-01 8.143997788429260254e-01 2.000000000000000000e+00
2.995166182518005371e-01 2.510491013526916504e-01 7.336787581443786621e-01 8.607090115547180176e-01 9.856292009353637695e-01 1.000000000000000000e+00
6.574591398239135742e-01 8.868769407272338867e-01 9.104920625686645508e-01 8.555191755294799805e-01 8.143997788429260254e-01 2.000000000000000000e+00
1.201478540897369385e-01 2.680269181728363037e-01 3.751632571220397949e-01 3.446288108825683594e-01 3.391805589199066162e-01 0.000000000000000000e+00
2.914953529834747314e-01 7.054089307785034180e-01 8.036836981773376465e-01 7.599142789840698242e-01 8.206912875175476074e-01 0.000000000000000000e+00
-2.061006985604763031e-02 9.414607286453247070e-02 5.085865855216979980e-01 4.835563600063323975e-01 5.195962786674499512e-01 0.000000000000000000e+00
7.073671817779541016e-01 7.164990901947021484e-01 5.457205176353454590e-01 4.778100550174713135e-01 4.629943370819091797e-01 0.000000000000000000e+00
-2.340385615825653076e-01 -1.948939114809036255e-01 -1.554186493158340454e-01 3.553238809108734131e-01 9.456524252891540527e-01 0.000000000000000000e+00
-1.042717099189758301e-01 -1.438488662242889404e-01 -2.384807169437408447e-01 -2.252592444419860840e-01 -2.462057471275329590e-01 0.000000000000000000e+00
7.616881281137466431e-02 -1.094170287251472473e-01 -4.110288340598344803e-03 -9.414813667535781860e-02 2.766048610210418701e-01 0.000000000000000000e+00
4.348329454660415649e-02 1.520998179912567139e-01 -8.908285200595855713e-02 -1.691591590642929077e-01 1.342491712421178818e-02 1.000000000000000000e+00
2.685326635837554932e-01 4.902238845825195312e-01 9.656714797019958496e-01 9.809435009956359863e-01 9.715526103973388672e-01 2.000000000000000000e+00
4.348329454660415649e-02 1.520998179912567139e-01 -8.908285200595855713e-02 -1.691591590642929077e-01 1.342491712421178818e-02 1.000000000000000000e+00
2.685326635837554932e-01 4.902238845825195312e-01 9.656714797019958496e-01 9.809435009956359863e-01 9.715526103973388672e-01 2.000000000000000000e+00
4.348329454660415649e-02 1.520998179912567139e-01 -8.908285200595855713e-02 -1.691591590642929077e-01 1.342491712421178818e-02 1.000000000000000000e+00
2.685326635837554932e-01 4.902238845825195312e-01 9.656714797019958496e-01 9.809435009956359863e-01 9.715526103973388672e-01 2.000000000000000000e+00
4.348329454660415649e-02 1.520998179912567139e-01 -8.908285200595855713e-02 -1.691591590642929077e-01 1.342491712421178818e-02 1.000000000000000000e+00
2.685326635837554932e-01 4.902238845825195312e-01 9.656714797019958496e-01 9.809435009956359863e-01 9.715526103973388672e-01 2.000000000000000000e+00
4.348329454660415649e-02 1.520998179912567139e-01 -8.908285200595855713e-02 -1.691591590642929077e-01 1.342491712421178818e-02 1.000000000000000000e+00
2.685326635837554932e-01 4.902238845825195312e-01 9.656714797019958496e-01 9.809435009956359863e-01 9.715526103973388672e-01 2.000000000000000000e+00
4.348329454660415649e-02 1.520998179912567139e-01 -8.908285200595855713e-02 -1.691591590642929077e-01 1.342491712421178818e-02 1.000000000000000000e+00
2.685326635837554932e-01 4.902238845825195312e-01 9.656714797019958496e-01 9.809435009956359863e-01 9.715526103973388672e-01 2.000000000000000000e+00
4.348329454660415649e-02 1.520998179912567139e-01 -8.908285200595855713e-02 -1.691591590642929077e-01 1.342491712421178818e-02 1.000000000000000000e+00
2.685326635837554932e-01 4.902238845825195312e-01 9.656714797019958496e-01 9.809435009956359863e-01 9.715526103973388672e-01 2.000000000000000000e+00
4.348329454660415649e-02 1.520998179912567139e-01 -8.908285200595855713e-02 -1.691591590642929077e-01 1.342491712421178818e-02 1.000000000000000000e+00
2.685326635837554932e-01 4.902238845825195312e-01 9.656714797019958496e-01 9.809435009956359863e-01 9.715526103973388672e-01 2.000000000000000000e+00
4.348329454660415649e-02 1.520998179912567139e-01 -8.908285200595855713e-02 -1.691591590642929077e-01 1.342491712421178818e-02 1.000000000000000000e+00
2.685326635837554932e-01 4.902238845825195312e-01 9.656714797019958496e-01 9.809435009956359863e-01 9.715526103973388672e-01 2.000000000000000000e+00
4.348329454660415649e-02 1.520998179912567139e-01 -8.908285200595855713e-02 -1.691591590642929077e-01 1.342491712421178818e-02 1.000000000000000000e+00
2.685326635837554932e-01 4.902238845825195312e-01 9.656714797019958496e-01 9.809435009956359863e-01 9.715526103973388672e-01 2.000000000000000000e+00
2.319794297218322754e-01 3.360444009304046631e-01 5.754644274711608887e-01 6.325500607490539551e-01 7.263894677162170410e-01 0.000000000000000000e+00
5.228300690650939941e-01 7.320017814636230469e-01 8.180320858955383301e-01 8.886379003524780273e-01 8.657478094100952148e-01 0.000000000000000000e+00
-5.795953795313835144e-02 2.228866517543792725e-01 7.787967324256896973e-01 8.548483848571777344e-01 8.605104088783264160e-01 0.000000000000000000e+00
4.656838774681091309e-01 6.066418886184692383e-01 7.601686120033264160e-01 8.232991695404052734e-01 7.601352930068969727e-01 0.000000000000000000e+00
2.872981727123260498e-01 6.357223391532897949e-01 7.710199356079101562e-01 7.312692999839782715e-01 6.736100912094116211e-01 0.000000000000000000e+00
-1.005873605608940125e-01 2.054161876440048218e-01 5.139203667640686035e-01 6.754869818687438965e-01 7.093602418899536133e-01 0.000000000000000000e+00
3.169138729572296143e-01 7.731939852237701416e-02 -2.520807832479476929e-02 3.584662824869155884e-02 2.926867455244064331e-02 0.000000000000000000e+00
-6.655383110046386719e-02 2.780846133828163147e-02 1.530189663171768188e-01 5.821969509124755859e-01 7.539059519767761230e-01 0.000000000000000000e+00
3.829916119575500488e-01 5.971679687500000000e-01 7.398901581764221191e-01 8.747146725654602051e-01 8.830115199089050293e-01 0.000000000000000000e+00
1.129045337438583374e-01 3.404708802700042725e-01 1.220848858356475830e-01 3.102232813835144043e-01 4.649955928325653076e-01 0.000000000000000000e+00
5.615341663360595703e-01 7.379970550537109375e-01 8.725805282592773438e-01 8.930693268775939941e-01 8.320716023445129395e-01 0.000000000000000000e+00
3.697533011436462402e-01 5.200150012969970703e-01 6.898816227912902832e-01 5.976946353912353516e-01 3.415534198284149170e-01 0.000000000000000000e+00
7.548117041587829590e-01 8.294637799263000488e-01 9.252790808677673340e-01 9.687888026237487793e-01 9.770193099975585938e-01 0.000000000000000000e+00
7.835355401039123535e-01 9.531605839729309082e-01 9.668556451797485352e-01 9.833341240882873535e-01 9.721521139144897461e-01 0.000000000000000000e+00
-8.195286989212036133e-02 -1.690732873976230621e-02 -1.985634863376617432e-02 -6.507370620965957642e-02 -1.205968335270881653e-01 0.000000000000000000e+00
-7.781206816434860229e-02 1.310050487518310547e-01 -3.478958969935774803e-04 2.805229462683200836e-02 2.763665094971656799e-02 0.000000000000000000e+00
9.765101969242095947e-02 3.285245597362518311e-01 3.218158185482025146e-01 3.844144940376281738e-01 3.470648825168609619e-01 0.000000000000000000e+00
2.867158949375152588e-01 3.342233002185821533e-01 2.300663441419601440e-01 4.307301640510559082e-01 3.865129649639129639e-01 0.000000000000000000e+00
4.203656911849975586e-01 4.852109849452972412e-01 2.999259531497955322e-01 2.604542672634124756e-01 3.979324996471405029e-01 0.000000000000000000e+00
5.070628523826599121e-01 5.550546050071716309e-01 7.733757495880126953e-01 8.700503706932067871e-01 8.333849310874938965e-01 0.000000000000000000e+00
4.091578125953674316e-01 5.308564305305480957e-01 6.102415919303894043e-01 5.892585515975952148e-01 5.663828849792480469e-01 0.000000000000000000e+00
6.029087305068969727e-01 8.766301870346069336e-01 9.308267235755920410e-01 9.316869974136352539e-01 9.304127693176269531e-01 0.000000000000000000e+00
2.158154547214508057e-01 6.157022714614868164e-01 8.609195947647094727e-01 9.433624148368835449e-01 9.516884684562683105e-01 0.000000000000000000e+00
7.925592660903930664e-01 8.960541486740112305e-01 9.254662394523620605e-01 9.241098165512084961e-01 9.544128179550170898e-01 0.000000000000000000e+00
2.897432148456573486e-01 6.147647500038146973e-01 6.064530014991760254e-01 7.422626018524169922e-01 8.915276527404785156e-01 0.000000000000000000e+00
6.962962746620178223e-01 6.812609434127807617e-01 6.226871609687805176e-01 7.186798453330993652e-01 7.398625612258911133e-01 0.000000000000000000e+00
3.679204881191253662e-01 6.445640325546264648e-01 8.046813011169433594e-01 8.441517949104309082e-01 8.668992519378662109e-01 0.000000000000000000e+00
7.751399874687194824e-01 8.620254993438720703e-01 8.861116766929626465e-01 9.243103861808776855e-01 9.290232062339782715e-01 0.000000000000000000e+00
7.130747437477111816e-01 8.943755030632019043e-01 9.055589437484741211e-01 8.740400671958923340e-01 8.636929392814636230e-01 0.000000000000000000e+00
7.087528109550476074e-01 9.396595954895019531e-01 9.738403558731079102e-01 9.797769784927368164e-01 9.745767116546630859e-01 0.000000000000000000e+00
2.052266895771026611e-01 3.476951718330383301e-01 4.450788199901580811e-01 4.445339739322662354e-01 7.362025976181030273e-01 0.000000000000000000e+00
7.612456083297729492e-01 8.083425760269165039e-01 8.331479430198669434e-01 8.126679062843322754e-01 7.564957141876220703e-01 0.000000000000000000e+00
2.433509528636932373e-01 4.381391406059265137e-01 6.860908865928649902e-01 7.189883589744567871e-01 7.147627472877502441e-01 0.000000000000000000e+00
1.851337254047393799e-01 -4.867262393236160278e-02 4.417625069618225098e-02 1.105714514851570129e-01 9.118973463773727417e-02 0.000000000000000000e+00
1.933924108743667603e-01 4.719446897506713867e-01 3.044586181640625000e-01 5.725089907646179199e-01 5.204369425773620605e-01 0.000000000000000000e+00
4.639455676078796387e-01 5.350123047828674316e-01 5.733692646026611328e-01 5.976280570030212402e-01 7.173656821250915527e-01 0.000000000000000000e+00
4.963462054729461670e-01 6.479254961013793945e-01 7.085525989532470703e-01 7.578503489494323730e-01 7.832351922988891602e-01 0.000000000000000000e+00
5.956627726554870605e-01 6.513536572456359863e-01 7.162870764732360840e-01 7.680039405822753906e-01 8.276455998420715332e-01 0.000000000000000000e+00
5.012829899787902832e-01 6.349678039550781250e-01 7.004559636116027832e-01 7.391543388366699219e-01 8.083388805389404297e-01 0.000000000000000000e+00
4.455056786537170410e-01 5.724726319313049316e-01 6.806522011756896973e-01 7.523737549781799316e-01 7.842744588851928711e-01 0.000000000000000000e+00
4.237507879734039307e-01 6.744675040245056152e-01 5.981813073158264160e-01 7.039005756378173828e-01 7.866833209991455078e-01 0.000000000000000000e+00
