2.325237751007080078e+00 1.660166025161743164e+00 1.191411614418029785e+00 1.072359323501586914e+00 0.000000000000000000e+00
3.662994623184204102e+00 2.512748718261718750e+00 1.388542532920837402e+00 1.338645935058593750e+00 0.000000000000000000e+00
-1.057604980468750000e+01 -7.305942773818969727e-01 -1.077629923820495605e+00 -1.378344774246215820e+00 0.000000000000000000e+00
-5.059103488922119141e+00 -5.182104110717773438e+00 -1.260584115982055664e+00 -1.498837709426879883e+00 0.000000000000000000e+00
2.383166313171386719e+00 1.654843449592590332e+00 1.062451601028442383e+00 1.013135671615600586e+00 0.000000000000000000e+00
1.473781347274780273e+00 1.169377446174621582e+00 1.003068804740905762e+00 1.000112652778625488e+00 0.000000000000000000e+00
1.520112752914428711e+00 1.223559856414794922e+00 1.055760622024536133e+00 1.001430630683898926e+00 0.000000000000000000e+00
8.931062817573547363e-01 1.995241641998291016e-02 -9.371027946472167969e+00 -4.352178573608398438e-01 0.000000000000000000e+00
1.646611213684082031e+00 1.034289836883544922e+00 1.000511646270751953e+00 1.000001072883605957e+00 0.000000000000000000e+00
2.442070245742797852e+00 1.989501595497131348e+00 1.165865182876586914e+00 1.011885404586791992e+00 0.000000000000000000e+00
1.649684548377990723e+00 1.031271934509277344e+00 1.001374363899230957e+00 1.000014543533325195e+00 0.000000000000000000e+00
2.971927881240844727e+00 1.265260696411132812e+00 1.113254070281982422e+00 1.003227591514587402e+00 0.000000000000000000e+00
1.446880578994750977e+00 1.439620256423950195e+00 1.328916788101196289e+00 1.202382326126098633e+00 0.000000000000000000e+00
1.609722375869750977e+00 1.323968172073364258e+00 1.081362485885620117e+00 1.014378547668457031e+00 0.000000000000000000e+00
1.031546354293823242e+00 1.000044584274291992e+00 1.000000000000000000e+00 1.000000000000000000e+00 0.000000000000000000e+00
2.495990514755249023e+00 1.060445785522460938e+00 1.000592708587646484e+00 1.000001072883605957e+00 0.000000000000000000e+00
1.379062771797180176e+00 1.003202319145202637e+00 1.000002145767211914e+00 1.000000000000000000e+00 0.000000000000000000e+00
1.120486736297607422e+00 1.000726222991943359e+00 1.000000476837158203e+00 1.000000000000000000e+00 0.000000000000000000e+00
1.128648519515991211e+00 1.057105064392089844e+00 1.000355124473571777e+00 1.000000000000000000e+00 0.000000000000000000e+00
1.011544942855834961e+00 1.000070333480834961e+00 1.000000000000000000e+00 1.000000000000000000e+00 0.000000000000000000e+00
-3.821795940399169922e+00 -9.668047428131103516e-01 -1.927184224128723145e+00 -1.390788435935974121e+00 0.000000000000000000e+00
3.752853870391845703e+00 1.032703399658203125e+00 1.000411987304687500e+00 1.000000476837158203e+00 0.000000000000000000e+00
-3.223190546035766602e+00 5.548782825469970703e+00 3.592941045761108398e+00 1.065248727798461914e+00 0.000000000000000000e+00
-8.060333251953125000e+00 -1.880800843238830566e+00 -3.914265930652618408e-01 -1.139240860939025879e-01 0.000000000000000000e+00
3.463840484619140625e-01 -7.866822481155395508e-01 -1.422783732414245605e+00 -1.376209020614624023e+00 0.000000000000000000e+00
1.438686847686767578e+00 1.293166399002075195e+00 1.016178846359252930e+00 1.000941276550292969e+00 0.000000000000000000e+00
1.390822410583496094e+00 1.037471532821655273e+00 1.000519752502441406e+00 1.000005364418029785e+00 0.000000000000000000e+00
1.966550827026367188e+00 1.224732875823974609e+00 1.031276226043701172e+00 1.000327229499816895e+00 0.000000000000000000e+00
-1.347039580345153809e+00 -1.922623634338378906e+00 -1.192464113235473633e+00 -1.065037846565246582e+00 0.000000000000000000e+00
-9.526175498962402344e+00 -2.957039594650268555e+00 -2.493845701217651367e+00 -1.369473099708557129e+00 0.000000000000000000e+00
4.469620704650878906e+00 1.118079185485839844e+00 1.003233551979064941e+00 1.000187635421752930e+00 0.000000000000000000e+00
4.190204620361328125e+00 1.077831029891967773e+00 1.001387834548950195e+00 1.000009059906005859e+00 0.000000000000000000e+00
2.976903915405273438e+00 2.016802310943603516e+00 1.097690939903259277e+00 1.001253604888916016e+00 0.000000000000000000e+00
2.993521213531494141e+00 1.369851112365722656e+00 1.007863640785217285e+00 1.000120639801025391e+00 0.000000000000000000e+00
1.882754921913146973e+00 1.013288497924804688e+00 1.000070333480834961e+00 1.000000000000000000e+00 0.000000000000000000e+00
1.002155423164367676e+00 1.000000000000000000e+00 1.000000000000000000e+00 1.000000000000000000e+00 0.000000000000000000e+00
1.000020384788513184e+00 1.000000000000000000e+00 1.000000000000000000e+00 1.000000000000000000e+00 0.000000000000000000e+00
1.000001072883605957e+00 1.000000000000000000e+00 1.000000000000000000e+00 1.000000000000000000e+00 0.000000000000000000e+00
1.001394748687744141e+00 1.000000476837158203e+00 1.000000000000000000e+00 1.000000000000000000e+00 0.000000000000000000e+00
1.001916170120239258e+00 1.000000000000000000e+00 1.000000000000000000e+00 1.000000000000000000e+00 0.000000000000000000e+00
2.534842967987060547e+00 1.001649022102355957e+00 1.000000000000000000e+00 1.000000000000000000e+00 0.000000000000000000e+00
1.474874258041381836e+00 1.000197887420654297e+00 1.000000476837158203e+00 1.000000000000000000e+00 0.000000000000000000e+00
1.971510410308837891e+00 1.030173063278198242e+00 1.000959396362304688e+00 1.000007510185241699e+00 1.000000000000000000e+00
1.276052117347717285e+00 1.000133037567138672e+00 1.000000000000000000e+00 1.000000000000000000e+00 2.000000000000000000e+00
1.971510410308837891e+00 1.030173063278198242e+00 1.000959396362304688e+00 1.000007510185241699e+00 1.000000000000000000e+00
1.276052117347717285e+00 1.000133037567138672e+00 1.000000000000000000e+00 1.000000000000000000e+00 2.000000000000000000e+00
1.971510410308837891e+00 1.030173063278198242e+00 1.000959396362304688e+00 1.000007510185241699e+00 1.000000000000000000e+00
1.276052117347717285e+00 1.000133037567138672e+00 1.000000000000000000e+00 1.000000000000000000e+00 2.000000000000000000e+00
1.971510410308837891e+00 1.030173063278198242e+00 1.000959396362304688e+00 1.000007510185241699e+00 1.000000000000000000e+00
1.276052117347717285e+00 1.000133037567138672e+00 1.000000000000000000e+00 1.000000000000000000e+00 2.000000000000000000e+00
1.971510410308837891e+00 1.030173063278198242e+00 1.000959396362304688e+00 1.000007510185241699e+00 1.000000000000000000e+00
1.276052117347717285e+00 1.000133037567138672e+00 1.000000000000000000e+00 1.000000000000000000e+00 2.000000000000000000e+00
1.971510410308837891e+00 1.030173063278198242e+00 1.000959396362304688e+00 1.000007510185241699e+00 1.000000000000000000e+00
1.276052117347717285e+00 1.000133037567138672e+00 1.000000000000000000e+00 1.000000000000000000e+00 2.000000000000000000e+00
1.971510410308837891e+00 1.030173063278198242e+00 1.000959396362304688e+00 1.000007510185241699e+00 1.000000000000000000e+00
1.276052117347717285e+00 1.000133037567138672e+00 1.000000000000000000e+00 1.000000000000000000e+00 2.000000000000000000e+00
1.971510410308837891e+00 1.030173063278198242e+00 1.000959396362304688e+00 1.000007510185241699e+00 1.000000000000000000e+00
1.276052117347717285e+00 1.000133037567138672e+00 1.000000000000000000e+00 1.000000000000000000e+00 2.000000000000000000e+00
1.971510410308837891e+00 1.030173063278198242e+00 1.000959396362304688e+00 1.000007510185241699e+00 1.000000000000000000e+00
1.276052117347717285e+00 1.000133037567138672e+00 1.000000000000000000e+00 1.000000000000000000e+00 2.000000000000000000e+00
1.971510410308837891e+00 1.030173063278198242e+00 1.000959396362304688e+00 1.000007510185241699e+00 1.000000000000000000e+00
1.276052117347717285e+00 1.000133037567138672e+00 1.000000000000000000e+00 1.000000000000000000e+00 2.000000000000000000e+00
1.016611337661743164e+00 1.000063896179199219e+00 1.000000000000000000e+00 1.000000000000000000e+00 0.000000000000000000e+00
-4.347998619079589844e+00 9.236180305480957031e+00 2.209452390670776367e+00 1.014939785003662109e+00 0.000000000000000000e+00
1.767765998840332031e+00 1.052031755447387695e+00 1.003843307495117188e+00 1.000046133995056152e+00 0.000000000000000000e+00
2.635755062103271484e+00 1.563554286956787109e+00 1.021621704101562500e+00 1.000343322753906250e+00 0.000000000000000000e+00
1.191403985023498535e+00 1.011446714401245117e+00 1.000104546546936035e+00 1.000000476837158203e+00 0.000000000000000000e+00
1.700958371162414551e+00 1.004996061325073242e+00 1.000013351440429688e+00 1.000000000000000000e+00 0.000000000000000000e+00
2.203718185424804688e+00 1.245959401130676270e+00 1.018046617507934570e+00 1.000040769577026367e+00 0.000000000000000000e+00
1.368518590927124023e+00 1.005495786666870117e+00 1.000001072883605957e+00 1.000000000000000000e+00 0.000000000000000000e+00
1.007521033287048340e+00 1.000013351440429688e+00 1.000000000000000000e+00 1.000000000000000000e+00 0.000000000000000000e+00
1.124014019966125488e+00 1.000594377517700195e+00 1.000000000000000000e+00 1.000000000000000000e+00 0.000000000000000000e+00
1.470157861709594727e+00 1.037581443786621094e+00 1.000920295715332031e+00 1.000001668930053711e+00 0.000000000000000000e+00
1.437973618507385254e+00 1.044111490249633789e+00 1.001395225524902344e+00 1.000004768371582031e+00 0.000000000000000000e+00
1.297022581100463867e+00 1.012076616287231445e+00 1.000075578689575195e+00 1.000000000000000000e+00 0.000000000000000000e+00
1.222002863883972168e+00 1.010067701339721680e+00 1.000088453292846680e+00 1.000000000000000000e+00 0.000000000000000000e+00
1.092851042747497559e+00 1.001213073730468750e+00 1.000003814697265625e+00 1.000000000000000000e+00 0.000000000000000000e+00
-6.031761169433593750e-01 -3.139929771423339844e+00 -1.928100347518920898e+00 7.162351608276367188e+00 0.000000000000000000e+00
3.601960659027099609e+00 1.268906116485595703e+00 -7.306330680847167969e+00 -7.523839950561523438e+00 0.000000000000000000e+00
2.152621746063232422e+00 1.578824758529663086e+00 1.183825254440307617e+00 1.031876564025878906e+00 0.000000000000000000e+00
2.508580684661865234e+00 1.258796811103820801e+00 1.070355892181396484e+00 1.001986265182495117e+00 0.000000000000000000e+00
-2.866122245788574219e+00 -6.592593193054199219e-01 -2.680209875106811523e+00 -1.493279218673706055e+00 1.000000000000000000e+00
8.428737640380859375e+00 4.677933216094970703e+00 1.206834793090820312e+00 1.022185802459716797e+00 2.000000000000000000e+00
-2.866122245788574219e+00 -6.592593193054199219e-01 -2.680209875106811523e+00 -1.493279218673706055e+00 1.000000000000000000e+00
8.428737640380859375e+00 4.677933216094970703e+00 1.206834793090820312e+00 1.022185802459716797e+00 2.000000000000000000e+00
-2.866122245788574219e+00 -6.592593193054199219e-01 -2.680209875106811523e+00 -1.493279218673706055e+00 1.000000000000000000e+00
8.428737640380859375e+00 4.677933216094970703e+00 1.206834793090820312e+00 1.022185802459716797e+00 2.000000000000000000e+00
-2.866122245788574219e+00 -6.592593193054199219e-01 -2.680209875106811523e+00 -1.493279218673706055e+00 1.000000000000000000e+00
8.428737640380859375e+00 4.677933216094970703e+00 1.206834793090820312e+00 1.022185802459716797e+00 2.000000000000000000e+00
-2.866122245788574219e+00 -6.592593193054199219e-01 -2.680209875106811523e+00 -1.493279218673706055e+00 1.000000000000000000e+00
8.428737640380859375e+00 4.677933216094970703e+00 1.206834793090820312e+00 1.022185802459716797e+00 2.000000000000000000e+00
-2.866122245788574219e+00 -6.592593193054199219e-01 -2.680209875106811523e+00 -1.493279218673706055e+00 1.000000000000000000e+00
8.428737640380859375e+00 4.677933216094970703e+00 1.206834793090820312e+00 1.022185802459716797e+00 2.000000000000000000e+00
-2.866122245788574219e+00 -6.592593193054199219e-01 -2.680209875106811523e+00 -1.493279218673706055e+00 1.000000000000000000e+00
8.428737640380859375e+00 4.677933216094970703e+00 1.206834793090820312e+00 1.022185802459716797e+00 2.000000000000000000e+00
-2.866122245788574219e+00 -6.592593193054199219e-01 -2.680209875106811523e+00 -1.493279218673706055e+00 1.000000000000000000e+00
8.428737640380859375e+00 4.677933216094970703e+00 1.206834793090820312e+00 1.022185802459716797e+00 2.000000000000000000e+00
-2.866122245788574219e+00 -6.592593193054199219e-01 -2.680209875106811523e+00 -1.493279218673706055e+00 1.000000000000000000e+00
8.428737640380859375e+00 4.677933216094970703e+00 1.206834793090820312e+00 1.022185802459716797e+00 2.000000000000000000e+00
-2.866122245788574219e+00 -6.592593193054199219e-01 -2.680209875106811523e+00 -1.493279218673706055e+00 1.000000000000000000e+00
8.428737640380859375e+00 4.677933216094970703e+00 1.206834793090820312e+00 1.022185802459716797e+00 2.000000000000000000e+00
6.893574237823486328e+00 7.394904613494873047e+00 1.306789159774780273e+00 1.131320476531982422e+00 0.000000000000000000e+00
1.730335474014282227e+00 1.013809442520141602e+00 1.000140428543090820e+00 1.000001072883605957e+00 0.000000000000000000e+00
2.712723493576049805e+00 1.002780914306640625e+00 1.000000000000000000e+00 1.000000000000000000e+00 0.000000000000000000e+00
1.004043221473693848e+00 1.000409245491027832e+00 1.000000476837158203e+00 1.000000000000000000e+00 0.000000000000000000e+00
1.000064373016357422e+00 1.000000000000000000e+00 1.000000000000000000e+00 1.000000000000000000e+00 0.000000000000000000e+00
1.137718200683593750e+00 1.110374093055725098e+00 1.023375511169433594e+00 1.002098560333251953e+00 1.000000000000000000e+00
2.765428543090820312e+00 1.465378999710083008e+00 1.024909496307373047e+00 1.005570769309997559e+00 2.000000000000000000e+00
1.137718200683593750e+00 1.110374093055725098e+00 1.023375511169433594e+00 1.002098560333251953e+00 1.000000000000000000e+00
2.765428543090820312e+00 1.465378999710083008e+00 1.024909496307373047e+00 1.005570769309997559e+00 2.000000000000000000e+00
1.137718200683593750e+00 1.110374093055725098e+00 1.023375511169433594e+00 1.002098560333251953e+00 1.000000000000000000e+00
2.765428543090820312e+00 1.465378999710083008e+00 1.024909496307373047e+00 1.005570769309997559e+00 2.000000000000000000e+00
1.137718200683593750e+00 1.110374093055725098e+00 1.023375511169433594e+00 1.002098560333251953e+00 1.000000000000000000e+00
2.765428543090820312e+00 1.465378999710083008e+00 1.024909496307373047e+00 1.005570769309997559e+00 2.000000000000000000e+00
1.137718200683593750e+00 1.110374093055725098e+00 1.023375511169433594e+00 1.002098560333251953e+00 1.000000000000000000e+00
2.765428543090820312e+00 1.465378999710083008e+00 1.024909496307373047e+00 1.005570769309997559e+00 2.000000000000000000e+00
1.137718200683593750e+00 1.110374093055725098e+00 1.023375511169433594e+00 1.002098560333251953e+00 1.000000000000000000e+00
2.765428543090820312e+00 1.465378999710083008e+00 1.024909496307373047e+00 1.005570769309997559e+00 2.000000000000000000e+00
1.137718200683593750e+00 1.110374093055725098e+00 1.023375511169433594e+00 1.002098560333251953e+00 1.000000000000000000e+00
2.765428543090820312e+00 1.465378999710083008e+00 1.024909496307373047e+00 1.005570769309997559e+00 2.000000000000000000e+00
1.137718200683593750e+00 1.110374093055725098e+00 1.023375511169433594e+00 1.002098560333251953e+00 1.000000000000000000e+00
2.765428543090820312e+00 1.465378999710083008e+00 1.024909496307373047e+00 1.005570769309997559e+00 2.000000000000000000e+00
1.137718200683593750e+00 1.110374093055725098e+00 1.023375511169433594e+00 1.002098560333251953e+00 1.000000000000000000e+00
2.765428543090820312e+00 1.465378999710083008e+00 1.024909496307373047e+00 1.005570769309997559e+00 2.000000000000000000e+00
1.137718200683593750e+00 1.110374093055725098e+00 1.023375511169433594e+00 1.002098560333251953e+00 1.000000000000000000e+00
2.765428543090820312e+00 1.465378999710083008e+00 1.024909496307373047e+00 1.005570769309997559e+00 2.000000000000000000e+00
2.279924869537353516e+00 1.310146570205688477e+00 1.032387971878051758e+00 1.003540039062500000e+00 0.000000000000000000e+00
2.608353614807128906e+00 1.007445812225341797e+00 1.000135183334350586e+00 1.000000000000000000e+00 0.000000000000000000e+00
3.119489192962646484e+00 2.352944374084472656e+00 1.423560261726379395e+00 1.114028453826904297e+00 0.000000000000000000e+00
1.869326829910278320e+00 1.394213438034057617e+00 1.113404989242553711e+00 1.010615587234497070e+00 0.000000000000000000e+00
1.772377848625183105e+00 -9.649134874343872070e-01 3.300112247467041016e+00 1.445931196212768555e+00 0.000000000000000000e+00
2.484638214111328125e+00 1.254242181777954102e+00 1.040153503417968750e+00 1.008196353912353516e+00 0.000000000000000000e+00
1.684509754180908203e+00 1.238913059234619141e+00 1.109843611717224121e+00 1.005985975265502930e+00 0.000000000000000000e+00
4.022925853729248047e+00 1.022749781608581543e+00 1.000016093254089355e+00 1.000000000000000000e+00 0.000000000000000000e+00
1.528711795806884766e+00 1.009703159332275391e+00 1.000173330307006836e+00 1.000000000000000000e+00 0.000000000000000000e+00
1.746747612953186035e+00 1.021911382675170898e+00 1.000000476837158203e+00 1.000000000000000000e+00 0.000000000000000000e+00
-5.569119453430175781e-01 1.114602375030517578e+01 4.704294204711914062e+00 1.610478162765502930e+00 0.000000000000000000e+00
1.018952369689941406e+00 1.000005960464477539e+00 1.000000000000000000e+00 1.000000000000000000e+00 0.000000000000000000e+00
1.010355472564697266e+00 1.000000476837158203e+00 1.000000000000000000e+00 1.000000000000000000e+00 0.000000000000000000e+00
1.000139474868774414e+00 1.000000000000000000e+00 1.000000000000000000e+00 1.000000000000000000e+00 0.000000000000000000e+00
2.665309667587280273e+00 1.178020715713500977e+00 1.010081887245178223e+00 1.000178575515747070e+00 0.000000000000000000e+00
1.783116817474365234e+00 2.092194080352783203e+00 1.190598487854003906e+00 1.026959896087646484e+00 0.000000000000000000e+00
1.830602049827575684e+00 1.102006673812866211e+00 1.011745452880859375e+00 1.000436425209045410e+00 0.000000000000000000e+00
1.500372409820556641e+00 1.045054316520690918e+00 1.001108884811401367e+00 1.000004291534423828e+00 0.000000000000000000e+00
1.547467947006225586e+00 1.020543336868286133e+00 1.001909255981445312e+00 1.000013351440429688e+00 0.000000000000000000e+00
4.162278652191162109e+00 3.891393661499023438e+00 1.509432315826416016e+00 1.323435783386230469e+00 0.000000000000000000e+00
1.672422051429748535e+00 1.225700378417968750e+00 1.278766393661499023e+00 1.052296638488769531e+00 0.000000000000000000e+00
2.345106124877929688e+00 1.820643663406372070e+00 1.201345443725585938e+00 1.015530586242675781e+00 0.000000000000000000e+00
3.751416683197021484e+00 1.906600117683410645e+00 1.286789417266845703e+00 1.059307456016540527e+00 0.000000000000000000e+00
2.644529342651367188e+00 1.110353112220764160e+00 1.004360079765319824e+00 1.000025272369384766e+00 0.000000000000000000e+00
2.024345874786376953e+00 1.154523015022277832e+00 1.016386508941650391e+00 1.000421047210693359e+00 0.000000000000000000e+00
1.520880460739135742e+00 1.065823793411254883e+00 1.001841068267822266e+00 1.000018835067749023e+00 0.000000000000000000e+00
1.330972194671630859e+00 1.038945198059082031e+00 1.000202775001525879e+00 1.000000000000000000e+00 0.000000000000000000e+00
-3.278474092483520508e+00 -1.883677005767822266e+00 -1.140311479568481445e+00 -1.505292892456054688e+00 1.000000000000000000e+00
-2.106402158737182617e+00 -1.019605517387390137e+00 -1.269285440444946289e+00 -1.296950340270996094e+00 2.000000000000000000e+00
-3.278474092483520508e+00 -1.883677005767822266e+00 -1.140311479568481445e+00 -1.505292892456054688e+00 1.000000000000000000e+00
-2.106402158737182617e+00 -1.019605517387390137e+00 -1.269285440444946289e+00 -1.296950340270996094e+00 2.000000000000000000e+00
-3.278474092483520508e+00 -1.883677005767822266e+00 -1.140311479568481445e+00 -1.505292892456054688e+00 1.000000000000000000e+00
-2.106402158737182617e+00 -1.019605517387390137e+00 -1.269285440444946289e+00 -1.296950340270996094e+00 2.000000000000000000e+00
-3.278474092483520508e+00 -1.883677005767822266e+00 -1.140311479568481445e+00 -1.505292892456054688e+00 1.000000000000000000e+00
-2.106402158737182617e+00 -1.019605517387390137e+00 -1.269285440444946289e+00 -1.296950340270996094e+00 2.000000000000000000e+00
-3.278474092483520508e+00 -1.883677005767822266e+00 -1.140311479568481445e+00 -1.505292892456054688e+00 1.000000000000000000e+00
-2.106402158737182617e+00 -1.019605517387390137e+00 -1.269285440444946289e+00 -1.296950340270996094e+00 2.000000000000000000e+00
-3.278474092483520508e+00 -1.883677005767822266e+00 -1.140311479568481445e+00 -1.505292892456054688e+00 1.000000000000000000e+00
-2.106402158737182617e+00 -1.019605517387390137e+00 -1.269285440444946289e+00 -1.296950340270996094e+00 2.000000000000000000e+00
-3.278474092483520508e+00 -1.883677005767822266e+00 -1.140311479568481445e+00 -1.505292892456054688e+00 1.000000000000000000e+00
-2.106402158737182617e+00 -1.019605517387390137e+00 -1.269285440444946289e+00 -1.296950340270996094e+00 2.000000000000000000e+00
-3.278474092483520508e+00 -1.883677005767822266e+00 -1.140311479568481445e+00 -1.505292892456054688e+00 1.000000000000000000e+00
-2.106402158737182617e+00 -1.019605517387390137e+00 -1.269285440444946289e+00 -1.296950340270996094e+00 2.000000000000000000e+00
-3.278474092483520508e+00 -1.883677005767822266e+00 -1.140311479568481445e+00 -1.505292892456054688e+00 1.000000000000000000e+00
-2.106402158737182617e+00 -1.019605517387390137e+00 -1.269285440444946289e+00 -1.296950340270996094e+00 2.000000000000000000e+00
-3.278474092483520508e+00 -1.883677005767822266e+00 -1.140311479568481445e+00 -1.505292892456054688e+00 1.000000000000000000e+00
-2.106402158737182617e+00 -1.019605517387390137e+00 -1.269285440444946289e+00 -1.296950340270996094e+00 2.000000000000000000e+00
2.082301378250122070e+00 1.304943084716796875e+00 1.047723770141601562e+00 1.004048824310302734e+00 0.000000000000000000e+00
5.863389015197753906e+00 1.642547607421875000e+00 1.119225859642028809e+00 1.003572463989257812e+00 0.000000000000000000e+00
1.125971317291259766e+00 1.000556707382202148e+00 1.000000476837158203e+00 1.000000000000000000e+00 0.000000000000000000e+00
3.941852569580078125e+00 1.446209669113159180e+00 1.081443786621093750e+00 1.004125118255615234e+00 0.000000000000000000e+00
1.718966603279113770e+00 1.118153095245361328e+00 1.001811265945434570e+00 1.000002622604370117e+00 0.000000000000000000e+00
1.622556924819946289e+00 1.067991256713867188e+00 1.006569266319274902e+00 1.000230550765991211e+00 0.000000000000000000e+00
5.898417949676513672e+00 2.667026519775390625e+00 1.402428627014160156e+00 1.097065687179565430e+00 0.000000000000000000e+00
-1.441795945167541504e+00 -3.261470794677734375e+00 -2.758052587509155273e+00 -1.482240438461303711e+00 0.000000000000000000e+00
-5.820806980133056641e+00 -2.108749747276306152e-02 -2.319575786590576172e+00 -2.886606693267822266e+00 0.000000000000000000e+00
9.088186025619506836e-01 1.041989564895629883e+00 1.913472294807434082e+00 -1.381335973739624023e+00 0.000000000000000000e+00
1.216128826141357422e+00 -1.891702413558959961e+00 -2.695837974548339844e+00 -2.439443588256835938e+00 0.000000000000000000e+00
-1.599170684814453125e+00 -2.586242675781250000e+00 -2.278683662414550781e+00 -2.282554149627685547e+00 0.000000000000000000e+00
-2.212687730789184570e+00 -1.621176242828369141e+00 -1.514447689056396484e+00 -1.930368542671203613e+00 0.000000000000000000e+00
-1.110300779342651367e+00 -1.640845298767089844e+00 -1.571548819541931152e+00 -1.156621456146240234e+00 0.000000000000000000e+00
4.238595008850097656e+00 1.506360888481140137e+00 1.038676261901855469e+00 1.000428438186645508e+00 0.000000000000000000e+00
1.705314874649047852e+00 1.245025634765625000e+00 1.037232518196105957e+00 1.002553701400756836e+00 0.000000000000000000e+00
1.197120428085327148e+00 1.011679887771606445e+00 1.000202655792236328e+00 1.000000476837158203e+00 0.000000000000000000e+00
1.839322090148925781e+00 1.058290004730224609e+00 1.005810976028442383e+00 1.000099778175354004e+00 0.000000000000000000e+00
2.390476703643798828e+00 1.332839965820312500e+00 1.030204534530639648e+00 1.000157117843627930e+00 0.000000000000000000e+00
1.724073171615600586e+00 1.954248666763305664e+00 1.087050437927246094e+00 1.002248764038085938e+00 0.000000000000000000e+00
3.273914813995361328e+00 1.324659228324890137e+00 1.038810491561889648e+00 1.000459313392639160e+00 0.000000000000000000e+00
-2.317441701889038086e-01 -2.025846481323242188e+00 -4.542955398559570312e+00 -1.202127814292907715e+00 0.000000000000000000e+00
-1.570178270339965820e+00 -1.145601034164428711e+00 -1.018125772476196289e+00 -1.033838510513305664e+00 0.000000000000000000e+00
-1.899319648742675781e+00 -2.034800052642822266e+00 -1.756697297096252441e+00 -1.676332354545593262e+00 0.000000000000000000e+00
-9.144486784934997559e-01 -1.433938980102539062e+00 -1.917623400688171387e+00 -1.992378354072570801e+00 0.000000000000000000e+00
-4.363327026367187500e+00 -4.862569808959960938e+00 -1.152334570884704590e+00 -1.320334553718566895e+00 0.000000000000000000e+00
-1.514249682426452637e+00 -1.532188177108764648e+00 -7.698506116867065430e-01 -1.493013262748718262e+00 0.000000000000000000e+00
3.310227394104003906e+00 9.638923406600952148e-01 5.525295734405517578e-01 -1.636490821838378906e+01 0.000000000000000000e+00
1.318128228187561035e+00 1.000241398811340332e+00 1.000000000000000000e+00 1.000000000000000000e+00 0.000000000000000000e+00
2.363330602645874023e+00 1.112691164016723633e+00 1.002846002578735352e+00 1.000012874603271484e+00 0.000000000000000000e+00
1.002369761466979980e+00 1.000016689300537109e+00 1.000000000000000000e+00 1.000000000000000000e+00 0.000000000000000000e+00
4.026440143585205078e+00 1.418450355529785156e+00 1.023522615432739258e+00 1.000003218650817871e+00 0.000000000000000000e+00
2.416678667068481445e+00 1.538142204284667969e+00 1.017480254173278809e+00 1.000489234924316406e+00 0.000000000000000000e+00
3.400259256362915039e+00 1.054354190826416016e+00 1.002643704414367676e+00 1.000003814697265625e+00 0.000000000000000000e+00
1.242989301681518555e+00 1.019839525222778320e+00 1.000021457672119141e+00 1.000000000000000000e+00 0.000000000000000000e+00
1.201005697250366211e+00 1.001071691513061523e+00 1.000000476837158203e+00 1.000000000000000000e+00 0.000000000000000000e+00
1.171137213706970215e+00 1.001293897628784180e+00 1.000000476837158203e+00 1.000000000000000000e+00 0.000000000000000000e+00
1.236236214637756348e+00 1.002145051956176758e+00 1.000002145767211914e+00 1.000000000000000000e+00 0.000000000000000000e+00
1.079691171646118164e+00 1.000120639801025391e+00 1.000000000000000000e+00 1.000000000000000000e+00 0.000000000000000000e+00
1.060006856918334961e+00 1.000231742858886719e+00 1.000000000000000000e+00 1.000000000000000000e+00 0.000000000000000000e+00
1.049083590507507324e+00 1.000118494033813477e+00 1.000000000000000000e+00 1.000000000000000000e+00 0.000000000000000000e+00
1.205765843391418457e+00 1.001804113388061523e+00 1.000000000000000000e+00 1.000000000000000000e+00 0.000000000000000000e+00
1.026529550552368164e+00 1.000160455703735352e+00 1.000000000000000000e+00 1.000000000000000000e+00 0.000000000000000000e+00
1.274448633193969727e+00 1.002697229385375977e+00 1.000000476837158203e+00 1.000000000000000000e+00 0.000000000000000000e+00
2.185889244079589844e+00 1.287370681762695312e+00 1.038454055786132812e+00 1.000079870223999023e+00 0.000000000000000000e+00
1.523588657379150391e+00 1.067000508308410645e+00 1.003388166427612305e+00 1.000013947486877441e+00 0.000000000000000000e+00
3.699614048004150391e+00 1.771888256072998047e+00 1.032854080200195312e+00 1.001903414726257324e+00 0.000000000000000000e+00
1.830107688903808594e+00 1.133241653442382812e+00 1.004796385765075684e+00 1.000052571296691895e+00 0.000000000000000000e+00
1.282996654510498047e+00 1.028378367424011230e+00 1.001254320144653320e+00 1.000009059906005859e+00 0.000000000000000000e+00
1.695794582366943359e+00 1.031658530235290527e+00 1.000622034072875977e+00 1.000001668930053711e+00 0.000000000000000000e+00
1.068087458610534668e+00 1.003299713134765625e+00 1.000014543533325195e+00 1.000000000000000000e+00 0.000000000000000000e+00
1.264606952667236328e+00 1.002480030059814453e+00 1.000013351440429688e+00 1.000000000000000000e+00 0.000000000000000000e+00
6.297458648681640625e+00 1.638235211372375488e+00 1.033493518829345703e+00 1.000841617584228516e+00 0.000000000000000000e+00
1.587526917457580566e+00 1.065166473388671875e+00 1.003276705741882324e+00 1.000018239021301270e+00 0.000000000000000000e+00
1.529378652572631836e+00 1.051281452178955078e+00 1.001861810684204102e+00 1.000021457672119141e+00 0.000000000000000000e+00
1.221291303634643555e+00 1.013795018196105957e+00 1.000068664550781250e+00 1.000000000000000000e+00 0.000000000000000000e+00
3.875648498535156250e+00 1.174419760704040527e+00 1.006775379180908203e+00 1.000081062316894531e+00 0.000000000000000000e+00
5.581339836120605469e+00 2.348807573318481445e+00 1.628948450088500977e+00 1.113414287567138672e+00 0.000000000000000000e+00
2.932875633239746094e+00 1.119230031967163086e+00 1.000811100006103516e+00 1.000000476837158203e+00 0.000000000000000000e+00
1.948396682739257812e+00 1.355296730995178223e+00 1.066934585571289062e+00 1.003795623779296875e+00 0.000000000000000000e+00
5.954286098480224609e+00 1.559032440185546875e+00 1.126588463783264160e+00 1.002605915069580078e+00 0.000000000000000000e+00
1.338871121406555176e+00 1.034866690635681152e+00 1.002132177352905273e+00 1.000031113624572754e+00 0.000000000000000000e+00
3.349143028259277344e+00 2.237314939498901367e+00 1.518728971481323242e+00 1.053618192672729492e+00 0.000000000000000000e+00
1.195953369140625000e+00 1.000533819198608398e+00 1.000000000000000000e+00 1.000000000000000000e+00 0.000000000000000000e+00
1.525745391845703125e+00 1.030371427536010742e+00 1.000051021575927734e+00 1.000000000000000000e+00 0.000000000000000000e+00
2.803291797637939453e+00 1.154907941818237305e+00 1.022542119026184082e+00 1.000912904739379883e+00 0.000000000000000000e+00
2.540798664093017578e+00 1.492871999740600586e+00 1.031010150909423828e+00 1.000610113143920898e+00 0.000000000000000000e+00
2.035765886306762695e+00 1.255330204963684082e+00 1.035917758941650391e+00 1.000440955162048340e+00 0.000000000000000000e+00
2.914594411849975586e+00 1.035215497016906738e+00 1.028778076171875000e+00 1.000129818916320801e+00 0.000000000000000000e+00
3.975363969802856445e+00 2.996701717376708984e+00 1.177097558975219727e+00 1.048874258995056152e+00 0.000000000000000000e+00
1.345574617385864258e+00 1.016750693321228027e+00 1.000050425529479980e+00 1.000000000000000000e+00 0.000000000000000000e+00
1.427534699440002441e+00 1.002757072448730469e+00 1.000002145767211914e+00 1.000000000000000000e+00 0.000000000000000000e+00
1.315743088722229004e+00 1.004514694213867188e+00 1.000000476837158203e+00 1.000000000000000000e+00 0.000000000000000000e+00
1.380684137344360352e+00 1.004383563995361328e+00 1.000001668930053711e+00 1.000000000000000000e+00 0.000000000000000000e+00
1.231147098541259766e+01 1.191564083099365234e+00 1.000548839569091797e+00 1.000000000000000000e+00 0.000000000000000000e+00
-4.699230670928955078e+00 2.549851655960083008e+00 1.138102149963378906e+01 2.122674465179443359e+00 0.000000000000000000e+00
9.418895721435546875e+00 1.444703817367553711e+00 1.049994707107543945e+00 1.000555872917175293e+00 0.000000000000000000e+00
1.496691226959228516e+00 1.007568120956420898e+00 1.000038623809814453e+00 1.000000000000000000e+00 0.000000000000000000e+00
1.023327469825744629e+00 1.000031113624572754e+00 1.000000000000000000e+00 1.000000000000000000e+00 0.000000000000000000e+00
1.099428176879882812e+00 1.001251935958862305e+00 1.000000476837158203e+00 1.000000000000000000e+00 0.000000000000000000e+00
1.130725145339965820e+00 1.007377505302429199e+00 1.000016093254089355e+00 1.000000000000000000e+00 0.000000000000000000e+00
1.274816989898681641e+00 1.003317475318908691e+00 1.000003814697265625e+00 1.000000000000000000e+00 0.000000000000000000e+00
1.063212752342224121e+00 1.000414609909057617e+00 1.000000000000000000e+00 1.000000000000000000e+00 0.000000000000000000e+00
1.137588620185852051e+00 1.020257830619812012e+00 1.000244021415710449e+00 1.000000476837158203e+00 0.000000000000000000e+00
1.932887554168701172e+00 1.173454284667968750e+00 1.007150530815124512e+00 1.000050425529479980e+00 0.000000000000000000e+00
6.120733261108398438e+00 3.400557994842529297e+00 4.034611225128173828e+00 1.115017414093017578e+00 0.000000000000000000e+00
1.937421083450317383e+00 1.041659593582153320e+00 1.000597000122070312e+00 1.000001072883605957e+00 0.000000000000000000e+00
2.787278890609741211e+00 1.520332455635070801e+00 1.044530153274536133e+00 1.000249862670898438e+00 0.000000000000000000e+00
5.701460838317871094e-01 -2.640257120132446289e+00 6.764386177062988281e+00 5.301836490631103516e+00 0.000000000000000000e+00
1.762627840042114258e+00 1.189255952835083008e+00 1.297055840492248535e+00 1.242846250534057617e+00 0.000000000000000000e+00
1.754129052162170410e+00 1.250227928161621094e+00 1.301930427551269531e+00 1.083181619644165039e+00 0.000000000000000000e+00
1.073653221130371094e+00 1.000006437301635742e+00 1.000000000000000000e+00 1.000000000000000000e+00 0.000000000000000000e+00
1.100813150405883789e+00 1.000042438507080078e+00 1.000000000000000000e+00 1.000000000000000000e+00 0.000000000000000000e+00
1.073234796524047852e+00 1.000007510185241699e+00 1.000000000000000000e+00 1.000000000000000000e+00 0.000000000000000000e+00
1.633870720863342285e+00 1.019934177398681641e+00 1.000023603439331055e+00 1.000000000000000000e+00 0.000000000000000000e+00
1.127559185028076172e+00 1.000021934509277344e+00 1.000000000000000000e+00 1.000000000000000000e+00 0.000000000000000000e+00
1.287971019744873047e+00 1.001124858856201172e+00 1.000000000000000000e+00 1.000000000000000000e+00 0.000000000000000000e+00
2.880170583724975586e+00 1.060950756072998047e+00 1.000952720642089844e+00 1.000000476837158203e+00 0.000000000000000000e+00
1.969823837280273438e+00 1.258956789970397949e+00 1.022818326950073242e+00 1.000114202499389648e+00 0.000000000000000000e+00
1.436101198196411133e+00 1.072664737701416016e+00 1.001669883728027344e+00 1.000005364418029785e+00 0.000000000000000000e+00
2.048103809356689453e+00 1.095854520797729492e+00 1.005521535873413086e+00 1.000024676322937012e+00 0.000000000000000000e+00
1.454450488090515137e+00 1.038949251174926758e+00 1.000612378120422363e+00 1.000002145767211914e+00 0.000000000000000000e+00
1.108401417732238770e+00 1.001716375350952148e+00 1.000002622604370117e+00 1.000000000000000000e+00 0.000000000000000000e+00
1.245881080627441406e+00 1.007256984710693359e+00 1.000014543533325195e+00 1.000000000000000000e+00 0.000000000000000000e+00
1.329978466033935547e+00 1.006749868392944336e+00 1.000040769577026367e+00 1.000000000000000000e+00 0.000000000000000000e+00
3.728602886199951172e+00 1.253929805755615234e+01 1.526867628097534180e+00 1.028358936309814453e+00 0.000000000000000000e+00
1.267674565315246582e+00 1.026528358459472656e+00 1.000739097595214844e+00 1.000006437301635742e+00 0.000000000000000000e+00
3.796059608459472656e+00 1.036791324615478516e+00 1.000362038612365723e+00 1.000000476837158203e+00 0.000000000000000000e+00
1.451080322265625000e+00 1.030469059944152832e+00 1.001199483871459961e+00 1.000004768371582031e+00 0.000000000000000000e+00
-1.838462352752685547e+00 -2.321354866027832031e+00 -1.341780662536621094e+00 -1.169862508773803711e+00 0.000000000000000000e+00
1.369371056556701660e+00 1.110686063766479492e+00 1.004997730255126953e+00 1.000200629234313965e+00 0.000000000000000000e+00
1.053985118865966797e+00 1.001954555511474609e+00 1.000007510185241699e+00 1.000000000000000000e+00 0.000000000000000000e+00
-1.572824597358703613e+00 -3.725243210792541504e-01 -1.755451798439025879e+00 -1.009165763854980469e+00 1.000000000000000000e+00
-2.242741584777832031e+00 1.258086109161376953e+01 4.001646995544433594e+00 1.190556287765502930e+00 2.000000000000000000e+00
-1.572824597358703613e+00 -3.725243210792541504e-01 -1.755451798439025879e+00 -1.009165763854980469e+00 1.000000000000000000e+00
-2.242741584777832031e+00 1.258086109161376953e+01 4.001646995544433594e+00 1.190556287765502930e+00 2.000000000000000000e+00
-1.572824597358703613e+00 -3.725243210792541504e-01 -1.755451798439025879e+00 -1.009165763854980469e+00 1.000000000000000000e+00
-2.242741584777832031e+00 1.258086109161376953e+01 4.001646995544433594e+00 1.190556287765502930e+00 2.000000000000000000e+00
-1.572824597358703613e+00 -3.725243210792541504e-01 -1.755451798439025879e+00 -1.009165763854980469e+00 1.000000000000000000e+00
-2.242741584777832031e+00 1.258086109161376953e+01 4.001646995544433594e+00 1.190556287765502930e+00 2.000000000000000000e+00
-1.572824597358703613e+00 -3.725243210792541504e-01 -1.755451798439025879e+00 -1.009165763854980469e+00 1.000000000000000000e+00
-2.242741584777832031e+00 1.258086109161376953e+01 4.001646995544433594e+00 1.190556287765502930e+00 2.000000000000000000e+00
-1.572824597358703613e+00 -3.725243210792541504e-01 -1.755451798439025879e+00 -1.009165763854980469e+00 1.000000000000000000e+00
-2.242741584777832031e+00 1.258086109161376953e+01 4.001646995544433594e+00 1.190556287765502930e+00 2.000000000000000000e+00
-1.572824597358703613e+00 -3.725243210792541504e-01 -1.755451798439025879e+00 -1.009165763854980469e+00 1.000000000000000000e+00
-2.242741584777832031e+00 1.258086109161376953e+01 4.001646995544433594e+00 1.190556287765502930e+00 2.000000000000000000e+00
-1.572824597358703613e+00 -3.725243210792541504e-01 -1.755451798439025879e+00 -1.009165763854980469e+00 1.000000000000000000e+00
-2.242741584777832031e+00 1.258086109161376953e+01 4.001646995544433594e+00 1.190556287765502930e+00 2.000000000000000000e+00
-1.572824597358703613e+00 -3.725243210792541504e-01 -1.755451798439025879e+00 -1.009165763854980469e+00 1.000000000000000000e+00
-2.242741584777832031e+00 1.258086109161376953e+01 4.001646995544433594e+00 1.190556287765502930e+00 2.000000000000000000e+00
-1.572824597358703613e+00 -3.725243210792541504e-01 -1.755451798439025879e+00 -1.009165763854980469e+00 1.000000000000000000e+00
-2.242741584777832031e+00 1.258086109161376953e+01 4.001646995544433594e+00 1.190556287765502930e+00 2.000000000000000000e+00
1.745306015014648438e+00 1.699682354927062988e+00 1.329172611236572266e+00 1.060789108276367188e+00 0.000000000000000000e+00
1.854051828384399414e+00 1.487493038177490234e+00 1.219372034072875977e+00 1.043800830841064453e+00 0.000000000000000000e+00
1.979930043220520020e+00 1.436793088912963867e+00 1.164030432701110840e+00 1.034684181213378906e+00 0.000000000000000000e+00
2.168348073959350586e+00 1.615269184112548828e+00 1.565598011016845703e+00 1.101562738418579102e+00 0.000000000000000000e+00
1.780959725379943848e+00 1.414429068565368652e+00 1.433529138565063477e+00 1.372045278549194336e+00 0.000000000000000000e+00
1.000243902206420898e+00 1.732040405273437500e+00 1.679675459861755371e+00 1.298001766204833984e+00 0.000000000000000000e+00
1.123850584030151367e+00 1.871612668037414551e+00 1.389450311660766602e+00 1.094828963279724121e+00 0.000000000000000000e+00
1.003029584884643555e+00 1.000040292739868164e+00 1.000000000000000000e+00 1.000000000000000000e+00 0.000000000000000000e+00
1.058135271072387695e+00 1.000120639801025391e+00 1.000000000000000000e+00 1.000000000000000000e+00 0.000000000000000000e+00
1.006570219993591309e+00 1.000005960464477539e+00 1.000000000000000000e+00 1.000000000000000000e+00 0.000000000000000000e+00
1.207517862319946289e+00 1.003176093101501465e+00 1.000016093254089355e+00 1.000000000000000000e+00 0.000000000000000000e+00
1.513497591018676758e+00 1.078010082244873047e+00 1.004883050918579102e+00 1.000040769577026367e+00 0.000000000000000000e+00
1.701950788497924805e+00 1.034104228019714355e+00 1.000983715057373047e+00 1.000010251998901367e+00 0.000000000000000000e+00
1.082772731781005859e+00 1.021935701370239258e+00 1.000355005264282227e+00 1.000005364418029785e+00 0.000000000000000000e+00
1.893704414367675781e+00 -1.238212394714355469e+01 -1.959998846054077148e+00 -1.648839116096496582e+00 0.000000000000000000e+00
5.136755704879760742e-01 -1.049004554748535156e+00 -1.508218765258789062e+00 -2.618442058563232422e+00 0.000000000000000000e+00
-2.142078399658203125e+00 -1.912606716156005859e+00 -2.444094657897949219e+00 -1.696158409118652344e+00 0.000000000000000000e+00
3.523297786712646484e+00 1.412089109420776367e+00 1.168120503425598145e+00 1.259513020515441895e+00 0.000000000000000000e+00
1.443576931953430176e+00 1.036572217941284180e+00 1.000390887260437012e+00 1.000006437301635742e+00 0.000000000000000000e+00
1.231098532676696777e+00 1.551816225051879883e+00 1.057113766670227051e+00 1.002078294754028320e+00 0.000000000000000000e+00
1.738710045814514160e+00 1.065293550491333008e+00 1.002790093421936035e+00 1.000013947486877441e+00 0.000000000000000000e+00
1.187675476074218750e+00 1.005486130714416504e+00 1.000010251998901367e+00 1.000000000000000000e+00 0.000000000000000000e+00
1.754481196403503418e+00 1.019414901733398438e+00 1.000254750251770020e+00 1.000000476837158203e+00 0.000000000000000000e+00
1.275383710861206055e+00 1.000924229621887207e+00 1.000000476837158203e+00 1.000000000000000000e+00 0.000000000000000000e+00
1.524893522262573242e+00 1.026293277740478516e+00 1.000475764274597168e+00 1.000000476837158203e+00 0.000000000000000000e+00
1.680692434310913086e+00 1.091222524642944336e+00 1.001820325851440430e+00 1.000003218650817871e+00 0.000000000000000000e+00
2.010072231292724609e+00 1.009211659431457520e+00 1.000039696693420410e+00 1.000000000000000000e+00 0.000000000000000000e+00
2.626590728759765625e+00 1.105522155761718750e+00 1.001013040542602539e+00 1.000002145767211914e+00 0.000000000000000000e+00
2.081929683685302734e+00 1.101575136184692383e+00 1.000679492950439453e+00 1.000001668930053711e+00 0.000000000000000000e+00
1.059962511062622070e+00 1.001417756080627441e+00 1.000005364418029785e+00 1.000000000000000000e+00 0.000000000000000000e+00
1.116386294364929199e+00 1.000565290451049805e+00 1.000000476837158203e+00 1.000000000000000000e+00 0.000000000000000000e+00
3.014510154724121094e+00 1.546329379081726074e+00 1.004744052886962891e+00 1.000046133995056152e+00 0.000000000000000000e+00
2.134809970855712891e+00 1.402959942817687988e+00 1.032222270965576172e+00 1.000990867614746094e+00 0.000000000000000000e+00
2.673610210418701172e+00 1.059200763702392578e+00 1.004360556602478027e+00 1.000049829483032227e+00 0.000000000000000000e+00
2.169278621673583984e+00 1.016772389411926270e+00 1.000537753105163574e+00 1.000002622604370117e+00 0.000000000000000000e+00
1.090772390365600586e+00 1.000471353530883789e+00 1.000002145767211914e+00 1.000000000000000000e+00 1.000000000000000000e+00
1.060871601104736328e+00 1.000001072883605957e+00 1.000000000000000000e+00 1.000000000000000000e+00 2.000000000000000000e+00
1.090772390365600586e+00 1.000471353530883789e+00 1.000002145767211914e+00 1.000000000000000000e+00 1.000000000000000000e+00
1.060871601104736328e+00 1.000001072883605957e+00 1.000000000000000000e+00 1.000000000000000000e+00 2.000000000000000000e+00
1.090772390365600586e+00 1.000471353530883789e+00 1.000002145767211914e+00 1.000000000000000000e+00 1.000000000000000000e+00
1.060871601104736328e+00 1.000001072883605957e+00 1.000000000000000000e+00 1.000000000000000000e+00 2.000000000000000000e+00
1.090772390365600586e+00 1.000471353530883789e+00 1.000002145767211914e+00 1.000000000000000000e+00 1.000000000000000000e+00
1.060871601104736328e+00 1.000001072883605957e+00 1.000000000000000000e+00 1.000000000000000000e+00 2.000000000000000000e+00
1.090772390365600586e+00 1.000471353530883789e+00 1.000002145767211914e+00 1.000000000000000000e+00 1.000000000000000000e+00
1.060871601104736328e+00 1.000001072883605957e+00 1.000000000000000000e+00 1.000000000000000000e+00 2.000000000000000000e+00
1.090772390365600586e+00 1.000471353530883789e+00 1.000002145767211914e+00 1.000000000000000000e+00 1.000000000000000000e+00
1.060871601104736328e+00 1.000001072883605957e+00 1.000000000000000000e+00 1.000000000000000000e+00 2.000000000000000000e+00
1.090772390365600586e+00 1.000471353530883789e+00 1.000002145767211914e+00 1.000000000000000000e+00 1.000000000000000000e+00
1.060871601104736328e+00 1.000001072883605957e+00 1.000000000000000000e+00 1.000000000000000000e+00 2.000000000000000000e+00
1.090772390365600586e+00 1.000471353530883789e+00 1.000002145767211914e+00 1.000000000000000000e+00 1.000000000000000000e+00
1.060871601104736328e+00 1.000001072883605957e+00 1.000000000000000000e+00 1.000000000000000000e+00 2.000000000000000000e+00
1.090772390365600586e+00 1.000471353530883789e+00 1.000002145767211914e+00 1.000000000000000000e+00 1.000000000000000000e+00
1.060871601104736328e+00 1.000001072883605957e+00 1.000000000000000000e+00 1.000000000000000000e+00 2.000000000000000000e+00
1.090772390365600586e+00 1.000471353530883789e+00 1.000002145767211914e+00 1.000000000000000000e+00 1.000000000000000000e+00
1.060871601104736328e+00 1.000001072883605957e+00 1.000000000000000000e+00 1.000000000000000000e+00 2.000000000000000000e+00
2.721513986587524414e+00 1.330238938331604004e+00 1.016384243965148926e+00 1.000512599945068359e+00 0.000000000000000000e+00
3.223053932189941406e+00 1.220387697219848633e+00 3.032865524291992188e+00 1.348998904228210449e+00 0.000000000000000000e+00
-5.320109367370605469e+00 9.519007682800292969e+00 4.080881595611572266e+00 3.063436269760131836e+00 0.000000000000000000e+00
2.398195028305053711e+00 1.046322941780090332e+00 1.000268101692199707e+00 1.000001072883605957e+00 0.000000000000000000e+00
8.552425384521484375e+00 1.043421983718872070e+00 1.000238180160522461e+00 1.000000476837158203e+00 0.000000000000000000e+00
1.484489202499389648e+00 1.024009466171264648e+00 1.001756191253662109e+00 1.000005364418029785e+00 0.000000000000000000e+00
1.016027164459228516e+01 3.567050695419311523e+00 1.061984300613403320e+00 1.000096082687377930e+00 0.000000000000000000e+00
1.000347137451171875e+00 1.000000000000000000e+00 1.000000000000000000e+00 1.000000000000000000e+00 0.000000000000000000e+00
1.168650865554809570e+00 -5.097884535789489746e-01 1.524746894836425781e+01 1.033187270164489746e+00 0.000000000000000000e+00
2.229310989379882812e+00 1.060759305953979492e+00 1.002236485481262207e+00 1.000062227249145508e+00 0.000000000000000000e+00
3.227200984954833984e+00 1.915431022644042969e+00 1.119616508483886719e+00 1.002833843231201172e+00 0.000000000000000000e+00
1.167238473892211914e+00 1.000250577926635742e+00 1.000000000000000000e+00 1.000000000000000000e+00 0.000000000000000000e+00
1.017628192901611328e+00 1.000022530555725098e+00 1.000000000000000000e+00 1.000000000000000000e+00 1.000000000000000000e+00
1.022567510604858398e+00 1.000005960464477539e+00 1.000000000000000000e+00 1.000000000000000000e+00 2.000000000000000000e+00
1.017628192901611328e+00 1.000022530555725098e+00 1.000000000000000000e+00 1.000000000000000000e+00 1.000000000000000000e+00
1.022567510604858398e+00 1.000005960464477539e+00 1.000000000000000000e+00 1.000000000000000000e+00 2.000000000000000000e+00
1.017628192901611328e+00 1.000022530555725098e+00 1.000000000000000000e+00 1.000000000000000000e+00 1.000000000000000000e+00
1.022567510604858398e+00 1.000005960464477539e+00 1.000000000000000000e+00 1.000000000000000000e+00 2.000000000000000000e+00
1.017628192901611328e+00 1.000022530555725098e+00 1.000000000000000000e+00 1.000000000000000000e+00 1.000000000000000000e+00
1.022567510604858398e+00 1.000005960464477539e+00 1.000000000000000000e+00 1.000000000000000000e+00 2.000000000000000000e+00
1.017628192901611328e+00 1.000022530555725098e+00 1.000000000000000000e+00 1.000000000000000000e+00 1.000000000000000000e+00
1.022567510604858398e+00 1.000005960464477539e+00 1.000000000000000000e+00 1.000000000000000000e+00 2.000000000000000000e+00
1.017628192901611328e+00 1.000022530555725098e+00 1.000000000000000000e+00 1.000000000000000000e+00 1.000000000000000000e+00
1.022567510604858398e+00 1.000005960464477539e+00 1.000000000000000000e+00 1.000000000000000000e+00 2.000000000000000000e+00
1.017628192901611328e+00 1.000022530555725098e+00 1.000000000000000000e+00 1.000000000000000000e+00 1.000000000000000000e+00
1.022567510604858398e+00 1.000005960464477539e+00 1.000000000000000000e+00 1.000000000000000000e+00 2.000000000000000000e+00
1.017628192901611328e+00 1.000022530555725098e+00 1.000000000000000000e+00 1.000000000000000000e+00 1.000000000000000000e+00
1.022567510604858398e+00 1.000005960464477539e+00 1.000000000000000000e+00 1.000000000000000000e+00 2.000000000000000000e+00
1.017628192901611328e+00 1.000022530555725098e+00 1.000000000000000000e+00 1.000000000000000000e+00 1.000000000000000000e+00
1.022567510604858398e+00 1.000005960464477539e+00 1.000000000000000000e+00 1.000000000000000000e+00 2.000000000000000000e+00
1.017628192901611328e+00 1.000022530555725098e+00 1.000000000000000000e+00 1.000000000000000000e+00 1.000000000000000000e+00
1.022567510604858398e+00 1.000005960464477539e+00 1.000000000000000000e+00 1.000000000000000000e+00 2.000000000000000000e+00
1.071949958801269531e+00 1.000099182128906250e+00 1.000000000000000000e+00 1.000000000000000000e+00 0.000000000000000000e+00
1.104123234748840332e+00 1.000373482704162598e+00 1.000003814697265625e+00 1.000000000000000000e+00 0.000000000000000000e+00
4.769566059112548828e+00 2.097221136093139648e+00 1.317622184753417969e+00 1.044162511825561523e+00 0.000000000000000000e+00
2.128912925720214844e+00 1.139682292938232422e+00 1.045706510543823242e+00 1.001964569091796875e+00 0.000000000000000000e+00
2.247916698455810547e+00 1.605568766593933105e+00 1.225706100463867188e+00 1.011753559112548828e+00 0.000000000000000000e+00
-1.338837862014770508e+00 -5.568172931671142578e-01 3.416650295257568359e-01 1.026440858840942383e+00 1.000000000000000000e+00
1.747770309448242188e+00 1.176290392875671387e+00 1.019841432571411133e+00 1.000822782516479492e+00 2.000000000000000000e+00
-1.338837862014770508e+00 -5.568172931671142578e-01 3.416650295257568359e-01 1.026440858840942383e+00 1.000000000000000000e+00
1.747770309448242188e+00 1.176290392875671387e+00 1.019841432571411133e+00 1.000822782516479492e+00 2.000000000000000000e+00
-1.338837862014770508e+00 -5.568172931671142578e-01 3.416650295257568359e-01 1.026440858840942383e+00 1.000000000000000000e+00
1.747770309448242188e+00 1.176290392875671387e+00 1.019841432571411133e+00 1.000822782516479492e+00 2.000000000000000000e+00
-1.338837862014770508e+00 -5.568172931671142578e-01 3.416650295257568359e-01 1.026440858840942383e+00 1.000000000000000000e+00
1.747770309448242188e+00 1.176290392875671387e+00 1.019841432571411133e+00 1.000822782516479492e+00 2.000000000000000000e+00
-1.338837862014770508e+00 -5.568172931671142578e-01 3.416650295257568359e-01 1.026440858840942383e+00 1.000000000000000000e+00
1.747770309448242188e+00 1.176290392875671387e+00 1.019841432571411133e+00 1.000822782516479492e+00 2.000000000000000000e+00
-1.338837862014770508e+00 -5.568172931671142578e-01 3.416650295257568359e-01 1.026440858840942383e+00 1.000000000000000000e+00
1.747770309448242188e+00 1.176290392875671387e+00 1.019841432571411133e+00 1.000822782516479492e+00 2.000000000000000000e+00
-1.338837862014770508e+00 -5.568172931671142578e-01 3.416650295257568359e-01 1.026440858840942383e+00 1.000000000000000000e+00
1.747770309448242188e+00 1.176290392875671387e+00 1.019841432571411133e+00 1.000822782516479492e+00 2.000000000000000000e+00
-1.338837862014770508e+00 -5.568172931671142578e-01 3.416650295257568359e-01 1.026440858840942383e+00 1.000000000000000000e+00
1.747770309448242188e+00 1.176290392875671387e+00 1.019841432571411133e+00 1.000822782516479492e+00 2.000000000000000000e+00
-1.338837862014770508e+00 -5.568172931671142578e-01 3.416650295257568359e-01 1.026440858840942383e+00 1.000000000000000000e+00
1.747770309448242188e+00 1.176290392875671387e+00 1.019841432571411133e+00 1.000822782516479492e+00 2.000000000000000000e+00
-1.338837862014770508e+00 -5.568172931671142578e-01 3.416650295257568359e-01 1.026440858840942383e+00 1.000000000000000000e+00
1.747770309448242188e+00 1.176290392875671387e+00 1.019841432571411133e+00 1.000822782516479492e+00 2.000000000000000000e+00
1.560447692871093750e+00 1.068442821502685547e+00 1.001986265182495117e+00 1.000020980834960938e+00 0.000000000000000000e+00
1.082383632659912109e+00 1.003788948059082031e+00 1.000004291534423828e+00 1.000000000000000000e+00 0.000000000000000000e+00
1.312731623649597168e+00 1.005535006523132324e+00 1.000024080276489258e+00 1.000000000000000000e+00 0.000000000000000000e+00
2.664503097534179688e+00 1.175612449645996094e+00 1.016768097877502441e+00 1.000848531723022461e+00 0.000000000000000000e+00
1.765336751937866211e+00 1.153800725936889648e+00 1.015394926071166992e+00 1.000576496124267578e+00 0.000000000000000000e+00
7.599754810333251953e+00 4.550671577453613281e+00 1.172145605087280273e+00 1.004172801971435547e+00 0.000000000000000000e+00
4.877119541168212891e+00 1.190490007400512695e+00 1.096453070640563965e+00 1.024394273757934570e+00 0.000000000000000000e+00
-7.613227367401123047e+00 3.057864010334014893e-01 -1.119499921798706055e+00 -1.122297644615173340e+00 0.000000000000000000e+00
3.702913522720336914e+00 1.702634215354919434e+00 1.445850014686584473e+00 1.132508039474487305e+00 0.000000000000000000e+00
-9.894574880599975586e-01 -1.995707869529724121e+00 -2.156506061553955078e+00 -1.634966135025024414e+00 0.000000000000000000e+00
-1.056888818740844727e+00 -1.693108797073364258e+00 -1.077027440071105957e+00 -1.000556707382202148e+00 0.000000000000000000e+00
3.597094535827636719e+00 2.776689052581787109e+00 -1.476262187957763672e+01 -2.190624475479125977e+00 0.000000000000000000e+00
2.056349277496337891e+00 8.945185542106628418e-01 2.555572986602783203e-01 -5.682933926582336426e-01 0.000000000000000000e+00
1.076590538024902344e+01 2.579334735870361328e+00 1.377968788146972656e+00 1.042392969131469727e+00 0.000000000000000000e+00
1.039338111877441406e+00 1.000016689300537109e+00 1.000000000000000000e+00 1.000000000000000000e+00 0.000000000000000000e+00
1.110648512840270996e+00 1.000536918640136719e+00 1.000000000000000000e+00 1.000000000000000000e+00 0.000000000000000000e+00
1.584947943687438965e+00 1.011817216873168945e+00 1.000053644180297852e+00 1.000000000000000000e+00 0.000000000000000000e+00
1.309739828109741211e+00 1.006385803222656250e+00 1.000015020370483398e+00 1.000000000000000000e+00 0.000000000000000000e+00
1.290126800537109375e+00 1.003663539886474609e+00 1.000002622604370117e+00 1.000000000000000000e+00 0.000000000000000000e+00
1.308477282524108887e+00 1.005248904228210449e+00 1.000006437301635742e+00 1.000000000000000000e+00 0.000000000000000000e+00
1.214083909988403320e+00 1.001988887786865234e+00 1.000002622604370117e+00 1.000000000000000000e+00 0.000000000000000000e+00
5.999151706695556641e+00 1.435921907424926758e+00 1.057833909988403320e+00 1.209656476974487305e+00 0.000000000000000000e+00
1.550720214843750000e+00 2.021038770675659180e+00 1.776293277740478516e+00 1.001895666122436523e+00 0.000000000000000000e+00
2.304797887802124023e+00 1.361751794815063477e+00 1.103049516677856445e+00 1.009016275405883789e+00 0.000000000000000000e+00
2.680838108062744141e+00 1.272383451461791992e+00 1.122591018676757812e+00 1.003592014312744141e+00 0.000000000000000000e+00
2.014989137649536133e+00 1.035587787628173828e+00 1.000457286834716797e+00 1.000003218650817871e+00 0.000000000000000000e+00
1.857370615005493164e+00 1.098684787750244141e+00 1.006932497024536133e+00 1.000139474868774414e+00 0.000000000000000000e+00
2.408771038055419922e+00 1.379463911056518555e+00 1.010194420814514160e+00 1.000145912170410156e+00 0.000000000000000000e+00
-1.930402874946594238e+00 4.773018956184387207e-01 4.607096672058105469e+00 7.049412727355957031e+00 0.000000000000000000e+00
-2.508533477783203125e+00 -1.612279653549194336e+00 -1.050270199775695801e+00 -1.037513732910156250e+00 0.000000000000000000e+00
-1.919183731079101562e+00 -1.225798845291137695e+00 -1.339686512947082520e+00 -1.249106764793395996e+00 0.000000000000000000e+00
1.780370950698852539e+00 1.105704069137573242e+00 1.005287885665893555e+00 1.000147342681884766e+00 0.000000000000000000e+00
2.108129501342773438e+00 2.190612316131591797e+00 2.137834072113037109e+00 1.268139362335205078e+00 0.000000000000000000e+00
2.449542760848999023e+00 1.428381204605102539e+00 1.266651749610900879e+00 1.036641240119934082e+00 0.000000000000000000e+00
1.823850870132446289e+00 1.105920314788818359e+00 1.002926230430603027e+00 1.000043988227844238e+00 0.000000000000000000e+00
-4.391859054565429688e+00 -1.923208236694335938e+00 -1.068001389503479004e+00 -1.115708589553833008e+00 0.000000000000000000e+00
-2.977642059326171875e+00 -1.562142252922058105e+00 -1.358027935028076172e+00 -3.766951322555541992e+00 0.000000000000000000e+00
3.390638113021850586e+00 -5.726496577262878418e-01 2.301885604858398438e+00 2.238162517547607422e+00 0.000000000000000000e+00
1.837857604026794434e+00 1.063254833221435547e+00 1.000959396362304688e+00 1.000002622604370117e+00 0.000000000000000000e+00
1.048999786376953125e+00 1.001379251480102539e+00 1.000000000000000000e+00 1.000000000000000000e+00 0.000000000000000000e+00
1.051934003829956055e+00 1.000275731086730957e+00 1.000000000000000000e+00 1.000000000000000000e+00 0.000000000000000000e+00
-2.154372692108154297e+00 -1.572500824928283691e+00 -1.234852075576782227e+00 -1.347040414810180664e+00 1.000000000000000000e+00
2.144944667816162109e+00 1.236868619918823242e+00 1.037014126777648926e+00 1.008932828903198242e+00 2.000000000000000000e+00
-2.154372692108154297e+00 -1.572500824928283691e+00 -1.234852075576782227e+00 -1.347040414810180664e+00 1.000000000000000000e+00
2.144944667816162109e+00 1.236868619918823242e+00 1.037014126777648926e+00 1.008932828903198242e+00 2.000000000000000000e+00
-2.154372692108154297e+00 -1.572500824928283691e+00 -1.234852075576782227e+00 -1.347040414810180664e+00 1.000000000000000000e+00
2.144944667816162109e+00 1.236868619918823242e+00 1.037014126777648926e+00 1.008932828903198242e+00 2.000000000000000000e+00
-2.154372692108154297e+00 -1.572500824928283691e+00 -1.234852075576782227e+00 -1.347040414810180664e+00 1.000000000000000000e+00
2.144944667816162109e+00 1.236868619918823242e+00 1.037014126777648926e+00 1.008932828903198242e+00 2.000000000000000000e+00
-2.154372692108154297e+00 -1.572500824928283691e+00 -1.234852075576782227e+00 -1.347040414810180664e+00 1.000000000000000000e+00
2.144944667816162109e+00 1.236868619918823242e+00 1.037014126777648926e+00 1.008932828903198242e+00 2.000000000000000000e+00
-2.154372692108154297e+00 -1.572500824928283691e+00 -1.234852075576782227e+00 -1.347040414810180664e+00 1.000000000000000000e+00
2.144944667816162109e+00 1.236868619918823242e+00 1.037014126777648926e+00 1.008932828903198242e+00 2.000000000000000000e+00
-2.154372692108154297e+00 -1.572500824928283691e+00 -1.234852075576782227e+00 -1.347040414810180664e+00 1.000000000000000000e+00
2.144944667816162109e+00 1.236868619918823242e+00 1.037014126777648926e+00 1.008932828903198242e+00 2.000000000000000000e+00
-2.154372692108154297e+00 -1.572500824928283691e+00 -1.234852075576782227e+00 -1.347040414810180664e+00 1.000000000000000000e+00
2.144944667816162109e+00 1.236868619918823242e+00 1.037014126777648926e+00 1.008932828903198242e+00 2.000000000000000000e+00
-2.154372692108154297e+00 -1.572500824928283691e+00 -1.234852075576782227e+00 -1.347040414810180664e+00 1.000000000000000000e+00
2.144944667816162109e+00 1.236868619918823242e+00 1.037014126777648926e+00 1.008932828903198242e+00 2.000000000000000000e+00
-2.154372692108154297e+00 -1.572500824928283691e+00 -1.234852075576782227e+00 -1.347040414810180664e+00 1.000000000000000000e+00
2.144944667816162109e+00 1.236868619918823242e+00 1.037014126777648926e+00 1.008932828903198242e+00 2.000000000000000000e+00
1.007344484329223633e+00 1.000071883201599121e+00 1.000000000000000000e+00 1.000000000000000000e+00 0.000000000000000000e+00
1.124103188514709473e+00 1.002515554428100586e+00 1.000008106231689453e+00 1.000000000000000000e+00 0.000000000000000000e+00
1.134997010231018066e+00 1.002655267715454102e+00 1.000001668930053711e+00 1.000000000000000000e+00 0.000000000000000000e+00
1.256079196929931641e+00 1.004010438919067383e+00 1.000004291534423828e+00 1.000000000000000000e+00 0.000000000000000000e+00
1.464194655418395996e+00 1.007719755172729492e+00 1.000006437301635742e+00 1.000000000000000000e+00 0.000000000000000000e+00
1.152507543563842773e+00 1.002019643783569336e+00 1.000000000000000000e+00 1.000000000000000000e+00 0.000000000000000000e+00
2.371232986450195312e+00 1.210750818252563477e+00 1.019293546676635742e+00 1.000329971313476562e+00 0.000000000000000000e+00
2.264154911041259766e+00 1.031971216201782227e+00 1.000092744827270508e+00 1.000000000000000000e+00 0.000000000000000000e+00
8.368206024169921875e+00 1.554199934005737305e+00 1.041260361671447754e+00 1.001570224761962891e+00 0.000000000000000000e+00
6.985484600067138672e+00 1.153289318084716797e+00 1.003711700439453125e+00 1.000009655952453613e+00 0.000000000000000000e+00
4.419289588928222656e+00 -9.298208355903625488e-01 3.284296989440917969e+00 2.231794357299804688e+00 0.000000000000000000e+00
2.836940288543701172e+00 1.708602309226989746e+00 1.476280927658081055e+00 1.210211753845214844e+00 0.000000000000000000e+00
2.682460308074951172e+00 3.869226217269897461e+00 1.243930816650390625e+00 1.061284780502319336e+00 0.000000000000000000e+00
1.343009352684020996e+00 1.074650049209594727e+00 1.007560849189758301e+00 1.000075101852416992e+00 0.000000000000000000e+00
2.090699195861816406e+00 1.098746538162231445e+00 1.010337114334106445e+00 1.000078916549682617e+00 0.000000000000000000e+00
1.050719022750854492e+00 1.001102209091186523e+00 1.000002145767211914e+00 1.000000000000000000e+00 0.000000000000000000e+00
1.072228789329528809e+00 1.007997274398803711e+00 1.000018835067749023e+00 1.000000000000000000e+00 0.000000000000000000e+00
1.548830986022949219e+00 1.031709432601928711e+00 1.000590085983276367e+00 1.000000476837158203e+00 0.000000000000000000e+00
1.155082702636718750e+00 1.003570437431335449e+00 1.000001072883605957e+00 1.000000000000000000e+00 0.000000000000000000e+00
2.765129804611206055e+00 9.945638656616210938e+00 1.141319036483764648e+00 1.004910588264465332e+00 0.000000000000000000e+00
-1.489722251892089844e+00 -2.436908483505249023e-01 -4.502621889114379883e-01 2.371914982795715332e-01 0.000000000000000000e+00
1.981556415557861328e-02 2.606845378875732422e+00 1.316178560256958008e+00 1.049151539802551270e+00 0.000000000000000000e+00
3.238427162170410156e+00 1.361207723617553711e+00 1.027368664741516113e+00 1.000999927520751953e+00 0.000000000000000000e+00
1.296028017997741699e+00 1.007365822792053223e+00 1.000087499618530273e+00 1.000000000000000000e+00 0.000000000000000000e+00
1.236428618431091309e+00 1.007305860519409180e+00 1.000003814697265625e+00 1.000000000000000000e+00 0.000000000000000000e+00
1.512690782546997070e+00 1.006116390228271484e+00 1.000001668930053711e+00 1.000000000000000000e+00 0.000000000000000000e+00
1.430661439895629883e+00 1.001846909523010254e+00 1.000005364418029785e+00 1.000000000000000000e+00 0.000000000000000000e+00
9.373163223266601562e+00 1.666472554206848145e+00 -6.263322234153747559e-01 3.225556850433349609e+00 0.000000000000000000e+00
1.979969501495361328e+00 1.080549120903015137e+00 1.002843141555786133e+00 1.000024676322937012e+00 0.000000000000000000e+00
2.154156208038330078e+00 1.608883023262023926e+00 1.233171463012695312e+00 1.016105890274047852e+00 0.000000000000000000e+00
2.212297916412353516e+00 1.586754560470581055e+00 1.433960795402526855e+00 1.108816027641296387e+00 0.000000000000000000e+00
-2.110463857650756836e+00 5.776850223541259766e+00 1.427266597747802734e+00 2.398611783981323242e+00 0.000000000000000000e+00
-2.182512760162353516e+00 8.996605873107910156e-02 -1.075626611709594727e+00 -6.020183563232421875e-01 0.000000000000000000e+00
-2.890681743621826172e+00 -7.515870094299316406e+00 2.871340751647949219e+00 9.117858409881591797e-01 0.000000000000000000e+00
3.574755191802978516e+00 1.344897270202636719e+00 1.031319260597229004e+00 1.001598596572875977e+00 0.000000000000000000e+00
1.624125003814697266e+00 1.055108547210693359e+00 1.002208709716796875e+00 1.000007510185241699e+00 0.000000000000000000e+00
1.120436668395996094e+00 1.001236796379089355e+00 1.000002145767211914e+00 1.000000000000000000e+00 0.000000000000000000e+00
1.013507962226867676e+00 1.000006437301635742e+00 1.000000000000000000e+00 1.000000000000000000e+00 0.000000000000000000e+00
1.474732160568237305e+00 1.022437572479248047e+00 1.000276803970336914e+00 1.000000000000000000e+00 0.000000000000000000e+00
1.723939061164855957e+00 1.131943941116333008e+00 1.002372741699218750e+00 1.000018239021301270e+00 0.000000000000000000e+00
1.402718067169189453e+00 1.012714862823486328e+00 1.000071287155151367e+00 1.000000000000000000e+00 0.000000000000000000e+00
1.425880670547485352e+00 1.017266511917114258e+00 1.000028967857360840e+00 1.000000000000000000e+00 0.000000000000000000e+00
1.744236588478088379e+00 2.597726583480834961e+00 1.125384926795959473e+00 1.018974065780639648e+00 1.000000000000000000e+00
2.005847692489624023e+00 1.129717946052551270e+00 1.001635313034057617e+00 1.000002145767211914e+00 2.000000000000000000e+00
1.744236588478088379e+00 2.597726583480834961e+00 1.125384926795959473e+00 1.018974065780639648e+00 1.000000000000000000e+00
2.005847692489624023e+00 1.129717946052551270e+00 1.001635313034057617e+00 1.000002145767211914e+00 2.000000000000000000e+00
1.744236588478088379e+00 2.597726583480834961e+00 1.125384926795959473e+00 1.018974065780639648e+00 1.000000000000000000e+00
2.005847692489624023e+00 1.129717946052551270e+00 1.001635313034057617e+00 1.000002145767211914e+00 2.000000000000000000e+00
1.744236588478088379e+00 2.597726583480834961e+00 1.125384926795959473e+00 1.018974065780639648e+00 1.000000000000000000e+00
2.005847692489624023e+00 1.129717946052551270e+00 1.001635313034057617e+00 1.000002145767211914e+00 2.000000000000000000e+00
1.744236588478088379e+00 2.597726583480834961e+00 1.125384926795959473e+00 1.018974065780639648e+00 1.000000000000000000e+00
2.005847692489624023e+00 1.129717946052551270e+00 1.001635313034057617e+00 1.000002145767211914e+00 2.000000000000000000e+00
1.744236588478088379e+00 2.597726583480834961e+00 1.125384926795959473e+00 1.018974065780639648e+00 1.000000000000000000e+00
2.005847692489624023e+00 1.129717946052551270e+00 1.001635313034057617e+00 1.000002145767211914e+00 2.000000000000000000e+00
1.744236588478088379e+00 2.597726583480834961e+00 1.125384926795959473e+00 1.018974065780639648e+00 1.000000000000000000e+00
2.005847692489624023e+00 1.129717946052551270e+00 1.001635313034057617e+00 1.000002145767211914e+00 2.000000000000000000e+00
1.744236588478088379e+00 2.597726583480834961e+00 1.125384926795959473e+00 1.018974065780639648e+00 1.000000000000000000e+00
2.005847692489624023e+00 1.129717946052551270e+00 1.001635313034057617e+00 1.000002145767211914e+00 2.000000000000000000e+00
1.744236588478088379e+00 2.597726583480834961e+00 1.125384926795959473e+00 1.018974065780639648e+00 1.000000000000000000e+00
2.005847692489624023e+00 1.129717946052551270e+00 1.001635313034057617e+00 1.000002145767211914e+00 2.000000000000000000e+00
1.744236588478088379e+00 2.597726583480834961e+00 1.125384926795959473e+00 1.018974065780639648e+00 1.000000000000000000e+00
2.005847692489624023e+00 1.129717946052551270e+00 1.001635313034057617e+00 1.000002145767211914e+00 2.000000000000000000e+00
1.669382691383361816e+00 1.102216720581054688e+00 1.001745820045471191e+00 1.000002622604370117e+00 0.000000000000000000e+00
2.410149097442626953e+00 1.125247478485107422e+00 1.001067161560058594e+00 1.000003218650817871e+00 0.000000000000000000e+00
1.312623023986816406e+01 3.070656776428222656e+00 1.024652004241943359e+00 1.000248432159423828e+00 0.000000000000000000e+00
2.229272365570068359e+00 1.079543352127075195e+00 1.000787258148193359e+00 1.000001668930053711e+00 0.000000000000000000e+00
1.506173372268676758e+00 1.048691272735595703e+00 1.000265598297119141e+00 1.000000000000000000e+00 0.000000000000000000e+00
4.984183788299560547e+00 2.624204635620117188e+00 1.095516443252563477e+00 1.000465631484985352e+00 0.000000000000000000e+00
3.947127103805541992e+00 1.487068891525268555e+00 1.010986089706420898e+00 1.000070333480834961e+00 0.000000000000000000e+00
1.037660360336303711e+00 1.000033259391784668e+00 1.000000000000000000e+00 1.000000000000000000e+00 1.000000000000000000e+00
2.415754795074462891e+00 1.109615445137023926e+00 1.000067591667175293e+00 1.000000000000000000e+00 2.000000000000000000e+00
1.037660360336303711e+00 1.000033259391784668e+00 1.000000000000000000e+00 1.000000000000000000e+00 1.000000000000000000e+00
2.415754795074462891e+00 1.109615445137023926e+00 1.000067591667175293e+00 1.000000000000000000e+00 2.000000000000000000e+00
1.037660360336303711e+00 1.000033259391784668e+00 1.000000000000000000e+00 1.000000000000000000e+00 1.000000000000000000e+00
2.415754795074462891e+00 1.109615445137023926e+00 1.000067591667175293e+00 1.000000000000000000e+00 2.000000000000000000e+00
1.037660360336303711e+00 1.000033259391784668e+00 1.000000000000000000e+00 1.000000000000000000e+00 1.000000000000000000e+00
2.415754795074462891e+00 1.109615445137023926e+00 1.000067591667175293e+00 1.000000000000000000e+00 2.000000000000000000e+00
1.037660360336303711e+00 1.000033259391784668e+00 1.000000000000000000e+00 1.000000000000000000e+00 1.000000000000000000e+00
2.415754795074462891e+00 1.109615445137023926e+00 1.000067591667175293e+00 1.000000000000000000e+00 2.000000000000000000e+00
1.037660360336303711e+00 1.000033259391784668e+00 1.000000000000000000e+00 1.000000000000000000e+00 1.000000000000000000e+00
2.415754795074462891e+00 1.109615445137023926e+00 1.000067591667175293e+00 1.000000000000000000e+00 2.000000000000000000e+00
1.037660360336303711e+00 1.000033259391784668e+00 1.000000000000000000e+00 1.000000000000000000e+00 1.000000000000000000e+00
2.415754795074462891e+00 1.109615445137023926e+00 1.000067591667175293e+00 1.000000000000000000e+00 2.000000000000000000e+00
1.037660360336303711e+00 1.000033259391784668e+00 1.000000000000000000e+00 1.000000000000000000e+00 1.000000000000000000e+00
2.415754795074462891e+00 1.109615445137023926e+00 1.000067591667175293e+00 1.000000000000000000e+00 2.000000000000000000e+00
1.037660360336303711e+00 1.000033259391784668e+00 1.000000000000000000e+00 1.000000000000000000e+00 1.000000000000000000e+00
2.415754795074462891e+00 1.109615445137023926e+00 1.000067591667175293e+00 1.000000000000000000e+00 2.000000000000000000e+00
1.037660360336303711e+00 1.000033259391784668e+00 1.000000000000000000e+00 1.000000000000000000e+00 1.000000000000000000e+00
2.415754795074462891e+00 1.109615445137023926e+00 1.000067591667175293e+00 1.000000000000000000e+00 2.000000000000000000e+00
2.016799211502075195e+00 1.138516664505004883e+00 1.001183986663818359e+00 1.000000000000000000e+00 0.000000000000000000e+00
1.106632232666015625e+00 1.011637568473815918e+00 1.000024080276489258e+00 1.000000000000000000e+00 0.000000000000000000e+00
2.464458942413330078e+00 1.056018471717834473e+00 1.001292824745178223e+00 1.000009655952453613e+00 0.000000000000000000e+00
1.374872446060180664e+00 1.234423637390136719e+00 1.012087583541870117e+00 1.000308394432067871e+00 0.000000000000000000e+00
1.259880304336547852e+00 1.034551978111267090e+00 1.004836559295654297e+00 1.000068187713623047e+00 0.000000000000000000e+00
2.028946399688720703e+00 1.061423063278198242e+00 1.005781650543212891e+00 1.000010728836059570e+00 0.000000000000000000e+00
-1.945006728172302246e+00 -6.765012741088867188e-01 -5.244702696800231934e-01 -1.990998625755310059e+00 0.000000000000000000e+00
1.671951770782470703e+00 1.025241851806640625e+00 1.000047683715820312e+00 1.000000000000000000e+00 0.000000000000000000e+00
6.450474262237548828e+00 1.296756505966186523e+00 1.040099740028381348e+00 1.000580787658691406e+00 0.000000000000000000e+00
1.442298412322998047e+00 1.004315257072448730e+00 1.000190854072570801e+00 1.000001072883605957e+00 0.000000000000000000e+00
1.850384950637817383e+00 1.349600911140441895e+00 1.010714292526245117e+00 1.000149011611938477e+00 0.000000000000000000e+00
-1.303939104080200195e+00 -1.394614934921264648e+00 -1.536492824554443359e+00 -1.474173784255981445e+00 0.000000000000000000e+00
3.013057708740234375e+00 1.254652380943298340e+00 1.004455208778381348e+00 1.000038146972656250e+00 0.000000000000000000e+00
1.304442405700683594e+00 1.013458967208862305e+00 1.000123381614685059e+00 1.000000000000000000e+00 0.000000000000000000e+00
1.244149327278137207e+00 1.005694150924682617e+00 1.000174880027770996e+00 1.000000000000000000e+00 0.000000000000000000e+00
1.728632330894470215e+00 1.080952167510986328e+00 1.001447677612304688e+00 1.000001668930053711e+00 0.000000000000000000e+00
1.928745746612548828e+00 1.048641920089721680e+00 1.002769947052001953e+00 1.000074028968811035e+00 0.000000000000000000e+00
1.757216572761535645e+00 1.069802045822143555e+00 1.003665447235107422e+00 1.000010251998901367e+00 0.000000000000000000e+00
2.378672599792480469e+00 1.133111238479614258e+00 1.035054683685302734e+00 1.000538110733032227e+00 0.000000000000000000e+00
1.805438041687011719e+00 1.031061410903930664e+00 1.000594258308410645e+00 1.000001072883605957e+00 0.000000000000000000e+00
2.429618835449218750e+00 1.329703807830810547e+00 1.115561485290527344e+00 1.010431051254272461e+00 0.000000000000000000e+00
1.966286659240722656e+00 1.095145463943481445e+00 1.000217795372009277e+00 1.000000000000000000e+00 0.000000000000000000e+00
5.338280677795410156e+00 5.382091522216796875e+00 2.585092782974243164e+00 1.293971896171569824e+00 0.000000000000000000e+00
1.723638772964477539e+00 1.004126071929931641e+00 1.000065445899963379e+00 1.000000000000000000e+00 0.000000000000000000e+00
1.432125806808471680e+00 1.000581741333007812e+00 1.000002145767211914e+00 1.000000000000000000e+00 0.000000000000000000e+00
1.618296146392822266e+00 1.036185741424560547e+00 1.000544428825378418e+00 1.000000476837158203e+00 0.000000000000000000e+00
2.228336334228515625e+00 1.924050331115722656e+00 1.235487461090087891e+00 1.011539936065673828e+00 0.000000000000000000e+00
1.919637203216552734e+00 1.479204773902893066e+00 1.152583122253417969e+00 1.017830610275268555e+00 0.000000000000000000e+00
1.203299045562744141e+00 1.002436995506286621e+00 1.000015020370483398e+00 1.000000000000000000e+00 0.000000000000000000e+00
1.705684185028076172e+00 1.102881312370300293e+00 1.001023292541503906e+00 1.000001668930053711e+00 0.000000000000000000e+00
1.447440505027770996e+00 1.054596185684204102e+00 1.003100752830505371e+00 1.000056862831115723e+00 0.000000000000000000e+00
1.099656820297241211e+00 1.000169992446899414e+00 1.000000000000000000e+00 1.000000000000000000e+00 0.000000000000000000e+00
1.018078804016113281e+00 1.000007510185241699e+00 1.000000000000000000e+00 1.000000000000000000e+00 0.000000000000000000e+00
1.023830652236938477e+00 1.000006437301635742e+00 1.000000000000000000e+00 1.000000000000000000e+00 0.000000000000000000e+00
1.302730083465576172e+00 1.000367999076843262e+00 1.000000000000000000e+00 1.000000000000000000e+00 0.000000000000000000e+00
1.233136892318725586e+00 1.025101661682128906e+00 1.000173807144165039e+00 1.000000000000000000e+00 0.000000000000000000e+00
1.024887561798095703e+00 1.000039100646972656e+00 1.000000000000000000e+00 1.000000000000000000e+00 0.000000000000000000e+00
1.011960744857788086e+00 1.000002622604370117e+00 1.000000000000000000e+00 1.000000000000000000e+00 0.000000000000000000e+00
1.171154022216796875e+00 1.001272916793823242e+00 1.000000000000000000e+00 1.000000000000000000e+00 0.000000000000000000e+00
1.622729182243347168e+00 1.016945719718933105e+00 1.000038146972656250e+00 1.000000000000000000e+00 0.000000000000000000e+00
1.343578100204467773e+00 1.007768154144287109e+00 1.000000476837158203e+00 1.000000000000000000e+00 0.000000000000000000e+00
