2.548626363277435303e-01 2.755804657936096191e-01 3.090961277484893799e-01 3.176143467426300049e-01 2.954666614532470703e-01 0.000000000000000000e+00
4.237100854516029358e-02 8.197815716266632080e-02 2.651365660130977631e-02 5.304728075861930847e-02 7.256342470645904541e-02 0.000000000000000000e+00
-6.331016868352890015e-02 -3.951082006096839905e-02 -9.430436417460441589e-03 3.649446368217468262e-02 9.898213297128677368e-02 0.000000000000000000e+00
1.386465281248092651e-01 1.094755530357360840e-01 7.366723567247390747e-02 3.882344812154769897e-03 -9.920872747898101807e-03 0.000000000000000000e+00
2.930323779582977295e-01 3.726851940155029297e-01 4.790906012058258057e-01 4.408088624477386475e-01 4.750822782516479492e-01 0.000000000000000000e+00
3.751027584075927734e-01 4.793359041213989258e-01 5.252622961997985840e-01 5.068519711494445801e-01 5.204617977142333984e-01 0.000000000000000000e+00
3.988513648509979248e-01 4.482890963554382324e-01 4.527036249637603760e-01 4.495047628879547119e-01 4.471624195575714111e-01 0.000000000000000000e+00
3.116318285465240479e-01 3.116363584995269775e-01 3.468464910984039307e-01 3.519461154937744141e-01 3.740897476673126221e-01 0.000000000000000000e+00
3.520988523960113525e-01 3.906506001949310303e-01 4.015217423439025879e-01 4.164252877235412598e-01 4.132800102233886719e-01 0.000000000000000000e+00
3.529338538646697998e-01 3.772165775299072266e-01 3.756456673145294189e-01 3.743435740470886230e-01 3.944187164306640625e-01 0.000000000000000000e+00
3.733203411102294922e-01 4.023352563381195068e-01 4.049187898635864258e-01 4.032418727874755859e-01 4.045028686523437500e-01 0.000000000000000000e+00
3.657895624637603760e-01 3.904493749141693115e-01 3.930563926696777344e-01 4.176654517650604248e-01 4.107573926448822021e-01 0.000000000000000000e+00
3.650510311126708984e-01 4.122677147388458252e-01 4.306806027889251709e-01 4.422701895236968994e-01 4.580097198486328125e-01 0.000000000000000000e+00
3.482586443424224854e-01 3.654850125312805176e-01 3.884719908237457275e-01 4.159342646598815918e-01 4.180018305778503418e-01 0.000000000000000000e+00
2.647024691104888916e-01 3.641172945499420166e-01 4.564819931983947754e-01 4.853243231773376465e-01 5.471389293670654297e-01 0.000000000000000000e+00
2.413478046655654907e-01 2.698315978050231934e-01 3.854171931743621826e-01 3.925503492355346680e-01 4.003281295299530029e-01 0.000000000000000000e+00
3.722660839557647705e-01 5.088073611259460449e-01 4.846549928188323975e-01 5.000286698341369629e-01 5.217304229736328125e-01 0.000000000000000000e+00
1.539379805326461792e-01 3.143281638622283936e-01 3.597301840782165527e-01 3.786437213420867920e-01 3.937540054321289062e-01 0.000000000000000000e+00
2.840314805507659912e-01 3.768947124481201172e-01 4.415151476860046387e-01 4.493059217929840088e-01 4.561548233032226562e-01 0.000000000000000000e+00
2.650326490402221680e-01 3.838932514190673828e-01 4.531624317169189453e-01 4.720934033393859863e-01 4.717838764190673828e-01 0.000000000000000000e+00
2.039420604705810547e-01 2.746462225914001465e-01 3.546693027019500732e-01 4.516261518001556396e-01 4.872590303421020508e-01 0.000000000000000000e+00
4.357333183288574219e-01 4.909300506114959717e-01 5.420730710029602051e-01 5.724242925643920898e-01 5.354905128479003906e-01 0.000000000000000000e+00
2.964301109313964844e-01 4.258247613906860352e-01 6.019007563591003418e-01 7.286309003829956055e-01 6.905824542045593262e-01 0.000000000000000000e+00
2.099206112325191498e-02 -6.340515799820423126e-03 1.484546810388565063e-01 2.108604311943054199e-01 2.243668437004089355e-01 0.000000000000000000e+00
-3.436190262436866760e-02 -4.438639804720878601e-02 -6.774052232503890991e-02 -7.032965868711471558e-02 -4.896964132785797119e-02 0.000000000000000000e+00
6.577969994395971298e-03 6.829337030649185181e-02 1.342536509037017822e-01 4.639050364494323730e-02 7.621706277132034302e-02 0.000000000000000000e+00
2.063281238079071045e-01 2.749523520469665527e-01 2.619299888610839844e-01 2.981027364730834961e-01 2.305489629507064819e-01 0.000000000000000000e+00
2.698085904121398926e-01 3.107165098190307617e-01 2.979411780834197998e-01 2.929917573928833008e-01 2.829473614692687988e-01 0.000000000000000000e+00
3.047973476350307465e-02 4.016703069210052490e-01 6.296135187149047852e-01 7.909219861030578613e-01 8.421291708946228027e-01 0.000000000000000000e+00
-7.665146887302398682e-02 -7.439982891082763672e-02 -1.001909375190734863e-03 2.610608339309692383e-01 3.901257216930389404e-01 0.000000000000000000e+00
-3.850840404629707336e-02 1.898574829101562500e-02 9.437500685453414917e-02 2.179895527660846710e-02 -1.969427615404129028e-02 0.000000000000000000e+00
-6.026563048362731934e-02 7.730000652372837067e-03 1.315918862819671631e-01 1.207066327333450317e-01 1.266525238752365112e-01 0.000000000000000000e+00
-6.339117139577865601e-02 -3.175967931747436523e-02 1.879925280809402466e-02 2.072625420987606049e-02 1.290844231843948364e-01 0.000000000000000000e+00
1.821748763322830200e-01 3.419223725795745850e-01 3.924368917942047119e-01 3.053990006446838379e-01 2.399944514036178589e-01 0.000000000000000000e+00
3.417890071868896484e-01 5.110564827919006348e-01 6.432455778121948242e-01 6.406717896461486816e-01 5.459583401679992676e-01 0.000000000000000000e+00
4.714542925357818604e-01 7.073498964309692383e-01 7.673732042312622070e-01 7.864151000976562500e-01 8.110832571983337402e-01 0.000000000000000000e+00
5.296735763549804688e-01 7.002534866333007812e-01 7.730373740196228027e-01 7.710828185081481934e-01 7.345027327537536621e-01 0.000000000000000000e+00
6.530291438102722168e-01 7.784119844436645508e-01 8.214863538742065430e-01 7.791888117790222168e-01 8.128554821014404297e-01 0.000000000000000000e+00
6.045857071876525879e-01 7.576777338981628418e-01 8.181160092353820801e-01 8.392262458801269531e-01 8.639095425605773926e-01 0.000000000000000000e+00
6.113495826721191406e-01 7.449126839637756348e-01 8.069283962249755859e-01 8.556740283966064453e-01 8.546202182769775391e-01 0.000000000000000000e+00
6.498184800148010254e-01 7.609276175498962402e-01 8.056352734565734863e-01 8.526490926742553711e-01 8.965362906455993652e-01 0.000000000000000000e+00
5.489031672477722168e-01 6.852931380271911621e-01 7.521998286247253418e-01 8.012982010841369629e-01 8.375408649444580078e-01 0.000000000000000000e+00
2.692532241344451904e-01 3.101082444190979004e-01 3.296963870525360107e-01 1.893657743930816650e-01 6.641127634793519974e-03 1.000000000000000000e+00
4.050627648830413818e-01 5.042803287506103516e-01 5.660760998725891113e-01 6.310021281242370605e-01 5.131589174270629883e-01 2.000000000000000000e+00
2.692532241344451904e-01 3.101082444190979004e-01 3.296963870525360107e-01 1.893657743930816650e-01 6.641127634793519974e-03 1.000000000000000000e+00
4.050627648830413818e-01 5.042803287506103516e-01 5.660760998725891113e-01 6.310021281242370605e-01 5.131589174270629883e-01 2.000000000000000000e+00
2.692532241344451904e-01 3.101082444190979004e-01 3.296963870525360107e-01 1.893657743930816650e-01 6.641127634793519974e-03 1.000000000000000000e+00
4.050627648830413818e-01 5.042803287506103516e-01 5.660760998725891113e-01 6.310021281242370605e-01 5.131589174270629883e-01 2.000000000000000000e+00
2.692532241344451904e-01 3.101082444190979004e-01 3.296963870525360107e-01 1.893657743930816650e-01 6.641127634793519974e-03 1.000000000000000000e+00
4.050627648830413818e-01 5.042803287506103516e-01 5.660760998725891113e-01 6.310021281242370605e-01 5.131589174270629883e-01 2.000000000000000000e+00
2.692532241344451904e-01 3.101082444190979004e-01 3.296963870525360107e-01 1.893657743930816650e-01 6.641127634793519974e-03 1.000000000000000000e+00
4.050627648830413818e-01 5.042803287506103516e-01 5.660760998725891113e-01 6.310021281242370605e-01 5.131589174270629883e-01 2.000000000000000000e+00
2.692532241344451904e-01 3.101082444190979004e-01 3.296963870525360107e-01 1.893657743930816650e-01 6.641127634793519974e-03 1.000000000000000000e+00
4.050627648830413818e-01 5.042803287506103516e-01 5.660760998725891113e-01 6.310021281242370605e-01 5.131589174270629883e-01 2.000000000000000000e+00
2.692532241344451904e-01 3.101082444190979004e-01 3.296963870525360107e-01 1.893657743930816650e-01 6.641127634793519974e-03 1.000000000000000000e+00
4.050627648830413818e-01 5.042803287506103516e-01 5.660760998725891113e-01 6.310021281242370605e-01 5.131589174270629883e-01 2.000000000000000000e+00
2.692532241344451904e-01 3.101082444190979004e-01 3.296963870525360107e-01 1.893657743930816650e-01 6.641127634793519974e-03 1.000000000000000000e+00
4.050627648830413818e-01 5.042803287506103516e-01 5.660760998725891113e-01 6.310021281242370605e-01 5.131589174270629883e-01 2.000000000000000000e+00
2.692532241344451904e-01 3.101082444190979004e-01 3.296963870525360107e-01 1.893657743930816650e-01 6.641127634793519974e-03 1.000000000000000000e+00
4.050627648830413818e-01 5.042803287506103516e-01 5.660760998725891113e-01 6.310021281242370605e-01 5.131589174270629883e-01 2.000000000000000000e+00
2.692532241344451904e-01 3.101082444190979004e-01 3.296963870525360107e-01 1.893657743930816650e-01 6.641127634793519974e-03 1.000000000000000000e+00
4.050627648830413818e-01 5.042803287506103516e-01 5.660760998725891113e-01 6.310021281242370605e-01 5.131589174270629883e-01 2.000000000000000000e+00
5.482057332992553711e-01 7.139700055122375488e-01 7.310290932655334473e-01 7.958221435546875000e-01 8.506476283073425293e-01 0.000000000000000000e+00
5.143226385116577148e-01 6.323223710060119629e-01 6.784922480583190918e-01 7.692702412605285645e-01 7.983704805374145508e-01 0.000000000000000000e+00
3.420001566410064697e-01 4.861737787723541260e-01 5.416754484176635742e-01 5.663213133811950684e-01 6.490935087203979492e-01 0.000000000000000000e+00
2.537157833576202393e-01 3.560983240604400635e-01 4.605913162231445312e-01 5.548360943794250488e-01 5.511948466300964355e-01 0.000000000000000000e+00
3.746704459190368652e-01 5.415231585502624512e-01 5.401909947395324707e-01 5.486297011375427246e-01 5.904085040092468262e-01 0.000000000000000000e+00
5.397150516510009766e-01 6.950214505195617676e-01 7.004139423370361328e-01 6.494653224945068359e-01 6.592588424682617188e-01 0.000000000000000000e+00
4.135751426219940186e-01 5.544018745422363281e-01 6.622074246406555176e-01 6.777095198631286621e-01 7.002665996551513672e-01 0.000000000000000000e+00
3.970625102519989014e-01 4.709445238113403320e-01 5.325398445129394531e-01 6.052243709564208984e-01 6.165435314178466797e-01 0.000000000000000000e+00
4.176543653011322021e-01 5.998914837837219238e-01 6.512055993080139160e-01 6.099512577056884766e-01 6.257777214050292969e-01 0.000000000000000000e+00
4.588753581047058105e-01 5.506123304367065430e-01 6.044808030128479004e-01 6.312889456748962402e-01 6.517472863197326660e-01 0.000000000000000000e+00
4.494575560092926025e-01 5.475430488586425781e-01 5.986010432243347168e-01 6.257954835891723633e-01 6.308703422546386719e-01 0.000000000000000000e+00
4.475077986717224121e-01 5.438763499259948730e-01 5.958337783813476562e-01 6.301432847976684570e-01 6.318809986114501953e-01 0.000000000000000000e+00
4.434755444526672363e-01 5.379732251167297363e-01 5.851663947105407715e-01 6.125781536102294922e-01 6.267318725585937500e-01 0.000000000000000000e+00
4.379496574401855469e-01 5.264008045196533203e-01 5.710098147392272949e-01 5.957766771316528320e-01 6.139037609100341797e-01 0.000000000000000000e+00
3.189619183540344238e-01 5.713011622428894043e-01 6.181360483169555664e-01 6.125558018684387207e-01 5.849345922470092773e-01 0.000000000000000000e+00
3.659754991531372070e-01 4.971913695335388184e-01 5.953444838523864746e-01 6.357806324958801270e-01 6.897460818290710449e-01 0.000000000000000000e+00
3.242371082305908203e-01 5.116739273071289062e-01 5.168559551239013672e-01 6.081741452217102051e-01 5.899838805198669434e-01 0.000000000000000000e+00
6.146413087844848633e-01 7.473620176315307617e-01 7.650515437126159668e-01 7.999317049980163574e-01 7.489972710609436035e-01 0.000000000000000000e+00
5.676493048667907715e-01 6.812109947204589844e-01 7.131828665733337402e-01 7.143234014511108398e-01 7.454575896263122559e-01 0.000000000000000000e+00
-1.570584811270236969e-02 -7.148043811321258545e-02 -7.428042590618133545e-02 -9.048809856176376343e-02 -9.179855883121490479e-02 1.000000000000000000e+00
2.714380621910095215e-01 3.311399519443511963e-01 3.965209722518920898e-01 5.229536890983581543e-01 3.932294249534606934e-01 2.000000000000000000e+00
-1.570584811270236969e-02 -7.148043811321258545e-02 -7.428042590618133545e-02 -9.048809856176376343e-02 -9.179855883121490479e-02 1.000000000000000000e+00
2.714380621910095215e-01 3.311399519443511963e-01 3.965209722518920898e-01 5.229536890983581543e-01 3.932294249534606934e-01 2.000000000000000000e+00
-1.570584811270236969e-02 -7.148043811321258545e-02 -7.428042590618133545e-02 -9.048809856176376343e-02 -9.179855883121490479e-02 1.000000000000000000e+00
2.714380621910095215e-01 3.311399519443511963e-01 3.965209722518920898e-01 5.229536890983581543e-01 3.932294249534606934e-01 2.000000000000000000e+00
-1.570584811270236969e-02 -7.148043811321258545e-02 -7.428042590618133545e-02 -9.048809856176376343e-02 -9.179855883121490479e-02 1.000000000000000000e+00
2.714380621910095215e-01 3.311399519443511963e-01 3.965209722518920898e-01 5.229536890983581543e-01 3.932294249534606934e-01 2.000000000000000000e+00
-1.570584811270236969e-02 -7.148043811321258545e-02 -7.428042590618133545e-02 -9.048809856176376343e-02 -9.179855883121490479e-02 1.000000000000000000e+00
2.714380621910095215e-01 3.311399519443511963e-01 3.965209722518920898e-01 5.229536890983581543e-01 3.932294249534606934e-01 2.000000000000000000e+00
-1.570584811270236969e-02 -7.148043811321258545e-02 -7.428042590618133545e-02 -9.048809856176376343e-02 -9.179855883121490479e-02 1.000000000000000000e+00
2.714380621910095215e-01 3.311399519443511963e-01 3.965209722518920898e-01 5.229536890983581543e-01 3.932294249534606934e-01 2.000000000000000000e+00
-1.570584811270236969e-02 -7.148043811321258545e-02 -7.428042590618133545e-02 -9.048809856176376343e-02 -9.179855883121490479e-02 1.000000000000000000e+00
2.714380621910095215e-01 3.311399519443511963e-01 3.965209722518920898e-01 5.229536890983581543e-01 3.932294249534606934e-01 2.000000000000000000e+00
-1.570584811270236969e-02 -7.148043811321258545e-02 -7.428042590618133545e-02 -9.048809856176376343e-02 -9.179855883121490479e-02 1.000000000000000000e+00
2.714380621910095215e-01 3.311399519443511963e-01 3.965209722518920898e-01 5.229536890983581543e-01 3.932294249534606934e-01 2.000000000000000000e+00
-1.570584811270236969e-02 -7.148043811321258545e-02 -7.428042590618133545e-02 -9.048809856176376343e-02 -9.179855883121490479e-02 1.000000000000000000e+00
2.714380621910095215e-01 3.311399519443511963e-01 3.965209722518920898e-01 5.229536890983581543e-01 3.932294249534606934e-01 2.000000000000000000e+00
-1.570584811270236969e-02 -7.148043811321258545e-02 -7.428042590618133545e-02 -9.048809856176376343e-02 -9.179855883121490479e-02 1.000000000000000000e+00
2.714380621910095215e-01 3.311399519443511963e-01 3.965209722518920898e-01 5.229536890983581543e-01 3.932294249534606934e-01 2.000000000000000000e+00
3.905544877052307129e-01 6.062924265861511230e-01 7.076781988143920898e-01 7.290801405906677246e-01 6.807738542556762695e-01 0.000000000000000000e+00
2.987501919269561768e-01 5.967118740081787109e-01 6.341873407363891602e-01 6.825178861618041992e-01 6.732091903686523438e-01 0.000000000000000000e+00
2.532117664813995361e-01 4.237454533576965332e-01 5.277251005172729492e-01 5.143179893493652344e-01 5.846630930900573730e-01 0.000000000000000000e+00
4.996289908885955811e-01 6.057251691818237305e-01 6.362238526344299316e-01 5.923950076103210449e-01 6.132256388664245605e-01 0.000000000000000000e+00
4.784879088401794434e-01 6.206765174865722656e-01 6.458553075790405273e-01 6.356424093246459961e-01 6.725258231163024902e-01 0.000000000000000000e+00
3.800934180617332458e-02 3.337893635034561157e-02 -4.286377504467964172e-02 -3.801748901605606079e-02 -3.574185539036989212e-03 1.000000000000000000e+00
2.660380303859710693e-01 3.760066628456115723e-01 4.830900728702545166e-01 5.263070464134216309e-01 4.088888168334960938e-01 2.000000000000000000e+00
3.800934180617332458e-02 3.337893635034561157e-02 -4.286377504467964172e-02 -3.801748901605606079e-02 -3.574185539036989212e-03 1.000000000000000000e+00
2.660380303859710693e-01 3.760066628456115723e-01 4.830900728702545166e-01 5.263070464134216309e-01 4.088888168334960938e-01 2.000000000000000000e+00
3.800934180617332458e-02 3.337893635034561157e-02 -4.286377504467964172e-02 -3.801748901605606079e-02 -3.574185539036989212e-03 1.000000000000000000e+00
2.660380303859710693e-01 3.760066628456115723e-01 4.830900728702545166e-01 5.263070464134216309e-01 4.088888168334960938e-01 2.000000000000000000e+00
3.800934180617332458e-02 3.337893635034561157e-02 -4.286377504467964172e-02 -3.801748901605606079e-02 -3.574185539036989212e-03 1.000000000000000000e+00
2.660380303859710693e-01 3.760066628456115723e-01 4.830900728702545166e-01 5.263070464134216309e-01 4.088888168334960938e-01 2.000000000000000000e+00
3.800934180617332458e-02 3.337893635034561157e-02 -4.286377504467964172e-02 -3.801748901605606079e-02 -3.574185539036989212e-03 1.000000000000000000e+00
2.660380303859710693e-01 3.760066628456115723e-01 4.830900728702545166e-01 5.263070464134216309e-01 4.088888168334960938e-01 2.000000000000000000e+00
3.800934180617332458e-02 3.337893635034561157e-02 -4.286377504467964172e-02 -3.801748901605606079e-02 -3.574185539036989212e-03 1.000000000000000000e+00
2.660380303859710693e-01 3.760066628456115723e-01 4.830900728702545166e-01 5.263070464134216309e-01 4.088888168334960938e-01 2.000000000000000000e+00
3.800934180617332458e-02 3.337893635034561157e-02 -4.286377504467964172e-02 -3.801748901605606079e-02 -3.574185539036989212e-03 1.000000000000000000e+00
2.660380303859710693e-01 3.760066628456115723e-01 4.830900728702545166e-01 5.263070464134216309e-01 4.088888168334960938e-01 2.000000000000000000e+00
3.800934180617332458e-02 3.337893635034561157e-02 -4.286377504467964172e-02 -3.801748901605606079e-02 -3.574185539036989212e-03 1.000000000000000000e+00
2.660380303859710693e-01 3.760066628456115723e-01 4.830900728702545166e-01 5.263070464134216309e-01 4.088888168334960938e-01 2.000000000000000000e+00
3.800934180617332458e-02 3.337893635034561157e-02 -4.286377504467964172e-02 -3.801748901605606079e-02 -3.574185539036989212e-03 1.000000000000000000e+00
2.660380303859710693e-01 3.760066628456115723e-01 4.830900728702545166e-01 5.263070464134216309e-01 4.088888168334960938e-01 2.000000000000000000e+00
3.800934180617332458e-02 3.337893635034561157e-02 -4.286377504467964172e-02 -3.801748901605606079e-02 -3.574185539036989212e-03 1.000000000000000000e+00
2.660380303859710693e-01 3.760066628456115723e-01 4.830900728702545166e-01 5.263070464134216309e-01 4.088888168334960938e-01 2.000000000000000000e+00
6.088476181030273438e-01 6.882972121238708496e-01 7.698029875755310059e-01 8.209333419799804688e-01 8.707107305526733398e-01 0.000000000000000000e+00
5.033711194992065430e-01 6.234717965126037598e-01 7.382885217666625977e-01 8.007856011390686035e-01 8.181938529014587402e-01 0.000000000000000000e+00
3.881120085716247559e-01 5.460907220840454102e-01 6.281719803810119629e-01 6.741546392440795898e-01 7.305115461349487305e-01 0.000000000000000000e+00
4.481598734855651855e-01 5.825067758560180664e-01 6.217913031578063965e-01 5.974595546722412109e-01 6.287382841110229492e-01 0.000000000000000000e+00
5.031545758247375488e-01 5.459642410278320312e-01 6.226347088813781738e-01 6.307794451713562012e-01 6.651918292045593262e-01 0.000000000000000000e+00
4.813143312931060791e-01 6.019991636276245117e-01 6.835902333259582520e-01 6.948610544204711914e-01 7.281508445739746094e-01 0.000000000000000000e+00
4.351369142532348633e-01 5.845860838890075684e-01 6.187390685081481934e-01 6.931480169296264648e-01 7.139663100242614746e-01 0.000000000000000000e+00
7.756556570529937744e-02 5.406283140182495117e-01 6.123645305633544922e-01 7.207499146461486816e-01 7.425637245178222656e-01 0.000000000000000000e+00
6.507899761199951172e-01 8.153893947601318359e-01 7.603202462196350098e-01 6.627527475357055664e-01 6.538099050521850586e-01 0.000000000000000000e+00
2.887806594371795654e-01 6.072008609771728516e-01 7.983450889587402344e-01 8.908643722534179688e-01 8.819299340248107910e-01 0.000000000000000000e+00
3.191420435905456543e-01 3.453578948974609375e-01 1.648985445499420166e-01 6.104238629341125488e-01 6.144600510597229004e-01 0.000000000000000000e+00
6.052130460739135742e-01 7.716537117958068848e-01 7.761261463165283203e-01 6.687680482864379883e-01 6.288025975227355957e-01 0.000000000000000000e+00
3.449913263320922852e-01 5.424640774726867676e-01 5.905050635337829590e-01 6.962349414825439453e-01 7.348265647888183594e-01 0.000000000000000000e+00
4.925098121166229248e-01 6.263203024864196777e-01 6.699603796005249023e-01 7.028210163116455078e-01 6.090421080589294434e-01 0.000000000000000000e+00
3.912912309169769287e-01 5.216808319091796875e-01 5.861371755599975586e-01 6.354166269302368164e-01 6.449294686317443848e-01 0.000000000000000000e+00
4.052292406558990479e-01 5.389322638511657715e-01 5.654526948928833008e-01 5.858476758003234863e-01 6.029078960418701172e-01 0.000000000000000000e+00
3.911646306514739990e-01 5.505349636077880859e-01 5.694816708564758301e-01 6.201243400573730469e-01 6.064206957817077637e-01 0.000000000000000000e+00
3.910325765609741211e-01 5.015877485275268555e-01 5.658986568450927734e-01 5.357998013496398926e-01 5.397451519966125488e-01 0.000000000000000000e+00
3.005077242851257324e-01 3.595670461654663086e-01 4.368451237678527832e-01 4.885551929473876953e-01 5.543306469917297363e-01 0.000000000000000000e+00
2.480478286743164062e-01 3.859624862670898438e-01 4.252677857875823975e-01 4.406902790069580078e-01 5.010501742362976074e-01 0.000000000000000000e+00
3.021493554115295410e-01 3.767248690128326416e-01 4.138395190238952637e-01 4.421305060386657715e-01 4.288006126880645752e-01 0.000000000000000000e+00
1.406637430191040039e-01 2.990077733993530273e-01 3.117742538452148438e-01 1.455336362123489380e-01 1.465093046426773071e-01 0.000000000000000000e+00
2.934863567352294922e-01 5.056408643722534180e-01 5.796247124671936035e-01 5.725960731506347656e-01 5.356581211090087891e-01 0.000000000000000000e+00
2.379790842533111572e-01 4.614476859569549561e-01 5.506147742271423340e-01 5.749788284301757812e-01 5.269493460655212402e-01 0.000000000000000000e+00
2.073324471712112427e-01 3.389627039432525635e-01 4.889104068279266357e-01 4.890952706336975098e-01 4.319282174110412598e-01 0.000000000000000000e+00
3.764733076095581055e-01 5.692362189292907715e-01 4.652090370655059814e-01 4.960401058197021484e-01 4.618572294712066650e-01 0.000000000000000000e+00
5.333343148231506348e-01 6.643750071525573730e-01 7.030978798866271973e-01 6.992998719215393066e-01 7.271287441253662109e-01 0.000000000000000000e+00
-8.602076768875122070e-02 -1.005494594573974609e-01 -1.533936560153961182e-01 -1.412430405616760254e-01 -1.509282290935516357e-01 1.000000000000000000e+00
1.052031144499778748e-01 1.863801330327987671e-01 7.064054161310195923e-02 4.229787737131118774e-02 -6.413292139768600464e-03 2.000000000000000000e+00
-8.602076768875122070e-02 -1.005494594573974609e-01 -1.533936560153961182e-01 -1.412430405616760254e-01 -1.509282290935516357e-01 1.000000000000000000e+00
1.052031144499778748e-01 1.863801330327987671e-01 7.064054161310195923e-02 4.229787737131118774e-02 -6.413292139768600464e-03 2.000000000000000000e+00
-8.602076768875122070e-02 -1.005494594573974609e-01 -1.533936560153961182e-01 -1.412430405616760254e-01 -1.509282290935516357e-01 1.000000000000000000e+00
1.052031144499778748e-01 1.863801330327987671e-01 7.064054161310195923e-02 4.229787737131118774e-02 -6.413292139768600464e-03 2.000000000000000000e+00
-8.602076768875122070e-02 -1.005494594573974609e-01 -1.533936560153961182e-01 -1.412430405616760254e-01 -1.509282290935516357e-01 1.000000000000000000e+00
1.052031144499778748e-01 1.863801330327987671e-01 7.064054161310195923e-02 4.229787737131118774e-02 -6.413292139768600464e-03 2.000000000000000000e+00
-8.602076768875122070e-02 -1.005494594573974609e-01 -1.533936560153961182e-01 -1.412430405616760254e-01 -1.509282290935516357e-01 1.000000000000000000e+00
1.052031144499778748e-01 1.863801330327987671e-01 7.064054161310195923e-02 4.229787737131118774e-02 -6.413292139768600464e-03 2.000000000000000000e+00
-8.602076768875122070e-02 -1.005494594573974609e-01 -1.533936560153961182e-01 -1.412430405616760254e-01 -1.509282290935516357e-01 1.000000000000000000e+00
1.052031144499778748e-01 1.863801330327987671e-01 7.064054161310195923e-02 4.229787737131118774e-02 -6.413292139768600464e-03 2.000000000000000000e+00
-8.602076768875122070e-02 -1.005494594573974609e-01 -1.533936560153961182e-01 -1.412430405616760254e-01 -1.509282290935516357e-01 1.000000000000000000e+00
1.052031144499778748e-01 1.863801330327987671e-01 7.064054161310195923e-02 4.229787737131118774e-02 -6.413292139768600464e-03 2.000000000000000000e+00
-8.602076768875122070e-02 -1.005494594573974609e-01 -1.533936560153961182e-01 -1.412430405616760254e-01 -1.509282290935516357e-01 1.000000000000000000e+00
1.052031144499778748e-01 1.863801330327987671e-01 7.064054161310195923e-02 4.229787737131118774e-02 -6.413292139768600464e-03 2.000000000000000000e+00
-8.602076768875122070e-02 -1.005494594573974609e-01 -1.533936560153961182e-01 -1.412430405616760254e-01 -1.509282290935516357e-01 1.000000000000000000e+00
1.052031144499778748e-01 1.863801330327987671e-01 7.064054161310195923e-02 4.229787737131118774e-02 -6.413292139768600464e-03 2.000000000000000000e+00
-8.602076768875122070e-02 -1.005494594573974609e-01 -1.533936560153961182e-01 -1.412430405616760254e-01 -1.509282290935516357e-01 1.000000000000000000e+00
1.052031144499778748e-01 1.863801330327987671e-01 7.064054161310195923e-02 4.229787737131118774e-02 -6.413292139768600464e-03 2.000000000000000000e+00
5.536156296730041504e-01 6.981122493743896484e-01 7.634505033493041992e-01 7.995896339416503906e-01 7.961581349372863770e-01 0.000000000000000000e+00
5.881964564323425293e-01 7.314571738243103027e-01 7.575958967208862305e-01 7.945951223373413086e-01 8.245247006416320801e-01 0.000000000000000000e+00
5.439566373825073242e-01 7.006138563156127930e-01 7.466930747032165527e-01 7.876130938529968262e-01 8.332582712173461914e-01 0.000000000000000000e+00
5.630046129226684570e-01 7.162638902664184570e-01 7.770891785621643066e-01 8.310422301292419434e-01 8.401073217391967773e-01 0.000000000000000000e+00
5.298595428466796875e-01 7.246805429458618164e-01 7.865821123123168945e-01 8.043212294578552246e-01 7.968047261238098145e-01 0.000000000000000000e+00
4.991865456104278564e-01 6.869276165962219238e-01 7.752109766006469727e-01 7.909739017486572266e-01 7.935619950294494629e-01 0.000000000000000000e+00
4.880990982055664062e-01 6.710340380668640137e-01 7.609301209449768066e-01 8.020408153533935547e-01 8.180801868438720703e-01 0.000000000000000000e+00
4.643346965312957764e-01 5.026842951774597168e-01 5.307055115699768066e-01 5.292900800704956055e-01 5.012585520744323730e-01 0.000000000000000000e+00
3.365205526351928711e-01 4.339585900306701660e-01 4.951226413249969482e-01 5.425701141357421875e-01 5.743502378463745117e-01 0.000000000000000000e+00
2.356726974248886108e-01 3.188874423503875732e-01 2.959641814231872559e-01 3.057366013526916504e-01 4.883964955806732178e-01 0.000000000000000000e+00
3.104386627674102783e-01 3.498002290725708008e-01 3.665420711040496826e-01 3.755352199077606201e-01 3.776056468486785889e-01 0.000000000000000000e+00
3.314150869846343994e-01 3.369205892086029053e-01 3.623999655246734619e-01 3.636528253555297852e-01 3.921577632427215576e-01 0.000000000000000000e+00
7.716851681470870972e-02 2.005750834941864014e-01 2.555538117885589600e-01 2.722780108451843262e-01 3.712395727634429932e-01 0.000000000000000000e+00
3.977067768573760986e-02 1.265027076005935669e-01 1.529573053121566772e-01 2.935574650764465332e-01 3.170264363288879395e-01 0.000000000000000000e+00
2.456521242856979370e-01 3.814101219177246094e-01 4.341844618320465088e-01 4.943421483039855957e-01 5.103847980499267578e-01 0.000000000000000000e+00
2.612551450729370117e-01 3.331035673618316650e-01 3.878492414951324463e-01 3.991391658782958984e-01 3.891544938087463379e-01 0.000000000000000000e+00
1.994809359312057495e-01 2.510922551155090332e-01 3.062117695808410645e-01 3.456063270568847656e-01 4.086236953735351562e-01 0.000000000000000000e+00
1.957814693450927734e-01 2.740834355354309082e-01 2.905773222446441650e-01 2.926265299320220947e-01 3.435721397399902344e-01 0.000000000000000000e+00
1.044809818267822266e-01 2.065842598676681519e-01 2.702908515930175781e-01 2.666160464286804199e-01 2.334775626659393311e-01 0.000000000000000000e+00
1.348449885845184326e-01 2.481915056705474854e-01 2.400127947330474854e-01 2.276321202516555786e-01 2.513590753078460693e-01 0.000000000000000000e+00
1.346862167119979858e-01 1.661556512117385864e-01 2.244602590799331665e-01 2.455389946699142456e-01 2.069640308618545532e-01 0.000000000000000000e+00
1.522885411977767944e-01 3.232421278953552246e-01 4.266901612281799316e-01 4.140156209468841553e-01 4.369533061981201172e-01 0.000000000000000000e+00
6.515262275934219360e-02 1.400781720876693726e-01 2.651697695255279541e-01 3.167054951190948486e-01 3.602329492568969727e-01 0.000000000000000000e+00
-1.067901961505413055e-03 1.465557217597961426e-01 2.080397456884384155e-01 2.252363264560699463e-01 2.486828863620758057e-01 0.000000000000000000e+00
2.572750858962535858e-02 3.837539628148078918e-02 6.706171482801437378e-02 6.340595334768295288e-02 1.230657547712326050e-01 0.000000000000000000e+00
2.698547020554542542e-02 2.056095600128173828e-01 3.197406530380249023e-01 2.735648751258850098e-01 3.286823332309722900e-01 0.000000000000000000e+00
1.561399698257446289e-01 1.210757941007614136e-01 2.076856940984725952e-01 2.084210067987442017e-01 2.688129246234893799e-01 0.000000000000000000e+00
-6.800813227891921997e-02 -4.364242777228355408e-02 -5.884897429496049881e-03 8.708788454532623291e-02 1.889099776744842529e-01 0.000000000000000000e+00
1.673037856817245483e-01 2.687334716320037842e-01 2.667169570922851562e-01 2.897177338600158691e-01 3.413862586021423340e-01 0.000000000000000000e+00
3.895278275012969971e-01 5.087198019027709961e-01 5.616599321365356445e-01 5.773957371711730957e-01 5.650978088378906250e-01 0.000000000000000000e+00
5.065021514892578125e-01 6.935161352157592773e-01 7.311282157897949219e-01 7.366384267807006836e-01 7.237671613693237305e-01 0.000000000000000000e+00
5.015285611152648926e-01 6.419508457183837891e-01 7.015796303749084473e-01 7.566424608230590820e-01 7.359808683395385742e-01 0.000000000000000000e+00
1.207295581698417664e-01 3.925421535968780518e-01 5.049740672111511230e-01 6.232274174690246582e-01 6.839779019355773926e-01 0.000000000000000000e+00
-9.511437267065048218e-03 1.841721236705780029e-01 2.970926761627197266e-01 2.989875376224517822e-01 3.004457950592041016e-01 0.000000000000000000e+00
9.285515407100319862e-04 7.104935497045516968e-02 4.056612774729728699e-02 -3.661870956420898438e-02 1.083061695098876953e-01 0.000000000000000000e+00
6.056118011474609375e-01 7.317871451377868652e-01 7.772032022476196289e-01 7.913339138031005859e-01 7.975735068321228027e-01 0.000000000000000000e+00
5.871716737747192383e-01 7.044343352317810059e-01 7.575764656066894531e-01 7.863931655883789062e-01 7.920093536376953125e-01 0.000000000000000000e+00
5.930364727973937988e-01 7.185359597206115723e-01 7.629150152206420898e-01 7.955033183097839355e-01 8.062762022018432617e-01 0.000000000000000000e+00
5.848200321197509766e-01 7.068964242935180664e-01 7.591647505760192871e-01 7.874416708946228027e-01 7.921971678733825684e-01 0.000000000000000000e+00
5.954553484916687012e-01 7.063949704170227051e-01 7.702684998512268066e-01 7.964825630187988281e-01 8.079838752746582031e-01 0.000000000000000000e+00
5.938621759414672852e-01 7.044184207916259766e-01 7.667822241783142090e-01 7.965819239616394043e-01 7.997224926948547363e-01 0.000000000000000000e+00
5.835257768630981445e-01 7.294389605522155762e-01 7.859231829643249512e-01 8.037902712821960449e-01 8.065015077590942383e-01 0.000000000000000000e+00
2.954155206680297852e-01 4.076848030090332031e-01 3.969278037548065186e-01 4.650927484035491943e-01 4.867466092109680176e-01 0.000000000000000000e+00
2.386994063854217529e-01 4.307843446731567383e-01 4.791994690895080566e-01 5.029085278511047363e-01 5.002220273017883301e-01 0.000000000000000000e+00
5.684968456625938416e-02 4.315195232629776001e-02 9.340834617614746094e-02 2.527873814105987549e-01 3.014022409915924072e-01 0.000000000000000000e+00
2.507987916469573975e-01 2.813735008239746094e-01 2.486364543437957764e-01 3.463279902935028076e-01 3.504898846149444580e-01 0.000000000000000000e+00
2.964005172252655029e-01 4.203247129917144775e-01 5.328931808471679688e-01 4.336496293544769287e-01 4.302360415458679199e-01 0.000000000000000000e+00
3.547027707099914551e-01 5.228915810585021973e-01 5.697180628776550293e-01 5.101041793823242188e-01 5.791344642639160156e-01 0.000000000000000000e+00
4.073357284069061279e-01 5.149232149124145508e-01 5.637066960334777832e-01 5.605496168136596680e-01 4.900973439216613770e-01 0.000000000000000000e+00
2.011227458715438843e-01 2.928583025932312012e-01 3.924607932567596436e-01 3.427684903144836426e-01 3.634616136550903320e-01 0.000000000000000000e+00
2.926744222640991211e-01 4.603042304515838623e-01 4.520302414894104004e-01 5.445585846900939941e-01 3.828280270099639893e-01 0.000000000000000000e+00
2.227825522422790527e-01 5.417824387550354004e-01 6.294064521789550781e-01 6.858694553375244141e-01 7.097659111022949219e-01 0.000000000000000000e+00
7.867046445608139038e-02 3.335514962673187256e-01 5.106645822525024414e-01 5.831340551376342773e-01 6.005388498306274414e-01 0.000000000000000000e+00
-4.146412760019302368e-02 9.854668378829956055e-02 1.707416176795959473e-01 3.001168966293334961e-01 3.587766289710998535e-01 0.000000000000000000e+00
1.180582586675882339e-02 -8.987175533547997475e-04 4.518518969416618347e-02 1.369002312421798706e-01 2.014982253313064575e-01 0.000000000000000000e+00
-9.543184190988540649e-03 3.263863921165466309e-02 2.935914788395166397e-03 3.345288708806037903e-02 9.651690721511840820e-02 0.000000000000000000e+00
5.760481357574462891e-01 7.537467479705810547e-01 7.952548861503601074e-01 7.880139350891113281e-01 8.113319873809814453e-01 0.000000000000000000e+00
6.052707433700561523e-01 7.349983453750610352e-01 8.086645603179931641e-01 8.202255368232727051e-01 8.171235918998718262e-01 0.000000000000000000e+00
5.494719147682189941e-01 7.338322997093200684e-01 8.042389154434204102e-01 8.184759020805358887e-01 8.273202180862426758e-01 0.000000000000000000e+00
5.639321804046630859e-01 7.433538436889648438e-01 7.988631129264831543e-01 8.216267228126525879e-01 8.446456789970397949e-01 0.000000000000000000e+00
6.012073755264282227e-01 7.286134958267211914e-01 7.702204585075378418e-01 8.284590840339660645e-01 8.234694004058837891e-01 0.000000000000000000e+00
5.774414539337158203e-01 7.073649168014526367e-01 7.719921469688415527e-01 8.089918494224548340e-01 8.285353779792785645e-01 0.000000000000000000e+00
5.614390373229980469e-01 7.240543961524963379e-01 7.692351341247558594e-01 8.166733384132385254e-01 8.384585380554199219e-01 0.000000000000000000e+00
3.933008015155792236e-01 4.411855041980743408e-01 4.489623904228210449e-01 4.398408234119415283e-01 4.471713602542877197e-01 0.000000000000000000e+00
3.871258497238159180e-01 4.267488718032836914e-01 4.629586040973663330e-01 4.841594398021697998e-01 4.846929609775543213e-01 0.000000000000000000e+00
3.769965171813964844e-01 4.141614735126495361e-01 4.349581599235534668e-01 4.493706822395324707e-01 4.377574920654296875e-01 0.000000000000000000e+00
4.119595885276794434e-01 4.296576678752899170e-01 4.371269941329956055e-01 4.524759352207183838e-01 4.656181037425994873e-01 0.000000000000000000e+00
3.636347055435180664e-01 4.060561954975128174e-01 4.429328143596649170e-01 4.925580322742462158e-01 5.129874944686889648e-01 0.000000000000000000e+00
3.495865464210510254e-01 4.021731615066528320e-01 4.168878793716430664e-01 4.134978353977203369e-01 4.203992187976837158e-01 0.000000000000000000e+00
4.101258814334869385e-01 4.410828351974487305e-01 4.441162049770355225e-01 4.260313808917999268e-01 4.189514219760894775e-01 0.000000000000000000e+00
5.708570480346679688e-01 7.601878643035888672e-01 8.608232736587524414e-01 8.754175305366516113e-01 8.729829788208007812e-01 0.000000000000000000e+00
4.552231729030609131e-01 6.403192877769470215e-01 7.430705428123474121e-01 7.648857831954956055e-01 8.051265478134155273e-01 0.000000000000000000e+00
5.074329376220703125e-01 6.279445290565490723e-01 7.092016339302062988e-01 7.234990000724792480e-01 7.624758481979370117e-01 0.000000000000000000e+00
4.258612990379333496e-01 5.939539074897766113e-01 6.838552355766296387e-01 6.746020317077636719e-01 7.205276489257812500e-01 0.000000000000000000e+00
3.409447968006134033e-01 4.727401137351989746e-01 5.698788762092590332e-01 6.321320533752441406e-01 6.238443255424499512e-01 0.000000000000000000e+00
1.848282963037490845e-01 3.122633695602416992e-01 3.491152226924896240e-01 4.058845341205596924e-01 4.617373943328857422e-01 0.000000000000000000e+00
2.010464519262313843e-01 2.584894597530364990e-01 3.407398760318756104e-01 3.311093449592590332e-01 3.710024058818817139e-01 0.000000000000000000e+00
3.279664814472198486e-01 5.658689141273498535e-01 6.140272617340087891e-01 6.433387994766235352e-01 6.821781396865844727e-01 0.000000000000000000e+00
2.410932332277297974e-01 3.356117904186248779e-01 4.308784604072570801e-01 4.718409478664398193e-01 4.750883281230926514e-01 0.000000000000000000e+00
3.422642350196838379e-01 4.608576595783233643e-01 5.349981784820556641e-01 5.082055330276489258e-01 4.641272425651550293e-01 0.000000000000000000e+00
3.665089607238769531e-01 5.172570943832397461e-01 4.497498273849487305e-01 4.243829548358917236e-01 5.264062881469726562e-01 0.000000000000000000e+00
8.613320440053939819e-02 3.079161345958709717e-01 4.192674756050109863e-01 4.975403547286987305e-01 5.209376215934753418e-01 0.000000000000000000e+00
2.975837588310241699e-01 3.816351592540740967e-01 3.350220024585723877e-01 4.149720966815948486e-01 4.412871599197387695e-01 0.000000000000000000e+00
3.415967226028442383e-01 4.682773351669311523e-01 5.561041831970214844e-01 6.182954311370849609e-01 5.746451020240783691e-01 0.000000000000000000e+00
4.533664286136627197e-01 5.455456972122192383e-01 6.207682490348815918e-01 6.581275463104248047e-01 6.528117656707763672e-01 0.000000000000000000e+00
3.531252443790435791e-01 3.668009042739868164e-01 4.245389699935913086e-01 5.001148581504821777e-01 5.607599020004272461e-01 0.000000000000000000e+00
4.454084038734436035e-01 5.472443103790283203e-01 5.307911038398742676e-01 4.375385642051696777e-01 4.685984551906585693e-01 0.000000000000000000e+00
4.969497919082641602e-01 6.060024499893188477e-01 6.644405722618103027e-01 7.129932641983032227e-01 7.320631742477416992e-01 0.000000000000000000e+00
4.654406607151031494e-01 6.747195124626159668e-01 6.919140815734863281e-01 7.135393023490905762e-01 7.320404648780822754e-01 0.000000000000000000e+00
2.745777964591979980e-01 5.116305947303771973e-01 6.723142862319946289e-01 6.350162029266357422e-01 6.673737168312072754e-01 0.000000000000000000e+00
-8.465456217527389526e-02 4.206244647502899170e-02 2.130953818559646606e-01 2.470005452632904053e-01 4.099222421646118164e-01 0.000000000000000000e+00
3.568186163902282715e-01 4.330798983573913574e-01 5.011217594146728516e-01 5.409011244773864746e-01 6.133421063423156738e-01 0.000000000000000000e+00
4.153395295143127441e-01 5.177918672561645508e-01 5.641260743141174316e-01 5.830152034759521484e-01 6.073279380798339844e-01 0.000000000000000000e+00
2.827219665050506592e-01 4.362794756889343262e-01 5.281606912612915039e-01 6.092042326927185059e-01 6.746905446052551270e-01 0.000000000000000000e+00
2.692864537239074707e-01 4.201077222824096680e-01 4.505356848239898682e-01 4.270386099815368652e-01 4.863170385360717773e-01 0.000000000000000000e+00
2.424381822347640991e-01 3.522889912128448486e-01 3.739566802978515625e-01 4.160628020763397217e-01 3.649038076400756836e-01 0.000000000000000000e+00
1.891230195760726929e-01 2.700365185737609863e-01 3.004932701587677002e-01 3.012738525867462158e-01 3.308992683887481689e-01 0.000000000000000000e+00
2.598794102668762207e-01 3.650709092617034912e-01 3.742228746414184570e-01 4.162258207798004150e-01 4.079061448574066162e-01 0.000000000000000000e+00
5.935248732566833496e-01 7.285934686660766602e-01 7.815597057342529297e-01 8.108160495758056641e-01 8.188141584396362305e-01 0.000000000000000000e+00
6.272965669631958008e-01 7.360645532608032227e-01 7.880691289901733398e-01 8.094292879104614258e-01 8.220760822296142578e-01 0.000000000000000000e+00
6.268470883369445801e-01 7.459813356399536133e-01 7.935454845428466797e-01 8.179960846900939941e-01 8.279456496238708496e-01 0.000000000000000000e+00
6.379320621490478516e-01 7.604582905769348145e-01 8.013285398483276367e-01 8.247727751731872559e-01 8.343755602836608887e-01 0.000000000000000000e+00
6.376249790191650391e-01 7.521600723266601562e-01 8.060079813003540039e-01 8.317722082138061523e-01 8.432043790817260742e-01 0.000000000000000000e+00
6.506590843200683594e-01 7.652319669723510742e-01 8.123193383216857910e-01 8.328380584716796875e-01 8.418338298797607422e-01 0.000000000000000000e+00
6.448091268539428711e-01 7.560252547264099121e-01 8.076906204223632812e-01 8.256881833076477051e-01 8.393346667289733887e-01 0.000000000000000000e+00
6.272130459547042847e-02 4.887826442718505859e-01 6.822098493576049805e-01 8.016373515129089355e-01 7.029127478599548340e-01 0.000000000000000000e+00
-4.640303179621696472e-02 1.207999736070632935e-01 2.670681178569793701e-01 3.179796040058135986e-01 1.724340617656707764e-01 0.000000000000000000e+00
1.460011154413223267e-01 2.656808495521545410e-01 2.096731811761856079e-01 1.276052743196487427e-01 2.629891335964202881e-01 0.000000000000000000e+00
5.958094000816345215e-01 7.875126004219055176e-01 8.830272555351257324e-01 9.281347990036010742e-01 9.142546653747558594e-01 0.000000000000000000e+00
1.109058931469917297e-01 4.096426367759704590e-01 6.787498593330383301e-01 7.368230819702148438e-01 7.750096321105957031e-01 0.000000000000000000e+00
4.619551897048950195e-01 6.433966755867004395e-01 7.110163569450378418e-01 7.177432179450988770e-01 6.494564414024353027e-01 0.000000000000000000e+00
5.962604880332946777e-01 6.863766908645629883e-01 6.871123909950256348e-01 7.239376902580261230e-01 7.381303310394287109e-01 0.000000000000000000e+00
4.389457777142524719e-02 2.386414259672164917e-01 3.089099526405334473e-01 4.374483525753021240e-01 3.681785464286804199e-01 1.000000000000000000e+00
-6.495038419961929321e-02 1.117232255637645721e-03 1.250467002391815186e-01 2.519984841346740723e-01 4.795974791049957275e-01 2.000000000000000000e+00
4.389457777142524719e-02 2.386414259672164917e-01 3.089099526405334473e-01 4.374483525753021240e-01 3.681785464286804199e-01 1.000000000000000000e+00
-6.495038419961929321e-02 1.117232255637645721e-03 1.250467002391815186e-01 2.519984841346740723e-01 4.795974791049957275e-01 2.000000000000000000e+00
4.389457777142524719e-02 2.386414259672164917e-01 3.089099526405334473e-01 4.374483525753021240e-01 3.681785464286804199e-01 1.000000000000000000e+00
-6.495038419961929321e-02 1.117232255637645721e-03 1.250467002391815186e-01 2.519984841346740723e-01 4.795974791049957275e-01 2.000000000000000000e+00
4.389457777142524719e-02 2.386414259672164917e-01 3.089099526405334473e-01 4.374483525753021240e-01 3.681785464286804199e-01 1.000000000000000000e+00
-6.495038419961929321e-02 1.117232255637645721e-03 1.250467002391815186e-01 2.519984841346740723e-01 4.795974791049957275e-01 2.000000000000000000e+00
4.389457777142524719e-02 2.386414259672164917e-01 3.089099526405334473e-01 4.374483525753021240e-01 3.681785464286804199e-01 1.000000000000000000e+00
-6.495038419961929321e-02 1.117232255637645721e-03 1.250467002391815186e-01 2.519984841346740723e-01 4.795974791049957275e-01 2.000000000000000000e+00
4.389457777142524719e-02 2.386414259672164917e-01 3.089099526405334473e-01 4.374483525753021240e-01 3.681785464286804199e-01 1.000000000000000000e+00
-6.495038419961929321e-02 1.117232255637645721e-03 1.250467002391815186e-01 2.519984841346740723e-01 4.795974791049957275e-01 2.000000000000000000e+00
4.389457777142524719e-02 2.386414259672164917e-01 3.089099526405334473e-01 4.374483525753021240e-01 3.681785464286804199e-01 1.000000000000000000e+00
-6.495038419961929321e-02 1.117232255637645721e-03 1.250467002391815186e-01 2.519984841346740723e-01 4.795974791049957275e-01 2.000000000000000000e+00
4.389457777142524719e-02 2.386414259672164917e-01 3.089099526405334473e-01 4.374483525753021240e-01 3.681785464286804199e-01 1.000000000000000000e+00
-6.495038419961929321e-02 1.117232255637645721e-03 1.250467002391815186e-01 2.519984841346740723e-01 4.795974791049957275e-01 2.000000000000000000e+00
4.389457777142524719e-02 2.386414259672164917e-01 3.089099526405334473e-01 4.374483525753021240e-01 3.681785464286804199e-01 1.000000000000000000e+00
-6.495038419961929321e-02 1.117232255637645721e-03 1.250467002391815186e-01 2.519984841346740723e-01 4.795974791049957275e-01 2.000000000000000000e+00
4.389457777142524719e-02 2.386414259672164917e-01 3.089099526405334473e-01 4.374483525753021240e-01 3.681785464286804199e-01 1.000000000000000000e+00
-6.495038419961929321e-02 1.117232255637645721e-03 1.250467002391815186e-01 2.519984841346740723e-01 4.795974791049957275e-01 2.000000000000000000e+00
3.294382393360137939e-01 3.558604717254638672e-01 3.893991112709045410e-01 3.889701366424560547e-01 4.155716598033905029e-01 0.000000000000000000e+00
3.423656225204467773e-01 3.471435606479644775e-01 3.735245466232299805e-01 3.852390348911285400e-01 4.046063125133514404e-01 0.000000000000000000e+00
3.127230703830718994e-01 3.225011825561523438e-01 3.562532961368560791e-01 3.774728477001190186e-01 4.067618548870086670e-01 0.000000000000000000e+00
2.613918781280517578e-01 2.494831234216690063e-01 2.693233788013458252e-01 3.159530758857727051e-01 3.355736732482910156e-01 0.000000000000000000e+00
2.827707231044769287e-01 2.961547970771789551e-01 1.934509128332138062e-01 8.445388078689575195e-02 1.038126870989799500e-01 0.000000000000000000e+00
3.497698903083801270e-01 3.516559302806854248e-01 3.755958974361419678e-01 3.669197559356689453e-01 3.638540506362915039e-01 0.000000000000000000e+00
2.930168807506561279e-01 3.788824081420898438e-01 4.657244384288787842e-01 4.423996210098266602e-01 4.453915357589721680e-01 0.000000000000000000e+00
4.071434140205383301e-01 5.441026687622070312e-01 6.124477982521057129e-01 6.433438062667846680e-01 6.299217939376831055e-01 0.000000000000000000e+00
3.739609122276306152e-01 5.302756428718566895e-01 5.719882249832153320e-01 6.263369321823120117e-01 6.195084452629089355e-01 0.000000000000000000e+00
3.098945915699005127e-01 4.201642274856567383e-01 5.091310143470764160e-01 5.659447908401489258e-01 5.898618102073669434e-01 0.000000000000000000e+00
2.182298451662063599e-01 2.978897094726562500e-01 3.421163856983184814e-01 4.068114161491394043e-01 4.227412045001983643e-01 0.000000000000000000e+00
1.930371820926666260e-01 2.806507050991058350e-01 3.271943628787994385e-01 3.536234498023986816e-01 3.489741683006286621e-01 0.000000000000000000e+00
2.178795337677001953e-01 2.537609040737152100e-01 2.961010932922363281e-01 3.146882951259613037e-01 3.612255454063415527e-01 0.000000000000000000e+00
1.818271130323410034e-01 3.220974206924438477e-01 3.751606941223144531e-01 3.692895770072937012e-01 3.310691714286804199e-01 0.000000000000000000e+00
5.727441906929016113e-01 7.042232751846313477e-01 6.797394156455993652e-01 7.151720523834228516e-01 7.288568615913391113e-01 0.000000000000000000e+00
5.594801902770996094e-01 6.293933987617492676e-01 6.809996366500854492e-01 7.329768538475036621e-01 7.518285512924194336e-01 0.000000000000000000e+00
4.982379674911499023e-01 6.190132498741149902e-01 6.539064645767211914e-01 6.856400370597839355e-01 6.949978470802307129e-01 0.000000000000000000e+00
4.770954251289367676e-01 5.906992554664611816e-01 6.102474927902221680e-01 6.266601085662841797e-01 6.567313075065612793e-01 0.000000000000000000e+00
4.506908059120178223e-01 5.666462779045104980e-01 6.469683647155761719e-01 6.546627283096313477e-01 6.459184288978576660e-01 0.000000000000000000e+00
5.733973979949951172e-01 6.793172955513000488e-01 7.079955339431762695e-01 7.297992110252380371e-01 7.004112601280212402e-01 0.000000000000000000e+00
6.153842210769653320e-01 7.026081085205078125e-01 7.456570863723754883e-01 7.624318599700927734e-01 7.634629011154174805e-01 0.000000000000000000e+00
1.370317041873931885e-01 4.019731879234313965e-01 5.486065149307250977e-01 6.015108227729797363e-01 6.465284228324890137e-01 0.000000000000000000e+00
2.122986614704132080e-01 4.519930481910705566e-01 6.167037487030029297e-01 5.804926156997680664e-01 5.354173779487609863e-01 0.000000000000000000e+00
4.614211320877075195e-01 6.185426712036132812e-01 6.725372076034545898e-01 7.235702276229858398e-01 7.443059682846069336e-01 0.000000000000000000e+00
4.892602860927581787e-01 6.451076865196228027e-01 7.087330222129821777e-01 7.845895886421203613e-01 8.017064929008483887e-01 0.000000000000000000e+00
4.513548016548156738e-01 5.930395126342773438e-01 6.417467594146728516e-01 7.047275900840759277e-01 7.236412167549133301e-01 0.000000000000000000e+00
4.012086093425750732e-01 5.480508208274841309e-01 6.289053559303283691e-01 6.815821528434753418e-01 6.949015855789184570e-01 0.000000000000000000e+00
3.461299538612365723e-01 5.126095414161682129e-01 5.863394737243652344e-01 6.902325749397277832e-01 7.301781773567199707e-01 0.000000000000000000e+00
2.063224613666534424e-01 3.076802790164947510e-01 3.683942258358001709e-01 4.134437739849090576e-01 3.914017081260681152e-01 0.000000000000000000e+00
2.312549352645874023e-01 2.955802679061889648e-01 3.241640627384185791e-01 3.581314980983734131e-01 3.246355652809143066e-01 0.000000000000000000e+00
1.902215033769607544e-01 3.405958712100982666e-01 3.675282597541809082e-01 3.699287474155426025e-01 4.142698645591735840e-01 0.000000000000000000e+00
3.404795825481414795e-01 4.432924687862396240e-01 4.819287657737731934e-01 4.789934158325195312e-01 4.535041749477386475e-01 0.000000000000000000e+00
3.390921950340270996e-01 5.213182568550109863e-01 5.706648230552673340e-01 5.487691760063171387e-01 5.776031613349914551e-01 0.000000000000000000e+00
4.570594727993011475e-01 5.795267224311828613e-01 6.346043348312377930e-01 6.459214091300964355e-01 6.298513412475585938e-01 0.000000000000000000e+00
3.903623521327972412e-01 5.453075766563415527e-01 6.371908187866210938e-01 6.565427184104919434e-01 6.360667347908020020e-01 0.000000000000000000e+00
1.519227176904678345e-01 3.633562922477722168e-01 4.192149937152862549e-01 3.483325242996215820e-01 3.554499447345733643e-01 1.000000000000000000e+00
1.793671101331710815e-01 2.699666321277618408e-01 3.489386141300201416e-01 3.794599175453186035e-01 3.893790841102600098e-01 2.000000000000000000e+00
1.519227176904678345e-01 3.633562922477722168e-01 4.192149937152862549e-01 3.483325242996215820e-01 3.554499447345733643e-01 1.000000000000000000e+00
1.793671101331710815e-01 2.699666321277618408e-01 3.489386141300201416e-01 3.794599175453186035e-01 3.893790841102600098e-01 2.000000000000000000e+00
1.519227176904678345e-01 3.633562922477722168e-01 4.192149937152862549e-01 3.483325242996215820e-01 3.554499447345733643e-01 1.000000000000000000e+00
1.793671101331710815e-01 2.699666321277618408e-01 3.489386141300201416e-01 3.794599175453186035e-01 3.893790841102600098e-01 2.000000000000000000e+00
1.519227176904678345e-01 3.633562922477722168e-01 4.192149937152862549e-01 3.483325242996215820e-01 3.554499447345733643e-01 1.000000000000000000e+00
1.793671101331710815e-01 2.699666321277618408e-01 3.489386141300201416e-01 3.794599175453186035e-01 3.893790841102600098e-01 2.000000000000000000e+00
1.519227176904678345e-01 3.633562922477722168e-01 4.192149937152862549e-01 3.483325242996215820e-01 3.554499447345733643e-01 1.000000000000000000e+00
1.793671101331710815e-01 2.699666321277618408e-01 3.489386141300201416e-01 3.794599175453186035e-01 3.893790841102600098e-01 2.000000000000000000e+00
1.519227176904678345e-01 3.633562922477722168e-01 4.192149937152862549e-01 3.483325242996215820e-01 3.554499447345733643e-01 1.000000000000000000e+00
1.793671101331710815e-01 2.699666321277618408e-01 3.489386141300201416e-01 3.794599175453186035e-01 3.893790841102600098e-01 2.000000000000000000e+00
1.519227176904678345e-01 3.633562922477722168e-01 4.192149937152862549e-01 3.483325242996215820e-01 3.554499447345733643e-01 1.000000000000000000e+00
1.793671101331710815e-01 2.699666321277618408e-01 3.489386141300201416e-01 3.794599175453186035e-01 3.893790841102600098e-01 2.000000000000000000e+00
1.519227176904678345e-01 3.633562922477722168e-01 4.192149937152862549e-01 3.483325242996215820e-01 3.554499447345733643e-01 1.000000000000000000e+00
1.793671101331710815e-01 2.699666321277618408e-01 3.489386141300201416e-01 3.794599175453186035e-01 3.893790841102600098e-01 2.000000000000000000e+00
1.519227176904678345e-01 3.633562922477722168e-01 4.192149937152862549e-01 3.483325242996215820e-01 3.554499447345733643e-01 1.000000000000000000e+00
1.793671101331710815e-01 2.699666321277618408e-01 3.489386141300201416e-01 3.794599175453186035e-01 3.893790841102600098e-01 2.000000000000000000e+00
1.519227176904678345e-01 3.633562922477722168e-01 4.192149937152862549e-01 3.483325242996215820e-01 3.554499447345733643e-01 1.000000000000000000e+00
1.793671101331710815e-01 2.699666321277618408e-01 3.489386141300201416e-01 3.794599175453186035e-01 3.893790841102600098e-01 2.000000000000000000e+00
4.546244740486145020e-01 6.141502857208251953e-01 5.837244987487792969e-01 6.309639811515808105e-01 5.689696669578552246e-01 0.000000000000000000e+00
3.452850878238677979e-01 3.648042976856231689e-01 4.152638018131256104e-01 5.041844844818115234e-01 6.017928719520568848e-01 0.000000000000000000e+00
-2.649637684226036072e-02 -9.607278555631637573e-02 -1.005202159285545349e-01 -3.178401663899421692e-02 2.600212991237640381e-01 0.000000000000000000e+00
1.717314124107360840e-02 7.347163045778870583e-04 1.652384698390960693e-01 1.844538897275924683e-01 1.991682052612304688e-01 0.000000000000000000e+00
-5.990111082792282104e-02 -8.840939262881875038e-04 1.133226752281188965e-01 1.377256810665130615e-01 1.928987503051757812e-01 0.000000000000000000e+00
2.212807536125183105e-01 8.874099701642990112e-02 8.601004630327224731e-02 4.109167680144309998e-02 5.876218527555465698e-02 0.000000000000000000e+00
-9.559075534343719482e-02 -9.206080436706542969e-02 -9.127099066972732544e-02 -5.269840732216835022e-02 1.289853006601333618e-01 0.000000000000000000e+00
5.239259004592895508e-01 6.325953602790832520e-01 6.956021189689636230e-01 6.880615353584289551e-01 6.626193523406982422e-01 0.000000000000000000e+00
2.206270992755889893e-01 4.277892708778381348e-01 4.895147681236267090e-01 5.907635092735290527e-01 6.560356020927429199e-01 0.000000000000000000e+00
2.247488796710968018e-01 3.208223581314086914e-01 2.917139530181884766e-01 2.812726795673370361e-01 3.279563188552856445e-01 0.000000000000000000e+00
5.439227819442749023e-01 6.370532512664794922e-01 7.265874147415161133e-01 7.609853148460388184e-01 7.563501000404357910e-01 0.000000000000000000e+00
6.318275928497314453e-01 7.926266789436340332e-01 8.426187038421630859e-01 8.693544864654541016e-01 8.497767448425292969e-01 0.000000000000000000e+00
5.622380971908569336e-01 6.824522018432617188e-01 7.295662760734558105e-01 7.342329025268554688e-01 7.050291299819946289e-01 1.000000000000000000e+00
5.578619837760925293e-01 6.422904133796691895e-01 7.009977698326110840e-01 7.483203411102294922e-01 7.762888073921203613e-01 2.000000000000000000e+00
5.622380971908569336e-01 6.824522018432617188e-01 7.295662760734558105e-01 7.342329025268554688e-01 7.050291299819946289e-01 1.000000000000000000e+00
5.578619837760925293e-01 6.422904133796691895e-01 7.009977698326110840e-01 7.483203411102294922e-01 7.762888073921203613e-01 2.000000000000000000e+00
5.622380971908569336e-01 6.824522018432617188e-01 7.295662760734558105e-01 7.342329025268554688e-01 7.050291299819946289e-01 1.000000000000000000e+00
5.578619837760925293e-01 6.422904133796691895e-01 7.009977698326110840e-01 7.483203411102294922e-01 7.762888073921203613e-01 2.000000000000000000e+00
5.622380971908569336e-01 6.824522018432617188e-01 7.295662760734558105e-01 7.342329025268554688e-01 7.050291299819946289e-01 1.000000000000000000e+00
5.578619837760925293e-01 6.422904133796691895e-01 7.009977698326110840e-01 7.483203411102294922e-01 7.762888073921203613e-01 2.000000000000000000e+00
5.622380971908569336e-01 6.824522018432617188e-01 7.295662760734558105e-01 7.342329025268554688e-01 7.050291299819946289e-01 1.000000000000000000e+00
5.578619837760925293e-01 6.422904133796691895e-01 7.009977698326110840e-01 7.483203411102294922e-01 7.762888073921203613e-01 2.000000000000000000e+00
5.622380971908569336e-01 6.824522018432617188e-01 7.295662760734558105e-01 7.342329025268554688e-01 7.050291299819946289e-01 1.000000000000000000e+00
5.578619837760925293e-01 6.422904133796691895e-01 7.009977698326110840e-01 7.483203411102294922e-01 7.762888073921203613e-01 2.000000000000000000e+00
5.622380971908569336e-01 6.824522018432617188e-01 7.295662760734558105e-01 7.342329025268554688e-01 7.050291299819946289e-01 1.000000000000000000e+00
5.578619837760925293e-01 6.422904133796691895e-01 7.009977698326110840e-01 7.483203411102294922e-01 7.762888073921203613e-01 2.000000000000000000e+00
5.622380971908569336e-01 6.824522018432617188e-01 7.295662760734558105e-01 7.342329025268554688e-01 7.050291299819946289e-01 1.000000000000000000e+00
5.578619837760925293e-01 6.422904133796691895e-01 7.009977698326110840e-01 7.483203411102294922e-01 7.762888073921203613e-01 2.000000000000000000e+00
5.622380971908569336e-01 6.824522018432617188e-01 7.295662760734558105e-01 7.342329025268554688e-01 7.050291299819946289e-01 1.000000000000000000e+00
5.578619837760925293e-01 6.422904133796691895e-01 7.009977698326110840e-01 7.483203411102294922e-01 7.762888073921203613e-01 2.000000000000000000e+00
5.622380971908569336e-01 6.824522018432617188e-01 7.295662760734558105e-01 7.342329025268554688e-01 7.050291299819946289e-01 1.000000000000000000e+00
5.578619837760925293e-01 6.422904133796691895e-01 7.009977698326110840e-01 7.483203411102294922e-01 7.762888073921203613e-01 2.000000000000000000e+00
2.712640166282653809e-01 3.626129329204559326e-01 4.368419349193572998e-01 4.846670627593994141e-01 4.786418676376342773e-01 0.000000000000000000e+00
9.818090498447418213e-02 2.652567327022552490e-01 3.422875702381134033e-01 3.604489266872406006e-01 3.939386308193206787e-01 0.000000000000000000e+00
1.855189800262451172e-01 1.944039911031723022e-01 2.076527178287506104e-01 2.098296731710433960e-01 2.407175451517105103e-01 0.000000000000000000e+00
3.146139085292816162e-01 3.940239250659942627e-01 3.812532126903533936e-01 3.702264130115509033e-01 3.220058679580688477e-01 0.000000000000000000e+00
4.423958361148834229e-01 5.753400325775146484e-01 6.269750595092773438e-01 5.783186554908752441e-01 5.586093068122863770e-01 0.000000000000000000e+00
6.634149234741926193e-03 6.924755871295928955e-02 1.647668629884719849e-01 1.166092604398727417e-01 -1.136165112257003784e-01 1.000000000000000000e+00
2.344088852405548096e-01 3.520558774471282959e-01 3.552322685718536377e-01 3.232734799385070801e-01 3.209669589996337891e-01 2.000000000000000000e+00
6.634149234741926193e-03 6.924755871295928955e-02 1.647668629884719849e-01 1.166092604398727417e-01 -1.136165112257003784e-01 1.000000000000000000e+00
2.344088852405548096e-01 3.520558774471282959e-01 3.552322685718536377e-01 3.232734799385070801e-01 3.209669589996337891e-01 2.000000000000000000e+00
6.634149234741926193e-03 6.924755871295928955e-02 1.647668629884719849e-01 1.166092604398727417e-01 -1.136165112257003784e-01 1.000000000000000000e+00
2.344088852405548096e-01 3.520558774471282959e-01 3.552322685718536377e-01 3.232734799385070801e-01 3.209669589996337891e-01 2.000000000000000000e+00
6.634149234741926193e-03 6.924755871295928955e-02 1.647668629884719849e-01 1.166092604398727417e-01 -1.136165112257003784e-01 1.000000000000000000e+00
2.344088852405548096e-01 3.520558774471282959e-01 3.552322685718536377e-01 3.232734799385070801e-01 3.209669589996337891e-01 2.000000000000000000e+00
6.634149234741926193e-03 6.924755871295928955e-02 1.647668629884719849e-01 1.166092604398727417e-01 -1.136165112257003784e-01 1.000000000000000000e+00
2.344088852405548096e-01 3.520558774471282959e-01 3.552322685718536377e-01 3.232734799385070801e-01 3.209669589996337891e-01 2.000000000000000000e+00
6.634149234741926193e-03 6.924755871295928955e-02 1.647668629884719849e-01 1.166092604398727417e-01 -1.136165112257003784e-01 1.000000000000000000e+00
2.344088852405548096e-01 3.520558774471282959e-01 3.552322685718536377e-01 3.232734799385070801e-01 3.209669589996337891e-01 2.000000000000000000e+00
6.634149234741926193e-03 6.924755871295928955e-02 1.647668629884719849e-01 1.166092604398727417e-01 -1.136165112257003784e-01 1.000000000000000000e+00
2.344088852405548096e-01 3.520558774471282959e-01 3.552322685718536377e-01 3.232734799385070801e-01 3.209669589996337891e-01 2.000000000000000000e+00
6.634149234741926193e-03 6.924755871295928955e-02 1.647668629884719849e-01 1.166092604398727417e-01 -1.136165112257003784e-01 1.000000000000000000e+00
2.344088852405548096e-01 3.520558774471282959e-01 3.552322685718536377e-01 3.232734799385070801e-01 3.209669589996337891e-01 2.000000000000000000e+00
6.634149234741926193e-03 6.924755871295928955e-02 1.647668629884719849e-01 1.166092604398727417e-01 -1.136165112257003784e-01 1.000000000000000000e+00
2.344088852405548096e-01 3.520558774471282959e-01 3.552322685718536377e-01 3.232734799385070801e-01 3.209669589996337891e-01 2.000000000000000000e+00
6.634149234741926193e-03 6.924755871295928955e-02 1.647668629884719849e-01 1.166092604398727417e-01 -1.136165112257003784e-01 1.000000000000000000e+00
2.344088852405548096e-01 3.520558774471282959e-01 3.552322685718536377e-01 3.232734799385070801e-01 3.209669589996337891e-01 2.000000000000000000e+00
1.220552548766136169e-01 1.268205195665359497e-01 1.638383865356445312e-01 2.100350260734558105e-01 2.528896629810333252e-01 0.000000000000000000e+00
3.184826299548149109e-02 -1.295680254697799683e-01 -1.825161427259445190e-01 -1.438138633966445923e-01 -1.350270956754684448e-01 0.000000000000000000e+00
2.098379880189895630e-01 6.009149923920631409e-02 -3.293761610984802246e-02 -5.105650052428245544e-02 -8.284220844507217407e-02 0.000000000000000000e+00
2.838590145111083984e-01 2.999245226383209229e-01 3.056030273437500000e-01 2.349220812320709229e-01 2.025791853666305542e-01 0.000000000000000000e+00
5.373295024037361145e-02 1.761858910322189331e-01 1.944424062967300415e-01 1.722076088190078735e-01 1.681626439094543457e-01 0.000000000000000000e+00
-2.542695403099060059e-02 1.550603359937667847e-01 1.674440354108810425e-01 7.440429925918579102e-02 1.998945921659469604e-01 0.000000000000000000e+00
2.594803459942340851e-02 1.928469091653823853e-01 1.926795989274978638e-01 2.565912902355194092e-01 1.679388582706451416e-01 0.000000000000000000e+00
3.559730648994445801e-01 3.863470256328582764e-01 4.230922162532806396e-01 4.222196638584136963e-01 4.366036057472229004e-01 0.000000000000000000e+00
3.402918875217437744e-01 3.747843801975250244e-01 3.687171339988708496e-01 3.903695642948150635e-01 3.918412923812866211e-01 0.000000000000000000e+00
9.543923288583755493e-02 1.197976842522621155e-01 2.064648270606994629e-01 2.792474627494812012e-01 3.430187404155731201e-01 0.000000000000000000e+00
7.779846340417861938e-02 3.815616294741630554e-02 -2.785719558596611023e-02 1.855242997407913208e-02 -3.223092481493949890e-02 0.000000000000000000e+00
-1.022911351174116135e-02 -6.401228159666061401e-02 -2.399407140910625458e-02 -9.374801069498062134e-02 -1.286264359951019287e-01 0.000000000000000000e+00
5.610448494553565979e-02 2.030019415542483330e-03 -3.687322884798049927e-02 -9.921402484178543091e-02 -8.812928944826126099e-02 0.000000000000000000e+00
2.494095563888549805e-01 2.889360785484313965e-01 2.416236698627471924e-01 2.087642550468444824e-01 4.617552086710929871e-02 0.000000000000000000e+00
7.275303006172180176e-01 8.271188735961914062e-01 8.918072581291198730e-01 8.931178450584411621e-01 9.001137018203735352e-01 0.000000000000000000e+00
6.657232642173767090e-01 8.236089944839477539e-01 8.822432160377502441e-01 8.936683535575866699e-01 9.070294499397277832e-01 0.000000000000000000e+00
7.186787128448486328e-01 8.052266836166381836e-01 8.639513254165649414e-01 8.791372179985046387e-01 8.832473754882812500e-01 0.000000000000000000e+00
6.870334148406982422e-01 7.972914576530456543e-01 8.450083136558532715e-01 8.539025187492370605e-01 8.729191422462463379e-01 0.000000000000000000e+00
7.872040271759033203e-01 8.679003715515136719e-01 8.668369054794311523e-01 8.641732931137084961e-01 8.645952939987182617e-01 0.000000000000000000e+00
7.666397094726562500e-01 8.874196410179138184e-01 9.228787422180175781e-01 9.513147473335266113e-01 9.510957002639770508e-01 0.000000000000000000e+00
6.322337388992309570e-01 8.262358307838439941e-01 8.759205937385559082e-01 9.024462699890136719e-01 9.045098423957824707e-01 0.000000000000000000e+00
3.740522861480712891e-01 5.639448761940002441e-01 5.615026354789733887e-01 5.724171400070190430e-01 5.168165564537048340e-01 0.000000000000000000e+00
4.652872383594512939e-01 5.490018725395202637e-01 6.355260014533996582e-01 6.574782729148864746e-01 6.803036928176879883e-01 0.000000000000000000e+00
4.558711647987365723e-01 5.864187479019165039e-01 5.824019908905029297e-01 6.185978055000305176e-01 6.235723495483398438e-01 0.000000000000000000e+00
4.686141312122344971e-01 5.628095269203186035e-01 5.784642696380615234e-01 5.705930590629577637e-01 6.112049818038940430e-01 0.000000000000000000e+00
3.903080821037292480e-01 4.657787382602691650e-01 4.798339307308197021e-01 5.082101821899414062e-01 5.357425808906555176e-01 0.000000000000000000e+00
4.125316143035888672e-01 4.537774324417114258e-01 5.014791488647460938e-01 5.277565121650695801e-01 5.459256768226623535e-01 0.000000000000000000e+00
4.013484716415405273e-01 4.777399897575378418e-01 5.075951218605041504e-01 5.365507006645202637e-01 5.483694076538085938e-01 0.000000000000000000e+00
-8.542767912149429321e-02 -7.268331944942474365e-02 7.948292791843414307e-02 1.536458134651184082e-01 3.161633610725402832e-01 0.000000000000000000e+00
-1.022201851010322571e-01 -8.857695013284683228e-02 -9.299098700284957886e-02 -6.816443800926208496e-02 -7.371278852224349976e-02 0.000000000000000000e+00
-8.372470736503601074e-02 -8.252511918544769287e-02 -7.750644534826278687e-02 -3.983853384852409363e-02 -4.395089671015739441e-02 0.000000000000000000e+00
-9.625039994716644287e-02 -7.476717233657836914e-02 -7.392894476652145386e-02 9.942187927663326263e-03 1.029870212078094482e-01 0.000000000000000000e+00
-2.381476946175098419e-02 3.535243216902017593e-03 -1.897008903324604034e-02 -1.759973168373107910e-02 2.494673430919647217e-02 0.000000000000000000e+00
1.437551230192184448e-01 2.197993695735931396e-01 2.367705106735229492e-01 1.428093165159225464e-01 1.731176376342773438e-01 0.000000000000000000e+00
2.907672822475433350e-01 2.922467589378356934e-01 2.989352345466613770e-01 3.031533360481262207e-01 2.924560606479644775e-01 0.000000000000000000e+00
-1.173058897256851196e-01 -1.176737919449806213e-01 -1.198485866189002991e-01 -1.198593229055404663e-01 -1.200071051716804504e-01 0.000000000000000000e+00
-3.364194184541702271e-02 2.522766031324863434e-02 9.936450421810150146e-02 -1.545213907957077026e-02 -7.325787842273712158e-02 0.000000000000000000e+00
2.867948710918426514e-01 3.330932259559631348e-01 3.088274598121643066e-01 4.290921092033386230e-01 4.011007547378540039e-01 0.000000000000000000e+00
5.015623569488525391e-01 6.878326535224914551e-01 7.523580193519592285e-01 8.145117759704589844e-01 7.559556961059570312e-01 0.000000000000000000e+00
5.320789217948913574e-01 6.067637205123901367e-01 6.533263325691223145e-01 6.927978396415710449e-01 7.019717693328857422e-01 0.000000000000000000e+00
5.853102803230285645e-01 6.342644691467285156e-01 6.992965340614318848e-01 7.392960190773010254e-01 6.604461073875427246e-01 0.000000000000000000e+00
-1.167185902595520020e-01 -1.190280765295028687e-01 -1.259622573852539062e-01 -1.050598099827766418e-01 -1.113305762410163879e-01 1.000000000000000000e+00
-1.162297427654266357e-01 -1.209892928600311279e-01 -1.254873871803283691e-01 -1.118078604340553284e-01 -1.157986968755722046e-01 2.000000000000000000e+00
-1.167185902595520020e-01 -1.190280765295028687e-01 -1.259622573852539062e-01 -1.050598099827766418e-01 -1.113305762410163879e-01 1.000000000000000000e+00
-1.162297427654266357e-01 -1.209892928600311279e-01 -1.254873871803283691e-01 -1.118078604340553284e-01 -1.157986968755722046e-01 2.000000000000000000e+00
-1.167185902595520020e-01 -1.190280765295028687e-01 -1.259622573852539062e-01 -1.050598099827766418e-01 -1.113305762410163879e-01 1.000000000000000000e+00
-1.162297427654266357e-01 -1.209892928600311279e-01 -1.254873871803283691e-01 -1.118078604340553284e-01 -1.157986968755722046e-01 2.000000000000000000e+00
-1.167185902595520020e-01 -1.190280765295028687e-01 -1.259622573852539062e-01 -1.050598099827766418e-01 -1.113305762410163879e-01 1.000000000000000000e+00
-1.162297427654266357e-01 -1.209892928600311279e-01 -1.254873871803283691e-01 -1.118078604340553284e-01 -1.157986968755722046e-01 2.000000000000000000e+00
-1.167185902595520020e-01 -1.190280765295028687e-01 -1.259622573852539062e-01 -1.050598099827766418e-01 -1.113305762410163879e-01 1.000000000000000000e+00
-1.162297427654266357e-01 -1.209892928600311279e-01 -1.254873871803283691e-01 -1.118078604340553284e-01 -1.157986968755722046e-01 2.000000000000000000e+00
-1.167185902595520020e-01 -1.190280765295028687e-01 -1.259622573852539062e-01 -1.050598099827766418e-01 -1.113305762410163879e-01 1.000000000000000000e+00
-1.162297427654266357e-01 -1.209892928600311279e-01 -1.254873871803283691e-01 -1.118078604340553284e-01 -1.157986968755722046e-01 2.000000000000000000e+00
-1.167185902595520020e-01 -1.190280765295028687e-01 -1.259622573852539062e-01 -1.050598099827766418e-01 -1.113305762410163879e-01 1.000000000000000000e+00
-1.162297427654266357e-01 -1.209892928600311279e-01 -1.254873871803283691e-01 -1.118078604340553284e-01 -1.157986968755722046e-01 2.000000000000000000e+00
-1.167185902595520020e-01 -1.190280765295028687e-01 -1.259622573852539062e-01 -1.050598099827766418e-01 -1.113305762410163879e-01 1.000000000000000000e+00
-1.162297427654266357e-01 -1.209892928600311279e-01 -1.254873871803283691e-01 -1.118078604340553284e-01 -1.157986968755722046e-01 2.000000000000000000e+00
-1.167185902595520020e-01 -1.190280765295028687e-01 -1.259622573852539062e-01 -1.050598099827766418e-01 -1.113305762410163879e-01 1.000000000000000000e+00
-1.162297427654266357e-01 -1.209892928600311279e-01 -1.254873871803283691e-01 -1.118078604340553284e-01 -1.157986968755722046e-01 2.000000000000000000e+00
-1.167185902595520020e-01 -1.190280765295028687e-01 -1.259622573852539062e-01 -1.050598099827766418e-01 -1.113305762410163879e-01 1.000000000000000000e+00
-1.162297427654266357e-01 -1.209892928600311279e-01 -1.254873871803283691e-01 -1.118078604340553284e-01 -1.157986968755722046e-01 2.000000000000000000e+00
4.063751399517059326e-01 4.809451699256896973e-01 5.076977610588073730e-01 5.400793552398681641e-01 5.525487661361694336e-01 0.000000000000000000e+00
4.192224740982055664e-01 4.879795908927917480e-01 5.403094887733459473e-01 5.614792108535766602e-01 5.664333701133728027e-01 0.000000000000000000e+00
4.269131720066070557e-01 5.105481743812561035e-01 5.626667737960815430e-01 5.777980089187622070e-01 5.896029472351074219e-01 0.000000000000000000e+00
4.238068461418151855e-01 4.968591630458831787e-01 5.391440987586975098e-01 5.728954076766967773e-01 5.869400501251220703e-01 0.000000000000000000e+00
4.113285243511199951e-01 5.127975940704345703e-01 5.214338898658752441e-01 5.668678879737854004e-01 5.582254528999328613e-01 0.000000000000000000e+00
4.115789532661437988e-01 5.023550391197204590e-01 5.300282239913940430e-01 5.655382275581359863e-01 5.919232368469238281e-01 0.000000000000000000e+00
3.561181426048278809e-01 5.044237375259399414e-01 5.839321613311767578e-01 5.785517096519470215e-01 5.735899209976196289e-01 0.000000000000000000e+00
5.628229975700378418e-01 6.625044345855712891e-01 7.634351849555969238e-01 7.906751632690429688e-01 8.339567780494689941e-01 0.000000000000000000e+00
4.541260600090026855e-01 6.444572210311889648e-01 7.515413761138916016e-01 7.915000915527343750e-01 7.996352314949035645e-01 0.000000000000000000e+00
4.432371258735656738e-01 5.348159670829772949e-01 6.567118763923645020e-01 7.226278781890869141e-01 7.549388408660888672e-01 0.000000000000000000e+00
2.410343736410140991e-01 3.158566057682037354e-01 3.578303456306457520e-01 4.930732846260070801e-01 5.704962015151977539e-01 0.000000000000000000e+00
2.415111511945724487e-01 2.633546590805053711e-01 3.377901017665863037e-01 3.580263257026672363e-01 3.408977091312408447e-01 0.000000000000000000e+00
2.869845032691955566e-01 3.258054256439208984e-01 3.391363620758056641e-01 3.208403885364532471e-01 2.806892096996307373e-01 0.000000000000000000e+00
3.555624485015869141e-01 3.946249485015869141e-01 4.158578515052795410e-01 4.098785519599914551e-01 4.072922170162200928e-01 0.000000000000000000e+00
2.526535987854003906e-01 3.620391786098480225e-01 3.812082111835479736e-01 4.611778557300567627e-01 5.445650815963745117e-01 0.000000000000000000e+00
3.518020212650299072e-01 4.517516195774078369e-01 5.168691873550415039e-01 5.143894553184509277e-01 5.505296587944030762e-01 0.000000000000000000e+00
4.154510200023651123e-01 4.844862520694732666e-01 5.063773989677429199e-01 5.217757821083068848e-01 5.659723877906799316e-01 0.000000000000000000e+00
4.833797514438629150e-01 5.732082724571228027e-01 5.900223851203918457e-01 5.787162780761718750e-01 6.044541597366333008e-01 0.000000000000000000e+00
4.267724454402923584e-01 4.890520870685577393e-01 5.263236761093139648e-01 5.518769621849060059e-01 6.265676617622375488e-01 0.000000000000000000e+00
3.347035050392150879e-01 4.824807941913604736e-01 5.318040251731872559e-01 6.015623211860656738e-01 6.177504658699035645e-01 0.000000000000000000e+00
3.223513364791870117e-01 4.944995045661926270e-01 5.182431340217590332e-01 5.451018214225769043e-01 5.772634148597717285e-01 0.000000000000000000e+00
3.786887228488922119e-01 3.632182180881500244e-01 3.544332683086395264e-01 3.626702725887298584e-01 3.232997655868530273e-01 0.000000000000000000e+00
3.965478241443634033e-01 4.095936715602874756e-01 4.242169857025146484e-01 5.302817225456237793e-01 5.191993117332458496e-01 0.000000000000000000e+00
3.391366899013519287e-01 3.563441038131713867e-01 3.788170218467712402e-01 4.339098036289215088e-01 4.894050061702728271e-01 0.000000000000000000e+00
3.790426552295684814e-01 4.417645335197448730e-01 4.429893791675567627e-01 4.509697854518890381e-01 3.772464692592620850e-01 0.000000000000000000e+00
4.492894709110260010e-01 5.597049593925476074e-01 6.414983868598937988e-01 6.231757402420043945e-01 6.209348440170288086e-01 0.000000000000000000e+00
3.753759562969207764e-01 5.209727287292480469e-01 6.796754002571105957e-01 6.452737450599670410e-01 7.038542032241821289e-01 0.000000000000000000e+00
4.118449389934539795e-01 3.956187069416046143e-01 4.750958383083343506e-01 4.509748518466949463e-01 5.092117190361022949e-01 0.000000000000000000e+00
3.948677778244018555e-01 4.811631739139556885e-01 4.860692918300628662e-01 4.841719269752502441e-01 4.736616611480712891e-01 0.000000000000000000e+00
4.847116470336914062e-01 5.930281281471252441e-01 6.028661727905273438e-01 6.258488297462463379e-01 6.183698177337646484e-01 0.000000000000000000e+00
4.458426833152770996e-01 4.973503351211547852e-01 5.645369291305541992e-01 6.160160899162292480e-01 6.517157554626464844e-01 0.000000000000000000e+00
4.203835129737854004e-01 4.954713582992553711e-01 5.756114721298217773e-01 5.941109657287597656e-01 5.997411012649536133e-01 0.000000000000000000e+00
4.671338796615600586e-01 6.401349902153015137e-01 7.474866509437561035e-01 6.816423535346984863e-01 6.942421793937683105e-01 0.000000000000000000e+00
1.635874956846237183e-01 2.193806171417236328e-01 2.808738350868225098e-01 3.919079601764678955e-01 5.017217397689819336e-01 0.000000000000000000e+00
4.771344363689422607e-01 5.755470991134643555e-01 5.659508705139160156e-01 5.234976410865783691e-01 4.977918267250061035e-01 0.000000000000000000e+00
3.623031675815582275e-01 3.933948278427124023e-01 3.938807547092437744e-01 4.141383171081542969e-01 5.250051617622375488e-01 0.000000000000000000e+00
4.526962041854858398e-01 5.924972295761108398e-01 5.697438716888427734e-01 6.337007284164428711e-01 6.324726343154907227e-01 0.000000000000000000e+00
6.464107036590576172e-01 7.268645763397216797e-01 7.501111626625061035e-01 7.548577785491943359e-01 7.764980792999267578e-01 0.000000000000000000e+00
5.835876464843750000e-01 7.638735771179199219e-01 7.710153460502624512e-01 8.051620721817016602e-01 8.415641784667968750e-01 0.000000000000000000e+00
6.615206003189086914e-01 7.227005958557128906e-01 7.959021329879760742e-01 7.933111786842346191e-01 8.030661940574645996e-01 0.000000000000000000e+00
7.199550271034240723e-01 7.863497138023376465e-01 8.541820049285888672e-01 8.543604016304016113e-01 8.454700708389282227e-01 0.000000000000000000e+00
7.420596480369567871e-01 8.590673804283142090e-01 8.940434455871582031e-01 8.925644755363464355e-01 8.686770796775817871e-01 0.000000000000000000e+00
4.167302548885345459e-01 6.116057634353637695e-01 5.805078744888305664e-01 5.837099552154541016e-01 6.403385400772094727e-01 1.000000000000000000e+00
2.116963565349578857e-01 2.975451052188873291e-01 4.268634319305419922e-01 4.281457364559173584e-01 4.539294540882110596e-01 2.000000000000000000e+00
4.167302548885345459e-01 6.116057634353637695e-01 5.805078744888305664e-01 5.837099552154541016e-01 6.403385400772094727e-01 1.000000000000000000e+00
2.116963565349578857e-01 2.975451052188873291e-01 4.268634319305419922e-01 4.281457364559173584e-01 4.539294540882110596e-01 2.000000000000000000e+00
4.167302548885345459e-01 6.116057634353637695e-01 5.805078744888305664e-01 5.837099552154541016e-01 6.403385400772094727e-01 1.000000000000000000e+00
2.116963565349578857e-01 2.975451052188873291e-01 4.268634319305419922e-01 4.281457364559173584e-01 4.539294540882110596e-01 2.000000000000000000e+00
4.167302548885345459e-01 6.116057634353637695e-01 5.805078744888305664e-01 5.837099552154541016e-01 6.403385400772094727e-01 1.000000000000000000e+00
2.116963565349578857e-01 2.975451052188873291e-01 4.268634319305419922e-01 4.281457364559173584e-01 4.539294540882110596e-01 2.000000000000000000e+00
4.167302548885345459e-01 6.116057634353637695e-01 5.805078744888305664e-01 5.837099552154541016e-01 6.403385400772094727e-01 1.000000000000000000e+00
2.116963565349578857e-01 2.975451052188873291e-01 4.268634319305419922e-01 4.281457364559173584e-01 4.539294540882110596e-01 2.000000000000000000e+00
4.167302548885345459e-01 6.116057634353637695e-01 5.805078744888305664e-01 5.837099552154541016e-01 6.403385400772094727e-01 1.000000000000000000e+00
2.116963565349578857e-01 2.975451052188873291e-01 4.268634319305419922e-01 4.281457364559173584e-01 4.539294540882110596e-01 2.000000000000000000e+00
4.167302548885345459e-01 6.116057634353637695e-01 5.805078744888305664e-01 5.837099552154541016e-01 6.403385400772094727e-01 1.000000000000000000e+00
2.116963565349578857e-01 2.975451052188873291e-01 4.268634319305419922e-01 4.281457364559173584e-01 4.539294540882110596e-01 2.000000000000000000e+00
4.167302548885345459e-01 6.116057634353637695e-01 5.805078744888305664e-01 5.837099552154541016e-01 6.403385400772094727e-01 1.000000000000000000e+00
2.116963565349578857e-01 2.975451052188873291e-01 4.268634319305419922e-01 4.281457364559173584e-01 4.539294540882110596e-01 2.000000000000000000e+00
4.167302548885345459e-01 6.116057634353637695e-01 5.805078744888305664e-01 5.837099552154541016e-01 6.403385400772094727e-01 1.000000000000000000e+00
2.116963565349578857e-01 2.975451052188873291e-01 4.268634319305419922e-01 4.281457364559173584e-01 4.539294540882110596e-01 2.000000000000000000e+00
4.167302548885345459e-01 6.116057634353637695e-01 5.805078744888305664e-01 5.837099552154541016e-01 6.403385400772094727e-01 1.000000000000000000e+00
2.116963565349578857e-01 2.975451052188873291e-01 4.268634319305419922e-01 4.281457364559173584e-01 4.539294540882110596e-01 2.000000000000000000e+00
3.577589094638824463e-01 4.469307661056518555e-01 5.083305239677429199e-01 4.946407377719879150e-01 4.251706302165985107e-01 0.000000000000000000e+00
2.738973498344421387e-01 3.465431928634643555e-01 4.505500793457031250e-01 5.102738142013549805e-01 5.337143540382385254e-01 0.000000000000000000e+00
2.997031807899475098e-01 4.811165332794189453e-01 5.097287297248840332e-01 5.120984315872192383e-01 5.341976284980773926e-01 0.000000000000000000e+00
9.583335369825363159e-02 2.815863788127899170e-01 4.464122653007507324e-01 5.013628005981445312e-01 5.167173147201538086e-01 0.000000000000000000e+00
8.107410371303558350e-02 2.004866003990173340e-01 3.547426164150238037e-01 4.704888164997100830e-01 3.586736023426055908e-01 0.000000000000000000e+00
1.079916208982467651e-01 1.970846951007843018e-01 2.795407474040985107e-01 1.770167201757431030e-01 3.168363869190216064e-01 0.000000000000000000e+00
6.587909162044525146e-02 3.422573208808898926e-01 4.340298175811767578e-01 4.923136830329895020e-01 4.692341387271881104e-01 0.000000000000000000e+00
-1.447796076536178589e-01 -1.639707684516906738e-01 -1.622473150491714478e-01 -1.356340795755386353e-01 -1.101834774017333984e-01 1.000000000000000000e+00
3.061458468437194824e-01 3.364493846893310547e-01 3.496378958225250244e-01 3.352242112159729004e-01 1.171469092369079590e-01 2.000000000000000000e+00
-1.447796076536178589e-01 -1.639707684516906738e-01 -1.622473150491714478e-01 -1.356340795755386353e-01 -1.101834774017333984e-01 1.000000000000000000e+00
3.061458468437194824e-01 3.364493846893310547e-01 3.496378958225250244e-01 3.352242112159729004e-01 1.171469092369079590e-01 2.000000000000000000e+00
-1.447796076536178589e-01 -1.639707684516906738e-01 -1.622473150491714478e-01 -1.356340795755386353e-01 -1.101834774017333984e-01 1.000000000000000000e+00
3.061458468437194824e-01 3.364493846893310547e-01 3.496378958225250244e-01 3.352242112159729004e-01 1.171469092369079590e-01 2.000000000000000000e+00
-1.447796076536178589e-01 -1.639707684516906738e-01 -1.622473150491714478e-01 -1.356340795755386353e-01 -1.101834774017333984e-01 1.000000000000000000e+00
3.061458468437194824e-01 3.364493846893310547e-01 3.496378958225250244e-01 3.352242112159729004e-01 1.171469092369079590e-01 2.000000000000000000e+00
-1.447796076536178589e-01 -1.639707684516906738e-01 -1.622473150491714478e-01 -1.356340795755386353e-01 -1.101834774017333984e-01 1.000000000000000000e+00
3.061458468437194824e-01 3.364493846893310547e-01 3.496378958225250244e-01 3.352242112159729004e-01 1.171469092369079590e-01 2.000000000000000000e+00
-1.447796076536178589e-01 -1.639707684516906738e-01 -1.622473150491714478e-01 -1.356340795755386353e-01 -1.101834774017333984e-01 1.000000000000000000e+00
3.061458468437194824e-01 3.364493846893310547e-01 3.496378958225250244e-01 3.352242112159729004e-01 1.171469092369079590e-01 2.000000000000000000e+00
-1.447796076536178589e-01 -1.639707684516906738e-01 -1.622473150491714478e-01 -1.356340795755386353e-01 -1.101834774017333984e-01 1.000000000000000000e+00
3.061458468437194824e-01 3.364493846893310547e-01 3.496378958225250244e-01 3.352242112159729004e-01 1.171469092369079590e-01 2.000000000000000000e+00
-1.447796076536178589e-01 -1.639707684516906738e-01 -1.622473150491714478e-01 -1.356340795755386353e-01 -1.101834774017333984e-01 1.000000000000000000e+00
3.061458468437194824e-01 3.364493846893310547e-01 3.496378958225250244e-01 3.352242112159729004e-01 1.171469092369079590e-01 2.000000000000000000e+00
-1.447796076536178589e-01 -1.639707684516906738e-01 -1.622473150491714478e-01 -1.356340795755386353e-01 -1.101834774017333984e-01 1.000000000000000000e+00
3.061458468437194824e-01 3.364493846893310547e-01 3.496378958225250244e-01 3.352242112159729004e-01 1.171469092369079590e-01 2.000000000000000000e+00
-1.447796076536178589e-01 -1.639707684516906738e-01 -1.622473150491714478e-01 -1.356340795755386353e-01 -1.101834774017333984e-01 1.000000000000000000e+00
3.061458468437194824e-01 3.364493846893310547e-01 3.496378958225250244e-01 3.352242112159729004e-01 1.171469092369079590e-01 2.000000000000000000e+00
1.950636655092239380e-01 2.617738246917724609e-01 2.726335227489471436e-01 2.634688913822174072e-01 3.293752670288085938e-01 0.000000000000000000e+00
1.626001447439193726e-01 3.004369735717773438e-01 3.340313732624053955e-01 3.510188162326812744e-01 3.579765856266021729e-01 0.000000000000000000e+00
2.258180528879165649e-01 3.493253290653228760e-01 3.721024096012115479e-01 4.283840656280517578e-01 4.234398901462554932e-01 0.000000000000000000e+00
3.416916728019714355e-02 1.603924483060836792e-01 2.826588749885559082e-01 2.975011169910430908e-01 3.493676483631134033e-01 0.000000000000000000e+00
2.555795013904571533e-03 1.692439615726470947e-01 1.801957786083221436e-01 1.380211114883422852e-01 1.351938992738723755e-01 0.000000000000000000e+00
-1.231577098369598389e-01 -3.428419679403305054e-02 -9.244562685489654541e-02 -7.693733274936676025e-02 -8.735191822052001953e-02 0.000000000000000000e+00
-1.058496013283729553e-01 -1.181074231863021851e-01 -1.406309604644775391e-01 -1.446579992771148682e-01 -1.297906637191772461e-01 0.000000000000000000e+00
3.871136903762817383e-01 4.995636641979217529e-01 6.309619545936584473e-01 6.095544099807739258e-01 6.362597942352294922e-01 0.000000000000000000e+00
1.111984103918075562e-01 3.841387331485748291e-01 5.245518088340759277e-01 5.837636590003967285e-01 6.020196676254272461e-01 0.000000000000000000e+00
3.242543339729309082e-01 3.719263374805450439e-01 4.107412397861480713e-01 4.512471258640289307e-01 4.258611798286437988e-01 0.000000000000000000e+00
9.167513251304626465e-02 2.161275446414947510e-01 2.827140092849731445e-01 3.805369734764099121e-01 4.497130811214447021e-01 0.000000000000000000e+00
2.869393527507781982e-01 3.625434935092926025e-01 3.853104412555694580e-01 4.428121447563171387e-01 4.479666650295257568e-01 0.000000000000000000e+00
3.691941201686859131e-01 4.860929548740386963e-01 5.472815036773681641e-01 5.595164299011230469e-01 5.486625432968139648e-01 0.000000000000000000e+00
5.438449382781982422e-01 6.796657443046569824e-01 6.600673794746398926e-01 7.083008885383605957e-01 6.571714878082275391e-01 0.000000000000000000e+00
-1.028830278664827347e-02 1.134002581238746643e-02 6.270153820514678955e-02 1.873527318239212036e-01 3.403555154800415039e-01 0.000000000000000000e+00
1.259310245513916016e-01 3.708775937557220459e-01 3.729727268218994141e-01 3.664095103740692139e-01 4.099622070789337158e-01 0.000000000000000000e+00
3.072446286678314209e-01 4.031156003475189209e-01 4.426734447479248047e-01 5.009827613830566406e-01 5.375127792358398438e-01 0.000000000000000000e+00
5.174413919448852539e-01 5.835908055305480957e-01 6.026136875152587891e-01 6.132432818412780762e-01 6.227397322654724121e-01 0.000000000000000000e+00
5.430638194084167480e-01 6.332321763038635254e-01 6.557510495185852051e-01 6.666464209556579590e-01 6.630160212516784668e-01 0.000000000000000000e+00
5.185195207595825195e-01 6.171348094940185547e-01 6.694713234901428223e-01 7.262835502624511719e-01 7.452031970024108887e-01 0.000000000000000000e+00
6.198225617408752441e-01 6.922451257705688477e-01 7.269548177719116211e-01 7.475160360336303711e-01 7.374997138977050781e-01 0.000000000000000000e+00
1.444212347269058228e-01 4.256920218467712402e-01 4.982997477054595947e-01 5.390809178352355957e-01 5.842394828796386719e-01 0.000000000000000000e+00
1.233836635947227478e-01 3.113917410373687744e-01 3.228725790977478027e-01 2.596684992313385010e-01 2.924741506576538086e-01 0.000000000000000000e+00
2.722198367118835449e-01 4.104748964309692383e-01 4.954051375389099121e-01 5.611311793327331543e-01 5.962032079696655273e-01 0.000000000000000000e+00
3.196966946125030518e-01 3.448136150836944580e-01 2.772506475448608398e-01 3.161694109439849854e-01 4.390819966793060303e-01 0.000000000000000000e+00
4.147183001041412354e-01 4.275526702404022217e-01 5.305325984954833984e-01 5.550711750984191895e-01 5.673641562461853027e-01 0.000000000000000000e+00
4.496664106845855713e-01 5.149219632148742676e-01 5.532224178314208984e-01 5.547689199447631836e-01 5.734269022941589355e-01 0.000000000000000000e+00
4.455084800720214844e-01 5.777930021286010742e-01 5.683538913726806641e-01 6.018800735473632812e-01 6.243572235107421875e-01 0.000000000000000000e+00
5.172629356384277344e-01 6.290336847305297852e-01 6.683144569396972656e-01 6.961980462074279785e-01 7.229194641113281250e-01 0.000000000000000000e+00
3.349802792072296143e-01 5.822436809539794922e-01 7.123333215713500977e-01 7.056751847267150879e-01 7.199930548667907715e-01 0.000000000000000000e+00
4.318074285984039307e-01 5.946990847587585449e-01 6.462224125862121582e-01 6.558197736740112305e-01 6.396937966346740723e-01 0.000000000000000000e+00
3.609836697578430176e-01 5.314322113990783691e-01 7.133501172065734863e-01 7.558041214942932129e-01 7.515576481819152832e-01 0.000000000000000000e+00
2.610551118850708008e-01 4.547168016433715820e-01 5.067388415336608887e-01 5.819451212882995605e-01 6.361201405525207520e-01 0.000000000000000000e+00
3.534538447856903076e-01 4.838980138301849365e-01 5.975293517112731934e-01 6.294021010398864746e-01 6.408523917198181152e-01 0.000000000000000000e+00
4.363110363483428955e-01 5.911599397659301758e-01 6.252752542495727539e-01 5.898727178573608398e-01 6.120098233222961426e-01 0.000000000000000000e+00
2.917178571224212646e-01 3.537697494029998779e-01 3.839586377143859863e-01 3.711950778961181641e-01 2.942875921726226807e-01 0.000000000000000000e+00
3.413439095020294189e-01 4.145833849906921387e-01 3.929758071899414062e-01 4.395947754383087158e-01 4.136097431182861328e-01 0.000000000000000000e+00
4.193701148033142090e-01 4.451127946376800537e-01 4.857239425182342529e-01 4.942149817943572998e-01 4.519027769565582275e-01 0.000000000000000000e+00
3.924003541469573975e-01 4.470828771591186523e-01 4.640244245529174805e-01 4.917767345905303955e-01 4.776287078857421875e-01 0.000000000000000000e+00
2.092519998550415039e-01 2.229868918657302856e-01 2.565350532531738281e-01 3.549565672874450684e-01 4.331107437610626221e-01 0.000000000000000000e+00
3.283306956291198730e-01 4.032025933265686035e-01 4.081214964389801025e-01 4.166683256626129150e-01 3.989439010620117188e-01 0.000000000000000000e+00
